0.6001
0.6002
0.6003
0.6004
0.6005
0.6006
0.6007
0.6008
0.6009
0.601
0.6011
0.6012
0.6013
0.6014
0.6015
0.6016
0.6017
0.6018
0.6019
0.602
0.6021
0.6022
0.6023
0.6024
0.6025
0.6026
0.6027
0.6028
0.6029
0.603
0.6031
0.6032
0.6033
0.6034
0.6035
0.6036
0.6037
0.6038
0.6039
0.604
0.6041
0.6042
0.6043
0.6044
0.6045
0.6046
0.6047
0.6048
0.6049
0.605
0.6051
0.6052
0.6053
0.6054
0.6055
0.6056
0.6057
0.6058
0.6059
0.606
0.6061
0.6062
0.6063
0.6064
0.6065
0.6066
0.6067
0.6068
0.6069
0.607
0.6071
0.6072
0.6073
0.6074
0.6075
0.6076
0.6077
0.6078
0.6079
0.608
0.6081
0.6082
0.6083
0.6084
0.6085
0.6086
0.6087
0.6088
0.6089
0.609
0.6091
0.6092
0.6093
0.6094
0.6095
0.6096
0.6097
0.6098
0.6099
0.61
0.6101
0.6102
0.6103
0.6104
0.6105
0.6106
0.6107
0.6108
0.6109
0.611
0.6111
0.6112
0.6113
0.6114
0.6115
0.6116
0.6117
0.6118
0.6119
0.612
0.6121
0.6122
0.6123
0.6124
0.6125
0.6126
0.6127
0.6128
0.6129
0.613
0.6131
0.6132
0.6133
0.6134
0.6135
0.6136
0.6137
0.6138
0.6139
0.614
0.6141
0.6142
0.6143
0.6144
0.6145
0.6146
0.6147
0.6148
0.6149
0.615
0.6151
0.6152
0.6153
0.6154
0.6155
0.6156
0.6157
0.6158
0.6159
0.616
0.6161
0.6162
0.6163
0.6164
0.6165
0.6166
0.6167
0.6168
0.6169
0.617
0.6171
0.6172
0.6173
0.6174
0.6175
0.6176
0.6177
0.6178
0.6179
0.618
0.6181
0.6182
0.6183
0.6184
0.6185
0.6186
0.6187
0.6188
0.6189
0.619
0.6191
0.6192
0.6193
0.6194
0.6195
0.6196
0.6197
0.6198
0.6199
0.62
0.6201
0.6202
0.6203
0.6204
0.6205
0.6206
0.6207
0.6208
0.6209
0.621
0.6211
0.6212
0.6213
0.6214
0.6215
0.6216
0.6217
0.6218
0.6219
0.622
0.6221
0.6222
0.6223
0.6224
0.6225
0.6226
0.6227
0.6228
0.6229
0.623
0.6231
0.6232
0.6233
0.6234
0.6235
0.6236
0.6237
0.6238
0.6239
0.624
0.6241
0.6242
0.6243
0.6244
0.6245
0.6246
0.6247
0.6248
0.6249
0.625
0.6251
0.6252
0.6253
0.6254
0.6255
0.6256
0.6257
0.6258
0.6259
0.626
0.6261
0.6262
0.6263
0.6264
0.6265
0.6266
0.6267
0.6268
0.6269
0.627
0.6271
0.6272
0.6273
0.6274
0.6275
0.6276
0.6277
0.6278
0.6279
0.628
0.6281
0.6282
0.6283
0.6284
0.6285
0.6286
0.6287
0.6288
0.6289
0.629
0.6291
0.6292
0.6293
0.6294
0.6295
0.6296
0.6297
0.6298
0.6299
0.63
0.6301
0.6302
0.6303
0.6304
0.6305
0.6306
0.6307
0.6308
0.6309
0.631
0.6311
0.6312
0.6313
0.6314
0.6315
0.6316
0.6317
0.6318
0.6319
0.632
0.6321
0.6322
0.6323
0.6324
0.6325
0.6326
0.6327
0.6328
0.6329
0.633
0.6331
0.6332
0.6333
0.6334
0.6335
0.6336
0.6337
0.6338
0.6339
0.634
0.6341
0.6342
0.6343
0.6344
0.6345
0.6346
0.6347
0.6348
0.6349
0.635
0.6351
0.6352
0.6353
0.6354
0.6355
0.6356
0.6357
0.6358
0.6359
0.636
0.6361
0.6362
0.6363
0.6364
0.6365
0.6366
0.6367
0.6368
0.6369
0.637
0.6371
0.6372
0.6373
0.6374
0.6375
0.6376
0.6377
0.6378
0.6379
0.638
0.6381
0.6382
0.6383
0.6384
0.6385
0.6386
0.6387
0.6388
0.6389
0.639
0.6391
0.6392
0.6393
0.6394
0.6395
0.6396
0.6397
0.6398
0.6399
0.64
0.6401
0.6402
0.6403
0.6404
0.6405
0.6406
0.6407
0.6408
0.6409
0.641
0.6411
0.6412
0.6413
0.6414
0.6415
0.6416
0.6417
0.6418
0.6419
0.642
0.6421
0.6422
0.6423
0.6424
0.6425
0.6426
0.6427
0.6428
0.6429
0.643
0.6431
0.6432
0.6433
0.6434
0.6435
0.6436
0.6437
0.6438
0.6439
0.644
0.6441
0.6442
0.6443
0.6444
0.6445
0.6446
0.6447
0.6448
0.6449
0.645
0.6451
0.6452
0.6453
0.6454
0.6455
0.6456
0.6457
0.6458
0.6459
0.646
0.6461
0.6462
0.6463
0.6464
0.6465
0.6466
0.6467
0.6468
0.6469
0.647
0.6471
0.6472
0.6473
0.6474
0.6475
0.6476
0.6477
0.6478
0.6479
0.648
0.6481
0.6482
0.6483
0.6484
0.6485
0.6486
0.6487
0.6488
0.6489
0.649
0.6491
0.6492
0.6493
0.6494
0.6495
0.6496
0.6497
0.6498
0.6499
0.65
0.6501
0.6502
0.6503
0.6504
0.6505
0.6506
0.6507
0.6508
0.6509
0.651
0.6511
0.6512
0.6513
0.6514
0.6515
0.6516
0.6517
0.6518
0.6519
0.652
0.6521
0.6522
0.6523
0.6524
0.6525
0.6526
0.6527
0.6528
0.6529
0.653
0.6531
0.6532
0.6533
0.6534
0.6535
0.6536
0.6537
0.6538
0.6539
0.654
0.6541
0.6542
0.6543
0.6544
0.6545
0.6546
0.6547
0.6548
0.6549
0.655
0.6551
0.6552
0.6553
0.6554
0.6555
0.6556
0.6557
0.6558
0.6559
0.656
0.6561
0.6562
0.6563
0.6564
0.6565
0.6566
0.6567
0.6568
0.6569
0.657
0.6571
0.6572
0.6573
0.6574
0.6575
0.6576
0.6577
0.6578
0.6579
0.658
0.6581
0.6582
0.6583
0.6584
0.6585
0.6586
0.6587
0.6588
0.6589
0.659
0.6591
0.6592
0.6593
0.6594
0.6595
0.6596
0.6597
0.6598
0.6599
0.66
0.6601
0.6602
0.6603
0.6604
0.6605
0.6606
0.6607
0.6608
0.6609
0.661
0.6611
0.6612
0.6613
0.6614
0.6615
0.6616
0.6617
0.6618
0.6619
0.662
0.6621
0.6622
0.6623
0.6624
0.6625
0.6626
0.6627
0.6628
0.6629
0.663
0.6631
0.6632
0.6633
0.6634
0.6635
0.6636
0.6637
0.6638
0.6639
0.664
0.6641
0.6642
0.6643
0.6644
0.6645
0.6646
0.6647
0.6648
0.6649
0.665
0.6651
0.6652
0.6653
0.6654
0.6655
0.6656
0.6657
0.6658
0.6659
0.666
0.6661
0.6662
0.6663
0.6664
0.6665
0.6666
0.6667
0.6668
0.6669
0.667
0.6671
0.6672
0.6673
0.6674
0.6675
0.6676
0.6677
0.6678
0.6679
0.668
0.6681
0.6682
0.6683
0.6684
0.6685
0.6686
0.6687
0.6688
0.6689
0.669
0.6691
0.6692
0.6693
0.6694
0.6695
0.6696
0.6697
0.6698
0.6699
0.67
0.6701
0.6702
0.6703
0.6704
0.6705
0.6706
0.6707
0.6708
0.6709
0.671
0.6711
0.6712
0.6713
0.6714
0.6715
0.6716
0.6717
0.6718
0.6719
0.672
0.6721
0.6722
0.6723
0.6724
0.6725
0.6726
0.6727
0.6728
0.6729
0.673
0.6731
0.6732
0.6733
0.6734
0.6735
0.6736
0.6737
0.6738
0.6739
0.674
0.6741
0.6742
0.6743
0.6744
0.6745
0.6746
0.6747
0.6748
0.6749
0.675
0.6751
0.6752
0.6753
0.6754
0.6755
0.6756
0.6757
0.6758
0.6759
0.676
0.6761
0.6762
0.6763
0.6764
0.6765
0.6766
0.6767
0.6768
0.6769
0.677
0.6771
0.6772
0.6773
0.6774
0.6775
0.6776
0.6777
0.6778
0.6779
0.678
0.6781
0.6782
0.6783
0.6784
0.6785
0.6786
0.6787
0.6788
0.6789
0.679
0.6791
0.6792
0.6793
0.6794
0.6795
0.6796
0.6797
0.6798
0.6799
0.68
0.6801
0.6802
0.6803
0.6804
0.6805
0.6806
0.6807
0.6808
0.6809
0.681
0.6811
0.6812
0.6813
0.6814
0.6815
0.6816
0.6817
0.6818
0.6819
0.682
0.6821
0.6822
0.6823
0.6824
0.6825
0.6826
0.6827
0.6828
0.6829
0.683
0.6831
0.6832
0.6833
0.6834
0.6835
0.6836
0.6837
0.6838
0.6839
0.684
0.6841
0.6842
0.6843
0.6844
0.6845
0.6846
0.6847
0.6848
0.6849
0.685
0.6851
0.6852
0.6853
0.6854
0.6855
0.6856
0.6857
0.6858
0.6859
0.686
0.6861
0.6862
0.6863
0.6864
0.6865
0.6866
0.6867
0.6868
0.6869
0.687
0.6871
0.6872
0.6873
0.6874
0.6875
0.6876
0.6877
0.6878
0.6879
0.688
0.6881
0.6882
0.6883
0.6884
0.6885
0.6886
0.6887
0.6888
0.6889
0.689
0.6891
0.6892
0.6893
0.6894
0.6895
0.6896
0.6897
0.6898
0.6899
0.69
0.6901
0.6902
0.6903
0.6904
0.6905
0.6906
0.6907
0.6908
0.6909
0.691
0.6911
0.6912
0.6913
0.6914
0.6915
0.6916
0.6917
0.6918
0.6919
0.692
0.6921
0.6922
0.6923
0.6924
0.6925
0.6926
0.6927
0.6928
0.6929
0.693
0.6931
0.6932
0.6933
0.6934
0.6935
0.6936
0.6937
0.6938
0.6939
0.694
0.6941
0.6942
0.6943
0.6944
0.6945
0.6946
0.6947
0.6948
0.6949
0.695
0.6951
0.6952
0.6953
0.6954
0.6955
0.6956
0.6957
0.6958
0.6959
0.696
0.6961
0.6962
0.6963
0.6964
0.6965
0.6966
0.6967
0.6968
0.6969
0.697
0.6971
0.6972
0.6973
0.6974
0.6975
0.6976
0.6977
0.6978
0.6979
0.698
0.6981
0.6982
0.6983
0.6984
0.6985
0.6986
0.6987
0.6988
0.6989
0.699
0.6991
0.6992
0.6993
0.6994
0.6995
0.6996
0.6997
0.6998
0.6999
0.7
0.7001
0.7002
0.7003
0.7004
0.7005
0.7006
0.7007
0.7008
0.7009
0.701
0.7011
0.7012
0.7013
0.7014
0.7015
0.7016
0.7017
0.7018
0.7019
0.702
0.7021
0.7022
0.7023
0.7024
0.7025
0.7026
0.7027
0.7028
0.7029
0.703
0.7031
0.7032
0.7033
0.7034
0.7035
0.7036
0.7037
0.7038
0.7039
0.704
0.7041
0.7042
0.7043
0.7044
0.7045
0.7046
0.7047
0.7048
0.7049
0.705
0.7051
0.7052
0.7053
0.7054
0.7055
0.7056
0.7057
0.7058
0.7059
0.706
0.7061
0.7062
0.7063
0.7064
0.7065
0.7066
0.7067
0.7068
0.7069
0.707
0.7071
0.7072
0.7073
0.7074
0.7075
0.7076
0.7077
0.7078
0.7079
0.708
0.7081
0.7082
0.7083
0.7084
0.7085
0.7086
0.7087
0.7088
0.7089
0.709
0.7091
0.7092
0.7093
0.7094
0.7095
0.7096
0.7097
0.7098
0.7099
0.71
0.7101
0.7102
0.7103
0.7104
0.7105
0.7106
0.7107
0.7108
0.7109
0.711
0.7111
0.7112
0.7113
0.7114
0.7115
0.7116
0.7117
0.7118
0.7119
0.712
0.7121
0.7122
0.7123
0.7124
0.7125
0.7126
0.7127
0.7128
0.7129
0.713
0.7131
0.7132
0.7133
0.7134
0.7135
0.7136
0.7137
0.7138
0.7139
0.714
0.7141
0.7142
0.7143
0.7144
0.7145
0.7146
0.7147
0.7148
0.7149
0.715
0.7151
0.7152
0.7153
0.7154
0.7155
0.7156
0.7157
0.7158
0.7159
0.716
0.7161
0.7162
0.7163
0.7164
0.7165
0.7166
0.7167
0.7168
0.7169
0.717
0.7171
0.7172
0.7173
0.7174
0.7175
0.7176
0.7177
0.7178
0.7179
0.718
0.7181
0.7182
0.7183
0.7184
0.7185
0.7186
0.7187
0.7188
0.7189
0.719
0.7191
0.7192
0.7193
0.7194
0.7195
0.7196
0.7197
0.7198
0.7199
0.72
0.7201
0.7202
0.7203
0.7204
0.7205
0.7206
0.7207
0.7208
0.7209
0.721
0.7211
0.7212
0.7213
0.7214
0.7215
0.7216
0.7217
0.7218
0.7219
0.722
0.7221
0.7222
0.7223
0.7224
0.7225
0.7226
0.7227
0.7228
0.7229
0.723
0.7231
0.7232
0.7233
0.7234
0.7235
0.7236
0.7237
0.7238
0.7239
0.724
0.7241
0.7242
0.7243
0.7244
0.7245
0.7246
0.7247
0.7248
0.7249
0.725
0.7251
0.7252
0.7253
0.7254
0.7255
0.7256
0.7257
0.7258
0.7259
0.726
0.7261
0.7262
0.7263
0.7264
0.7265
0.7266
0.7267
0.7268
0.7269
0.727
0.7271
0.7272
0.7273
0.7274
0.7275
0.7276
0.7277
0.7278
0.7279
0.728
0.7281
0.7282
0.7283
0.7284
0.7285
0.7286
0.7287
0.7288
0.7289
0.729
0.7291
0.7292
0.7293
0.7294
0.7295
0.7296
0.7297
0.7298
0.7299
0.73
0.7301
0.7302
0.7303
0.7304
0.7305
0.7306
0.7307
0.7308
0.7309
0.731
0.7311
0.7312
0.7313
0.7314
0.7315
0.7316
0.7317
0.7318
0.7319
0.732
0.7321
0.7322
0.7323
0.7324
0.7325
0.7326
0.7327
0.7328
0.7329
0.733
0.7331
0.7332
0.7333
0.7334
0.7335
0.7336
0.7337
0.7338
0.7339
0.734
0.7341
0.7342
0.7343
0.7344
0.7345
0.7346
0.7347
0.7348
0.7349
0.735
0.7351
0.7352
0.7353
0.7354
0.7355
0.7356
0.7357
0.7358
0.7359
0.736
0.7361
0.7362
0.7363
0.7364
0.7365
0.7366
0.7367
0.7368
0.7369
0.737
0.7371
0.7372
0.7373
0.7374
0.7375
0.7376
0.7377
0.7378
0.7379
0.738
0.7381
0.7382
0.7383
0.7384
0.7385
0.7386
0.7387
0.7388
0.7389
0.739
0.7391
0.7392
0.7393
0.7394
0.7395
0.7396
0.7397
0.7398
0.7399
0.74
0.7401
0.7402
0.7403
0.7404
0.7405
0.7406
0.7407
0.7408
0.7409
0.741
0.7411
0.7412
0.7413
0.7414
0.7415
0.7416
0.7417
0.7418
0.7419
0.742
0.7421
0.7422
0.7423
0.7424
0.7425
0.7426
0.7427
0.7428
0.7429
0.743
0.7431
0.7432
0.7433
0.7434
0.7435
0.7436
0.7437
0.7438
0.7439
0.744
0.7441
0.7442
0.7443
0.7444
0.7445
0.7446
0.7447
0.7448
0.7449
0.745
0.7451
0.7452
0.7453
0.7454
0.7455
0.7456
0.7457
0.7458
0.7459
0.746
0.7461
0.7462
0.7463
0.7464
0.7465
0.7466
0.7467
0.7468
0.7469
0.747
0.7471
0.7472
0.7473
0.7474
0.7475
0.7476
0.7477
0.7478
0.7479
0.748
0.7481
0.7482
0.7483
0.7484
0.7485
0.7486
0.7487
0.7488
0.7489
0.749
0.7491
0.7492
0.7493
0.7494
0.7495
0.7496
0.7497
0.7498
0.7499
0.75
0.7501
0.7502
0.7503
0.7504
0.7505
0.7506
0.7507
0.7508
0.7509
0.751
0.7511
0.7512
0.7513
0.7514
0.7515
0.7516
0.7517
0.7518
0.7519
0.752
0.7521
0.7522
0.7523
0.7524
0.7525
0.7526
0.7527
0.7528
0.7529
0.753
0.7531
0.7532
0.7533
0.7534
0.7535
0.7536
0.7537
0.7538
0.7539
0.754
0.7541
0.7542
0.7543
0.7544
0.7545
0.7546
0.7547
0.7548
0.7549
0.755
0.7551
0.7552
0.7553
0.7554
0.7555
0.7556
0.7557
0.7558
0.7559
0.756
0.7561
0.7562
0.7563
0.7564
0.7565
0.7566
0.7567
0.7568
0.7569
0.757
0.7571
0.7572
0.7573
0.7574
0.7575
0.7576
0.7577
0.7578
0.7579
0.758
0.7581
0.7582
0.7583
0.7584
0.7585
0.7586
0.7587
0.7588
0.7589
0.759
0.7591
0.7592
0.7593
0.7594
0.7595
0.7596
0.7597
0.7598
0.7599
0.76
0.7601
0.7602
0.7603
0.7604
0.7605
0.7606
0.7607
0.7608
0.7609
0.761
0.7611
0.7612
0.7613
0.7614
0.7615
0.7616
0.7617
0.7618
0.7619
0.762
0.7621
0.7622
0.7623
0.7624
0.7625
0.7626
0.7627
0.7628
0.7629
0.763
0.7631
0.7632
0.7633
0.7634
0.7635
0.7636
0.7637
0.7638
0.7639
0.764
0.7641
0.7642
0.7643
0.7644
0.7645
0.7646
0.7647
0.7648
0.7649
0.765
0.7651
0.7652
0.7653
0.7654
0.7655
0.7656
0.7657
0.7658
0.7659
0.766
0.7661
0.7662
0.7663
0.7664
0.7665
0.7666
0.7667
0.7668
0.7669
0.767
0.7671
0.7672
0.7673
0.7674
0.7675
0.7676
0.7677
0.7678
0.7679
0.768
0.7681
0.7682
0.7683
0.7684
0.7685
0.7686
0.7687
0.7688
0.7689
0.769
0.7691
0.7692
0.7693
0.7694
0.7695
0.7696
0.7697
0.7698
0.7699
0.77
0.7701
0.7702
0.7703
0.7704
0.7705
0.7706
0.7707
0.7708
0.7709
0.771
0.7711
0.7712
0.7713
0.7714
0.7715
0.7716
0.7717
0.7718
0.7719
0.772
0.7721
0.7722
0.7723
0.7724
0.7725
0.7726
0.7727
0.7728
0.7729
0.773
0.7731
0.7732
0.7733
0.7734
0.7735
0.7736
0.7737
0.7738
0.7739
0.774
0.7741
0.7742
0.7743
0.7744
0.7745
0.7746
0.7747
0.7748
0.7749
0.775
0.7751
0.7752
0.7753
0.7754
0.7755
0.7756
0.7757
0.7758
0.7759
0.776
0.7761
0.7762
0.7763
0.7764
0.7765
0.7766
0.7767
0.7768
0.7769
0.777
0.7771
0.7772
0.7773
0.7774
0.7775
0.7776
0.7777
0.7778
0.7779
0.778
0.7781
0.7782
0.7783
0.7784
0.7785
0.7786
0.7787
0.7788
0.7789
0.779
0.7791
0.7792
0.7793
0.7794
0.7795
0.7796
0.7797
0.7798
0.7799
0.78
0.7801
0.7802
0.7803
0.7804
0.7805
0.7806
0.7807
0.7808
0.7809
0.781
0.7811
0.7812
0.7813
0.7814
0.7815
0.7816
0.7817
0.7818
0.7819
0.782
0.7821
0.7822
0.7823
0.7824
0.7825
0.7826
0.7827
0.7828
0.7829
0.783
0.7831
0.7832
0.7833
0.7834
0.7835
0.7836
0.7837
0.7838
0.7839
0.784
0.7841
0.7842
0.7843
0.7844
0.7845
0.7846
0.7847
0.7848
0.7849
0.785
0.7851
0.7852
0.7853
0.7854
0.7855
0.7856
0.7857
0.7858
0.7859
0.786
0.7861
0.7862
0.7863
0.7864
0.7865
0.7866
0.7867
0.7868
0.7869
0.787
0.7871
0.7872
0.7873
0.7874
0.7875
0.7876
0.7877
0.7878
0.7879
0.788
0.7881
0.7882
0.7883
0.7884
0.7885
0.7886
0.7887
0.7888
0.7889
0.789
0.7891
0.7892
0.7893
0.7894
0.7895
0.7896
0.7897
0.7898
0.7899
0.79
0.7901
0.7902
0.7903
0.7904
0.7905
0.7906
0.7907
0.7908
0.7909
0.791
0.7911
0.7912
0.7913
0.7914
0.7915
0.7916
0.7917
0.7918
0.7919
0.792
0.7921
0.7922
0.7923
0.7924
0.7925
0.7926
0.7927
0.7928
0.7929
0.793
0.7931
0.7932
0.7933
0.7934
0.7935
0.7936
0.7937
0.7938
0.7939
0.794
0.7941
0.7942
0.7943
0.7944
0.7945
0.7946
0.7947
0.7948
0.7949
0.795
0.7951
0.7952
0.7953
0.7954
0.7955
0.7956
0.7957
0.7958
0.7959
0.796
0.7961
0.7962
0.7963
0.7964
0.7965
0.7966
0.7967
0.7968
0.7969
0.797
0.7971
0.7972
0.7973
0.7974
0.7975
0.7976
0.7977
0.7978
0.7979
0.798
0.7981
0.7982
0.7983
0.7984
0.7985
0.7986
0.7987
0.7988
0.7989
0.799
0.7991
0.7992
0.7993
0.7994
0.7995
0.7996
0.7997
0.7998
0.7999
0.8
0.8001
0.8002
0.8003
0.8004
0.8005
0.8006
0.8007
0.8008
0.8009
0.801
0.8011
0.8012
0.8013
0.8014
0.8015
0.8016
0.8017
0.8018
0.8019
0.802
0.8021
0.8022
0.8023
0.8024
0.8025
0.8026
0.8027
0.8028
0.8029
0.803
0.8031
0.8032
0.8033
0.8034
0.8035
0.8036
0.8037
0.8038
0.8039
0.804
0.8041
0.8042
0.8043
0.8044
0.8045
0.8046
0.8047
0.8048
0.8049
0.805
0.8051
0.8052
0.8053
0.8054
0.8055
0.8056
0.8057
0.8058
0.8059
0.806
0.8061
0.8062
0.8063
0.8064
0.8065
0.8066
0.8067
0.8068
0.8069
0.807
0.8071
0.8072
0.8073
0.8074
0.8075
0.8076
0.8077
0.8078
0.8079
0.808
0.8081
0.8082
0.8083
0.8084
0.8085
0.8086
0.8087
0.8088
0.8089
0.809
0.8091
0.8092
0.8093
0.8094
0.8095
0.8096
0.8097
0.8098
0.8099
0.81
0.8101
0.8102
0.8103
0.8104
0.8105
0.8106
0.8107
0.8108
0.8109
0.811
0.8111
0.8112
0.8113
0.8114
0.8115
0.8116
0.8117
0.8118
0.8119
0.812
0.8121
0.8122
0.8123
0.8124
0.8125
0.8126
0.8127
0.8128
0.8129
0.813
0.8131
0.8132
0.8133
0.8134
0.8135
0.8136
0.8137
0.8138
0.8139
0.814
0.8141
0.8142
0.8143
0.8144
0.8145
0.8146
0.8147
0.8148
0.8149
0.815
0.8151
0.8152
0.8153
0.8154
0.8155
0.8156
0.8157
0.8158
0.8159
0.816
0.8161
0.8162
0.8163
0.8164
0.8165
0.8166
0.8167
0.8168
0.8169
0.817
0.8171
0.8172
0.8173
0.8174
0.8175
0.8176
0.8177
0.8178
0.8179
0.818
0.8181
0.8182
0.8183
0.8184
0.8185
0.8186
0.8187
0.8188
0.8189
0.819
0.8191
0.8192
0.8193
0.8194
0.8195
0.8196
0.8197
0.8198
0.8199
0.82
0.8201
0.8202
0.8203
0.8204
0.8205
0.8206
0.8207
0.8208
0.8209
0.821
0.8211
0.8212
0.8213
0.8214
0.8215
0.8216
0.8217
0.8218
0.8219
0.822
0.8221
0.8222
0.8223
0.8224
0.8225
0.8226
0.8227
0.8228
0.8229
0.823
0.8231
0.8232
0.8233
0.8234
0.8235
0.8236
0.8237
0.8238
0.8239
0.824
0.8241
0.8242
0.8243
0.8244
0.8245
0.8246
0.8247
0.8248
0.8249
0.825
0.8251
0.8252
0.8253
0.8254
0.8255
0.8256
0.8257
0.8258
0.8259
0.826
0.8261
0.8262
0.8263
0.8264
0.8265
0.8266
0.8267
0.8268
0.8269
0.827
0.8271
0.8272
0.8273
0.8274
0.8275
0.8276
0.8277
0.8278
0.8279
0.828
0.8281
0.8282
0.8283
0.8284
0.8285
0.8286
0.8287
0.8288
0.8289
0.829
0.8291
0.8292
0.8293
0.8294
0.8295
0.8296
0.8297
0.8298
0.8299
0.83
0.8301
0.8302
0.8303
0.8304
0.8305
0.8306
0.8307
0.8308
0.8309
0.831
0.8311
0.8312
0.8313
0.8314
0.8315
0.8316
0.8317
0.8318
0.8319
0.832
0.8321
0.8322
0.8323
0.8324
0.8325
0.8326
0.8327
0.8328
0.8329
0.833
0.8331
0.8332
0.8333
0.8334
0.8335
0.8336
0.8337
0.8338
0.8339
0.834
0.8341
0.8342
0.8343
0.8344
0.8345
0.8346
0.8347
0.8348
0.8349
0.835
0.8351
0.8352
0.8353
0.8354
0.8355
0.8356
0.8357
0.8358
0.8359
0.836
0.8361
0.8362
0.8363
0.8364
0.8365
0.8366
0.8367
0.8368
0.8369
0.837
0.8371
0.8372
0.8373
0.8374
0.8375
0.8376
0.8377
0.8378
0.8379
0.838
0.8381
0.8382
0.8383
0.8384
0.8385
0.8386
0.8387
0.8388
0.8389
0.839
0.8391
0.8392
0.8393
0.8394
0.8395
0.8396
0.8397
0.8398
0.8399
0.84
0.8401
0.8402
0.8403
0.8404
0.8405
0.8406
0.8407
0.8408
0.8409
0.841
0.8411
0.8412
0.8413
0.8414
0.8415
0.8416
0.8417
0.8418
0.8419
0.842
0.8421
0.8422
0.8423
0.8424
0.8425
0.8426
0.8427
0.8428
0.8429
0.843
0.8431
0.8432
0.8433
0.8434
0.8435
0.8436
0.8437
0.8438
0.8439
0.844
0.8441
0.8442
0.8443
0.8444
0.8445
0.8446
0.8447
0.8448
0.8449
0.845
0.8451
0.8452
0.8453
0.8454
0.8455
0.8456
0.8457
0.8458
0.8459
0.846
0.8461
0.8462
0.8463
0.8464
0.8465
0.8466
0.8467
0.8468
0.8469
0.847
0.8471
0.8472
0.8473
0.8474
0.8475
0.8476
0.8477
0.8478
0.8479
0.848
0.8481
0.8482
0.8483
0.8484
0.8485
0.8486
0.8487
0.8488
0.8489
0.849
0.8491
0.8492
0.8493
0.8494
0.8495
0.8496
0.8497
0.8498
0.8499
0.85
0.8501
0.8502
0.8503
0.8504
0.8505
0.8506
0.8507
0.8508
0.8509
0.851
0.8511
0.8512
0.8513
0.8514
0.8515
0.8516
0.8517
0.8518
0.8519
0.852
0.8521
0.8522
0.8523
0.8524
0.8525
0.8526
0.8527
0.8528
0.8529
0.853
0.8531
0.8532
0.8533
0.8534
0.8535
0.8536
0.8537
0.8538
0.8539
0.854
0.8541
0.8542
0.8543
0.8544
0.8545
0.8546
0.8547
0.8548
0.8549
0.855
0.8551
0.8552
0.8553
0.8554
0.8555
0.8556
0.8557
0.8558
0.8559
0.856
0.8561
0.8562
0.8563
0.8564
0.8565
0.8566
0.8567
0.8568
0.8569
0.857
0.8571
0.8572
0.8573
0.8574
0.8575
0.8576
0.8577
0.8578
0.8579
0.858
0.8581
0.8582
0.8583
0.8584
0.8585
0.8586
0.8587
0.8588
0.8589
0.859
0.8591
0.8592
0.8593
0.8594
0.8595
0.8596
0.8597
0.8598
0.8599
0.86
0.8601
0.8602
0.8603
0.8604
0.8605
0.8606
0.8607
0.8608
0.8609
0.861
0.8611
0.8612
0.8613
0.8614
0.8615
0.8616
0.8617
0.8618
0.8619
0.862
0.8621
0.8622
0.8623
0.8624
0.8625
0.8626
0.8627
0.8628
0.8629
0.863
0.8631
0.8632
0.8633
0.8634
0.8635
0.8636
0.8637
0.8638
0.8639
0.864
0.8641
0.8642
0.8643
0.8644
0.8645
0.8646
0.8647
0.8648
0.8649
0.865
0.8651
0.8652
0.8653
0.8654
0.8655
0.8656
0.8657
0.8658
0.8659
0.866
0.8661
0.8662
0.8663
0.8664
0.8665
0.8666
0.8667
0.8668
0.8669
0.867
0.8671
0.8672
0.8673
0.8674
0.8675
0.8676
0.8677
0.8678
0.8679
0.868
0.8681
0.8682
0.8683
0.8684
0.8685
0.8686
0.8687
0.8688
0.8689
0.869
0.8691
0.8692
0.8693
0.8694
0.8695
0.8696
0.8697
0.8698
0.8699
0.87
0.8701
0.8702
0.8703
0.8704
0.8705
0.8706
0.8707
0.8708
0.8709
0.871
0.8711
0.8712
0.8713
0.8714
0.8715
0.8716
0.8717
0.8718
0.8719
0.872
0.8721
0.8722
0.8723
0.8724
0.8725
0.8726
0.8727
0.8728
0.8729
0.873
0.8731
0.8732
0.8733
0.8734
0.8735
0.8736
0.8737
0.8738
0.8739
0.874
0.8741
0.8742
0.8743
0.8744
0.8745
0.8746
0.8747
0.8748
0.8749
0.875
0.8751
0.8752
0.8753
0.8754
0.8755
0.8756
0.8757
0.8758
0.8759
0.876
0.8761
0.8762
0.8763
0.8764
0.8765
0.8766
0.8767
0.8768
0.8769
0.877
0.8771
0.8772
0.8773
0.8774
0.8775
0.8776
0.8777
0.8778
0.8779
0.878
0.8781
0.8782
0.8783
0.8784
0.8785
0.8786
0.8787
0.8788
0.8789
0.879
0.8791
0.8792
0.8793
0.8794
0.8795
0.8796
0.8797
0.8798
0.8799
0.88
0.8801
0.8802
0.8803
0.8804
0.8805
0.8806
0.8807
0.8808
0.8809
0.881
0.8811
0.8812
0.8813
0.8814
0.8815
0.8816
0.8817
0.8818
0.8819
0.882
0.8821
0.8822
0.8823
0.8824
0.8825
0.8826
0.8827
0.8828
0.8829
0.883
0.8831
0.8832
0.8833
0.8834
0.8835
0.8836
0.8837
0.8838
0.8839
0.884
0.8841
0.8842
0.8843
0.8844
0.8845
0.8846
0.8847
0.8848
0.8849
0.885
0.8851
0.8852
0.8853
0.8854
0.8855
0.8856
0.8857
0.8858
0.8859
0.886
0.8861
0.8862
0.8863
0.8864
0.8865
0.8866
0.8867
0.8868
0.8869
0.887
0.8871
0.8872
0.8873
0.8874
0.8875
0.8876
0.8877
0.8878
0.8879
0.888
0.8881
0.8882
0.8883
0.8884
0.8885
0.8886
0.8887
0.8888
0.8889
0.889
0.8891
0.8892
0.8893
0.8894
0.8895
0.8896
0.8897
0.8898
0.8899
0.89
0.8901
0.8902
0.8903
0.8904
0.8905
0.8906
0.8907
0.8908
0.8909
0.891
0.8911
0.8912
0.8913
0.8914
0.8915
0.8916
0.8917
0.8918
0.8919
0.892
0.8921
0.8922
0.8923
0.8924
0.8925
0.8926
0.8927
0.8928
0.8929
0.893
0.8931
0.8932
0.8933
0.8934
0.8935
0.8936
0.8937
0.8938
0.8939
0.894
0.8941
0.8942
0.8943
0.8944
0.8945
0.8946
0.8947
0.8948
0.8949
0.895
0.8951
0.8952
0.8953
0.8954
0.8955
0.8956
0.8957
0.8958
0.8959
0.896
0.8961
0.8962
0.8963
0.8964
0.8965
0.8966
0.8967
0.8968
0.8969
0.897
0.8971
0.8972
0.8973
0.8974
0.8975
0.8976
0.8977
0.8978
0.8979
0.898
0.8981
0.8982
0.8983
0.8984
0.8985
0.8986
0.8987
0.8988
0.8989
0.899
0.8991
0.8992
0.8993
0.8994
0.8995
0.8996
0.8997
0.8998
0.8999
0.9
0.9001
0.9002
0.9003
0.9004
0.9005
0.9006
0.9007
0.9008
0.9009
0.901
0.9011
0.9012
0.9013
0.9014
0.9015
0.9016
0.9017
0.9018
0.9019
0.902
0.9021
0.9022
0.9023
0.9024
0.9025
0.9026
0.9027
0.9028
0.9029
0.903
0.9031
0.9032
0.9033
0.9034
0.9035
0.9036
0.9037
0.9038
0.9039
0.904
0.9041
0.9042
0.9043
0.9044
0.9045
0.9046
0.9047
0.9048
0.9049
0.905
0.9051
0.9052
0.9053
0.9054
0.9055
0.9056
0.9057
0.9058
0.9059
0.906
0.9061
0.9062
0.9063
0.9064
0.9065
0.9066
0.9067
0.9068
0.9069
0.907
0.9071
0.9072
0.9073
0.9074
0.9075
0.9076
0.9077
0.9078
0.9079
0.908
0.9081
0.9082
0.9083
0.9084
0.9085
0.9086
0.9087
0.9088
0.9089
0.909
0.9091
0.9092
0.9093
0.9094
0.9095
0.9096
0.9097
0.9098
0.9099
0.91
0.9101
0.9102
0.9103
0.9104
0.9105
0.9106
0.9107
0.9108
0.9109
0.911
0.9111
0.9112
0.9113
0.9114
0.9115
0.9116
0.9117
0.9118
0.9119
0.912
0.9121
0.9122
0.9123
0.9124
0.9125
0.9126
0.9127
0.9128
0.9129
0.913
0.9131
0.9132
0.9133
0.9134
0.9135
0.9136
0.9137
0.9138
0.9139
0.914
0.9141
0.9142
0.9143
0.9144
0.9145
0.9146
0.9147
0.9148
0.9149
0.915
0.9151
0.9152
0.9153
0.9154
0.9155
0.9156
0.9157
0.9158
0.9159
0.916
0.9161
0.9162
0.9163
0.9164
0.9165
0.9166
0.9167
0.9168
0.9169
0.917
0.9171
0.9172
0.9173
0.9174
0.9175
0.9176
0.9177
0.9178
0.9179
0.918
0.9181
0.9182
0.9183
0.9184
0.9185
0.9186
0.9187
0.9188
0.9189
0.919
0.9191
0.9192
0.9193
0.9194
0.9195
0.9196
0.9197
0.9198
0.9199
0.92
0.9201
0.9202
0.9203
0.9204
0.9205
0.9206
0.9207
0.9208
0.9209
0.921
0.9211
0.9212
0.9213
0.9214
0.9215
0.9216
0.9217
0.9218
0.9219
0.922
0.9221
0.9222
0.9223
0.9224
0.9225
0.9226
0.9227
0.9228
0.9229
0.923
0.9231
0.9232
0.9233
0.9234
0.9235
0.9236
0.9237
0.9238
0.9239
0.924
0.9241
0.9242
0.9243
0.9244
0.9245
0.9246
0.9247
0.9248
0.9249
0.925
0.9251
0.9252
0.9253
0.9254
0.9255
0.9256
0.9257
0.9258
0.9259
0.926
0.9261
0.9262
0.9263
0.9264
0.9265
0.9266
0.9267
0.9268
0.9269
0.927
0.9271
0.9272
0.9273
0.9274
0.9275
0.9276
0.9277
0.9278
0.9279
0.928
0.9281
0.9282
0.9283
0.9284
0.9285
0.9286
0.9287
0.9288
0.9289
0.929
0.9291
0.9292
0.9293
0.9294
0.9295
0.9296
0.9297
0.9298
0.9299
0.93
0.9301
0.9302
0.9303
0.9304
0.9305
0.9306
0.9307
0.9308
0.9309
0.931
0.9311
0.9312
0.9313
0.9314
0.9315
0.9316
0.9317
0.9318
0.9319
0.932
0.9321
0.9322
0.9323
0.9324
0.9325
0.9326
0.9327
0.9328
0.9329
0.933
0.9331
0.9332
0.9333
0.9334
0.9335
0.9336
0.9337
0.9338
0.9339
0.934
0.9341
0.9342
0.9343
0.9344
0.9345
0.9346
0.9347
0.9348
0.9349
0.935
0.9351
0.9352
0.9353
0.9354
0.9355
0.9356
0.9357
0.9358
0.9359
0.936
0.9361
0.9362
0.9363
0.9364
0.9365
0.9366
0.9367
0.9368
0.9369
0.937
0.9371
0.9372
0.9373
0.9374
0.9375
0.9376
0.9377
0.9378
0.9379
0.938
0.9381
0.9382
0.9383
0.9384
0.9385
0.9386
0.9387
0.9388
0.9389
0.939
0.9391
0.9392
0.9393
0.9394
0.9395
0.9396
0.9397
0.9398
0.9399
0.94
0.9401
0.9402
0.9403
0.9404
0.9405
0.9406
0.9407
0.9408
0.9409
0.941
0.9411
0.9412
0.9413
0.9414
0.9415
0.9416
0.9417
0.9418
0.9419
0.942
0.9421
0.9422
0.9423
0.9424
0.9425
0.9426
0.9427
0.9428
0.9429
0.943
0.9431
0.9432
0.9433
0.9434
0.9435
0.9436
0.9437
0.9438
0.9439
0.944
0.9441
0.9442
0.9443
0.9444
0.9445
0.9446
0.9447
0.9448
0.9449
0.945
0.9451
0.9452
0.9453
0.9454
0.9455
0.9456
0.9457
0.9458
0.9459
0.946
0.9461
0.9462
0.9463
0.9464
0.9465
0.9466
0.9467
0.9468
0.9469
0.947
0.9471
0.9472
0.9473
0.9474
0.9475
0.9476
0.9477
0.9478
0.9479
0.948
0.9481
0.9482
0.9483
0.9484
0.9485
0.9486
0.9487
0.9488
0.9489
0.949
0.9491
0.9492
0.9493
0.9494
0.9495
0.9496
0.9497
0.9498
0.9499
0.95
0.9501
0.9502
0.9503
0.9504
0.9505
0.9506
0.9507
0.9508
0.9509
0.951
0.9511
0.9512
0.9513
0.9514
0.9515
0.9516
0.9517
0.9518
0.9519
0.952
0.9521
0.9522
0.9523
0.9524
0.9525
0.9526
0.9527
0.9528
0.9529
0.953
0.9531
0.9532
0.9533
0.9534
0.9535
0.9536
0.9537
0.9538
0.9539
0.954
0.9541
0.9542
0.9543
0.9544
0.9545
0.9546
0.9547
0.9548
0.9549
0.955
0.9551
0.9552
0.9553
0.9554
0.9555
0.9556
0.9557
0.9558
0.9559
0.956
0.9561
0.9562
0.9563
0.9564
0.9565
0.9566
0.9567
0.9568
0.9569
0.957
0.9571
0.9572
0.9573
0.9574
0.9575
0.9576
0.9577
0.9578
0.9579
0.958
0.9581
0.9582
0.9583
0.9584
0.9585
0.9586
0.9587
0.9588
0.9589
0.959
0.9591
0.9592
0.9593
0.9594
0.9595
0.9596
0.9597
0.9598
0.9599
0.96
0.9601
0.9602
0.9603
0.9604
0.9605
0.9606
0.9607
0.9608
0.9609
0.961
0.9611
0.9612
0.9613
0.9614
0.9615
0.9616
0.9617
0.9618
0.9619
0.962
0.9621
0.9622
0.9623
0.9624
0.9625
0.9626
0.9627
0.9628
0.9629
0.963
0.9631
0.9632
0.9633
0.9634
0.9635
0.9636
0.9637
0.9638
0.9639
0.964
0.9641
0.9642
0.9643
0.9644
0.9645
0.9646
0.9647
0.9648
0.9649
0.965
0.9651
0.9652
0.9653
0.9654
0.9655
0.9656
0.9657
0.9658
0.9659
0.966
0.9661
0.9662
0.9663
0.9664
0.9665
0.9666
0.9667
0.9668
0.9669
0.967
0.9671
0.9672
0.9673
0.9674
0.9675
0.9676
0.9677
0.9678
0.9679
0.968
0.9681
0.9682
0.9683
0.9684
0.9685
0.9686
0.9687
0.9688
0.9689
0.969
0.9691
0.9692
0.9693
0.9694
0.9695
0.9696
0.9697
0.9698
0.9699
0.97
0.9701
0.9702
0.9703
0.9704
0.9705
0.9706
0.9707
0.9708
0.9709
0.971
0.9711
0.9712
0.9713
0.9714
0.9715
0.9716
0.9717
0.9718
0.9719
0.972
0.9721
0.9722
0.9723
0.9724
0.9725
0.9726
0.9727
0.9728
0.9729
0.973
0.9731
0.9732
0.9733
0.9734
0.9735
0.9736
0.9737
0.9738
0.9739
0.974
0.9741
0.9742
0.9743
0.9744
0.9745
0.9746
0.9747
0.9748
0.9749
0.975
0.9751
0.9752
0.9753
0.9754
0.9755
0.9756
0.9757
0.9758
0.9759
0.976
0.9761
0.9762
0.9763
0.9764
0.9765
0.9766
0.9767
0.9768
0.9769
0.977
0.9771
0.9772
0.9773
0.9774
0.9775
0.9776
0.9777
0.9778
0.9779
0.978
0.9781
0.9782
0.9783
0.9784
0.9785
0.9786
0.9787
0.9788
0.9789
0.979
0.9791
0.9792
0.9793
0.9794
0.9795
0.9796
0.9797
0.9798
0.9799
0.98
0.9801
0.9802
0.9803
0.9804
0.9805
0.9806
0.9807
0.9808
0.9809
0.981
0.9811
0.9812
0.9813
0.9814
0.9815
0.9816
0.9817
0.9818
0.9819
0.982
0.9821
0.9822
0.9823
0.9824
0.9825
0.9826
0.9827
0.9828
0.9829
0.983
0.9831
0.9832
0.9833
0.9834
0.9835
0.9836
0.9837
0.9838
0.9839
0.984
0.9841
0.9842
0.9843
0.9844
0.9845
0.9846
0.9847
0.9848
0.9849
0.985
0.9851
0.9852
0.9853
0.9854
0.9855
0.9856
0.9857
0.9858
0.9859
0.986
0.9861
0.9862
0.9863
0.9864
0.9865
0.9866
0.9867
0.9868
0.9869
0.987
0.9871
0.9872
0.9873
0.9874
0.9875
0.9876
0.9877
0.9878
0.9879
0.988
0.9881
0.9882
0.9883
0.9884
0.9885
0.9886
0.9887
0.9888
0.9889
0.989
0.9891
0.9892
0.9893
0.9894
0.9895
0.9896
0.9897
0.9898
0.9899
0.99
0.9901
0.9902
0.9903
0.9904
0.9905
0.9906
0.9907
0.9908
0.9909
0.991
0.9911
0.9912
0.9913
0.9914
0.9915
0.9916
0.9917
0.9918
0.9919
0.992
0.9921
0.9922
0.9923
0.9924
0.9925
0.9926
0.9927
0.9928
0.9929
0.993
0.9931
0.9932
0.9933
0.9934
0.9935
0.9936
0.9937
0.9938
0.9939
0.994
0.9941
0.9942
0.9943
0.9944
0.9945
0.9946
0.9947
0.9948
0.9949
0.995
0.9951
0.9952
0.9953
0.9954
0.9955
0.9956
0.9957
0.9958
0.9959
0.996
0.9961
0.9962
0.9963
0.9964
0.9965
0.9966
0.9967
0.9968
0.9969
0.997
0.9971
0.9972
0.9973
0.9974
0.9975
0.9976
0.9977
0.9978
0.9979
0.998
0.9981
0.9982
0.9983
0.9984
0.9985
0.9986
0.9987
0.9988
0.9989
0.999
0.9991
0.9992
0.9993
0.9994
0.9995
0.9996
0.9997
0.9998
0.9999
1.0
1.0001
1.0002
1.0003
1.0004
1.0005
1.0006
1.0007
1.0008
1.0009
1.001
1.0011
1.0012
1.0013
1.0014
1.0015
1.0016
1.0017
1.0018
1.0019
1.002
1.0021
1.0022
1.0023
1.0024
1.0025
1.0026
1.0027
1.0028
1.0029
1.003
1.0031
1.0032
1.0033
1.0034
1.0035
1.0036
1.0037
1.0038
1.0039
1.004
1.0041
1.0042
1.0043
1.0044
1.0045
1.0046
1.0047
1.0048
1.0049
1.005
1.0051
1.0052
1.0053
1.0054
1.0055
1.0056
1.0057
1.0058
1.0059
1.006
1.0061
1.0062
1.0063
1.0064
1.0065
1.0066
1.0067
1.0068
1.0069
1.007
1.0071
1.0072
1.0073
1.0074
1.0075
1.0076
1.0077
1.0078
1.0079
1.008
1.0081
1.0082
1.0083
1.0084
1.0085
1.0086
1.0087
1.0088
1.0089
1.009
1.0091
1.0092
1.0093
1.0094
1.0095
1.0096
1.0097
1.0098
1.0099
1.01
1.0101
1.0102
1.0103
1.0104
1.0105
1.0106
1.0107
1.0108
1.0109
1.011
1.0111
1.0112
1.0113
1.0114
1.0115
1.0116
1.0117
1.0118
1.0119
1.012
1.0121
1.0122
1.0123
1.0124
1.0125
1.0126
1.0127
1.0128
1.0129
1.013
1.0131
1.0132
1.0133
1.0134
1.0135
1.0136
1.0137
1.0138
1.0139
1.014
1.0141
1.0142
1.0143
1.0144
1.0145
1.0146
1.0147
1.0148
1.0149
1.015
1.0151
1.0152
1.0153
1.0154
1.0155
1.0156
1.0157
1.0158
1.0159
1.016
1.0161
1.0162
1.0163
1.0164
1.0165
1.0166
1.0167
1.0168
1.0169
1.017
1.0171
1.0172
1.0173
1.0174
1.0175
1.0176
1.0177
1.0178
1.0179
1.018
1.0181
1.0182
1.0183
1.0184
1.0185
1.0186
1.0187
1.0188
1.0189
1.019
1.0191
1.0192
1.0193
1.0194
1.0195
1.0196
1.0197
1.0198
1.0199
1.02
1.0201
1.0202
1.0203
1.0204
1.0205
1.0206
1.0207
1.0208
1.0209
1.021
1.0211
1.0212
1.0213
1.0214
1.0215
1.0216
1.0217
1.0218
1.0219
1.022
1.0221
1.0222
1.0223
1.0224
1.0225
1.0226
1.0227
1.0228
1.0229
1.023
1.0231
1.0232
1.0233
1.0234
1.0235
1.0236
1.0237
1.0238
1.0239
1.024
1.0241
1.0242
1.0243
1.0244
1.0245
1.0246
1.0247
1.0248
1.0249
1.025
1.0251
1.0252
1.0253
1.0254
1.0255
1.0256
1.0257
1.0258
1.0259
1.026
1.0261
1.0262
1.0263
1.0264
1.0265
1.0266
1.0267
1.0268
1.0269
1.027
1.0271
1.0272
1.0273
1.0274
1.0275
1.0276
1.0277
1.0278
1.0279
1.028
1.0281
1.0282
1.0283
1.0284
1.0285
1.0286
1.0287
1.0288
1.0289
1.029
1.0291
1.0292
1.0293
1.0294
1.0295
1.0296
1.0297
1.0298
1.0299
1.03
1.0301
1.0302
1.0303
1.0304
1.0305
1.0306
1.0307
1.0308
1.0309
1.031
1.0311
1.0312
1.0313
1.0314
1.0315
1.0316
1.0317
1.0318
1.0319
1.032
1.0321
1.0322
1.0323
1.0324
1.0325
1.0326
1.0327
1.0328
1.0329
1.033
1.0331
1.0332
1.0333
1.0334
1.0335
1.0336
1.0337
1.0338
1.0339
1.034
1.0341
1.0342
1.0343
1.0344
1.0345
1.0346
1.0347
1.0348
1.0349
1.035
1.0351
1.0352
1.0353
1.0354
1.0355
1.0356
1.0357
1.0358
1.0359
1.036
1.0361
1.0362
1.0363
1.0364
1.0365
1.0366
1.0367
1.0368
1.0369
1.037
1.0371
1.0372
1.0373
1.0374
1.0375
1.0376
1.0377
1.0378
1.0379
1.038
1.0381
1.0382
1.0383
1.0384
1.0385
1.0386
1.0387
1.0388
1.0389
1.039
1.0391
1.0392
1.0393
1.0394
1.0395
1.0396
1.0397
1.0398
1.0399
1.04
1.0401
1.0402
1.0403
1.0404
1.0405
1.0406
1.0407
1.0408
1.0409
1.041
1.0411
1.0412
1.0413
1.0414
1.0415
1.0416
1.0417
1.0418
1.0419
1.042
1.0421
1.0422
1.0423
1.0424
1.0425
1.0426
1.0427
1.0428
1.0429
1.043
1.0431
1.0432
1.0433
1.0434
1.0435
1.0436
1.0437
1.0438
1.0439
1.044
1.0441
1.0442
1.0443
1.0444
1.0445
1.0446
1.0447
1.0448
1.0449
1.045
1.0451
1.0452
1.0453
1.0454
1.0455
1.0456
1.0457
1.0458
1.0459
1.046
1.0461
1.0462
1.0463
1.0464
1.0465
1.0466
1.0467
1.0468
1.0469
1.047
1.0471
1.0472
1.0473
1.0474
1.0475
1.0476
1.0477
1.0478
1.0479
1.048
1.0481
1.0482
1.0483
1.0484
1.0485
1.0486
1.0487
1.0488
1.0489
1.049
1.0491
1.0492
1.0493
1.0494
1.0495
1.0496
1.0497
1.0498
1.0499
1.05
1.0501
1.0502
1.0503
1.0504
1.0505
1.0506
1.0507
1.0508
1.0509
1.051
1.0511
1.0512
1.0513
1.0514
1.0515
1.0516
1.0517
1.0518
1.0519
1.052
1.0521
1.0522
1.0523
1.0524
1.0525
1.0526
1.0527
1.0528
1.0529
1.053
1.0531
1.0532
1.0533
1.0534
1.0535
1.0536
1.0537
1.0538
1.0539
1.054
1.0541
1.0542
1.0543
1.0544
1.0545
1.0546
1.0547
1.0548
1.0549
1.055
1.0551
1.0552
1.0553
1.0554
1.0555
1.0556
1.0557
1.0558
1.0559
1.056
1.0561
1.0562
1.0563
1.0564
1.0565
1.0566
1.0567
1.0568
1.0569
1.057
1.0571
1.0572
1.0573
1.0574
1.0575
1.0576
1.0577
1.0578
1.0579
1.058
1.0581
1.0582
1.0583
1.0584
1.0585
1.0586
1.0587
1.0588
1.0589
1.059
1.0591
1.0592
1.0593
1.0594
1.0595
1.0596
1.0597
1.0598
1.0599
1.06
1.0601
1.0602
1.0603
1.0604
1.0605
1.0606
1.0607
1.0608
1.0609
1.061
1.0611
1.0612
1.0613
1.0614
1.0615
1.0616
1.0617
1.0618
1.0619
1.062
1.0621
1.0622
1.0623
1.0624
1.0625
1.0626
1.0627
1.0628
1.0629
1.063
1.0631
1.0632
1.0633
1.0634
1.0635
1.0636
1.0637
1.0638
1.0639
1.064
1.0641
1.0642
1.0643
1.0644
1.0645
1.0646
1.0647
1.0648
1.0649
1.065
1.0651
1.0652
1.0653
1.0654
1.0655
1.0656
1.0657
1.0658
1.0659
1.066
1.0661
1.0662
1.0663
1.0664
1.0665
1.0666
1.0667
1.0668
1.0669
1.067
1.0671
1.0672
1.0673
1.0674
1.0675
1.0676
1.0677
1.0678
1.0679
1.068
1.0681
1.0682
1.0683
1.0684
1.0685
1.0686
1.0687
1.0688
1.0689
1.069
1.0691
1.0692
1.0693
1.0694
1.0695
1.0696
1.0697
1.0698
1.0699
1.07
1.0701
1.0702
1.0703
1.0704
1.0705
1.0706
1.0707
1.0708
1.0709
1.071
1.0711
1.0712
1.0713
1.0714
1.0715
1.0716
1.0717
1.0718
1.0719
1.072
1.0721
1.0722
1.0723
1.0724
1.0725
1.0726
1.0727
1.0728
1.0729
1.073
1.0731
1.0732
1.0733
1.0734
1.0735
1.0736
1.0737
1.0738
1.0739
1.074
1.0741
1.0742
1.0743
1.0744
1.0745
1.0746
1.0747
1.0748
1.0749
1.075
1.0751
1.0752
1.0753
1.0754
1.0755
1.0756
1.0757
1.0758
1.0759
1.076
1.0761
1.0762
1.0763
1.0764
1.0765
1.0766
1.0767
1.0768
1.0769
1.077
1.0771
1.0772
1.0773
1.0774
1.0775
1.0776
1.0777
1.0778
1.0779
1.078
1.0781
1.0782
1.0783
1.0784
1.0785
1.0786
1.0787
1.0788
1.0789
1.079
1.0791
1.0792
1.0793
1.0794
1.0795
1.0796
1.0797
1.0798
1.0799
1.08
1.0801
1.0802
1.0803
1.0804
1.0805
1.0806
1.0807
1.0808
1.0809
1.081
1.0811
1.0812
1.0813
1.0814
1.0815
1.0816
1.0817
1.0818
1.0819
1.082
1.0821
1.0822
1.0823
1.0824
1.0825
1.0826
1.0827
1.0828
1.0829
1.083
1.0831
1.0832
1.0833
1.0834
1.0835
1.0836
1.0837
1.0838
1.0839
1.084
1.0841
1.0842
1.0843
1.0844
1.0845
1.0846
1.0847
1.0848
1.0849
1.085
1.0851
1.0852
1.0853
1.0854
1.0855
1.0856
1.0857
1.0858
1.0859
1.086
1.0861
1.0862
1.0863
1.0864
1.0865
1.0866
1.0867
1.0868
1.0869
1.087
1.0871
1.0872
1.0873
1.0874
1.0875
1.0876
1.0877
1.0878
1.0879
1.088
1.0881
1.0882
1.0883
1.0884
1.0885
1.0886
1.0887
1.0888
1.0889
1.089
1.0891
1.0892
1.0893
1.0894
1.0895
1.0896
1.0897
1.0898
1.0899
1.09
1.0901
1.0902
1.0903
1.0904
1.0905
1.0906
1.0907
1.0908
1.0909
1.091
1.0911
1.0912
1.0913
1.0914
1.0915
1.0916
1.0917
1.0918
1.0919
1.092
1.0921
1.0922
1.0923
1.0924
1.0925
1.0926
1.0927
1.0928
1.0929
1.093
1.0931
1.0932
1.0933
1.0934
1.0935
1.0936
1.0937
1.0938
1.0939
1.094
1.0941
1.0942
1.0943
1.0944
1.0945
1.0946
1.0947
1.0948
1.0949
1.095
1.0951
1.0952
1.0953
1.0954
1.0955
1.0956
1.0957
1.0958
1.0959
1.096
1.0961
1.0962
1.0963
1.0964
1.0965
1.0966
1.0967
1.0968
1.0969
1.097
1.0971
1.0972
1.0973
1.0974
1.0975
1.0976
1.0977
1.0978
1.0979
1.098
1.0981
1.0982
1.0983
1.0984
1.0985
1.0986
1.0987
1.0988
1.0989
1.099
1.0991
1.0992
1.0993
1.0994
1.0995
1.0996
1.0997
1.0998
1.0999
1.1
1.1001
1.1002
1.1003
1.1004
1.1005
1.1006
1.1007
1.1008
1.1009
1.101
1.1011
1.1012
1.1013
1.1014
1.1015
1.1016
1.1017
1.1018
1.1019
1.102
1.1021
1.1022
1.1023
1.1024
1.1025
1.1026
1.1027
1.1028
1.1029
1.103
1.1031
1.1032
1.1033
1.1034
1.1035
1.1036
1.1037
1.1038
1.1039
1.104
1.1041
1.1042
1.1043
1.1044
1.1045
1.1046
1.1047
1.1048
1.1049
1.105
1.1051
1.1052
1.1053
1.1054
1.1055
1.1056
1.1057
1.1058
1.1059
1.106
1.1061
1.1062
1.1063
1.1064
1.1065
1.1066
1.1067
1.1068
1.1069
1.107
1.1071
1.1072
1.1073
1.1074
1.1075
1.1076
1.1077
1.1078
1.1079
1.108
1.1081
1.1082
1.1083
1.1084
1.1085
1.1086
1.1087
1.1088
1.1089
1.109
1.1091
1.1092
1.1093
1.1094
1.1095
1.1096
1.1097
1.1098
1.1099
1.11
1.1101
1.1102
1.1103
1.1104
1.1105
1.1106
1.1107
1.1108
1.1109
1.111
1.1111
1.1112
1.1113
1.1114
1.1115
1.1116
1.1117
1.1118
1.1119
1.112
1.1121
1.1122
1.1123
1.1124
1.1125
1.1126
1.1127
1.1128
1.1129
1.113
1.1131
1.1132
1.1133
1.1134
1.1135
1.1136
1.1137
1.1138
1.1139
1.114
1.1141
1.1142
1.1143
1.1144
1.1145
1.1146
1.1147
1.1148
1.1149
1.115
1.1151
1.1152
1.1153
1.1154
1.1155
1.1156
1.1157
1.1158
1.1159
1.116
1.1161
1.1162
1.1163
1.1164
1.1165
1.1166
1.1167
1.1168
1.1169
1.117
1.1171
1.1172
1.1173
1.1174
1.1175
1.1176
1.1177
1.1178
1.1179
1.118
1.1181
1.1182
1.1183
1.1184
1.1185
1.1186
1.1187
1.1188
1.1189
1.119
1.1191
1.1192
1.1193
1.1194
1.1195
1.1196
1.1197
1.1198
1.1199
1.12
1.1201
1.1202
1.1203
1.1204
1.1205
1.1206
1.1207
1.1208
1.1209
1.121
1.1211
1.1212
1.1213
1.1214
1.1215
1.1216
1.1217
1.1218
1.1219
1.122
1.1221
1.1222
1.1223
1.1224
1.1225
1.1226
1.1227
1.1228
1.1229
1.123
1.1231
1.1232
1.1233
1.1234
1.1235
1.1236
1.1237
1.1238
1.1239
1.124
1.1241
1.1242
1.1243
1.1244
1.1245
1.1246
1.1247
1.1248
1.1249
1.125
1.1251
1.1252
1.1253
1.1254
1.1255
1.1256
1.1257
1.1258
1.1259
1.126
1.1261
1.1262
1.1263
1.1264
1.1265
1.1266
1.1267
1.1268
1.1269
1.127
1.1271
1.1272
1.1273
1.1274
1.1275
1.1276
1.1277
1.1278
1.1279
1.128
1.1281
1.1282
1.1283
1.1284
1.1285
1.1286
1.1287
1.1288
1.1289
1.129
1.1291
1.1292
1.1293
1.1294
1.1295
1.1296
1.1297
1.1298
1.1299
1.13
1.1301
1.1302
1.1303
1.1304
1.1305
1.1306
1.1307
1.1308
1.1309
1.131
1.1311
1.1312
1.1313
1.1314
1.1315
1.1316
1.1317
1.1318
1.1319
1.132
1.1321
1.1322
1.1323
1.1324
1.1325
1.1326
1.1327
1.1328
1.1329
1.133
1.1331
1.1332
1.1333
1.1334
1.1335
1.1336
1.1337
1.1338
1.1339
1.134
1.1341
1.1342
1.1343
1.1344
1.1345
1.1346
1.1347
1.1348
1.1349
1.135
1.1351
1.1352
1.1353
1.1354
1.1355
1.1356
1.1357
1.1358
1.1359
1.136
1.1361
1.1362
1.1363
1.1364
1.1365
1.1366
1.1367
1.1368
1.1369
1.137
1.1371
1.1372
1.1373
1.1374
1.1375
1.1376
1.1377
1.1378
1.1379
1.138
1.1381
1.1382
1.1383
1.1384
1.1385
1.1386
1.1387
1.1388
1.1389
1.139
1.1391
1.1392
1.1393
1.1394
1.1395
1.1396
1.1397
1.1398
1.1399
1.14
1.1401
1.1402
1.1403
1.1404
1.1405
1.1406
1.1407
1.1408
1.1409
1.141
1.1411
1.1412
1.1413
1.1414
1.1415
1.1416
1.1417
1.1418
1.1419
1.142
1.1421
1.1422
1.1423
1.1424
1.1425
1.1426
1.1427
1.1428
1.1429
1.143
1.1431
1.1432
1.1433
1.1434
1.1435
1.1436
1.1437
1.1438
1.1439
1.144
1.1441
1.1442
1.1443
1.1444
1.1445
1.1446
1.1447
1.1448
1.1449
1.145
1.1451
1.1452
1.1453
1.1454
1.1455
1.1456
1.1457
1.1458
1.1459
1.146
1.1461
1.1462
1.1463
1.1464
1.1465
1.1466
1.1467
1.1468
1.1469
1.147
1.1471
1.1472
1.1473
1.1474
1.1475
1.1476
1.1477
1.1478
1.1479
1.148
1.1481
1.1482
1.1483
1.1484
1.1485
1.1486
1.1487
1.1488
1.1489
1.149
1.1491
1.1492
1.1493
1.1494
1.1495
1.1496
1.1497
1.1498
1.1499
1.15
1.1501
1.1502
1.1503
1.1504
1.1505
1.1506
1.1507
1.1508
1.1509
1.151
1.1511
1.1512
1.1513
1.1514
1.1515
1.1516
1.1517
1.1518
1.1519
1.152
1.1521
1.1522
1.1523
1.1524
1.1525
1.1526
1.1527
1.1528
1.1529
1.153
1.1531
1.1532
1.1533
1.1534
1.1535
1.1536
1.1537
1.1538
1.1539
1.154
1.1541
1.1542
1.1543
1.1544
1.1545
1.1546
1.1547
1.1548
1.1549
1.155
1.1551
1.1552
1.1553
1.1554
1.1555
1.1556
1.1557
1.1558
1.1559
1.156
1.1561
1.1562
1.1563
1.1564
1.1565
1.1566
1.1567
1.1568
1.1569
1.157
1.1571
1.1572
1.1573
1.1574
1.1575
1.1576
1.1577
1.1578
1.1579
1.158
1.1581
1.1582
1.1583
1.1584
1.1585
1.1586
1.1587
1.1588
1.1589
1.159
1.1591
1.1592
1.1593
1.1594
1.1595
1.1596
1.1597
1.1598
1.1599
1.16
1.1601
1.1602
1.1603
1.1604
1.1605
1.1606
1.1607
1.1608
1.1609
1.161
1.1611
1.1612
1.1613
1.1614
1.1615
1.1616
1.1617
1.1618
1.1619
1.162
1.1621
1.1622
1.1623
1.1624
1.1625
1.1626
1.1627
1.1628
1.1629
1.163
1.1631
1.1632
1.1633
1.1634
1.1635
1.1636
1.1637
1.1638
1.1639
1.164
1.1641
1.1642
1.1643
1.1644
1.1645
1.1646
1.1647
1.1648
1.1649
1.165
1.1651
1.1652
1.1653
1.1654
1.1655
1.1656
1.1657
1.1658
1.1659
1.166
1.1661
1.1662
1.1663
1.1664
1.1665
1.1666
1.1667
1.1668
1.1669
1.167
1.1671
1.1672
1.1673
1.1674
1.1675
1.1676
1.1677
1.1678
1.1679
1.168
1.1681
1.1682
1.1683
1.1684
1.1685
1.1686
1.1687
1.1688
1.1689
1.169
1.1691
1.1692
1.1693
1.1694
1.1695
1.1696
1.1697
1.1698
1.1699
1.17
1.1701
1.1702
1.1703
1.1704
1.1705
1.1706
1.1707
1.1708
1.1709
1.171
1.1711
1.1712
1.1713
1.1714
1.1715
1.1716
1.1717
1.1718
1.1719
1.172
1.1721
1.1722
1.1723
1.1724
1.1725
1.1726
1.1727
1.1728
1.1729
1.173
1.1731
1.1732
1.1733
1.1734
1.1735
1.1736
1.1737
1.1738
1.1739
1.174
1.1741
1.1742
1.1743
1.1744
1.1745
1.1746
1.1747
1.1748
1.1749
1.175
1.1751
1.1752
1.1753
1.1754
1.1755
1.1756
1.1757
1.1758
1.1759
1.176
1.1761
1.1762
1.1763
1.1764
1.1765
1.1766
1.1767
1.1768
1.1769
1.177
1.1771
1.1772
1.1773
1.1774
1.1775
1.1776
1.1777
1.1778
1.1779
1.178
1.1781
1.1782
1.1783
1.1784
1.1785
1.1786
1.1787
1.1788
1.1789
1.179
1.1791
1.1792
1.1793
1.1794
1.1795
1.1796
1.1797
1.1798
1.1799
1.18
1.1801
1.1802
1.1803
1.1804
1.1805
1.1806
1.1807
1.1808
1.1809
1.181
1.1811
1.1812
1.1813
1.1814
1.1815
1.1816
1.1817
1.1818
1.1819
1.182
1.1821
1.1822
1.1823
1.1824
1.1825
1.1826
1.1827
1.1828
1.1829
1.183
1.1831
1.1832
1.1833
1.1834
1.1835
1.1836
1.1837
1.1838
1.1839
1.184
1.1841
1.1842
1.1843
1.1844
1.1845
1.1846
1.1847
1.1848
1.1849
1.185
1.1851
1.1852
1.1853
1.1854
1.1855
1.1856
1.1857
1.1858
1.1859
1.186
1.1861
1.1862
1.1863
1.1864
1.1865
1.1866
1.1867
1.1868
1.1869
1.187
1.1871
1.1872
1.1873
1.1874
1.1875
1.1876
1.1877
1.1878
1.1879
1.188
1.1881
1.1882
1.1883
1.1884
1.1885
1.1886
1.1887
1.1888
1.1889
1.189
1.1891
1.1892
1.1893
1.1894
1.1895
1.1896
1.1897
1.1898
1.1899
1.19
1.1901
1.1902
1.1903
1.1904
1.1905
1.1906
1.1907
1.1908
1.1909
1.191
1.1911
1.1912
1.1913
1.1914
1.1915
1.1916
1.1917
1.1918
1.1919
1.192
1.1921
1.1922
1.1923
1.1924
1.1925
1.1926
1.1927
1.1928
1.1929
1.193
1.1931
1.1932
1.1933
1.1934
1.1935
1.1936
1.1937
1.1938
1.1939
1.194
1.1941
1.1942
1.1943
1.1944
1.1945
1.1946
1.1947
1.1948
1.1949
1.195
1.1951
1.1952
1.1953
1.1954
1.1955
1.1956
1.1957
1.1958
1.1959
1.196
1.1961
1.1962
1.1963
1.1964
1.1965
1.1966
1.1967
1.1968
1.1969
1.197
1.1971
1.1972
1.1973
1.1974
1.1975
1.1976
1.1977
1.1978
1.1979
1.198
1.1981
1.1982
1.1983
1.1984
1.1985
1.1986
1.1987
1.1988
1.1989
1.199
1.1991
1.1992
1.1993
1.1994
1.1995
1.1996
1.1997
1.1998
1.1999
1.2
1.2001
1.2002
1.2003
1.2004
1.2005
1.2006
1.2007
1.2008
1.2009
1.201
1.2011
1.2012
1.2013
1.2014
1.2015
1.2016
1.2017
1.2018
1.2019
1.202
1.2021
1.2022
1.2023
1.2024
1.2025
1.2026
1.2027
1.2028
1.2029
1.203
1.2031
1.2032
1.2033
1.2034
1.2035
1.2036
1.2037
1.2038
1.2039
1.204
1.2041
1.2042
1.2043
1.2044
1.2045
1.2046
1.2047
1.2048
1.2049
1.205
1.2051
1.2052
1.2053
1.2054
1.2055
1.2056
1.2057
1.2058
1.2059
1.206
1.2061
1.2062
1.2063
1.2064
1.2065
1.2066
1.2067
1.2068
1.2069
1.207
1.2071
1.2072
1.2073
1.2074
1.2075
1.2076
1.2077
1.2078
1.2079
1.208
1.2081
1.2082
1.2083
1.2084
1.2085
1.2086
1.2087
1.2088
1.2089
1.209
1.2091
1.2092
1.2093
1.2094
1.2095
1.2096
1.2097
1.2098
1.2099
1.21
1.2101
1.2102
1.2103
1.2104
1.2105
1.2106
1.2107
1.2108
1.2109
1.211
1.2111
1.2112
1.2113
1.2114
1.2115
1.2116
1.2117
1.2118
1.2119
1.212
1.2121
1.2122
1.2123
1.2124
1.2125
1.2126
1.2127
1.2128
1.2129
1.213
1.2131
1.2132
1.2133
1.2134
1.2135
1.2136
1.2137
1.2138
1.2139
1.214
1.2141
1.2142
1.2143
1.2144
1.2145
1.2146
1.2147
1.2148
1.2149
1.215
1.2151
1.2152
1.2153
1.2154
1.2155
1.2156
1.2157
1.2158
1.2159
1.216
1.2161
1.2162
1.2163
1.2164
1.2165
1.2166
1.2167
1.2168
1.2169
1.217
1.2171
1.2172
1.2173
1.2174
1.2175
1.2176
1.2177
1.2178
1.2179
1.218
1.2181
1.2182
1.2183
1.2184
1.2185
1.2186
1.2187
1.2188
1.2189
1.219
1.2191
1.2192
1.2193
1.2194
1.2195
1.2196
1.2197
1.2198
1.2199
1.22
1.2201
1.2202
1.2203
1.2204
1.2205
1.2206
1.2207
1.2208
1.2209
1.221
1.2211
1.2212
1.2213
1.2214
1.2215
1.2216
1.2217
1.2218
1.2219
1.222
1.2221
1.2222
1.2223
1.2224
1.2225
1.2226
1.2227
1.2228
1.2229
1.223
1.2231
1.2232
1.2233
1.2234
1.2235
1.2236
1.2237
1.2238
1.2239
1.224
1.2241
1.2242
1.2243
1.2244
1.2245
1.2246
1.2247
1.2248
1.2249
1.225
1.2251
1.2252
1.2253
1.2254
1.2255
1.2256
1.2257
1.2258
1.2259
1.226
1.2261
1.2262
1.2263
1.2264
1.2265
1.2266
1.2267
1.2268
1.2269
1.227
1.2271
1.2272
1.2273
1.2274
1.2275
1.2276
1.2277
1.2278
1.2279
1.228
1.2281
1.2282
1.2283
1.2284
1.2285
1.2286
1.2287
1.2288
1.2289
1.229
1.2291
1.2292
1.2293
1.2294
1.2295
1.2296
1.2297
1.2298
1.2299
1.23
1.2301
1.2302
1.2303
1.2304
1.2305
1.2306
1.2307
1.2308
1.2309
1.231
1.2311
1.2312
1.2313
1.2314
1.2315
1.2316
1.2317
1.2318
1.2319
1.232
1.2321
1.2322
1.2323
1.2324
1.2325
1.2326
1.2327
1.2328
1.2329
1.233
1.2331
1.2332
1.2333
1.2334
1.2335
1.2336
1.2337
1.2338
1.2339
1.234
1.2341
1.2342
1.2343
1.2344
1.2345
1.2346
1.2347
1.2348
1.2349
1.235
1.2351
1.2352
1.2353
1.2354
1.2355
1.2356
1.2357
1.2358
1.2359
1.236
1.2361
1.2362
1.2363
1.2364
1.2365
1.2366
1.2367
1.2368
1.2369
1.237
1.2371
1.2372
1.2373
1.2374
1.2375
1.2376
1.2377
1.2378
1.2379
1.238
1.2381
1.2382
1.2383
1.2384
1.2385
1.2386
1.2387
1.2388
1.2389
1.239
1.2391
1.2392
1.2393
1.2394
1.2395
1.2396
1.2397
1.2398
1.2399
1.24
1.2401
1.2402
1.2403
1.2404
1.2405
1.2406
1.2407
1.2408
1.2409
1.241
1.2411
1.2412
1.2413
1.2414
1.2415
1.2416
1.2417
1.2418
1.2419
1.242
1.2421
1.2422
1.2423
1.2424
1.2425
1.2426
1.2427
1.2428
1.2429
1.243
1.2431
1.2432
1.2433
1.2434
1.2435
1.2436
1.2437
1.2438
1.2439
1.244
1.2441
1.2442
1.2443
1.2444
1.2445
1.2446
1.2447
1.2448
1.2449
1.245
1.2451
1.2452
1.2453
1.2454
1.2455
1.2456
1.2457
1.2458
1.2459
1.246
1.2461
1.2462
1.2463
1.2464
1.2465
1.2466
1.2467
1.2468
1.2469
1.247
1.2471
1.2472
1.2473
1.2474
1.2475
1.2476
1.2477
1.2478
1.2479
1.248
1.2481
1.2482
1.2483
1.2484
1.2485
1.2486
1.2487
1.2488
1.2489
1.249
1.2491
1.2492
1.2493
1.2494
1.2495
1.2496
1.2497
1.2498
1.2499
1.25
1.2501
1.2502
1.2503
1.2504
1.2505
1.2506
1.2507
1.2508
1.2509
1.251
1.2511
1.2512
1.2513
1.2514
1.2515
1.2516
1.2517
1.2518
1.2519
1.252
1.2521
1.2522
1.2523
1.2524
1.2525
1.2526
1.2527
1.2528
1.2529
1.253
1.2531
1.2532
1.2533
1.2534
1.2535
1.2536
1.2537
1.2538
1.2539
1.254
1.2541
1.2542
1.2543
1.2544
1.2545
1.2546
1.2547
1.2548
1.2549
1.255
1.2551
1.2552
1.2553
1.2554
1.2555
1.2556
1.2557
1.2558
1.2559
1.256
1.2561
1.2562
1.2563
1.2564
1.2565
1.2566
1.2567
1.2568
1.2569
1.257
1.2571
1.2572
1.2573
1.2574
1.2575
1.2576
1.2577
1.2578
1.2579
1.258
1.2581
1.2582
1.2583
1.2584
1.2585
1.2586
1.2587
1.2588
1.2589
1.259
1.2591
1.2592
1.2593
1.2594
1.2595
1.2596
1.2597
1.2598
1.2599
1.26
1.2601
1.2602
1.2603
1.2604
1.2605
1.2606
1.2607
1.2608
1.2609
1.261
1.2611
1.2612
1.2613
1.2614
1.2615
1.2616
1.2617
1.2618
1.2619
1.262
1.2621
1.2622
1.2623
1.2624
1.2625
1.2626
1.2627
1.2628
1.2629
1.263
1.2631
1.2632
1.2633
1.2634
1.2635
1.2636
1.2637
1.2638
1.2639
1.264
1.2641
1.2642
1.2643
1.2644
1.2645
1.2646
1.2647
1.2648
1.2649
1.265
1.2651
1.2652
1.2653
1.2654
1.2655
1.2656
1.2657
1.2658
1.2659
1.266
1.2661
1.2662
1.2663
1.2664
1.2665
1.2666
1.2667
1.2668
1.2669
1.267
1.2671
1.2672
1.2673
1.2674
1.2675
1.2676
1.2677
1.2678
1.2679
1.268
1.2681
1.2682
1.2683
1.2684
1.2685
1.2686
1.2687
1.2688
1.2689
1.269
1.2691
1.2692
1.2693
1.2694
1.2695
1.2696
1.2697
1.2698
1.2699
1.27
1.2701
1.2702
1.2703
1.2704
1.2705
1.2706
1.2707
1.2708
1.2709
1.271
1.2711
1.2712
1.2713
1.2714
1.2715
1.2716
1.2717
1.2718
1.2719
1.272
1.2721
1.2722
1.2723
1.2724
1.2725
1.2726
1.2727
1.2728
1.2729
1.273
1.2731
1.2732
1.2733
1.2734
1.2735
1.2736
1.2737
1.2738
1.2739
1.274
1.2741
1.2742
1.2743
1.2744
1.2745
1.2746
1.2747
1.2748
1.2749
1.275
1.2751
1.2752
1.2753
1.2754
1.2755
1.2756
1.2757
1.2758
1.2759
1.276
1.2761
1.2762
1.2763
1.2764
1.2765
1.2766
1.2767
1.2768
1.2769
1.277
1.2771
1.2772
1.2773
1.2774
1.2775
1.2776
1.2777
1.2778
1.2779
1.278
1.2781
1.2782
1.2783
1.2784
1.2785
1.2786
1.2787
1.2788
1.2789
1.279
1.2791
1.2792
1.2793
1.2794
1.2795
1.2796
1.2797
1.2798
1.2799
1.28
1.2801
1.2802
1.2803
1.2804
1.2805
1.2806
1.2807
1.2808
1.2809
1.281
1.2811
1.2812
1.2813
1.2814
1.2815
1.2816
1.2817
1.2818
1.2819
1.282
1.2821
1.2822
1.2823
1.2824
1.2825
1.2826
1.2827
1.2828
1.2829
1.283
1.2831
1.2832
1.2833
1.2834
1.2835
1.2836
1.2837
1.2838
1.2839
1.284
1.2841
1.2842
1.2843
1.2844
1.2845
1.2846
1.2847
1.2848
1.2849
1.285
1.2851
1.2852
1.2853
1.2854
1.2855
1.2856
1.2857
1.2858
1.2859
1.286
1.2861
1.2862
1.2863
1.2864
1.2865
1.2866
1.2867
1.2868
1.2869
1.287
1.2871
1.2872
1.2873
1.2874
1.2875
1.2876
1.2877
1.2878
1.2879
1.288
1.2881
1.2882
1.2883
1.2884
1.2885
1.2886
1.2887
1.2888
1.2889
1.289
1.2891
1.2892
1.2893
1.2894
1.2895
1.2896
1.2897
1.2898
1.2899
1.29
1.2901
1.2902
1.2903
1.2904
1.2905
1.2906
1.2907
1.2908
1.2909
1.291
1.2911
1.2912
1.2913
1.2914
1.2915
1.2916
1.2917
1.2918
1.2919
1.292
1.2921
1.2922
1.2923
1.2924
1.2925
1.2926
1.2927
1.2928
1.2929
1.293
1.2931
1.2932
1.2933
1.2934
1.2935
1.2936
1.2937
1.2938
1.2939
1.294
1.2941
1.2942
1.2943
1.2944
1.2945
1.2946
1.2947
1.2948
1.2949
1.295
1.2951
1.2952
1.2953
1.2954
1.2955
1.2956
1.2957
1.2958
1.2959
1.296
1.2961
1.2962
1.2963
1.2964
1.2965
1.2966
1.2967
1.2968
1.2969
1.297
1.2971
1.2972
1.2973
1.2974
1.2975
1.2976
1.2977
1.2978
1.2979
1.298
1.2981
1.2982
1.2983
1.2984
1.2985
1.2986
1.2987
1.2988
1.2989
1.299
1.2991
1.2992
1.2993
1.2994
1.2995
1.2996
1.2997
1.2998
1.2999
1.3
1.3001
1.3002
1.3003
1.3004
1.3005
1.3006
1.3007
1.3008
1.3009
1.301
1.3011
1.3012
1.3013
1.3014
1.3015
1.3016
1.3017
1.3018
1.3019
1.302
1.3021
1.3022
1.3023
1.3024
1.3025
1.3026
1.3027
1.3028
1.3029
1.303
1.3031
1.3032
1.3033
1.3034
1.3035
1.3036
1.3037
1.3038
1.3039
1.304
1.3041
1.3042
1.3043
1.3044
1.3045
1.3046
1.3047
1.3048
1.3049
1.305
1.3051
1.3052
1.3053
1.3054
1.3055
1.3056
1.3057
1.3058
1.3059
1.306
1.3061
1.3062
1.3063
1.3064
1.3065
1.3066
1.3067
1.3068
1.3069
1.307
1.3071
1.3072
1.3073
1.3074
1.3075
1.3076
1.3077
1.3078
1.3079
1.308
1.3081
1.3082
1.3083
1.3084
1.3085
1.3086
1.3087
1.3088
1.3089
1.309
1.3091
1.3092
1.3093
1.3094
1.3095
1.3096
1.3097
1.3098
1.3099
1.31
1.3101
1.3102
1.3103
1.3104
1.3105
1.3106
1.3107
1.3108
1.3109
1.311
1.3111
1.3112
1.3113
1.3114
1.3115
1.3116
1.3117
1.3118
1.3119
1.312
1.3121
1.3122
1.3123
1.3124
1.3125
1.3126
1.3127
1.3128
1.3129
1.313
1.3131
1.3132
1.3133
1.3134
1.3135
1.3136
1.3137
1.3138
1.3139
1.314
1.3141
1.3142
1.3143
1.3144
1.3145
1.3146
1.3147
1.3148
1.3149
1.315
1.3151
1.3152
1.3153
1.3154
1.3155
1.3156
1.3157
1.3158
1.3159
1.316
1.3161
1.3162
1.3163
1.3164
1.3165
1.3166
1.3167
1.3168
1.3169
1.317
1.3171
1.3172
1.3173
1.3174
1.3175
1.3176
1.3177
1.3178
1.3179
1.318
1.3181
1.3182
1.3183
1.3184
1.3185
1.3186
1.3187
1.3188
1.3189
1.319
1.3191
1.3192
1.3193
1.3194
1.3195
1.3196
1.3197
1.3198
1.3199
1.32
1.3201
1.3202
1.3203
1.3204
1.3205
1.3206
1.3207
1.3208
1.3209
1.321
1.3211
1.3212
1.3213
1.3214
1.3215
1.3216
1.3217
1.3218
1.3219
1.322
1.3221
1.3222
1.3223
1.3224
1.3225
1.3226
1.3227
1.3228
1.3229
1.323
1.3231
1.3232
1.3233
1.3234
1.3235
1.3236
1.3237
1.3238
1.3239
1.324
1.3241
1.3242
1.3243
1.3244
1.3245
1.3246
1.3247
1.3248
1.3249
1.325
1.3251
1.3252
1.3253
1.3254
1.3255
1.3256
1.3257
1.3258
1.3259
1.326
1.3261
1.3262
1.3263
1.3264
1.3265
1.3266
1.3267
1.3268
1.3269
1.327
1.3271
1.3272
1.3273
1.3274
1.3275
1.3276
1.3277
1.3278
1.3279
1.328
1.3281
1.3282
1.3283
1.3284
1.3285
1.3286
1.3287
1.3288
1.3289
1.329
1.3291
1.3292
1.3293
1.3294
1.3295
1.3296
1.3297
1.3298
1.3299
1.33
1.3301
1.3302
1.3303
1.3304
1.3305
1.3306
1.3307
1.3308
1.3309
1.331
1.3311
1.3312
1.3313
1.3314
1.3315
1.3316
1.3317
1.3318
1.3319
1.332
1.3321
1.3322
1.3323
1.3324
1.3325
1.3326
1.3327
1.3328
1.3329
1.333
1.3331
1.3332
1.3333
1.3334
1.3335
1.3336
1.3337
1.3338
1.3339
1.334
1.3341
1.3342
1.3343
1.3344
1.3345
1.3346
1.3347
1.3348
1.3349
1.335
1.3351
1.3352
1.3353
1.3354
1.3355
1.3356
1.3357
1.3358
1.3359
1.336
1.3361
1.3362
1.3363
1.3364
1.3365
1.3366
1.3367
1.3368
1.3369
1.337
1.3371
1.3372
1.3373
1.3374
1.3375
1.3376
1.3377
1.3378
1.3379
1.338
1.3381
1.3382
1.3383
1.3384
1.3385
1.3386
1.3387
1.3388
1.3389
1.339
1.3391
1.3392
1.3393
1.3394
1.3395
1.3396
1.3397
1.3398
1.3399
1.34
1.3401
1.3402
1.3403
1.3404
1.3405
1.3406
1.3407
1.3408
1.3409
1.341
1.3411
1.3412
1.3413
1.3414
1.3415
1.3416
1.3417
1.3418
1.3419
1.342
1.3421
1.3422
1.3423
1.3424
1.3425
1.3426
1.3427
1.3428
1.3429
1.343
1.3431
1.3432
1.3433
1.3434
1.3435
1.3436
1.3437
1.3438
1.3439
1.344
1.3441
1.3442
1.3443
1.3444
1.3445
1.3446
1.3447
1.3448
1.3449
1.345
1.3451
1.3452
1.3453
1.3454
1.3455
1.3456
1.3457
1.3458
1.3459
1.346
1.3461
1.3462
1.3463
1.3464
1.3465
1.3466
1.3467
1.3468
1.3469
1.347
1.3471
1.3472
1.3473
1.3474
1.3475
1.3476
1.3477
1.3478
1.3479
1.348
1.3481
1.3482
1.3483
1.3484
1.3485
1.3486
1.3487
1.3488
1.3489
1.349
1.3491
1.3492
1.3493
1.3494
1.3495
1.3496
1.3497
1.3498
1.3499
1.35
1.3501
1.3502
1.3503
1.3504
1.3505
1.3506
1.3507
1.3508
1.3509
1.351
1.3511
1.3512
1.3513
1.3514
1.3515
1.3516
1.3517
1.3518
1.3519
1.352
1.3521
1.3522
1.3523
1.3524
1.3525
1.3526
1.3527
1.3528
1.3529
1.353
1.3531
1.3532
1.3533
1.3534
1.3535
1.3536
1.3537
1.3538
1.3539
1.354
1.3541
1.3542
1.3543
1.3544
1.3545
1.3546
1.3547
1.3548
1.3549
1.355
1.3551
1.3552
1.3553
1.3554
1.3555
1.3556
1.3557
1.3558
1.3559
1.356
1.3561
1.3562
1.3563
1.3564
1.3565
1.3566
1.3567
1.3568
1.3569
1.357
1.3571
1.3572
1.3573
1.3574
1.3575
1.3576
1.3577
1.3578
1.3579
1.358
1.3581
1.3582
1.3583
1.3584
1.3585
1.3586
1.3587
1.3588
1.3589
1.359
1.3591
1.3592
1.3593
1.3594
1.3595
1.3596
1.3597
1.3598
1.3599
1.36
1.3601
1.3602
1.3603
1.3604
1.3605
1.3606
1.3607
1.3608
1.3609
1.361
1.3611
1.3612
1.3613
1.3614
1.3615
1.3616
1.3617
1.3618
1.3619
1.362
1.3621
1.3622
1.3623
1.3624
1.3625
1.3626
1.3627
1.3628
1.3629
1.363
1.3631
1.3632
1.3633
1.3634
1.3635
1.3636
1.3637
1.3638
1.3639
1.364
1.3641
1.3642
1.3643
1.3644
1.3645
1.3646
1.3647
1.3648
1.3649
1.365
1.3651
1.3652
1.3653
1.3654
1.3655
1.3656
1.3657
1.3658
1.3659
1.366
1.3661
1.3662
1.3663
1.3664
1.3665
1.3666
1.3667
1.3668
1.3669
1.367
1.3671
1.3672
1.3673
1.3674
1.3675
1.3676
1.3677
1.3678
1.3679
1.368
1.3681
1.3682
1.3683
1.3684
1.3685
1.3686
1.3687
1.3688
1.3689
1.369
1.3691
1.3692
1.3693
1.3694
1.3695
1.3696
1.3697
1.3698
1.3699
1.37
1.3701
1.3702
1.3703
1.3704
1.3705
1.3706
1.3707
1.3708
1.3709
1.371
1.3711
1.3712
1.3713
1.3714
1.3715
1.3716
1.3717
1.3718
1.3719
1.372
1.3721
1.3722
1.3723
1.3724
1.3725
1.3726
1.3727
1.3728
1.3729
1.373
1.3731
1.3732
1.3733
1.3734
1.3735
1.3736
1.3737
1.3738
1.3739
1.374
1.3741
1.3742
1.3743
1.3744
1.3745
1.3746
1.3747
1.3748
1.3749
1.375
1.3751
1.3752
1.3753
1.3754
1.3755
1.3756
1.3757
1.3758
1.3759
1.376
1.3761
1.3762
1.3763
1.3764
1.3765
1.3766
1.3767
1.3768
1.3769
1.377
1.3771
1.3772
1.3773
1.3774
1.3775
1.3776
1.3777
1.3778
1.3779
1.378
1.3781
1.3782
1.3783
1.3784
1.3785
1.3786
1.3787
1.3788
1.3789
1.379
1.3791
1.3792
1.3793
1.3794
1.3795
1.3796
1.3797
1.3798
1.3799
1.38
1.3801
1.3802
1.3803
1.3804
1.3805
1.3806
1.3807
1.3808
1.3809
1.381
1.3811
1.3812
1.3813
1.3814
1.3815
1.3816
1.3817
1.3818
1.3819
1.382
1.3821
1.3822
1.3823
1.3824
1.3825
1.3826
1.3827
1.3828
1.3829
1.383
1.3831
1.3832
1.3833
1.3834
1.3835
1.3836
1.3837
1.3838
1.3839
1.384
1.3841
1.3842
1.3843
1.3844
1.3845
1.3846
1.3847
1.3848
1.3849
1.385
1.3851
1.3852
1.3853
1.3854
1.3855
1.3856
1.3857
1.3858
1.3859
1.386
1.3861
1.3862
1.3863
1.3864
1.3865
1.3866
1.3867
1.3868
1.3869
1.387
1.3871
1.3872
1.3873
1.3874
1.3875
1.3876
1.3877
1.3878
1.3879
1.388
1.3881
1.3882
1.3883
1.3884
1.3885
1.3886
1.3887
1.3888
1.3889
1.389
1.3891
1.3892
1.3893
1.3894
1.3895
1.3896
1.3897
1.3898
1.3899
1.39
1.3901
1.3902
1.3903
1.3904
1.3905
1.3906
1.3907
1.3908
1.3909
1.391
1.3911
1.3912
1.3913
1.3914
1.3915
1.3916
1.3917
1.3918
1.3919
1.392
1.3921
1.3922
1.3923
1.3924
1.3925
1.3926
1.3927
1.3928
1.3929
1.393
1.3931
1.3932
1.3933
1.3934
1.3935
1.3936
1.3937
1.3938
1.3939
1.394
1.3941
1.3942
1.3943
1.3944
1.3945
1.3946
1.3947
1.3948
1.3949
1.395
1.3951
1.3952
1.3953
1.3954
1.3955
1.3956
1.3957
1.3958
1.3959
1.396
1.3961
1.3962
1.3963
1.3964
1.3965
1.3966
1.3967
1.3968
1.3969
1.397
1.3971
1.3972
1.3973
1.3974
1.3975
1.3976
1.3977
1.3978
1.3979
1.398
1.3981
1.3982
1.3983
1.3984
1.3985
1.3986
1.3987
1.3988
1.3989
1.399
1.3991
1.3992
1.3993
1.3994
1.3995
1.3996
1.3997
1.3998
1.3999