1.007779
1.006983
1.0075290000000001
1.007398
1.0064540000000002
1.0047549999999998
1.002166
1.0002030000000002
1.001307
1.003763
1.005039
1.005349
1.004852
1.003499
1.001213
1.0000440000000002
1.0003600000000001
1.000122
0.999001
0.997035
0.994352
0.9926649999999999
0.994157
0.996974
0.998726
0.99944
0.9991760000000001
0.9980120000000001
0.9958600000000001
0.994718
0.995051
0.994927
0.9940610000000001
0.9924200000000001
0.989922
0.9885299999999999
0.990194
0.992906
0.994661
0.9954770000000001
0.995505
0.994708
0.994826
0.9961409999999999
0.9969540000000001
0.99711
0.9965860000000001
0.9953850000000001
0.9937159999999999
0.9949620000000001
0.9987010000000001
1.001169
1.002306
1.002333
1.001486
0.999755
0.998949
0.999476
0.9995280000000001
0.998843
0.9975799999999999
0.995873
0.994082
0.995288
0.998914
1.001478
1.002877
1.003241
1.002569
1.000748
0.9998319999999999
1.000342
1.000332
0.999511
0.9980100000000001
0.9958030000000001
0.993775
0.994907
0.998225
1.000632
1.002148
1.002977
1.002972
1.001723
1.001051
1.001374
1.000842
0.999389
0.997174
0.994124
0.991179
0.991326
0.99355
0.994857
0.9954879999999999
0.9956290000000001
0.995088
0.9936299999999999
0.993244
0.9942840000000001
0.9946969999999999
0.994195
0.9927090000000001
0.9901
0.988073
0.9891059999999999
0.991555
0.993072
0.9937469999999999
0.9935870000000001
0.9925379999999999
0.990577
0.9898100000000001
0.9906950000000001
0.9913290000000001
0.9914370000000001
0.990875
0.9894229999999999
0.988715
0.9909049999999999
0.9942549999999999
0.996569
0.9977719999999999
0.997817
0.996683
0.994293
0.9928379999999999
0.9930680000000001
0.9931120000000001
0.9925430000000001
0.991267
0.989225
0.988225
0.990324
0.9935719999999999
0.995718
0.9967790000000001
0.996926
0.9960889999999999
0.9940319999999999
0.9929309999999999
0.993339
0.993108
0.991866
0.989806
0.987023
0.9856940000000001
0.9878530000000001
0.991291
0.9938549999999999
0.995417
0.995964
0.9953280000000001
0.9953489999999999
0.996555
0.997182
0.996933
0.995872
0.9939680000000001
0.991059
0.9910690000000001
0.9942350000000001
0.996492
0.997632
0.9978440000000001
0.99721
0.995642
0.994977
0.9955370000000001
0.9953709999999999
0.994215
0.9923069999999999
0.989692
0.986491
0.986295
0.988857
0.9903379999999999
0.9907469999999999
0.9903850000000001
0.989295
0.987381
0.986605
0.9873200000000001
0.987505
0.986842
0.98536
0.9830959999999999
0.9811799999999999
0.982469
0.985706
0.9877790000000001
0.9887889999999999
0.9889110000000001
0.9881110000000001
0.9863569999999999
0.985624
0.986251
0.9863209999999999
0.985613
0.984151
0.9818459999999999
0.979864
0.980773
0.9832629999999999
0.9847379999999999
0.9853370000000001
0.985183
0.9842780000000001
0.9823930000000001
0.9813709999999999
0.9816440000000001
0.981454
0.980663
0.9792780000000001
0.9772780000000001
0.976698
0.979301
0.9828
0.985167
0.986409
0.986624
0.985892
0.98603
0.9872559999999999
0.987823
0.987624
0.986759
0.9853209999999999
0.983303
0.9842559999999999
0.9881409999999999
0.9911040000000001
0.9930370000000001
0.994024
0.994035
0.9929290000000001
0.9924129999999999
0.992959
0.992974
0.992216
0.990735
0.9885870000000001
0.985556
0.985108
0.987749
0.989906
0.991281
0.992041
0.992238
0.9916149999999999
0.9917450000000001
0.99297
0.993516
0.993149
0.992051
0.9902290000000001
0.987708
0.9880979999999999
0.991302
0.99355
0.994869
0.995617
0.9957879999999999
0.995044
0.9951459999999999
0.996548
0.9974190000000001
0.997425
0.996556
0.994627
0.991668
0.9915
0.994125
0.995778
0.9964700000000001
0.996318
0.9951540000000001
0.9928299999999999
0.991425
0.9914620000000001
0.9910950000000001
0.990159
0.988685
0.986455
0.9842559999999999
0.985015
0.987816
0.9897309999999999
0.990775
0.990859
0.989772
0.9874450000000001
0.9859389999999999
0.9858299999999999
0.9854870000000001
0.9847520000000001
0.9835209999999999
0.9816309999999999
0.9800989999999999
0.981719
0.9853040000000001
0.9878709999999999
0.989344
0.9897610000000001
0.989187
0.9875709999999999
0.9868709999999999
0.9876459999999999
0.9880559999999999
0.9876440000000001
0.986298
0.984109
0.9822709999999999
0.9836959999999999
0.987397
0.990419
0.9925780000000001
0.99379
0.99392
0.992735
0.992259
0.993166
0.9935889999999999
0.9931399999999999
0.9918629999999999
0.9897549999999999
0.9881620000000001
0.989762
0.9932719999999999
0.995935
0.9975700000000001
0.9982489999999999
0.9979680000000001
0.998474
1.000062
1.00092
1.000677
0.99934
0.9970870000000001
0.993926
0.992856
0.994761
0.996483
0.997064
0.996626
0.995358
0.993283
0.992133
0.992275
0.991967
0.990851
0.9889450000000001
0.9862639999999999
0.982727
0.981683
0.983809
0.9855389999999999
0.9861190000000001
0.985766
0.9846010000000001
0.9825870000000001
0.981661
0.9823129999999999
0.982716
0.9825290000000001
0.9817940000000001
0.980463
0.9784379999999999
0.979292
0.9828379999999999
0.9851709999999999
0.986427
0.986909
0.986632
0.9855079999999999
0.9853059999999999
0.9862549999999999
0.9865209999999999
0.986042
0.9850049999999999
0.983366
0.981575
0.982959
0.986886
0.989728
0.991403
0.991993
0.9914860000000001
0.98985
0.9890049999999999
0.9893360000000001
0.989067
0.988058
0.9863780000000001
0.98405
0.982301
0.9837459999999999
0.987025
0.9893629999999999
0.990816
0.991408
0.991016
0.989417
0.9885379999999999
0.988958
0.988892
0.9880399999999999
0.9864219999999999
0.984036
0.9817389999999999
0.98236
0.9850610000000001
0.9869959999999999
0.98815
0.988583
0.9882209999999999
0.9885940000000001
0.989859
0.990373
0.9899690000000001
0.9887459999999999
0.9868540000000001
0.984245
0.9830540000000001
0.984766
0.987084
0.988448
0.988951
0.98882
0.9880399999999999
0.9881469999999999
0.9894620000000001
0.99044
0.9908379999999999
0.990598
0.989597
0.9875219999999999
0.986965
0.9892620000000001
0.9917739999999999
0.993401
0.9943069999999999
0.9945309999999999
0.99387
0.994036
0.995505
0.9965930000000001
0.997006
0.996793
0.9958940000000001
0.9940049999999999
0.9943559999999999
0.9974930000000001
1.0000069999999999
1.00153
1.002204
1.001843
1.0001790000000002
0.999051
0.998974
0.998337
0.997102
0.9954069999999999
0.993102
0.989926
0.989447
0.992044
0.993915
0.994667
0.9943649999999999
0.992975
0.9904950000000001
0.988842
0.9884959999999999
0.9878129999999999
0.9865649999999999
0.984633
0.9818790000000001
0.978611
0.9786040000000001
0.9817299999999999
0.9842930000000001
0.9862139999999999
0.98744
0.9877540000000001
0.986935
0.986734
0.98761
0.98801
0.987757
0.986815
0.9851540000000001
0.982859
0.983563
0.987232
0.990166
0.9922479999999999
0.9934649999999999
0.9938040000000001
0.9932030000000001
0.99349
0.995078
0.99611
0.996235
0.995519
0.993933
0.9916209999999999
0.9921209999999999
0.9953190000000001
0.9975860000000001
0.9988440000000001
0.9993059999999999
0.9990209999999999
0.9977969999999999
0.997483
0.9985299999999999
0.9990209999999999
0.9985290000000001
0.9970479999999999
0.9945879999999999
0.991765
0.9921139999999999
0.99515
0.9973059999999999
0.998482
0.99874
0.997925
0.9976700000000001
0.998458
0.9988100000000001
0.9985209999999999
0.99765
0.996217
0.994073
0.9929959999999999
0.99469
0.9970450000000001
0.998166
0.9982629999999999
0.997542
0.996009
0.9953690000000001
0.995922
0.995975
0.9953280000000001
0.9941270000000001
0.9923639999999999
0.989828
0.988759
0.9907459999999999
0.993383
0.9950459999999999
0.9957590000000001
0.995618
0.994682
0.99467
0.9957889999999999
0.9962719999999999
0.995966
0.9949819999999999
0.9933690000000001
0.991159
0.9914139999999999
0.99477
0.997926
1.000094
1.00134
1.001562
1.0005819999999999
1.000099
1.000545
1.000415
0.999568
0.9980549999999999
0.995919
0.9930120000000001
0.992433
0.9947870000000001
0.9968469999999999
0.998131
0.9987729999999999
0.9987889999999999
0.997972
0.9979120000000001
0.99887
0.9990629999999999
0.998235
0.9964799999999999
0.9939790000000001
0.990711
0.9905200000000001
0.993598
0.995941
0.997376
0.998035
0.997949
0.996944
0.9967360000000001
0.997798
0.9984850000000001
0.9985620000000001
0.998034
0.99674
0.994402
0.994769
0.99815
1.000609
1.001896
1.002235
1.001685
1.000151
0.9995649999999999
1.0004680000000001
1.001074
1.001026
1.0003
0.998757
0.9961110000000001
0.9960389999999999
0.998909
1.000995
1.002234
1.0027409999999999
1.002338
1.000853
1.00011
1.000476
1.00019
0.99918
0.997653
0.9956020000000001
0.9930770000000001
0.9938319999999999
0.997714
1.000667
1.002491
1.003166
1.002625
1.000925
1.000059
1.000515
1.000607
1.000035
0.9986649999999999
0.9964120000000001
0.993554
0.993764
0.996818
0.9989959999999999
1.000292
1.000775
1.000348
1.000602
1.001792
1.002363
1.002138
1.001034
0.9989870000000001
0.996044
0.994289
0.995506
0.997761
0.999283
0.9999370000000001
0.999664
0.9984559999999999
0.9979889999999999
0.9985120000000001
0.9984280000000001
0.997611
0.9962030000000001
0.994353
0.991924
0.991142
0.9933290000000001
0.995928
0.997418
0.997858
0.9975450000000001
0.9966290000000001
0.99685
0.998589
1.000134
1.001026
1.001079
1.00019
0.998175
0.997875
1.0004790000000001
1.0031729999999999
1.005019
1.006167
1.006583
1.005952
1.0059120000000001
1.006916
1.007304
1.0068270000000001
1.005643
1.003871
1.001352
1.001064
1.0037639999999999
1.006178
1.007499
1.007837
1.007115
1.005154
1.003867
1.003803
1.00332
1.002362
1.001041
0.9991530000000001
0.99639
0.996316
0.9992629999999999
1.001419
1.002484
1.002625
1.001886
1.000282
0.999604
1.00015
1.000178
0.9994639999999999
0.997985
0.9956860000000001
0.9925930000000001
0.9923719999999999
0.9955510000000001
0.9985370000000001
1.000831
1.002311
1.002735
1.0018790000000002
1.001471
1.002003
1.0020229999999999
1.001427
1.00023
0.9984139999999999
0.995782
0.9958379999999999
0.9989110000000001
1.001331
1.0028629999999998
1.003598
1.003562
1.0027059999999999
1.002841
1.004317
1.00521
1.00512
1.004083
1.0020799999999999
0.999123
0.998976
1.001758
1.0037200000000002
1.00482
1.005279
1.00509
1.00396
1.0036049999999999
1.0044540000000002
1.004718
1.0040719999999999
1.002536
1.00011
0.997014
0.9970530000000001
1.000049
1.002046
1.002915
1.0027620000000002
1.001506
1.000843
1.001313
1.0015180000000001
1.001296
1.000681
0.999609
0.9978049999999999
0.996807
0.9984280000000001
1.000772
1.001893
1.002042
1.001442
1.0001
0.9997149999999999
1.000533
1.000807
1.000317
0.999218
0.997555
0.995175
0.9942840000000001
0.996549
0.9996370000000001
1.001836
1.003093
1.0034100000000001
1.002773
1.002895
1.004046
1.004551
1.0043090000000001
1.003444
1.0019870000000002
0.999928
1.000016
1.003112
1.0061959999999999
1.008232
1.009313
1.0093940000000001
1.008322
1.007818
1.008321
1.008299
1.007557
1.00607
1.003831
1.000693
0.9995649999999999
1.0013889999999999
1.003272
1.004485
1.005112
1.005125
1.004277
1.0041200000000001
1.004895
1.004842
1.003749
1.0017639999999999
0.9990969999999999
0.9957469999999999
0.9952610000000001
0.998093
1.0005110000000002
1.002
1.002618
1.002393
1.00121
1.000838
1.0017790000000002
1.0024
1.002433
1.00183
1.000399
0.9978629999999999
0.9977459999999999
1.000616
1.002845
1.004005
1.004334
1.003893
1.002572
1.002258
1.003427
1.004229
1.0042520000000001
1.00346
1.001767
0.998976
0.99879
1.001623
1.0037610000000001
1.005067
1.005633
1.005283
1.003854
1.003188
1.003675
1.003566
1.002787
1.0015370000000001
0.9997870000000001
0.9975040000000001
0.998446
1.002461
1.005408
1.007096
1.007692
1.007351
1.006066
1.005676
1.006616
1.007164
1.006993
1.006018
1.004263
1.001817
1.002416
1.0059770000000001
1.0086030000000001
1.010278
1.0110709999999998
1.010877
1.0094889999999999
1.008744
1.0091709999999998
1.008999
1.0079690000000001
1.0062200000000001
1.003796
1.000846
1.00102
1.004254
1.006758
1.0082879999999999
1.008902
1.008586
1.0071510000000001
1.006408
1.006823
1.006618
1.005596
1.003943
1.001643
0.9989129999999999
0.9992139999999999
1.002146
1.0040120000000001
1.004813
1.004823
1.004083
1.004265
1.0056889999999998
1.006644
1.006757
1.005966
1.004245
1.001581
1.000137
1.001672
1.0040149999999999
1.005382
1.005863
1.0055
1.004202
1.003742
1.004491
1.004766
1.004397
1.003541
1.002226
1.000229
0.9999379999999999
1.002486
1.005144
1.006734
1.007421
1.007283
1.006319
1.006315
1.00758
1.008402
1.008702
1.008572
1.007888
1.0064440000000001
1.007293
1.011021
1.014274
1.016378
1.017449
1.017514
1.016553
1.016299
1.017036
1.0170700000000001
1.0162129999999998
1.014513
1.0120280000000001
1.008751
1.007992
1.010416
1.0126629999999999
1.014073
1.014621
1.014182
1.012491
1.011219
1.01084
1.009855
1.008165
1.005808
1.002788
0.9989239999999999
0.997884
0.9999170000000001
1.001249
1.0018200000000002
1.001798
1.001175
0.999769
0.9973420000000001
0.993842
0.989276
0.983625
0.9799829999999999
0.978872
0.9770610000000001
0.9739209999999999
0.9697180000000001
0.969406
0.97335
0.976708
0.979058
0.9803219999999999
0.980303
0.9790110000000001
0.976511
0.9727030000000001
0.970448
0.970018
0.968353
0.9653959999999999
0.961657
0.961253
0.9651370000000001
0.9689409999999999
0.9710709999999999
0.971384
0.970141
0.967492
0.96326
0.957414
0.9530219999999999
0.950649
0.94747
0.943267
0.93834
0.9367719999999999
0.939376
0.941635
0.942206
0.941357
0.939515
0.9368799999999999
0.9334399999999999
0.9291
0.926668
0.926578
0.9260940000000001
0.924911
0.922891
0.9241590000000001
0.9289040000000001
0.932371
0.934112
0.934575
0.9341290000000001
0.9329379999999999
0.9308719999999999
0.927585
0.9257040000000001
0.9259649999999999
0.925895
0.925058
0.923277
0.9240290000000001
0.927895
0.930668
0.931369
0.9303969999999999
0.928042
0.924457
0.919529
0.913063
0.9081100000000001
0.9054270000000001
0.9023479999999999
0.898676
0.8950319999999999
0.8953479999999999
0.898797
0.900884
0.901566
0.9010459999999999
0.899272
0.896006
0.890869
0.8866360000000001
0.884199
0.881173
0.8774069999999999
0.873085
0.8725139999999999
0.8756219999999999
0.877709
0.8784709999999999
0.878075
0.8767149999999999
0.8744559999999999
0.871058
0.8661840000000001
0.8626229999999999
0.861137
0.8592709999999999
0.8567940000000001
0.853991
0.854513
0.857516
0.858563
0.8578690000000001
0.8561350000000001
0.853823
0.850931
0.8472149999999999
0.842648
0.8403379999999999
0.840816
0.841083
0.840535
0.840564
0.8437319999999999
0.8482280000000001
0.851082
0.852469
0.8528459999999999
0.8523540000000001
0.8507379999999999
0.847685
0.843195
0.840618
0.8408129999999999
0.840917
0.840275
0.8405520000000001
0.844267
0.849297
0.8526809999999999
0.854517
0.855253
0.854884
0.8530200000000001
0.849417
0.844082
0.8403649999999999
0.8391879999999999
0.8376049999999999
0.834901
0.8330879999999999
0.8347100000000001
0.837693
0.839557
0.840397
0.840267
0.8388950000000001
0.836067
0.831792
0.828945
0.8280549999999999
0.826456
0.823736
0.8206319999999999
0.820749
0.823385
0.824889
0.8252860000000001
0.824784
0.82332
0.8207030000000001
0.816822
0.811723
0.8083640000000001
0.807566
0.8066760000000001
0.8048810000000001
0.802954
0.8041729999999999
0.807424
0.809222
0.809703
0.809198
0.80782
0.805595
0.8024939999999999
0.798528
0.796604
0.7971
0.7968609999999999
0.795185
0.794283
0.796752
0.8005260000000001
0.803181
0.80482
0.8055979999999999
0.805562
0.804595
0.8024439999999999
0.801768
0.8030729999999999
0.803579
0.802769
0.801642
0.803509
0.807401
0.8099970000000001
0.811344
0.811534
0.8105220000000001
0.8083229999999999
0.8049109999999999
0.800333
0.7976310000000001
0.797409
0.7968189999999999
0.795335
0.794525
0.7970510000000001
0.80107
0.803503
0.804308
0.803666
0.801752
0.798706
0.7945260000000001
0.7892600000000001
0.78584
0.78471
0.7830699999999999
0.7806420000000001
0.779408
0.781974
0.786459
0.790036
0.792513
0.79395
0.7942779999999999
0.793207
0.7903939999999999
0.785782
0.782319
0.78063
0.778096
0.774388
0.771465
0.772251
0.775158
0.7773439999999999
0.778713
0.779528
0.779834
0.779383
0.777846
0.777561
0.778698
0.778565
0.776904
0.774814
0.775476
0.778036
0.779462
0.779978
0.779963
0.7795850000000001
0.778745
0.777252
0.774917
0.774172
0.775338
0.77583
0.775263
0.775011
0.777977
0.78269
0.785858
0.7873359999999999
0.78745
0.786397
0.784184
0.780867
0.776645
0.774388
0.7746569999999999
0.7747850000000001
0.7741859999999999
0.774454
0.778149
0.7832520000000001
0.786655
0.788423
0.7890550000000001
0.788698
0.7871600000000001
0.784191
0.7820729999999999
0.7812819999999999
0.77966
0.777039
0.773632
0.773562
0.776988
0.7798430000000001
0.7819020000000001
0.783197
0.783626
0.78295
0.780932
0.777393
0.774662
0.773295
0.771239
0.768363
0.765363
0.765966
0.7695069999999999
0.77199
0.773404
0.774062
0.7740199999999999
0.773147
0.771284
0.7683479999999999
0.7669229999999999
0.767592
0.767849
0.767127
0.7662770000000001
0.768569
0.77308
0.776463
0.7788430000000001
0.7804909999999999
0.7814180000000001
0.7814
0.779996
0.779273
0.779724
0.7792279999999999
0.777539
0.7748229999999999
0.774907
0.77856
0.7820699999999999
0.7846850000000001
0.7864270000000001
0.787305
0.787277
0.786134
0.783574
0.781972
0.782007
0.781537
0.780267
0.778313
0.779472
0.783396
0.7859109999999999
0.78722
0.7877430000000001
0.787628
0.78689
0.7853829999999999
0.783008
0.782261
0.78355
0.784373
0.784291
0.783355
0.785415
0.790297
0.7938109999999999
0.7958930000000001
0.796776
0.796573
0.795212
0.792371
0.787934
0.784557
0.78298
0.781139
0.778882
0.776246
0.777324
0.782104
0.7860090000000001
0.788659
0.790129
0.790374
0.789141
0.7862359999999999
0.781818
0.778618
0.777234
0.775369
0.772678
0.769733
0.7703840000000001
0.774354
0.777825
0.780638
0.7829520000000001
0.784693
0.785551
0.785129
0.7831130000000001
0.781884
0.78205
0.781464
0.77981
0.77761
0.778737
0.782828
0.78599
0.788158
0.789483
0.789884
0.789288
0.787675
0.787365
0.788836
0.789881
0.7901060000000001
0.789339
0.790458
0.7944869999999999
0.798194
0.800335
0.801074
0.800547
0.798825
0.7961090000000001
0.792471
0.790234
0.7899970000000001
0.789621
0.788701
0.787169
0.788383
0.792887
0.7969649999999999
0.799872
0.801752
0.8025100000000001
0.801944
0.7999069999999999
0.796435
0.794098
0.793601
0.792762
0.791253
0.789199
0.790041
0.7943279999999999
0.798317
0.801094
0.802692
0.80323
0.802826
0.801303
0.798446
0.7966850000000001
0.796579
0.7958770000000001
0.794253
0.791701
0.791733
0.795125
0.798262
0.8003140000000001
0.801383
0.801601
0.8009029999999999
0.798963
0.795632
0.793556
0.793327
0.792615
0.791144
0.7888569999999999
0.78986
0.7943560000000001
0.797975
0.800423
0.8018109999999999
0.802165
0.801415
0.7994399999999999
0.796177
0.7941060000000001
0.79385
0.7933359999999999
0.792277
0.7904140000000001
0.7916880000000001
0.7962
0.799605
0.8018149999999999
0.803157
0.803665
0.803204
0.801675
0.799028
0.79767
0.7980229999999999
0.797652
0.796093
0.793365
0.7937350000000001
0.797462
0.80023
0.8019149999999999
0.802806
0.802929
0.802243
0.800646
0.79804
0.796987
0.798039
0.798683
0.798342
0.7968850000000001
0.798439
0.802995
0.806121
0.8077979999999999
0.808317
0.807815
0.806379
0.803898
0.800323
0.798427
0.7988569999999999
0.799093
0.798599
0.797239
0.799032
0.804052
0.807862
0.8100890000000001
0.8108810000000001
0.810479
0.8089310000000001
0.805999
0.801569
0.798313
0.796959
0.795353
0.793258
0.790704
0.791684
0.796201
0.799909
0.802447
0.803818
0.803979
0.802784
0.800133
0.7984640000000001
0.798294
0.797373
0.795501
0.792791
0.791884
0.7942239999999999
0.797157
0.79923
0.8005800000000001
0.8013779999999999
0.801542
0.8008430000000001
0.799071
0.7984
0.799164
0.799143
0.798145
0.796197
0.796192
0.7992319999999999
0.802113
0.803634
0.804215
0.804194
0.803532
0.802096
0.7998270000000001
0.799103
0.800371
0.80125
0.801201
0.8001050000000001
0.801504
0.806021
0.8097770000000001
0.811959
0.812888
0.81287
0.812025
0.810232
0.807244
0.805392
0.805318
0.804851
0.803549
0.8012859999999999
0.801529
0.804941
0.8078810000000001
0.809728
0.81067
0.810717
0.809805
0.807687
0.804137
0.801688
0.80104
0.8
0.798277
0.795833
0.796307
0.8000619999999999
0.8031699999999999
0.8051590000000001
0.806249
0.8066369999999999
0.806297
0.804928
0.802334
0.801033
0.8016270000000001
0.8018930000000001
0.8014859999999999
0.8002239999999999
0.801629
0.8062229999999999
0.81017
0.812901
0.814605
0.8153130000000001
0.814823
0.812948
0.80981
0.8080390000000001
0.8081649999999999
0.80789
0.806813
0.804845
0.805884
0.8104899999999999
0.814619
0.817706
0.819887
0.821081
0.8210200000000001
0.81944
0.816243
0.8139770000000001
0.8133050000000001
0.812067
0.809904
0.806737
0.8066770000000001
0.8102229999999999
0.8132229999999999
0.815342
0.816774
0.817455
0.81724
0.815917
0.813287
0.811792
0.8119
0.8111189999999999
0.809034
0.805783
0.805483
0.808533
0.810796
0.811918
0.812154
0.81167
0.810499
0.808466
0.805403
0.803848
0.80432
0.804308
0.8033170000000001
0.801236
0.802185
0.806311
0.8093
0.810934
0.8113229999999999
0.810606
0.808821
0.805905
0.801959
0.799713
0.799737
0.799614
0.798959
0.798022
0.800565
0.8061699999999999
0.810546
0.8134680000000001
0.8152119999999999
0.815864
0.815231
0.813095
0.809448
0.8070510000000001
0.806621
0.8058310000000001
0.804325
0.802612
0.804563
0.809722
0.81393
0.816919
0.818778
0.819425
0.818723
0.816625
0.813078
0.810718
0.810185
0.8090430000000001
0.806938
0.8045479999999999
0.805757
0.8100390000000001
0.813353
0.815557
0.816788
0.8170310000000001
0.816187
0.814079
0.810539
0.80825
0.807941
0.807133
0.805331
0.803085
0.804161
0.8080350000000001
0.810828
0.812474
0.813122
0.812843
0.811589
0.809177
0.8054899999999999
0.803178
0.80275
0.801729
0.799887
0.797941
0.7993979999999999
0.803496
0.806372
0.8079810000000001
0.808602
0.808344
0.807076
0.8045939999999999
0.800898
0.798762
0.7987029999999999
0.798115
0.7965300000000001
0.7948430000000001
0.796446
0.800489
0.8033779999999999
0.804958
0.8055
0.805111
0.80371
0.8012229999999999
0.800167
0.801059
0.801525
0.801207
0.800014
0.8015680000000001
0.806208
0.809924
0.812191
0.813287
0.813381
0.812383
0.810177
0.806755
0.804725
0.804796
0.804767
0.804271
0.8031689999999999
0.805372
0.810876
0.815164
0.81785
0.819129
0.8190729999999999
0.8176829999999999
0.8150729999999999
0.811368
0.809198
0.809154
0.80882
0.807809
0.806231
0.808178
0.813504
0.8177840000000001
0.8209
0.823053
0.8242459999999999
0.824291
0.8228489999999999
0.8196680000000001
0.817365
0.816705
0.815355
0.812891
0.809375
0.8090579999999999
0.812258
0.814787
0.816429
0.817346
0.817595
0.817026
0.815312
0.812244
0.810425
0.810337
0.809495
0.80761
0.8048770000000001
0.805185
0.8083670000000001
0.810359
0.811238
0.8113739999999999
0.8109430000000001
0.8098920000000001
0.8080229999999999
0.805257
0.804222
0.805345
0.806003
0.805642
0.804392
0.806141
0.810757
0.814137
0.81611
0.816944
0.816715
0.815366
0.812908
0.809441
0.807718
0.808319
0.808704
0.808347
0.807553
0.810067
0.8153699999999999
0.819256
0.8216040000000001
0.822766
0.822809
0.8216110000000001
0.819096
0.815194
0.812653
0.812211
0.81135
0.809565
0.807561
0.80914
0.813702
0.817298
0.819729
0.821069
0.821332
0.820551
0.818567
0.815113
0.812796
0.812249
0.811046
0.80891
0.806517
0.8076399999999999
0.811714
0.814792
0.816732
0.817611
0.81743
0.816116
0.813496
0.809533
0.807049
0.8066
0.80557
0.8035869999999999
0.801341
0.802511
0.806528
0.809545
0.811439
0.8124170000000001
0.812543
0.811657
0.809505
0.805988
0.803806
0.803413
0.8022699999999999
0.800188
0.798327
0.80005
0.80433
0.807508
0.809451
0.810487
0.8107
0.809901
0.807883
0.804549
0.8026479999999999
0.802728
0.802122
0.800312
0.7986489999999999
0.800473
0.804505
0.807246
0.808556
0.808761
0.808088
0.806571
0.80407
0.800379
0.7982239999999999
0.798243
0.7977770000000001
0.7962819999999999
0.7952779999999999
0.797609
0.801567
0.804087
0.805279
0.8053520000000001
0.804301
0.8021229999999999
0.798746
0.7967029999999999
0.79661
0.7961729999999999
0.795161
0.793841
0.796104
0.801614
0.8059890000000001
0.808941
0.810541
0.810746
0.8095399999999999
0.806998
0.803071
0.800279
0.799316
0.7979310000000001
0.795887
0.7937109999999999
0.795349
0.800275
0.804126
0.8067529999999999
0.8084060000000001
0.809177
0.8088989999999999
0.807226
0.8040619999999999
0.802244
0.8023680000000001
0.801783
0.800029
0.797945
0.7992859999999999
0.803413
0.806525
0.808531
0.809685
0.810177
0.809887
0.810623
0.8125020000000001
0.8133279999999999
0.81284
0.811248
0.810042
0.811656
0.814683
0.81655
0.817233
0.816868
0.8156399999999999
0.815426
0.816567
0.817274
0.817233
0.816558
0.815388
0.815317
0.818297
0.822349
0.8249
0.825987
0.825924
0.824958
0.82484
0.8258770000000001
0.826615
0.8270870000000001
0.8274809999999999
0.827774
0.828001
0.8313510000000001
0.837433
0.8423309999999999
0.8457049999999999
0.847714
0.848715
0.849173
0.850709
0.853269
0.855057
0.85587
0.855991
0.855678
0.854877
0.856722
0.8610709999999999
0.864376
0.866675
0.868218
0.869158
0.8694290000000001
0.8702979999999999
0.8718549999999999
0.872577
0.872243
0.870976
0.869017
0.867015
0.867627
0.8701260000000001
0.87169
0.8726379999999999
0.873411
0.8740870000000001
0.8742340000000001
0.875034
0.876683
0.8775700000000001
0.8775620000000001
0.8769870000000001
0.8759610000000001
0.8748549999999999
0.876265
0.879576
0.882008
0.8838219999999999
0.885423
0.886762
0.888825
0.891551
0.893595
0.8949819999999999
0.895961
0.8965790000000001
0.89649
0.8961950000000001
0.8982129999999999
0.9018299999999999
0.904574
0.906631
0.9082120000000001
0.909185
0.9107219999999999
0.9131309999999999
0.9152879999999999
0.917164
0.918899
0.9203389999999999
0.9209229999999999
0.920657
0.922475
0.9261860000000001
0.9291309999999999
0.931622
0.933733
0.935162
0.9356909999999999
0.93685
0.939
0.940774
0.942048
0.942679
0.942356
0.9408780000000001
0.9411790000000001
0.944556
0.9483379999999999
0.951427
0.953586
0.954598
0.954291
0.954227
0.9549549999999999
0.955206
0.954691
0.953291
0.9510620000000001
0.948047
0.9464389999999999
0.9480700000000001
0.950901
0.953067
0.9542
0.9540639999999999
0.9525450000000001
0.95135
0.9511790000000001
0.9506899999999999
0.9494799999999999
0.9474389999999999
0.94458
0.940943
0.938984
0.9406959999999999
0.94385
0.9464629999999999
0.948343
0.9494360000000001
0.951008
0.953325
0.9551299999999999
0.95625
0.956728
0.9565229999999999
0.9555680000000001
0.953887
0.9548459999999999
0.9589629999999999
0.962785
0.9657319999999999
0.967882
0.96924
0.9712049999999999
0.974226
0.9770059999999999
0.9790610000000001
0.9802069999999999
0.9803700000000001
0.979558
0.977881
0.978683
0.982556
0.9861620000000001
0.9888299999999999
0.990548
0.991418
0.991597
0.992718
0.9949610000000001
0.99664
0.997474
0.997498
0.9967799999999999
0.9953280000000001
0.9957159999999999
0.9993559999999999
1.003557
1.006699
1.008689
1.009566
1.009264
1.009378
1.0103959999999998
1.010853
1.010484
1.009412
1.007855
1.0057610000000001
1.004559
1.006169
1.008737
1.010059
1.0102950000000002
1.0096120000000002
1.007949
1.006839
1.006606
1.005731
1.0040930000000001
1.0020200000000001
0.9996719999999999
0.9969020000000001
0.9950709999999999
0.9964370000000001
0.9993700000000001
1.0013610000000002
1.0024110000000002
1.002544
1.001654
1.001393
1.002169
1.0025389999999998
1.002446
1.002014
1.0011780000000001
0.9997469999999999
0.99915
1.00156
1.005391
1.008422
1.010669
1.012078
1.0125
1.013435
1.0152299999999999
1.0165440000000001
1.017299
1.017451
1.016857
1.0153729999999999
1.0144
1.016217
1.0194940000000001
1.022037
1.023765
1.024585
1.02435
1.024705
1.026009
1.026722
1.026659
1.025885
1.024524
1.022475
1.021531
1.023549
1.026546
1.0284959999999999
1.029318
1.029151
1.028059
1.0260049999999998
1.025113
1.025989
1.0267030000000001
1.026757
1.025958
1.024169
1.021649
1.022216
1.025668
1.028097
1.02946
1.029864
1.0292270000000001
1.027593
1.0271379999999999
1.028283
1.0289629999999998
1.0287879999999998
1.0277450000000001
1.0257610000000001
1.022766
1.022514
1.025325
1.02738
1.028325
1.0281850000000001
1.027023
1.0248700000000002
1.023647
1.0238129999999999
1.023699
1.023089
1.021892
1.0200559999999999
1.017528
1.017962
1.021404
1.023803
1.024972
1.0252620000000001
1.024857
1.02369
1.023667
1.025185
1.026242
1.0264389999999999
1.025907
1.024783
1.022939
1.024132
1.028446
1.031816
1.034022
1.0351290000000002
1.0351700000000001
1.034103
1.0339129999999999
1.035008
1.03549
1.035172
1.034168
1.032406
1.029711
1.03005
1.0336100000000001
1.036225
1.037768
1.038498
1.0383930000000001
1.037211
1.036838
1.03764
1.037654
1.0367030000000002
1.034923
1.032282
1.028857
1.0283879999999999
1.030758
1.032167
1.0327790000000001
1.032822
1.032219
1.030792
1.030383
1.031225
1.031301
1.030339
1.028454
1.0257459999999998
1.0223790000000001
1.021988
1.024364
1.025695
1.0259989999999999
1.02548
1.024256
1.0222360000000001
1.021274
1.021801
1.022006
1.0216020000000001
1.020492
1.018508
1.015834
1.015954
1.018674
1.020463
1.0213219999999998
1.02144
1.020783
1.019097
1.018327
1.019077
1.019522
1.019361
1.018627
1.0172290000000002
1.015907
1.017633
1.021478
1.024227
1.0258530000000001
1.026568
1.026298
1.0247760000000001
1.024101
1.024802
1.024872
1.0240799999999999
1.022594
1.0203870000000002
1.018599
1.020038
1.023457
1.025909
1.027325
1.027696
1.02691
1.024933
1.023942
1.024347
1.024057
1.022825
1.020678
1.017572
1.0150270000000001
1.0158719999999999
1.018659
1.020553
1.021569
1.021728
1.0208110000000001
1.018589
1.017128
1.0169780000000002
1.0163200000000001
1.0149139999999999
1.012732
1.009785
1.007544
1.008532
1.0112219999999998
1.0130549999999998
1.014083
1.014297
1.013642
1.011982
1.0113290000000001
1.012074
1.012151
1.011317
1.009737
1.00742
1.006047
1.007919
1.0112729999999999
1.01366
1.015074
1.015727
1.015603
1.014383
1.014108
1.015318
1.015933
1.01555
1.014167
1.011731
1.010481
1.012475
1.0154299999999998
1.017298
1.018159
1.018068
1.016866
1.014441
1.01325
1.013878
1.014101
1.0136370000000001
1.01252
1.0105309999999998
1.0100149999999999
1.012499
1.015241
1.016565
1.01674
1.01594
1.0140799999999999
1.0131459999999999
1.013511
1.013218
1.012125
1.0104739999999999
1.0082870000000002
1.0058639999999999
1.00674
1.0104309999999999
1.0130350000000001
1.0144090000000001
1.014638
1.013587
1.0111299999999999
1.009348
1.008739
1.0075040000000002
1.005579
1.003141
1.000141
0.997166
0.997534
1.000526
1.002643
1.003911
1.004449
1.004186
1.0029780000000001
1.002724
1.0038049999999998
1.004414
1.004325
1.003399
1.001468
0.999857
1.001161
1.004034
1.0060149999999999
1.0072940000000001
1.007902
1.0077049999999999
1.006497
1.006229
1.007282
1.007642
1.0069780000000002
1.005364
1.002951
1.001414
1.002909
1.0056690000000001
1.007308
1.007733
1.0070139999999999
1.005291
1.0024899999999999
1.0008110000000001
1.000931
1.000853
1.000186
0.998825
0.996607
0.995806
0.9979950000000001
1.0007700000000002
1.002509
1.003272
1.0032020000000001
1.002182
0.9998959999999999
0.998598
0.999007
0.999026
0.9982780000000001
0.9968540000000001
0.994691
0.993933
0.996339
0.9995069999999999
1.001568
1.002687
1.002944
1.002097
0.999901
0.998653
0.998949
0.998765
0.997975
0.9965950000000001
0.994331
0.993309
0.99545
0.998394
1.000141
1.000775
1.0003739999999999
0.998899
0.998468
0.9995350000000001
1.000132
0.9999969999999999
0.99913
0.997338
0.994975
0.9957159999999999
0.999238
1.001891
1.0036889999999998
1.004736
1.004821
1.003724
1.0033450000000002
1.004002
1.003851
1.002911
1.001375
0.999193
0.9969319999999999
0.9977950000000001
1.001003
1.00314
1.004335
1.004694
1.004149
1.002717
1.002456
1.003714
1.004477
1.004345
1.0031
1.000625
0.998236
0.998697
1.000739
1.001675
1.001671
1.000859
0.9992979999999999
0.996958
0.9957729999999999
0.996115
0.996042
0.995172
0.993396
0.990668
0.988384
0.9890459999999999
0.9913190000000001
0.992648
0.992872
0.9919950000000001
0.990065
0.986943
0.9847450000000001
0.984225
0.9835659999999999
0.982434
0.980819
0.978672
0.9779260000000001
0.9803270000000001
0.9836280000000001
0.9857469999999999
0.986725
0.986842
0.9860969999999999
0.9862780000000001
0.9877520000000001
0.988648
0.988582
0.987614
0.986008
0.983975
0.985089
0.9892719999999999
0.99275
0.995361
0.997136
0.998006
0.9977280000000001
0.9980700000000001
0.999534
1.00035
1.000259
0.9994360000000001
0.997901
0.9956719999999999
0.996326
0.999758
1.002178
1.003527
1.0041309999999999
1.004097
1.003219
1.001257
1.000453
1.001198
1.001248
1.000353
0.998469
0.9953549999999999
0.993992
0.995748
0.997599
0.998459
0.998648
0.998152
0.996675
0.9960549999999999
0.996607
0.9963200000000001
0.9949370000000001
0.992532
0.989139
0.985426
0.9849629999999999
0.98719
0.988441
0.988675
0.9879370000000001
0.986107
0.9831780000000001
0.9811
0.9802540000000001
0.978924
0.97705
0.974692
0.971685
0.9688329999999999
0.968979
0.971141
0.9724510000000001
0.973018
0.9729260000000001
0.972234
0.972827
0.974849
0.976397
0.97741
0.9779770000000001
0.97796
0.977247
0.979258
0.98413
0.988107
0.9908879999999999
0.9926010000000001
0.993276
0.9929969999999999
0.9916459999999999
0.99113
0.992036
0.992582
0.9924370000000001
0.9916440000000001
0.9901760000000001
0.98967
0.992201
0.995919
0.998541
1.000017
1.000401
0.999531
0.997041
0.995202
0.994816
0.993814
0.9917950000000001
0.9888440000000001
0.984975
0.9828540000000001
0.984079
0.9861040000000001
0.987491
0.988253
0.9883200000000001
0.987311
0.9867540000000001
0.986899
0.985926
0.9837290000000001
0.9807
0.9770200000000001
0.972514
0.9709270000000001
0.9725790000000001
0.973563
0.973633
0.97301
0.971744
0.969656
0.9685030000000001
0.9687870000000001
0.9688610000000001
0.968462
0.9675469999999999
0.965857
0.9634659999999999
0.9638979999999999
0.966908
0.968894
0.969981
0.970413
0.97011
0.9707870000000001
0.972936
0.9749540000000001
0.976535
0.977685
0.9783430000000001
0.97826
0.979858
0.98415
0.988318
0.991241
0.993183
0.994175
0.994023
0.9925879999999999
0.991778
0.9920530000000001
0.991769
0.990872
0.989389
0.98714
0.985613
0.987287
0.9904950000000001
0.992635
0.993699
0.993771
0.992836
0.990699
0.989409
0.989449
0.9888049999999999
0.987123
0.984398
0.980783
0.9785280000000001
0.97954
0.981701
0.983132
0.983806
0.9835719999999999
0.982183
0.981259
0.981146
0.980358
0.978857
0.976758
0.974118
0.970826
0.9696790000000001
0.971519
0.973407
0.9744149999999999
0.9745010000000001
0.973736
0.972141
0.971399
0.971902
0.972108
0.971777
0.970901
0.96951
0.967411
0.968002
0.9716600000000001
0.974728
0.976859
0.9782270000000001
0.9789540000000001
0.9789629999999999
0.98
0.982457
0.984499
0.9856959999999999
0.986001
0.985358
0.983943
0.9854649999999999
0.9898370000000001
0.993265
0.995603
0.996992
0.9973690000000001
0.996539
0.9964430000000001
0.997617
0.998231
0.9979549999999999
0.9968290000000001
0.994799
0.992044
0.992031
0.9944200000000001
0.9955700000000001
0.9956290000000001
0.99484
0.993158
0.990481
0.988765
0.9883850000000001
0.987456
0.985864
0.9837440000000001
0.9810190000000001
0.978503
0.979225
0.9822350000000001
0.9842569999999999
0.98518
0.9850200000000001
0.983736
0.9831280000000001
0.9835459999999999
0.9833639999999999
0.9825440000000001
0.981248
0.979448
0.977086
0.9762049999999999
0.978411
0.9814729999999999
0.9836229999999999
0.9849100000000001
0.9853219999999999
0.9847870000000001
0.984867
0.9858889999999999
0.9864459999999999
0.986392
0.985649
0.984107
0.981657
0.980548
0.9822870000000001
0.984722
0.986561
0.9878610000000001
0.9886379999999999
0.988809
0.989978
0.992288
0.993917
0.994553
0.994226
0.9930829999999999
0.9910690000000001
0.991402
0.9947280000000001
0.9976719999999999
0.9995790000000001
1.000534
1.000672
0.9999370000000001
1.000014
1.001348
1.002319
1.002621
1.0021870000000002
1.000926
0.998552
0.998122
1.0005389999999998
1.00261
1.003579
1.003617
1.0027469999999998
1.000751
0.999424
0.9993479999999999
0.998868
0.9977090000000001
0.995958
0.993609
0.990449
0.9899190000000001
0.992497
0.9945940000000001
0.995859
0.996396
0.996007
0.994424
0.9934569999999999
0.993592
0.9932059999999999
0.9922700000000001
0.9909370000000001
0.9890530000000001
0.986361
0.9862540000000001
0.989298
0.991899
0.993477
0.9940969999999999
0.993777
0.9925780000000001
0.992324
0.993394
0.9941139999999999
0.994168
0.9933770000000001
0.9915719999999999
0.9887549999999999
0.9886780000000001
0.9918680000000001
0.9947469999999999
0.9969459999999999
0.998403
0.9989
0.9982260000000001
0.998143
0.999081
0.9994350000000001
0.9990290000000001
0.997886
0.996074
0.99374
0.994519
0.998295
1.0012530000000002
1.003232
1.004192
1.004099
1.002916
1.002532
1.003393
1.00367
1.003066
1.001685
0.999534
0.9967370000000001
0.9968309999999999
0.999655
1.001501
1.00232
1.0024
1.001825
1.000373
0.9997879999999999
1.0004680000000001
1.000538
0.999577
0.9975719999999999
0.994547
0.990799
0.990193
0.9926229999999999
0.994223
0.994901
0.994766
0.9936959999999999
0.993287
0.993991
0.994353
0.994195
0.993605
0.9925940000000001
0.9909479999999999
0.990318
0.992389
0.99508
0.99646
0.996756
0.996209
0.994872
0.994495
0.9953860000000001
0.99585
0.9956780000000001
0.9950180000000001
0.993878
0.992038
0.9918
0.9946149999999999
0.997972
1.000361
1.0017909999999999
1.0022879999999998
1.001827
1.002107
1.003341
1.003768
1.00329
1.0020950000000002
1.000302
0.9979809999999999
0.998207
1.001601
1.004823
1.007049
1.00833
1.008551
1.0075040000000002
1.006905
1.007217
1.006961
1.0060149999999999
1.0043950000000001
1.002086
0.9988889999999999
0.997813
0.9995709999999999
1.0010729999999999
1.001815
1.001982
1.001633
1.0005760000000001
1.000364
1.001227
1.001378
1.000536
0.9987659999999999
0.9962129999999999
0.992836
0.992192
0.9947889999999999
0.996974
0.998288
0.998801
0.9985200000000001
0.997267
0.9967530000000001
0.9974930000000001
0.997915
0.997816
0.9972110000000001
0.9959319999999999
0.99369
0.994028
0.997398
1.000046
1.001541
1.002074
1.001688
1.000302
0.999885
1.000989
1.001796
1.001903
1.0012510000000001
0.9996959999999999
0.9969899999999999
0.9969520000000001
0.9999120000000001
1.0020719999999999
1.0034610000000002
1.0041930000000001
1.00407
1.002899
1.0025
1.0032219999999998
1.003252
1.002491
1.0011370000000002
0.999189
0.996782
0.9976280000000001
1.001482
1.004305
1.005889
1.00624
1.00535
1.003344
1.0022719999999998
1.002656
1.002805
1.002394
1.001239
0.999202
0.996468
0.996718
0.999756
1.0018200000000002
1.00292
1.003166
1.002509
1.002559
1.003565
1.003957
1.0035379999999998
1.002229
0.999994
0.996924
0.9949610000000001
0.996058
0.9984639999999999
1.000229
1.001169
1.0011780000000001
1.000207
0.999892
1.000466
1.000343
0.9994120000000001
0.9978469999999999
0.995843
0.9932979999999999
0.992231
0.994149
0.996708
0.998187
0.9986440000000001
0.9983989999999999
0.997616
0.9980399999999999
1.000033
1.001845
1.002982
1.003217
1.002425
1.0004170000000001
0.999978
1.002381
1.004909
1.006584
1.007586
1.007897
1.007205
1.0071350000000001
1.008114
1.008462
1.0079420000000001
1.006739
1.00499
1.0025469999999999
1.002401
1.0052530000000002
1.00777
1.009141
1.009463
1.0086549999999999
1.006551
1.00508
1.0048059999999999
1.0041069999999999
1.002951
1.001468
0.9994569999999999
0.9966010000000001
0.996448
0.999326
1.0014399999999999
1.002517
1.002746
1.002173
1.000789
1.0003360000000001
1.001067
1.001209
1.000514
0.9989600000000001
0.996508
0.993215
0.992749
0.995713
0.9985879999999999
1.0008569999999999
1.0023950000000001
1.0029430000000001
1.002251
1.0020120000000001
1.002716
1.002925
1.0025389999999998
1.001572
0.9999809999999999
0.99754
0.997663
1.000723
1.00311
1.004537
1.0051139999999998
1.0049
1.0038770000000001
1.0038799999999999
1.0052809999999999
1.006176
1.0061579999999999
1.005242
1.00338
1.000506
1.000435
1.0033450000000002
1.005433
1.006642
1.007176
1.007004
1.005819
1.005328
1.005963
1.00596
1.005034
1.003241
1.00061
0.9973420000000001
0.997297
1.000346
1.002458
1.003467
1.003443
1.002281
0.999908
0.99846
0.9986209999999999
0.9986280000000001
0.998182
0.997225
0.995498
0.993015
0.9932690000000001
0.9959950000000001
0.99755
0.9981030000000001
0.997924
0.9970190000000001
0.997108
0.998418
0.999117
0.998933
0.997984
0.996324
0.9939040000000001
0.9929389999999999
0.995137
0.9982139999999999
1.000351
1.001444
1.001454
1.000391
0.999967
1.000441
1.0002229999999999
0.9993200000000001
0.997936
0.9961409999999999
0.993914
0.993748
0.99664
0.9997219999999999
1.001708
1.002682
1.002688
1.001698
1.001486
1.0024549999999999
1.003016
1.002923
1.00209
1.000489
0.997984
0.9976139999999999
1.0001280000000001
1.002498
1.00423
1.005454
1.00614
1.0060069999999999
1.006512
1.007817
1.008148
1.0072809999999999
1.0054020000000001
1.002792
0.9994629999999999
0.998661
1.0010700000000001
1.003226
1.0043389999999999
1.0044819999999999
1.003742
1.002
1.001033
1.001391
1.001469
1.001007
0.9999520000000001
0.9980899999999999
0.995124
0.9948670000000001
0.997569
0.9992780000000001
0.9999100000000001
0.999782
0.998959
0.9973040000000001
0.996707
0.9976149999999999
0.998137
0.997908
0.996965
0.995237
0.992492
0.992567
0.995717
0.9980479999999999
0.9995450000000001
1.0002790000000001
1.000052
0.998693
0.9980209999999999
0.99846
0.998352
0.9976790000000001
0.996633
0.995128
0.9930479999999999
0.9941180000000001
0.998193
1.001157
1.002885
1.003462
1.002908
1.001333
1.00076
1.001638
1.002186
1.002025
1.000972
0.998921
0.9962620000000001
0.99664
0.999807
1.0022
1.003826
1.004702
1.004661
1.0034379999999998
1.002848
1.003418
1.0033889999999999
1.0024309999999998
1.000564
0.9978959999999999
0.9949319999999999
0.995129
0.9981559999999999
1.000419
1.0016459999999998
1.001798
1.000856
1.000553
1.001201
1.001203
1.000414
0.998921
0.996841
0.9940959999999999
0.9925809999999999
0.993936
0.996025
0.997028
0.996999
0.99623
0.994878
0.99461
0.995717
0.9965129999999999
0.9966079999999999
0.9958790000000001
0.9942719999999999
0.991641
0.990477
0.9923549999999999
0.99484
0.996542
0.997549
0.997869
0.9972799999999999
0.99746
0.998862
0.9998290000000001
1.000102
0.99979
0.998956
0.997396
0.998092
1.0016049999999999
1.004573
1.006377
1.007198
1.006999
1.005636
1.004982
1.0055129999999999
1.0055290000000001
1.004915
1.003774
1.001953
0.999179
0.998857
1.001526
1.003584
1.004546
1.0045549999999999
1.003639
1.001743
1.00064
1.000652
1.000051
0.99866
0.99651
0.9936010000000001
0.990082
0.9899129999999999
0.993132
0.995765
0.997682
0.99882
0.998949
0.997843
0.99726
0.997692
0.99765
0.9970389999999999
0.995884
0.994128
0.9915139999999999
0.9916299999999999
0.9947229999999999
0.9970450000000001
0.998492
0.999189
0.999189
0.998425
0.998627
1.039598
1.119638
1.167514
1.176205
1.201071
1.259136
1.3092629999999998
1.331599
1.354786
1.4002350000000001
1.448855
1.476832
1.4945190000000002
1.523424
1.559491
1.584293
1.597318
1.613516
1.636734
1.655543
1.6642299999999999
1.671139
1.688221
1.7110150000000002
1.727891
1.7415599999999998
1.758275
1.778109
1.8005099999999998
1.8237849999999998
1.8471060000000001
1.871325
1.893085
1.910713
1.9266290000000001
1.942711
1.957165
1.968336
1.977882
1.987693
2.000953
2.016609
2.03095
2.0447610000000003
2.0579330000000002
2.0689490000000004
2.0773639999999998
2.084287
2.090473
2.097597
2.1073150000000003
2.117909
2.127764
2.136546
2.143685
2.148861
2.151959
2.1531599999999997
2.1561209999999997
2.161652
2.1668580000000004
2.171936
2.177262
2.1825259999999997
2.187237
2.191146
2.19407
2.198347
2.206098
2.2145349999999997
2.2215130000000003
2.227518
2.232409
2.236054
2.238888
2.240821
2.2410330000000003
2.243434
2.248871
2.2533279999999998
2.2565020000000002
2.258537
2.259426
2.259207
2.2578259999999997
2.256757
2.258849
2.261684
2.261605
2.258899
2.254018
2.247042
2.237972
2.227251
2.215219
2.205796
2.19901
2.190553
2.1803529999999998
2.16872
2.1554349999999998
2.1405540000000003
2.12468
2.109753
2.099134
2.090736
2.080741
2.069428
2.056571
2.041794
2.025525
2.012294
2.002374
1.991322
1.979114
1.9665
1.9534619999999998
1.9396830000000003
1.925269
1.9104830000000002
1.898883
1.890248
1.8802560000000001
1.868602
1.8555279999999998
1.840775
1.8244669999999998
1.8104939999999998
1.799319
1.787335
1.774358
1.760741
1.746316
1.730795
1.7142419999999998
1.698519
1.686116
1.6749189999999998
1.662131
1.648033
1.632666
1.6198270000000001
1.6099649999999999
1.5991440000000001
1.586925
1.573339
1.558508
1.5426520000000001
1.53053
1.521958
1.5119879999999999
1.500674
1.488057
1.473717
1.457424
1.439366
1.424015
1.411849
1.39857
1.3841649999999999
1.369157
1.354276
1.343509
1.335544
1.3255430000000001
1.313556
1.2998239999999999
1.284311
1.267179
1.248865
1.229658
1.214149
1.202664
1.190334
1.176669
1.163535
1.154203
1.146248
1.135953
1.123982
1.110496
1.0954270000000002
1.079312
1.062522
1.044663
1.029891
1.018609
1.006108
0.99219
0.9823959999999999
0.9759770000000001
0.9670350000000001
0.9561139999999999
0.9436629999999999
0.929406
0.9133540000000001
0.896025
0.877669
0.858085
0.841934
0.8297190000000001
0.8166180000000001
0.807341
0.802706
0.796702
0.7881229999999999
0.777582
0.765151
0.750708
0.734649
0.717603
0.699731
0.6859729999999999
0.676712
0.66919
0.66673
0.66627
0.663203
0.6577810000000001
0.6503359999999999
0.640644
0.628676
0.614933
0.599858
0.583408
0.565422
0.551453
0.542316
0.5384359999999999
0.539457
0.538868
0.535862
0.5305
0.522579
0.512309
0.50017
0.48633999999999994
0.470875
0.453938
0.441518
0.436439
0.43723100000000004
0.4405
0.441216
0.439366
0.434881
0.42785500000000004
0.418846
0.408339
0.396334
0.382657
0.367317
0.350281
0.33752600000000005
0.334547
0.33726100000000003
0.339525
0.339024
0.336118
0.33075
0.323129
0.313918
0.30348800000000004
0.291601
0.277932
0.262466
0.251467
0.252263
0.258603
0.262411
0.263583
0.262366
0.258194
0.251416
0.243157
0.233796
0.22277600000000003
0.209796
0.195233
0.186246
0.190146
0.19902999999999998
0.20476
0.208035
0.20886999999999997
0.20655199999999999
0.20142000000000002
0.19456600000000002
0.18626600000000001
0.176099
0.164123
0.150815
0.144277
0.150946
0.16195
0.17008399999999999
0.175876
0.179075
0.178979
0.176007
0.171147
0.164602
0.15596
0.145277
0.13311099999999998
0.128206
0.136735
0.14916
0.158485
0.165393
0.16981400000000002
0.17105
0.169406
0.16584000000000002
0.160605
0.153249
0.14369500000000002
0.132429
0.128439
0.137903
0.151078
0.161084
0.168668
0.173716
0.175529
0.17461300000000002
0.172138
0.168228
0.162189
0.153933
0.144067
0.141354
0.152071
0.16661199999999998
0.17790699999999998
0.186737
0.192943
0.19586199999999998
0.19606600000000002
0.194709
0.191975
0.187288
0.180628
0.172483
0.162865
0.159372
0.168954
0.183083
0.194133
0.20241900000000002
0.207925
0.21043800000000001
0.21056
0.209135
0.206294
0.201718
0.195411
0.18765199999999999
0.185661
0.196691
0.212633
0.225448
0.235798
0.24361799999999997
0.24820100000000003
0.249966
0.25001599999999996
0.24862199999999998
0.245265
0.239841
0.232877
0.224613
0.22111799999999998
0.230467
0.245817
0.258384
0.268429
0.275852
0.28024899999999997
0.28205399999999997
0.282037
0.280414
0.276968
0.27172199999999996
0.264957
0.256712
0.253096
0.261606
0.27605599999999997
0.28828000000000004
0.29793400000000003
0.30513
0.309553
0.311552
0.31188899999999997
0.310759
0.307748
0.302708
0.29593
0.287428
0.283123
0.289787
0.302265
0.313402
0.322158
0.32862199999999997
0.332583
0.334369
0.334582
0.333283
0.330073
0.32477399999999995
0.31753600000000004
0.308382
0.303419
0.30905
0.320456
0.330966
0.339285
0.34558
0.349554
0.351435
0.351865
0.350962
0.348246
0.343402
0.33653
0.327669
0.322832
0.32797800000000005
0.338891
0.34941700000000003
0.357716
0.363951
0.36802399999999996
0.370149
0.370765
0.36991599999999997
0.367236
0.362444
0.355518
0.346418
0.33498
0.32747600000000004
0.330353
0.339408
0.348175
0.35480300000000004
0.359562
0.362232
0.36289899999999997
0.36199899999999996
0.359584
0.35525999999999996
0.34871199999999997
0.33991
0.335065
0.339938
0.350478
0.36078000000000005
0.368911
0.375094
0.37904
0.38085399999999997
0.381063
0.379739
0.376361
0.37056100000000003
0.36243400000000003
0.352168
0.339742
0.331444
0.333778
0.342647
0.35152100000000003
0.358281
0.36294299999999996
0.365181
0.365057
0.36306
0.359392
0.35380700000000004
0.346121
0.336455
0.324928
0.317774
0.321417
0.331314
0.340754
0.348043
0.35330300000000003
0.356153
0.356604
0.355123
0.351821
0.346302
0.33831300000000003
0.32806
0.31580199999999997
0.30783499999999997
0.310818
0.320233
0.329329
0.336464
0.341468
0.343805
0.34353
0.341089
0.336518
0.329532
0.320179
0.308886
0.30224
0.30694099999999996
0.31804699999999997
0.32863400000000004
0.337336
0.34406
0.34815799999999997
0.349618
0.349019
0.346483
0.341595
0.33418400000000004
0.32460100000000003
0.313227
0.300097
0.291608
0.295136
0.30544299999999996
0.31485
0.322054
0.32703899999999997
0.32935
0.329015
0.326534
0.32210700000000003
0.315486
0.306573
0.295649
0.289319
0.294599
0.306096
0.316433
0.324592
0.33063899999999996
0.334054
0.334886
0.33371100000000004
0.330637
0.325206
0.31721900000000003
0.307027
0.294971
0.28746
0.291687
0.302363
0.31204
0.319656
0.325088
0.32777
0.327866
0.32603499999999996
0.322395
0.31656599999999996
0.308504
0.298645
0.28726199999999996
0.280695
0.286231
0.29818
0.308717
0.316877
0.322594
0.32545799999999997
0.325745
0.324139
0.320823
0.315511
0.30811
0.29887600000000003
0.287951
0.281567
0.286821
0.298196
0.308076
0.31546799999999997
0.32038
0.322421
0.321834
0.319306
0.315046
0.308764
0.30039299999999997
0.290274
0.278587
0.27156399999999997
0.276592
0.287908
0.29756900000000003
0.304752
0.309433
0.311236
0.310458
0.307823
0.303548
0.297365
0.289238
0.279491
0.268266
0.261751
0.267384
0.279172
0.289074
0.296535
0.30152399999999996
0.30359200000000003
0.303037
0.300629
0.296561
0.29048
0.28231300000000004
0.272414
0.26095300000000005
0.25405300000000003
0.259218
0.27046
0.279715
0.286528
0.29088400000000003
0.292383
0.291308
0.28835500000000003
0.283729
0.277152
0.268552
0.258214
0.24627600000000002
0.238936
0.24410300000000001
0.255375
0.26429
0.270831
0.275068
0.27657800000000005
0.275661
0.27306199999999997
0.268931
0.262834
0.254633
0.24464
0.232958
0.225698
0.231052
0.24244899999999997
0.251232
0.257687
0.26188
0.263398
0.262565
0.260087
0.256027
0.249916
0.24160700000000002
0.231377
0.22569299999999998
0.23261700000000002
0.245272
0.255048
0.262522
0.267852
0.270414
0.270443
0.268827
0.26576700000000003
0.260701
0.253366
0.244114
0.23316399999999998
0.226692
0.23294499999999999
0.24522399999999997
0.254802
0.262054
0.266999
0.26920700000000003
0.269099
0.267477
0.264413
0.259441
0.252443
0.243696
0.23321399999999998
0.22708000000000003
0.23354299999999997
0.245971
0.255635
0.262866
0.26779200000000003
0.270071
0.27008899999999997
0.26858000000000004
0.26561999999999997
0.260707
0.253623
0.244596
0.23369299999999998
0.226987
0.232661
0.244267
0.253273
0.260004
0.26456
0.266522
0.26619699999999996
0.264282
0.260835
0.255364
0.247694
0.238103
0.226694
0.213238
0.197643
0.180144
0.16097999999999998
0.140182
0.117782
0.09400700000000001
0.069129
0.043245
0.016347999999999998
-0.007701
-0.022637
-0.02755
-0.025450999999999998
-0.019244
-0.011575
-0.004615
0.00044800000000000005
0.0034460000000000003
0.0047020000000000005
0.004614
0.003631
0.002288
0.001046
0.00011599999999999999
-0.000491
-0.000799
-0.0008300000000000001
-0.000661
-0.000429
-0.000229
-6.9e-05
5.9999999999999995e-05
0.000136
0.000147
0.00011200000000000001
0.001491
0.0038079999999999998
0.004555
0.003628
0.002163
0.0008470000000000001
-0.00020299999999999997
-0.000824
-0.000989
-0.000878
-0.000688
-0.000465
-0.000205
2.4e-05
0.00016
0.00019099999999999998
0.000167
0.000146
0.000102
2.5e-05
-2.8000000000000003e-05
-2.1e-05
4e-06
-3e-06
-2.7000000000000002e-05
-2.7000000000000002e-05
-2e-06
1e-05
2e-06
-5e-06
-1e-06
2e-06
-5e-06
-1.2e-05
-7.000000000000001e-06
-0.0
0.0
5e-06
1.2e-05
8e-06
-3e-06
-4e-06
7.000000000000001e-06
1.3000000000000001e-05
6e-06
-5e-06
-7.000000000000001e-06
-4e-06
-2e-06
-5e-06
-8e-06
-7.000000000000001e-06
-6e-06
-5e-06
-1e-06
2e-06
0.0009289999999999999
0.002416
0.002803
0.0021739999999999997
0.001288
0.00047599999999999997
-0.00016999999999999999
-0.000531
-0.000606
-0.000532
-0.000424
-0.00029
-0.000123
2e-05
0.00037999999999999997
0.000659
0.000556
0.00040300000000000004
0.00022799999999999999
3.6e-05
-9.7e-05
-0.000129
-0.00010700000000000001
-9.300000000000001e-05
-8.6e-05
-5.5e-05
-1.2e-05
9e-06
9e-06
1e-05
1.9e-05
2e-05
9e-06
5e-06
1e-05
7.000000000000001e-06
-1e-06
2e-06
1e-05
7.000000000000001e-06
-9e-06
-1.7e-05
-1.1e-05
-4e-06
-5e-06
-8e-06
-7.000000000000001e-06
-1e-06
4e-06
1e-05
1.8e-05
1.6e-05
6e-06
5e-06
4e-06
-5e-06
-1.6e-05
-1.3000000000000001e-05
-1e-06
5e-06
-3e-06
-1.1e-05
-9e-06
-3e-06
0.0
2e-06
7.000000000000001e-06
1.1e-05
6e-06
2e-06
5e-06
3e-06
-1e-06
2e-06
6e-06
1e-06
-1.2e-05
-1.8e-05
-1.3000000000000001e-05
-5e-06
-1e-06
-2e-06
1e-06
9e-06
1.4999999999999999e-05
1.3000000000000001e-05
1.1e-05
6e-06
1e-06
-1e-06
-4e-06
-1.2e-05
-1.7e-05
-1.2e-05
-2e-06
2e-06
-1e-06
-3e-06
2e-06
1.1e-05
1.9e-05
1.4000000000000001e-05
3e-06
-2e-06
-3e-06
-2e-06
-2e-06
-6e-06
-6e-06
0.0
3e-06
-5e-06
-1.4000000000000001e-05
-1.3000000000000001e-05
-4e-06
3e-06
9e-06
1e-05
6e-06
5e-06
7.000000000000001e-06
8e-06
6e-06
-1e-06
-7.000000000000001e-06
6e-06
1.4999999999999999e-05
1e-06
-9e-06
-6e-06
3e-06
6e-06
8e-06
1.1e-05
1.1e-05
6e-06
4e-06
4e-06
-1e-06
-8e-06
-1.2e-05
-7.000000000000001e-06
-3e-06
-6e-06
-9e-06
-2e-06
5e-06
2e-06
-4e-06
1e-06
1e-05
1e-05
5e-06
4e-06
3e-06
1e-06
0.0
1e-06
1e-06
-4e-06
-1e-05
-1e-05
-8e-06
-1e-05
-1.1e-05
-2e-06
1.4000000000000001e-05
0.000167
0.000275
0.000198
0.000126
5.9999999999999995e-05
-0.0
-4.4e-05
-5.9999999999999995e-05
-5.5e-05
-4.7e-05
-3.5e-05
-1.9e-05
-5e-06
6e-06
1.4999999999999999e-05
2.5e-05
2.7000000000000002e-05
1.4999999999999999e-05
2e-06
-2e-06
0.0
0.0
-4e-06
-9e-06
-7.000000000000001e-06
-2e-06
-1e-06
-4e-06
-8e-06
-8e-06
-3e-06
1e-06
2e-06
3e-06
5e-06
1e-05
1.2e-05
9e-06
3e-06
-3e-06
-5e-06
-4e-06
-6e-06
-1.1e-05
-1.4000000000000001e-05
-1.2e-05
-5e-06
-0.0
2e-06
9e-06
1.8e-05
2e-05
1.2e-05
0.0
-5e-06
-5e-06
-5e-06
-5e-06
-6e-06
-7.000000000000001e-06
-7.000000000000001e-06
-5e-06
-2e-06
1e-06
3e-06
9e-06
1.7e-05
1.4000000000000001e-05
1e-06
-7.000000000000001e-06
-2e-06
5e-06
4e-06
-2e-06
-5e-06
-6e-06
-8e-06
-9e-06
-9e-06
-8e-06
-6e-06
-2e-06
7.000000000000001e-06
1.3000000000000001e-05
8e-06
5e-06
1.1e-05
1.4000000000000001e-05
6e-06
-7.000000000000001e-06
-1.2e-05
-8e-06
-6e-06
-7.000000000000001e-06
-8e-06
-7.000000000000001e-06
-4e-06
-0.0
4e-06
1.1e-05
1.4000000000000001e-05
1.1e-05
9e-06
5e-06
-4e-06
-1e-05
-8e-06
-2e-06
1e-06
-4e-06
-8e-06
8.2e-05
0.000155
0.00011599999999999999
7.7e-05
4.5e-05
1.4999999999999999e-05
-1.3000000000000001e-05
-2.6000000000000002e-05
-2.6000000000000002e-05
-2.2e-05
-1.6e-05
-6e-06
2e-06
3e-06
0.0
-1e-06
-1e-06
-0.0
-1e-06
-3e-06
-2e-06
5e-06
1e-05
7.000000000000001e-06
5e-06
6e-06
7.000000000000001e-06
5e-06
-2e-06
-1e-05
-1.2e-05
-8e-06
-4e-06
-3e-06
-5e-06
-5e-06
-3e-06
1e-06
9e-06
1.4000000000000001e-05
1.2e-05
8e-06
4e-06
0.0
-3e-06
-7.000000000000001e-06
-6e-06
-1e-06
0.0
-6e-06
-1.3000000000000001e-05
-1.1e-05
-4e-06
1e-06
5e-06
1e-05
1.3000000000000001e-05
1e-05
5e-06
1e-06
2e-06
2e-06
-1e-06
-4e-06
-6e-06
-1.1e-05
-1.4000000000000001e-05
-1e-05
-1e-06
3e-06
4e-06
8e-06
1.4999999999999999e-05
1.3000000000000001e-05
6e-06
1e-06
2e-06
2e-06
-4e-06
-1e-05
-9e-06
-8e-06
-7.000000000000001e-06
-5e-06
-2e-06
-2e-06
-4e-06
-2e-06
7.000000000000001e-06
1.3000000000000001e-05
1e-05
5e-06
5e-06
6e-06
1e-06
-5e-06
-5e-06
-2e-06
-3e-06
-7.000000000000001e-06
-1e-05
-1.1e-05
-8e-06
-3e-06
5e-06
1.3000000000000001e-05
1.4000000000000001e-05
1.1e-05
7.000000000000001e-06
4e-06
1e-06
6.1e-05
0.000109
7.8e-05
4.6e-05
1.4999999999999999e-05
-1.1e-05
-2.6000000000000002e-05
-2.5e-05
-1.6e-05
-8e-06
0.0
8e-06
1e-05
7.000000000000001e-06
7.000000000000001e-06
9e-06
7.000000000000001e-06
3e-06
-2e-06
-6e-06
-8e-06
-7.000000000000001e-06
-7.000000000000001e-06
-7.000000000000001e-06
-4e-06
-3e-06
-2e-06
4e-06
1e-05
1.1e-05
8e-06
7.000000000000001e-06
6e-06
3e-06
-3e-06
-7.000000000000001e-06
-7.000000000000001e-06
-6e-06
-8e-06
-1e-05
-9e-06
-5e-06
-2e-06
4e-06
1.3000000000000001e-05
1.7e-05
1.4000000000000001e-05
6e-06
1e-06
-1e-06
-3e-06
0.001113
0.002935
0.003489
0.0027719999999999997
0.001666
0.0006450000000000001
-0.000176
-0.000647
-0.000754
-0.000657
-0.0005139999999999999
-0.00035
-0.000153
0.0015199999999999999
0.004132
0.005122
0.004389
0.0028899999999999998
0.001308
-2.6000000000000002e-05
-0.0008529999999999999
-0.001116
-0.0010400000000000001
-0.0008539999999999999
-0.000609
-0.000295
-5e-06
0.000146
0.000175
0.000178
0.00018
0.000139
5.6000000000000006e-05
-8e-06
-2.3e-05
-2.3e-05
-3.8e-05
-4.9e-05
-3.4e-05
-1e-05
-2e-06
-5e-06
3e-06
2e-05
2.6000000000000002e-05
1.6e-05
6e-06
3e-06
-0.0
-6e-06
-9e-06
-6e-06
0.0016760000000000002
0.004523
0.005672
0.004932
0.003278
0.00149
7.000000000000001e-06
-0.0009130000000000001
-0.001225
-0.001163
-0.0009609999999999999
-0.000681
-0.000334
-2.1e-05
0.0017
0.004367
0.005405
0.0046689999999999995
0.003078
0.001369
-3.7e-05
-0.0008849999999999999
-0.0011619999999999998
-0.001101
-0.000908
-0.00063
-0.000296
0.000595
0.001623
0.0016940000000000002
0.001219
0.00075
0.00028
-0.00011899999999999999
-0.000325
-0.000341
-0.000292
-0.000246
-0.000174
-6.500000000000001e-05
2.7000000000000002e-05
5.9999999999999995e-05
5.7999999999999994e-05
6.1e-05
6.4e-05
4.1e-05
5e-06
-1.3000000000000001e-05
-1e-05
-6e-06
-1.3000000000000001e-05
-1.9e-05
-1.4000000000000001e-05
0.0016309999999999999
0.004409000000000001
0.005518
0.0047799999999999995
0.003169
0.001442
-1e-06
-0.000904
-0.001208
-0.0011359999999999999
-0.00093
-0.000656
-0.000322
0.001847
0.0052179999999999995
0.0066430000000000005
0.005957
0.004128
0.001995
0.000171
-0.001
-0.001426
-0.001382
-0.001165
-0.0008470000000000001
-0.00043200000000000004
0.001902
0.005478
0.007018000000000001
0.00636
0.004461
0.0021899999999999997
0.000234
-0.001035
-0.001513
-0.001482
-0.001256
-0.000916
-0.000471
-5.7999999999999994e-05
0.000172
0.000236
0.000248
0.000245
0.00018700000000000002
8.3e-05
3e-06
-2e-05
-2.7000000000000002e-05
-5e-05
-6.500000000000001e-05
-4.6e-05
0.0022960000000000003
0.00633
0.008198
0.007568000000000001
0.005435
0.002755
0.00040599999999999995
-0.001134
-0.001768
-0.001786
-0.001525
-0.001114
-0.0006
0.002311
0.006868000000000001
0.00902
0.008478
0.006309
0.003409
0.000727
-0.0010810000000000001
-0.0018739999999999998
-0.001964
-0.0017230000000000001
-0.001289
-0.000717
0.002425
0.007333
0.009696
0.009195
0.006954000000000001
0.003854
0.000907
-0.001099
-0.002
-0.00213
-0.001888
-0.001422
-0.000797
0.002114
0.006536
0.008611
0.008092
0.0060079999999999995
0.003235
0.000677
-0.001048
-0.001794
-0.001873
-0.001648
-0.001239
-0.000685
0.003117
0.009255
0.012357
0.011956
0.0094
0.005518
0.001582
-0.001159
-0.002482
-0.002782
-0.0025440000000000003
-0.001964
-0.001153
0.003153
0.009953
0.01348
0.013219
0.010591
0.006453
0.002112
-0.001017
-0.002583
-0.003013
-0.002825
-0.002225
-0.0013390000000000001
-0.00047400000000000003
0.00371
0.010440000000000001
0.013958000000000002
0.013635
0.010822
0.006478
0.002045
-0.001088
-0.002673
-0.003137
-0.002928
-0.002259
-0.001332
0.003511
0.011212999999999999
0.015311000000000002
0.015106999999999999
0.01206
0.0072569999999999996
0.002258
-0.001418
-0.003321
-0.0033840000000000003
-0.001796
0.00022999999999999998
0.001472
0.0061909999999999995
0.013701
0.017184
0.016127000000000002
0.012389
0.007468000000000001
0.002597
-0.001317
-0.003908
-0.0052770000000000004
-0.005413
-0.004487
-0.003121
0.002921
0.013013999999999998
0.019542
0.020916999999999998
0.018867
0.014632
0.00896
0.003061
-0.001966
-0.005396
-0.006775
-0.0064150000000000006
-0.0049759999999999995
0.001948
0.012711
0.018567
0.01825
0.014461000000000002
0.009792
0.005469
0.002147
0.00025
-0.000442
-0.000258
0.000532
0.001323
0.007441
0.017475
0.021637
0.019083000000000003
0.013151
0.006384
0.00065
-0.0028469999999999997
-0.004103
-0.003863
-0.002915
-0.00148
0.000513
0.008707
0.021273
0.027894
0.027037000000000002
0.021394
0.013576
0.005483
-0.00128
-0.005981
-0.008768999999999999
-0.0095
-0.007977
-0.004531
0.00592
0.020909999999999998
0.029445999999999996
0.029723000000000003
0.024404
0.016386
0.008193
0.001466
-0.003329
-0.00625
-0.007219
-0.006437000000000001
-0.004455
0.005188
0.020322999999999997
0.028676
0.028657
0.023559
0.0163
0.009143
0.003334
-0.000901
-0.00372
-0.005201
-0.005527000000000001
-0.004878
0.004254
0.01999
0.029032
0.029068
0.023512
0.015827
0.008676999999999999
0.0032189999999999996
-0.000786
-0.003657
-0.005065
-0.0048259999999999996
-0.003303
0.006804000000000001
0.023243
0.032184
0.031407
0.024686000000000003
0.015276
0.005784
-0.001416
-0.005605
-0.007298999999999999
-0.006706
-0.0043630000000000006
-0.001178
0.002168
0.013118000000000001
0.029164999999999996
0.036483
0.033839
0.02568
0.015486000000000002
0.0056689999999999996
-0.002029
-0.0069370000000000005
-0.00919
-0.009054000000000001
-0.007143000000000001
-0.004043
0.008106
0.026747000000000003
0.03721
0.037518
0.031934
0.02376
0.014662
0.005678
-0.0020870000000000003
-0.007745999999999999
-0.010631
-0.010504000000000001
-0.007997
0.004262
0.023339
0.034464999999999996
0.035662
0.031068000000000002
0.023767
0.015290999999999999
0.006984000000000001
0.00010700000000000001
-0.0047810000000000005
-0.007379999999999999
-0.007608
-0.006031
0.005608
0.024787
0.035618000000000004
0.035973000000000005
0.030833
0.023356000000000002
0.014822
0.006693000000000001
0.00035299999999999996
-0.003822
-0.005685
-0.0053
-0.003539
0.00801
0.027119
0.038217
0.040108
0.037612
0.032764999999999996
0.02609
0.017707
0.007668
-0.0017230000000000001
-0.007631999999999999
-0.009349
-0.00755
0.005517
0.026874000000000002
0.040780000000000004
0.046004
0.047046
0.045572
0.041759
0.035539
0.026708
0.015049000000000002
0.00235
-0.007122
-0.011207
-0.001394
0.019285
0.033954000000000005
0.040292
0.042554
0.04272
0.041339999999999995
0.038273
0.032971
0.024797
0.013507
0.0014730000000000001
-0.007063
-0.001008
0.016507
0.02878
0.033815
0.035432
0.035584
0.034756999999999996
0.032688999999999996
0.028999
0.023296
0.015159
0.005289
-0.0028829999999999997
-0.0070209999999999995
0.001655
0.019964
0.032014999999999995
0.036668
0.037771
0.036839
0.033857
0.028535
0.021247
0.012412000000000001
0.003667
-0.002029
-0.003918
0.006449
0.025963
0.040155
0.048362999999999996
0.052742
0.054204999999999996
0.053373000000000004
0.050168
0.043941
0.034453
0.022491999999999998
0.009448999999999999
-0.00088
0.004105
0.021447
0.035782
0.045719
0.05315399999999999
0.058654
0.062241
0.063221
0.060578
0.053998000000000004
0.043877
0.030820999999999998
0.015663999999999997
0.011824
0.023094999999999997
0.035323
0.043831999999999996
0.049664
0.05415
0.057932000000000004
0.060283
0.059851999999999995
0.056225
0.049832
0.041047
0.030170999999999996
0.028452999999999996
0.040128
0.052591
0.060145000000000004
0.06350599999999999
0.064154
0.063637
0.062496
0.060041
0.055647
0.049199
0.041014999999999996
0.031830000000000004
0.022133
0.022979
0.037086
0.050989
0.059891999999999994
0.064818
0.066885
0.06650700000000001
0.063449
0.057634000000000005
0.049326999999999996
0.038975
0.027395999999999997
0.01571
0.016572
0.032788
0.049852
0.062796
0.072453
0.079848
0.08552
0.088773
0.08784
0.081768
0.071203
0.057651999999999995
0.042792000000000004
0.038144
0.048165
0.060837
0.070354
0.077178
0.08240399999999999
0.087048
0.091128
0.093227
0.091986
0.087073
0.078825
0.06790299999999999
0.054858000000000004
0.049993
0.057603999999999995
0.06629700000000001
0.070903
0.0729
0.074178
0.075263
0.07515
0.072892
0.06844
0.06218200000000001
0.054665
0.046526
0.048164
0.063115
0.078671
0.08856
0.093677
0.09606100000000001
0.09715700000000001
0.096804
0.093716
0.087337
0.078437
0.068321
0.05826
0.058804999999999996
0.074029
0.09175
0.10550699999999999
0.115622
0.123019
0.128418
0.131626
0.13137200000000002
0.126893
0.118573
0.10746700000000001
0.09509
0.082688
0.080103
0.091722
0.106021
0.116773
0.125168
0.132741
0.13964200000000002
0.144352
0.1453
0.14211500000000002
0.135213
0.125503
0.11436500000000001
0.11134100000000001
0.12175799999999999
0.135061
0.144199
0.150173
0.154802
0.15932000000000002
0.163491
0.165601
0.16425
0.15956800000000002
0.15257
0.144274
0.13481700000000002
0.131744
0.14096199999999998
0.153527
0.162411
0.168494
0.173442
0.177757
0.180167
0.17937
0.175451
0.169409
0.162444
0.15541
0.155946
0.1695
0.18604500000000002
0.197446
0.204854
0.21052800000000002
0.215677
0.21969299999999997
0.22124699999999997
0.21977800000000003
0.21567399999999998
0.20978000000000002
0.203121
0.19605899999999998
0.19461199999999998
0.205328
0.220362
0.231611
0.24008400000000002
0.24707600000000002
0.252366
0.254334
0.251947
0.245905
0.23775300000000002
0.229089
0.22080100000000003
0.21235700000000002
0.20914000000000002
0.218548
0.23349299999999998
0.24552100000000002
0.255447
0.26415
0.270834
0.273792
0.272192
0.266883
0.259725
0.25225
0.244493
0.23507600000000003
0.229192
0.235416
0.24842899999999998
0.260436
0.271894
0.282821
0.291928
0.297736
0.299666
0.298264
0.294473
0.288707
0.280283
0.268073
0.258275
0.259949
0.269214
0.278995
0.28841100000000003
0.296702
0.30267
0.30576
0.30636399999999997
0.305561
0.304118
0.301636
0.296809
0.288306
0.281893
0.285247
0.294159
0.301879
0.30732
0.310386
0.310948
0.309467
0.306979
0.30456300000000003
0.302346
0.299199
0.293744
0.285326
0.280471
0.287182
0.300781
0.313128
0.321766
0.326207
0.32661599999999996
0.323629
0.318181
0.31138499999999997
0.303762
0.294951
0.284572
0.272874
0.266875
0.27478800000000003
0.290968
0.306153
0.317915
0.32595599999999997
0.330369
0.331338
0.32922199999999996
0.32451199999999997
0.317289
0.307274
0.294568
0.279791
0.27011799999999997
0.27397699999999997
0.286149
0.29796100000000003
0.307704
0.315728
0.32237899999999997
0.327536
0.330554
0.33047
0.326319
0.317797
0.30562
0.290902
0.280842
0.283323
0.29303
0.301631
0.307682
0.31196799999999997
0.31505700000000003
0.31700300000000003
0.31749299999999997
0.316077
0.312373
0.306285
0.29797199999999996
0.293668
0.299917
0.31151100000000004
0.320793
0.326171
0.328755
0.329698
0.32961
0.328378
0.325438
0.320345
0.313112
0.304155
0.29396700000000003
0.288987
0.295901
0.30893400000000004
0.319812
0.326957
0.33145
0.333946
0.334068
0.331212
0.325276
0.316691
0.30627600000000005
0.29496300000000003
0.283339
0.277572
0.284233
0.29727600000000004
0.30849299999999996
0.3167
0.322596
0.326225
0.32697800000000005
0.324481
0.318981
0.31109499999999995
0.30162
0.29107
0.279256
0.271896
0.276081
0.286531
0.295725
0.303098
0.30944
0.314512
0.317123
0.316146
0.31133299999999997
0.303294
0.293084
0.281455
0.268414
0.260058
0.26419699999999996
0.27531100000000003
0.285393
0.29384299999999997
0.30085100000000004
0.305796
0.307785
0.30643000000000004
0.30220199999999997
0.295916
0.288046
0.278378
0.266239
0.257644
0.260768
0.270426
0.27888
0.28578600000000004
0.291488
0.295566
0.29733000000000004
0.296502
0.29352
0.28891300000000003
0.282629
0.27408699999999997
0.262592
0.254154
0.256959
0.265817
0.273039
0.278298
0.28177800000000003
0.283109
0.28194
0.278429
0.273362
0.267449
0.260703
0.25261
0.248788
0.25658000000000003
0.27005500000000005
0.280936
0.288446
0.292636
0.293365
0.29091100000000003
0.28581100000000004
0.278661
0.270293
0.261304
0.251606
0.240774
0.23471199999999998
0.241461
0.25498200000000004
0.266665
0.276001
0.282958
0.28686999999999996
0.286826
0.282484
0.274508
0.26402600000000004
0.251751
0.237862
0.22259299999999999
0.21271700000000002
0.21695
0.228881
0.239511
0.248507
0.25582
0.260929
0.263119
0.262129
0.258326
0.251974
0.24284099999999997
0.230569
0.21516100000000002
0.203655
0.20508600000000002
0.213342
0.219889
0.22477199999999997
0.22853800000000002
0.23129499999999997
0.232643
0.23229299999999997
0.230379
0.226847
0.221228
0.21290599999999998
0.20784299999999997
0.214193
0.225811
0.23455900000000002
0.24060700000000002
0.244281
0.245745
0.245246
0.24291999999999997
0.23893499999999998
0.23364000000000001
0.22723200000000002
0.21974699999999997
0.211127
0.20775
0.217376
0.232618
0.24422199999999997
0.251983
0.25662199999999996
0.258407
0.25708400000000003
0.252891
0.24675300000000003
0.239279
0.230461
0.220232
0.20870100000000003
0.202647
0.210168
0.224133
0.23556100000000002
0.24432600000000002
0.250796
0.254601
0.25501599999999996
0.25205900000000003
0.24644499999999997
0.23867800000000003
0.229032
0.21762399999999998
0.210513
0.21597199999999997
0.227888
0.23759899999999998
0.24502100000000002
0.250582
0.25449099999999997
0.25660900000000003
0.256345
0.253157
0.24696300000000002
0.238081
0.227196
0.214754
0.20692399999999997
0.211748
0.222781
0.23137199999999997
0.2377
0.242385
0.245254
0.245729
0.24366999999999997
0.23946199999999998
0.23336700000000002
0.225361
0.21540399999999998
0.203537
0.19658699999999998
0.20269700000000002
0.214838
0.224379
0.23175300000000001
0.23781100000000002
0.242312
0.244466
0.243946
0.24105500000000002
0.23621
0.229552
0.220809
0.209477
0.201996
0.20673699999999998
0.21711
0.22484400000000002
0.23057800000000003
0.235143
0.238546
0.240233
0.23968499999999998
0.236983
0.23262199999999997
0.2269
0.21950999999999998
0.216151
0.224784
0.238779
0.249308
0.25654
0.260942
0.26258899999999996
0.261826
0.25900700000000004
0.25424800000000003
0.247959
0.240748
0.232918
0.224356
0.22084499999999999
0.23019099999999998
0.245548
0.25795300000000004
0.26759099999999997
0.27479499999999996
0.27898
0.27921999999999997
0.275127
0.267358
0.257185
0.245533
0.23269299999999998
0.21889
0.210603
0.216075
0.22879000000000002
0.24001
0.24979
0.25840100000000005
0.26524899999999996
0.26916100000000004
0.269362
0.266056
0.259758
0.250531
0.238125
0.222559
0.21047399999999997
0.211048
0.21884499999999998
0.22554699999999997
0.23129899999999998
0.23660799999999998
0.241377
0.244833
0.246331
0.245923
0.243777
0.239661
0.232917
0.22873000000000002
0.23443699999999998
0.24426399999999998
0.250713
0.254431
0.256208
0.256278
0.25483
0.251944
0.247813
0.242844
0.23723200000000003
0.23091
0.223624
0.22099000000000002
0.230727
0.24605300000000002
0.25785
0.26611399999999996
0.271532
0.274059
0.27296
0.268065
0.260448
0.251381
0.241378
0.23051100000000002
0.218856
0.212813
0.220675
0.23577800000000002
0.248991
0.26001399999999997
0.26896
0.275146
0.277389
0.27520500000000003
0.269397
0.26113400000000003
0.251101
0.23931799999999998
0.225296
0.215058
0.217786
0.228002
0.23696799999999998
0.244567
0.251161
0.256497
0.259802
0.260469
0.258389
0.253743
0.246885
0.237893
0.232285
0.237483
0.24809099999999998
0.256601
0.263206
0.26848099999999997
0.272162
0.273823
0.273375
0.27100100000000005
0.266922
0.261184
0.25369
0.24419000000000002
0.23848699999999998
0.244493
0.25673
0.26703699999999997
0.275108
0.281429
0.28549800000000003
0.28636300000000003
0.283877
0.27892
0.272433
0.264704
0.255438
0.244258
0.237198
0.242252
0.25350900000000004
0.262494
0.269104
0.27416999999999997
0.27760799999999997
0.278851
0.277672
0.274378
0.269411
0.262893
0.254368
0.24311300000000002
0.235098
0.23890100000000003
0.249306
0.257932
0.26397600000000004
0.267491
0.268449
0.26695
0.263271
0.257882
0.251348
0.24399
0.235616
0.225725
0.220208
0.22745700000000002
0.241317
0.252826
0.261456
0.26706399999999997
0.269385
0.26837
0.26424699999999995
0.25756599999999996
0.24899699999999997
0.238977
0.22769899999999998
0.221349
0.228111
0.241965
0.254346
0.26508899999999996
0.274398
0.281858
0.2869
0.288973
0.28773699999999997
0.283227
0.275454
0.264208
0.249635
0.238643
0.240054
0.24866100000000002
0.256297
0.262533
0.267826
0.272054
0.274591
0.274948
0.273281
0.269925
0.26479899999999995
0.257477
0.247502
0.24057800000000001
0.244173
0.25264000000000003
0.258206
0.260825
0.261388
0.26051399999999997
0.258421
0.255143
0.250944
0.246085
0.24052199999999999
0.233913
0.225652
0.22126300000000002
0.22868899999999998
0.241878
0.252002
0.25866
0.262548
0.263974
0.262556
0.258075
0.251146
0.24258600000000002
0.232904
0.22247199999999998
0.217443
0.22571300000000002
0.240992
0.254472
0.265754
0.274944
0.281619
0.28513
0.285077
0.281715
0.27569
0.267487
0.257513
0.24607199999999999
0.23913299999999998
0.244283
0.255847
0.26578
0.273837
0.280668
0.286217
0.289697
0.29041
0.28829899999999997
0.283503
0.276102
0.266325
0.254379
0.24636599999999997
0.250052
0.26016100000000003
0.26873800000000003
0.27524
0.280271
0.283649
0.2846
0.282789
0.27866599999999997
0.272796
0.26542899999999997
0.256396
0.245049
0.236922
0.24002199999999999
0.249371
0.257075
0.262676
0.266741
0.269237
0.26973400000000003
0.268047
0.26445100000000005
0.25933
0.252849
0.244719
0.234289
0.227196
0.23153
0.241771
0.249804
0.25565
0.259863
0.262261
0.262567
0.260829
0.25737600000000005
0.252535
0.24641300000000002
0.23882199999999998
0.235333
0.243186
0.256721
0.26793
0.27628400000000003
0.282032
0.284835
0.28444200000000003
0.28116199999999997
0.27557
0.268315
0.259972
0.250728
0.24038099999999998
0.234724
0.24143499999999998
0.254633
0.265903
0.27471599999999996
0.281348
0.28543
0.286194
0.283231
0.276843
0.267726
0.25659
0.243825
0.229544
0.219993
0.22358499999999998
0.234523
0.244306
0.252688
0.259838
0.265355
0.268494
0.26873600000000003
0.266146
0.260966
0.253179
0.242444
0.228424
0.217336
0.21802399999999997
0.22539
0.231425
0.236131
0.239992
0.242996
0.244734
0.244865
0.243504
0.240754
0.23632399999999998
0.22967600000000002
0.22607
0.232643
0.243606
0.25113800000000003
0.255517
0.257769
0.258189
0.256898
0.25406100000000004
0.249836
0.244562
0.23851599999999998
0.231692
0.223919
0.22084099999999998
0.22997800000000002
0.245027
0.257258
0.26616599999999996
0.27200100000000005
0.274825
0.27442
0.27066999999999997
0.264098
0.255652
0.24601399999999998
0.235373
0.223768
0.21723
0.22378800000000001
0.237314
0.249073
0.258728
0.26647600000000005
0.271878
0.274003
0.272418
0.267755
0.260817
0.251899
0.241022
0.22805300000000003
0.21886599999999998
0.221796
0.23151
0.239894
0.246811
0.252656
0.257271
0.259964
0.260156
0.2578
0.252949
0.245626
0.23597600000000002
0.22979000000000002
0.234436
0.244779
0.253366
0.259924
0.264962
0.268518
0.27031900000000003
0.270036
0.267615
0.263355
0.25747800000000004
0.249967
0.24062199999999997
0.234825
0.23969400000000002
0.250093
0.258588
0.264856
0.269471
0.272333
0.2728
0.270663
0.266448
0.260709
0.253616
0.245063
0.23479899999999998
0.22843200000000002
0.233469
0.244311
0.25299099999999997
0.25952
0.264746
0.268487
0.269908
0.268731
0.265469
0.260653
0.254472
0.24672
0.242633
0.248966
0.260789
0.270838
0.278348
0.283677
0.28679899999999997
0.287541
0.28586300000000003
0.281983
0.276381
0.269636
0.26211999999999996
0.25363
0.24935700000000002
0.25601199999999996
0.268568
0.27966599999999997
0.288514
0.295389
0.299842
0.301081
0.298822
0.29346300000000003
0.285666
0.276133
0.265379
0.253579
0.24654299999999998
0.25142800000000004
0.263238
0.274555
0.284585
0.29344000000000003
0.30039899999999997
0.30445900000000004
0.305214
0.302979
0.298174
0.290862
0.280672
0.272835
0.273821
0.28036300000000003
0.286694
0.291717
0.296147
0.300211
0.303608
0.305702
0.306003
0.30453
0.301467
0.296661
0.289497
0.284928
0.288681
0.297003
0.30424
0.309291
0.312623
0.314031
0.313238
0.310504
0.306537
0.302018
0.297261
0.292179
0.286351
0.28484499999999996
0.293138
0.306765
0.319155
0.328359
0.334442
0.337352
0.336962
0.333588
0.328151
0.32153699999999996
0.314
0.30522699999999997
0.30040900000000004
0.305008
0.315897
0.327606
0.337944
0.347033
0.35461
0.359896
0.36188200000000004
0.360126
0.35512699999999997
0.347605
0.337962
0.326329
0.318333
0.319473
0.32711399999999996
0.336181
0.344148
0.350955
0.35620100000000005
0.359329
0.360137
0.358875
0.35583000000000004
0.350964
0.34410599999999997
0.335109
0.329271
0.331407
0.33903099999999997
0.347435
0.354
0.359033
0.362494
0.364057
0.363739
0.36195
0.35894699999999996
0.35449400000000003
0.348044
0.33906
0.332811
0.334357
0.34165
0.350088
0.356813
0.362012
0.36544299999999996
0.36659200000000003
0.36540300000000003
0.362311
0.35775100000000004
0.351852
0.344414
0.34055799999999997
0.344574
0.354157
0.36467
0.37264200000000003
0.37806100000000004
0.381181
0.38221700000000003
0.38142800000000004
0.379108
0.37547600000000003
0.370687
0.364753
0.357381
0.353636
0.357601
0.367177
0.378021
0.386653
0.39306199999999997
0.396963
0.39782199999999995
0.395609
0.390919
0.384377
0.376386
0.367174
0.35686999999999997
0.351068
0.354143
0.363764
0.375218
0.38487
0.392575
0.397959
0.400475
0.399938
0.396565
0.390813
0.38314499999999996
0.373736
0.362566
0.355143
0.355975
0.363309
0.37288000000000004
0.381182
0.388386
0.3945
0.399097
0.401713
0.402129
0.400266
0.395906
0.38861999999999997
0.383473
0.384011
0.38960300000000003
0.39753
0.404045
0.40944200000000003
0.41388
0.417209
0.41919399999999996
0.419667
0.41855
0.41585600000000006
0.41161000000000003
0.40571999999999997
0.403231
0.40666199999999997
0.41470500000000005
0.42421099999999995
0.430759
0.43463999999999997
0.43619300000000005
0.43551899999999993
0.432835
0.428724
0.423814
0.418357
0.41224799999999995
0.40521599999999997
0.402283
0.40608299999999997
0.415346
0.42671800000000004
0.43544399999999994
0.441504
0.444907
0.445446
0.44310200000000005
0.43833
0.43173900000000004
0.42366400000000004
0.414236
0.403489
0.396767
0.397335
0.404531
0.415187
0.424469
0.432126
0.43784399999999996
0.44097700000000006
0.441013
0.43796899999999994
0.432321
0.424567
0.41504300000000005
0.403802
0.39610300000000004
0.395315
0.400802
0.409464
0.41679700000000003
0.42286
0.427667
0.43097399999999997
0.432601
0.432403
0.43018199999999995
0.425659
0.418587
0.414034
0.41443500000000005
0.41975
0.427966
0.43445
0.439547
0.44352299999999995
0.44615900000000003
0.44719899999999996
0.44655900000000004
0.44420600000000005
0.44015
0.43442600000000003
0.426961
0.422831
0.42422299999999996
0.43070699999999995
0.43981400000000004
0.446464
0.450909
0.453363
0.453564
0.451536
0.447715
0.442633
0.436679
0.42989099999999997
0.421997
0.417918
0.41989
0.42718500000000004
0.436968
0.44429399999999997
0.449534
0.45302700000000007
0.454729
0.454532
0.45241899999999996
0.44854799999999995
0.44316400000000006
0.43627
0.432598
0.433676
0.43993699999999997
0.449878
0.458133
0.464728
0.469688
0.47262600000000005
0.473199
0.471344
0.467178
0.461185
0.453953
0.44569200000000003
0.441431
0.442683
0.449525
0.460063
0.46871
0.475504
0.48034099999999996
0.482811
0.48275
0.48029099999999997
0.475738
0.46945299999999995
0.46169
0.452467
0.44694300000000003
0.44685600000000003
0.452558
0.462479
0.47116800000000003
0.47871199999999997
0.485021
0.48953800000000003
0.491742
0.491421
0.48872
0.48380500000000004
0.476488
0.46643900000000005
0.458742
0.455204
0.457162
0.46382299999999993
0.46949799999999997
0.47417700000000007
0.477862
0.48024799999999995
0.481023
0.480167
0.477937
0.47443900000000006
0.469359
0.46708999999999995
0.46793900000000005
0.472736
0.48085200000000006
0.486523
0.490087
0.492033
0.492617
0.491993
0.49031899999999995
0.48777
0.48450699999999997
0.48051800000000006
0.47556899999999996
0.47430900000000004
0.47713199999999995
0.484991
0.497068
0.506884
0.514135
0.518658
0.520183
0.5186649999999999
0.514621
0.508996
0.50243
0.495138
0.48718100000000003
0.48351400000000005
0.48476899999999995
0.49201000000000006
0.504462
0.515463
0.524542
0.531445
0.535618
0.53668
0.534755
0.5303720000000001
0.5238970000000001
0.515422
0.5049859999999999
0.49755699999999997
0.49415299999999995
0.49641499999999994
0.5044390000000001
0.512105
0.518899
0.5247539999999999
0.529247
0.5319550000000001
0.532568
0.53089
0.5267189999999999
0.519845
0.510193
0.502788
0.498791
0.49981800000000004
0.506092
0.511633
0.51586
0.518794
0.5203270000000001
0.520626
0.51985
0.51799
0.514931
0.510336
0.508497
0.50968
0.5138560000000001
0.52163
0.528112
0.532312
0.534706
0.535431
0.534554
0.5323899999999999
0.529071
0.524556
0.518859
0.511885
0.5083409999999999
0.508999
0.514243
0.524066
0.532929
0.539818
0.5446310000000001
0.547078
0.5471590000000001
0.545095
0.5411600000000001
0.535705
0.529047
0.521245
0.517163
0.5175960000000001
0.52285
0.5329050000000001
0.542078
0.549171
0.5541
0.556862
0.557656
0.556541
0.553723
0.549571
0.543995
0.5412779999999999
0.5419350000000001
0.545303
0.552768
0.560437
0.566513
0.571228
0.5745439999999999
0.576254
0.5760770000000001
0.5736100000000001
0.56876
0.561829
0.55301
0.547272
0.545792
0.548076
0.555358
0.563551
0.570475
0.575749
0.578965
0.5799350000000001
0.578681
0.575411
0.5704640000000001
0.564021
0.555988
0.550986
0.549763
0.551412
0.5574060000000001
0.5641689999999999
0.5697300000000001
0.574151
0.577484
0.579583
0.580252
0.579484
0.577222
0.5730930000000001
0.5666439999999999
0.5622739999999999
0.560638
0.561055
0.5658489999999999
0.5716760000000001
0.5761850000000001
0.57955
0.581758
0.5825229999999999
0.5817399999999999
0.579666
0.5765020000000001
0.57218
0.57113
0.5737770000000001
0.57829
0.5866140000000001
0.595525
0.601904
0.605726
0.6072770000000001
0.606655
0.6042109999999999
0.60064
0.596305
0.591268
0.58557
0.583688
0.585975
0.590481
0.5994689999999999
0.609973
0.6187590000000001
0.625505
0.629785
0.631196
0.629761
0.625865
0.619772
0.61179
0.6024729999999999
0.596622
0.5950770000000001
0.596295
0.602999
0.612338
0.620688
0.6276689999999999
0.632781
0.635624
0.636123
0.634318
0.630212
0.623801
0.615066
0.608374
0.604576
0.602156
0.604488
0.609454
0.613677
0.617193
0.619905
0.621847
0.622981
0.6230060000000001
0.6216119999999999
0.618392
0.61277
0.608865
0.60743
0.606729
0.609973
0.615055
0.618672
0.620821
0.621447
0.620843
0.619263
0.6167229999999999
0.613366
0.609172
0.60824
0.611061
0.614734
0.62225
0.6316350000000001
0.63857
0.642941
0.64468
0.643842
0.641049
0.6367550000000001
0.631081
0.624319
0.616617
0.612304
0.6122029999999999
0.613935
0.620548
0.629976
0.637972
0.6440060000000001
0.647708
0.648996
0.647987
0.644649
0.639141
0.631933
0.623199
0.617416
0.6156159999999999
0.615604
0.6205189999999999
0.628365
0.6350939999999999
0.640392
0.64415
0.646315
0.646717
0.6452979999999999
0.642229
0.637363
0.634601
0.634688
0.634322
0.637674
0.6441899999999999
0.649199
0.6528229999999999
0.655192
0.656377
0.656464
0.655292
0.652606
0.6482680000000001
0.642103
0.638369
0.6380060000000001
0.637736
0.641649
0.649243
0.655734
0.660663
0.663914
0.66555
0.665523
0.663741
0.660451
0.655945
0.650223
0.64755
0.648532
0.649442
0.6543100000000001
0.662482
0.6689189999999999
0.6734140000000001
0.676309
0.677825
0.6779890000000001
0.67691
0.67464
0.670936
0.665499
0.6624979999999999
0.662482
0.6614979999999999
0.664247
0.6705979999999999
0.675165
0.677797
0.6787340000000001
0.678005
0.675639
0.6719149999999999
0.667049
0.661025
0.657998
0.658615
0.6586310000000001
0.662827
0.671297
0.6782050000000001
0.683188
0.686287
0.6873
0.686227
0.683433
0.679081
0.6732319999999999
0.66622
0.6624909999999999
0.6627430000000001
0.6627460000000001
0.667279
0.6765979999999999
0.684954
0.691809
0.696974
0.700261
0.701589
0.700836
0.697901
0.692923
0.686199
0.681854
0.680569
0.678663
0.681164
0.688557
0.6954279999999999
0.701322
0.7061189999999999
0.709634
0.71182
0.712526
0.7115630000000001
0.708745
0.7037640000000001
0.7005359999999999
0.699734
0.697364
0.698064
0.702771
0.7067319999999999
0.70948
0.711042
0.7116859999999999
0.7116640000000001
0.710791
0.7089
0.705901
0.705467
0.707856
0.708857
0.711533
0.7174149999999999
0.722683
0.725863
0.727019
0.72617
0.723705
0.720009
0.715136
0.7093189999999999
0.70281
0.6994670000000001
0.699994
0.700565
0.704199
0.712179
0.720294
0.7264109999999999
0.729996
0.7310220000000001
0.7298020000000001
0.726457
0.72116
0.714454
0.706752
0.7020460000000001
0.701102
0.7001229999999999
0.70255
0.709787
0.71759
0.724188
0.72935
0.733074
0.735197
0.735498
0.734002
0.7305470000000001
0.728483
0.728432
0.727092
0.72682
0.730396
0.735483
0.739692
0.7430140000000001
0.745429
0.7469720000000001
0.747502
0.746704
0.744345
0.740179
0.7379859999999999
0.738633
0.73829
0.7391800000000001
0.743995
0.749947
0.754208
0.756548
0.7573489999999999
0.756925
0.7552949999999999
0.752586
0.749051
0.744688
0.743172
0.74495
0.74588
0.748008
0.754041
0.761075
0.766167
0.769378
0.7711180000000001
0.771511
0.77056
0.7682979999999999
0.764544
0.759091
0.755831
0.755548
0.7544390000000001
0.75425
0.7582439999999999
0.7641
0.7684340000000001
0.771117
0.772195
0.771634
0.7695770000000001
0.766217
0.7615310000000001
0.7554960000000001
0.752096
0.751965
0.751174
0.751784
0.756506
0.76252
0.766885
0.7694989999999999
0.770368
0.769701
0.767811
0.764684
0.760096
0.7577010000000001
0.75827
0.758238
0.7585
0.762948
0.7702060000000001
0.776289
0.7810199999999999
0.784274
0.785872
0.78574
0.783632
0.779429
0.773452
0.7695649999999999
0.7683949999999999
0.766633
0.765668
0.76951
0.776475
0.782239
0.7864899999999999
0.7892899999999999
0.7907569999999999
0.790927
0.789655
0.786858
0.782519
0.780188
0.780388
0.779568
0.778805
0.781709
0.786971
0.7911520000000001
0.794164
0.796211
0.797715
0.798692
0.798659
0.797183
0.797525
0.800083
0.801304
0.800643
0.80292
0.808447
0.812497
0.814804
0.8153199999999999
0.814318
0.812174
0.808906
0.804527
0.799258
0.79662
0.797205
0.7977489999999999
0.797836
0.8019350000000001
0.8095220000000001
0.815131
0.818236
0.819063
0.818117
0.815571
0.811372
0.805872
0.799495
0.795841
0.7955770000000001
0.79535
0.794902
0.798868
0.806983
0.814096
0.819666
0.8237690000000001
0.826456
0.827354
0.82604
0.822471
0.816661
0.812157
0.809982
0.8071189999999999
0.80325
0.8037810000000001
0.8090649999999999
0.8136800000000001
0.817182
0.8197049999999999
0.821298
0.821782
0.820876
0.818274
0.8172229999999999
0.8184319999999999
0.818615
0.817008
0.8175720000000001
0.8214870000000001
0.8248690000000001
0.82689
0.8278399999999999
0.828033
0.827636
0.8266530000000001
0.8249219999999999
0.822182
0.8216049999999999
0.823682
0.8250069999999999
0.8250299999999999
0.8279340000000001
0.834584
0.840413
0.844242
0.8464229999999999
0.8472049999999999
0.846527
0.8444139999999999
0.8411219999999999
0.8368639999999999
0.835126
0.8365459999999999
0.8377549999999999
0.83809
0.841166
0.847881
0.8540200000000001
0.858237
0.8607049999999999
0.861635
0.861182
0.859347
0.856067
0.8513459999999999
0.848678
0.8486790000000001
0.847841
0.8455790000000001
0.8458399999999999
0.8502290000000001
0.854886
0.858138
0.8599479999999999
0.8605079999999999
0.859927
0.857907
0.854092
0.8516809999999999
0.851447
0.850527
0.8486530000000001
0.8481350000000001
0.8514729999999999
0.856358
0.860101
0.8625290000000001
0.863525
0.8630389999999999
0.8610969999999999
0.857635
0.8526809999999999
0.849582
0.849009
0.847974
0.846097
0.845671
0.8491920000000001
0.85419
0.857819
0.86013
0.8614069999999999
0.861684
0.8607870000000001
0.858574
0.855033
0.853305
0.8538620000000001
0.853666
0.8523569999999999
0.85269
0.8567969999999999
0.8619370000000001
0.8659549999999999
0.8689610000000001
0.8711549999999999
0.8725139999999999
0.8727969999999999
0.871705
0.872125
0.8745459999999999
0.8759459999999999
0.875806
0.8751469999999999
0.8775620000000001
0.882251
0.885576
0.887293
0.887655
0.8870809999999999
0.885804
0.883697
0.880605
0.8796229999999999
0.8813049999999999
0.882589
0.8829030000000001
0.8834059999999999
0.887292
0.8929520000000001
0.8965770000000001
0.8982389999999999
0.8984770000000001
0.8974770000000001
0.895174
0.8916290000000001
0.887033
0.884669
0.885191
0.885689
0.8857709999999999
0.886482
0.8911459999999999
0.8983549999999999
0.9040860000000001
0.90809
0.91046
0.911111
0.9099
0.906789
0.9017850000000001
0.898026
0.896333
0.894028
0.890883
0.8878379999999999
0.889056
0.8938280000000001
0.897761
0.900697
0.902855
0.904136
0.904171
0.9025219999999999
0.901912
0.9029719999999999
0.9029209999999999
0.901252
0.897971
0.8973899999999999
0.900402
0.9030219999999999
0.904755
0.9058219999999999
0.906401
0.9065340000000001
0.9060590000000001
0.904632
0.9048430000000001
0.9071229999999999
0.908667
0.9090959999999999
0.9084639999999999
0.910848
0.916392
0.920515
0.9228069999999999
0.923708
0.923507
0.9223180000000001
0.9202309999999999
0.917378
0.916773
0.918899
0.9208059999999999
0.921953
0.922149
0.9254709999999999
0.9319649999999999
0.937011
0.9403229999999999
0.9421870000000001
0.94278
0.942024
0.939732
0.935875
0.933525
0.9333670000000001
0.9326260000000001
0.930908
0.928307
0.9292440000000001
0.934147
0.938284
0.940931
0.9423229999999999
0.942685
0.941807
0.9392159999999999
0.937517
0.937365
0.936375
0.9344620000000001
0.931739
0.9304620000000001
0.932723
0.936142
0.9384600000000001
0.939685
0.939916
0.9391579999999999
0.937317
0.9342450000000001
0.9325829999999999
0.932859
0.932572
0.931486
0.929587
0.929003
0.9318700000000001
0.935781
0.938477
0.9401889999999999
0.9410799999999999
0.941025
0.939838
0.9374040000000001
0.9364309999999999
0.9375209999999999
0.93822
0.938197
0.9373389999999999
0.938316
0.942729
0.9476110000000001
0.9512809999999999
0.954008
0.955882
0.956714
0.9562379999999999
0.954226
0.9534870000000001
0.9546530000000001
0.9549639999999999
0.9538530000000001
0.951349
0.950789
0.9538840000000001
0.9573870000000001
0.959684
0.961024
0.9616180000000001
0.9614379999999999
0.9601930000000001
0.95762
0.9566379999999999
0.9578760000000001
0.958462
0.9578200000000001
0.9558459999999999
0.9557049999999999
0.9588120000000001
0.961908
0.9636610000000001
0.9642200000000001
0.9636399999999999
0.961987
0.959169
0.9551559999999999
0.9530569999999999
0.9536040000000001
0.9540799999999999
0.9539989999999999
0.95316
0.954159
0.958616
0.9634290000000001
0.966514
0.967794
0.967403
0.9655450000000001
0.962234
0.957485
0.954284
0.9532780000000001
0.951902
0.95
0.94763
0.947499
0.9514389999999999
0.9564520000000001
0.9604219999999999
0.9632719999999999
0.964888
0.965003
0.963311
0.9623389999999999
0.9627290000000001
0.962018
0.959885
0.9565790000000001
0.9533969999999999
0.953758
0.956825
0.9592370000000001
0.9608479999999999
0.9618700000000001
0.962289
0.9618760000000001
0.9603799999999999
0.960183
0.9616180000000001
0.9620540000000001
0.961117
0.958952
0.9571219999999999
0.95836
0.9609559999999999
0.961857
0.9612790000000001
0.95981
0.957723
0.955025
0.951757
0.9506209999999999
0.9520059999999999
0.9531850000000001
0.9536190000000001
0.953084
0.953601
0.957168
0.9613299999999999
0.9637030000000001
0.964367
0.9635950000000001
0.9614450000000001
0.9578479999999999
0.952874
0.9493799999999999
0.948059
0.946575
0.94468
0.94235
0.942051
0.945592
0.949982
0.9528459999999999
0.954262
0.9544600000000001
0.9533739999999999
0.9506950000000001
0.948825
0.948247
0.946641
0.944024
0.940686
0.937767
0.938467
0.9416540000000001
0.943933
0.9453379999999999
0.9460860000000001
0.946119
0.9453729999999999
0.9437479999999999
0.9435040000000001
0.944894
0.945478
0.9450350000000001
0.943693
0.942709
0.9450280000000001
0.9491229999999999
0.9517030000000001
0.953016
0.953449
0.9530559999999999
0.951741
0.949356
0.9484370000000001
0.949649
0.950723
0.951263
0.951125
0.9517469999999999
0.955518
0.960476
0.963842
0.965918
0.966996
0.9671120000000001
0.966031
0.963383
0.961707
0.9616950000000001
0.960942
0.959051
0.95609
0.953946
0.955398
0.9586549999999999
0.960935
0.962282
0.962817
0.962569
0.9611930000000001
0.958224
0.9563299999999999
0.956227
0.955412
0.9534959999999999
0.950383
0.947799
0.948177
0.9497059999999999
0.950095
0.9495600000000001
0.9482520000000001
0.9462299999999999
0.943332
0.9418569999999999
0.9424549999999999
0.942894
0.94276
0.9420270000000001
0.9405040000000001
0.941859
0.945932
0.9484889999999999
0.9494379999999999
0.9489799999999999
0.9472360000000001
0.944312
0.940176
0.9372090000000001
0.9361659999999999
0.935011
0.933494
0.931789
0.930365
0.932652
0.937945
0.94224
0.945377
0.9474629999999999
0.948378
0.9477770000000001
0.945369
0.9437909999999999
0.943874
0.9433229999999999
0.9417610000000001
0.939235
0.93711
0.9383440000000001
0.941735
0.9444170000000001
0.9464889999999999
0.9481629999999999
0.9493739999999999
0.949692
0.951023
0.953557
0.954868
0.95465
0.953099
0.950152
0.9492709999999999
0.9510790000000001
0.9520219999999999
0.951742
0.950657
0.949016
0.946759
0.9436620000000001
0.941995
0.942313
0.942423
0.941998
0.9409790000000001
0.939091
0.9401129999999999
0.9439549999999999
0.9463229999999999
0.947205
0.9469629999999999
0.945679
0.94326
0.9397540000000001
0.937775
0.9379940000000001
0.938243
0.9382280000000001
0.9378540000000001
0.9370850000000001
0.939609
0.945089
0.94935
0.952412
0.95463
0.955938
0.9559350000000001
0.954276
0.953205
0.9533299999999999
0.9527030000000001
0.951156
0.948672
0.945304
0.9453719999999999
0.94896
0.951744
0.9536629999999999
0.954788
0.954915
0.953801
0.95131
0.949876
0.9500219999999999
0.9494459999999999
0.947728
0.944731
0.941342
0.941159
0.9434610000000001
0.9448559999999999
0.9454520000000001
0.945343
0.944468
0.942693
0.9420219999999999
0.94275
0.942826
0.9421120000000001
0.9406389999999999
0.938267
0.9378299999999999
0.9404399999999999
0.9430280000000001
0.9444610000000001
0.944945
0.9444450000000001
0.942873
0.9401799999999999
0.9384239999999999
0.938142
0.93748
0.9361219999999999
0.9340149999999999
0.9311520000000001
0.930593
0.933267
0.935926
0.9375450000000001
0.938248
0.93805
0.9369770000000001
0.9370709999999999
0.938642
0.93973
0.9400639999999999
0.9395540000000001
0.9380649999999999
0.93734
0.939409
0.942475
0.9446180000000001
0.9460120000000001
0.9466889999999999
0.946634
0.945724
0.9457
0.946908
0.947633
0.9476629999999999
0.9469420000000001
0.945413
0.9449569999999999
0.9473879999999999
0.950565
0.952414
0.952945
0.9523209999999999
0.950741
0.948125
0.94653
0.946573
0.9463090000000001
0.945378
0.943897
0.941952
0.942205
0.945651
0.9493729999999999
0.952149
0.9539719999999999
0.954799
0.954433
0.9524879999999999
0.951003
0.9506959999999999
0.949702
0.9478139999999999
0.945259
0.9420620000000001
0.940815
0.94304
0.946133
0.948583
0.9503889999999999
0.951567
0.9518110000000001
0.950673
0.9501709999999999
0.950793
0.9504469999999999
0.9488780000000001
0.9462879999999999
0.9426260000000001
0.940673
0.941844
0.9433299999999999
0.943901
0.943859
0.9434389999999999
0.9425100000000001
0.9428110000000001
0.944658
0.946097
0.94673
0.946521
0.945276
0.943599
0.9444440000000001
0.947152
0.948723
0.949155
0.94868
0.9473
0.944866
0.9432649999999999
0.9430930000000001
0.942759
0.942141
0.941362
0.940276
0.939729
0.942203
0.94632
0.9490770000000001
0.9505170000000001
0.9508770000000001
0.950102
0.9480540000000001
0.9467549999999999
0.946694
0.946031
0.9446200000000001
0.942649
0.9400930000000001
0.938735
0.940674
0.9440120000000001
0.946592
0.948451
0.94952
0.949483
0.9480370000000001
0.947131
0.947206
0.946416
0.9445969999999999
0.94179
0.937945
0.9352239999999999
0.9357059999999999
0.937325
0.9381379999999999
0.9382459999999999
0.937674
0.936248
0.9356200000000001
0.93606
0.935941
0.935277
0.9341389999999999
0.932301
0.9299930000000001
0.930419
0.933077
0.934582
0.9350860000000001
0.9348219999999999
0.9337559999999999
0.931823
0.930796
0.931032
0.9308780000000001
0.9301889999999999
0.929009
0.9273299999999999
0.925861
0.927542
0.931588
0.934893
0.9373940000000001
0.9389959999999999
0.939575
0.9390930000000001
0.939369
0.9408219999999999
0.941836
0.942206
0.941876
0.940736
0.939781
0.941579
0.94506
0.947692
0.949592
0.9508280000000001
0.9513309999999999
0.952556
0.954607
0.9559030000000001
0.9563309999999999
0.955865
0.954398
0.951881
0.9510040000000001
0.952727
0.9543010000000001
0.954767
0.954174
0.952615
0.9501950000000001
0.948498
0.9478
0.9466979999999999
0.9451120000000001
0.9430799999999999
0.940602
0.937522
0.9368620000000001
0.939166
0.941155
0.942176
0.942233
0.9413360000000001
0.939369
0.9378489999999999
0.937262
0.936351
0.934992
0.933198
0.930992
0.9281590000000001
0.927869
0.9306059999999999
0.9330430000000001
0.9348420000000001
0.936103
0.9367110000000001
0.937858
0.9396370000000001
0.940627
0.940593
0.939471
0.937334
0.934325
0.9316129999999999
0.9316270000000001
0.933365
0.934427
0.934782
0.9345399999999999
0.933693
0.93371
