1.012371
1.011574
1.011995
1.011593
1.010219
1.008033
1.005036
1.002749
1.003634
1.0060149999999999
1.00728
1.007567
1.0070629999999998
1.005727
1.003427
1.002212
1.002466
1.002106
1.0008139999999999
0.998691
0.995834
0.993785
0.9949110000000001
0.997498
0.9989399999999999
0.999316
0.998807
0.9974799999999999
0.9952770000000001
0.9942479999999999
0.994767
0.9947739999999999
0.9939690000000001
0.9923559999999999
0.9898440000000001
0.9883129999999999
0.9898969999999999
0.992647
0.99441
0.995244
0.99524
0.9943219999999999
0.994347
0.995654
0.996408
0.9964360000000001
0.995825
0.9945860000000001
0.992972
0.994439
0.9985129999999999
1.001287
1.002632
1.002789
1.0019559999999998
1.00019
0.99945
1.000103
1.00024
0.9996200000000001
0.998366
0.9965379999999999
0.99475
0.996122
0.999808
1.0023090000000001
1.0035969999999999
1.003831
1.0030299999999999
1.001185
1.000416
1.0011379999999999
1.001299
1.000586
0.999077
0.996785
0.994791
0.9960200000000001
0.999345
1.0016909999999999
1.00305
1.00356
1.003167
1.001665
1.000905
1.001204
1.0006709999999999
0.9992139999999999
0.997016
0.994086
0.9913549999999999
0.9917729999999999
0.994281
0.9957860000000001
0.9964290000000001
0.996434
0.995756
0.9942190000000001
0.993807
0.99484
0.9952
0.9945309999999999
0.992849
0.990181
0.9881719999999999
0.9893360000000001
0.992057
0.9937889999999999
0.994597
0.9945799999999999
0.993713
0.9919459999999999
0.991401
0.9924709999999999
0.993093
0.992991
0.992174
0.990519
0.9896590000000001
0.9918049999999999
0.995151
0.997347
0.998391
0.998358
0.997235
0.994973
0.993765
0.994186
0.9942719999999999
0.9936950000000001
0.9924229999999999
0.990375
0.9893879999999999
0.991509
0.9946379999999999
0.996498
0.9972219999999999
0.997044
0.995972
0.993858
0.9927870000000001
0.993158
0.9928440000000001
0.9915799999999999
0.98955
0.986858
0.9857360000000001
0.9880610000000001
0.991482
0.9939379999999999
0.995397
0.9958389999999999
0.9951270000000001
0.995158
0.9963620000000001
0.996893
0.9964959999999999
0.995257
0.993208
0.990315
0.99044
0.993664
0.995944
0.997159
0.9974870000000001
0.9969879999999999
0.9956
0.995135
0.995864
0.9959389999999999
0.995218
0.99382
0.9916729999999999
0.988906
0.989108
0.9920030000000001
0.993826
0.9946799999999999
0.994833
0.994293
0.9929450000000001
0.9927159999999999
0.9939309999999999
0.994568
0.9942790000000001
0.993087
0.991031
0.9890909999999999
0.990317
0.9937020000000001
0.996028
0.9972979999999999
0.997633
0.9970389999999999
0.995499
0.9950200000000001
0.995973
0.996411
0.9960610000000001
0.9949290000000001
0.99292
0.990951
0.991878
0.9946450000000001
0.9963129999999999
0.9969879999999999
0.9968100000000001
0.995734
0.993613
0.992453
0.992684
0.992383
0.9913559999999999
0.989675
0.9873280000000001
0.9859870000000001
0.9878899999999999
0.991152
0.993252
0.994151
0.9939520000000001
0.9926959999999999
0.990325
0.988899
0.9888610000000001
0.988247
0.9868370000000001
0.9847629999999999
0.9821059999999999
0.980621
0.982506
0.985848
0.988195
0.989525
0.989857
0.989081
0.9871139999999999
0.986102
0.9865139999999999
0.98631
0.985165
0.983133
0.9802290000000001
0.978252
0.9795719999999999
0.982434
0.984467
0.985692
0.98618
0.985821
0.9863559999999999
0.9879819999999999
0.9887379999999999
0.988384
0.9871219999999999
0.985075
0.982252
0.982507
0.9858469999999999
0.9881700000000001
0.989403
0.989842
0.989608
0.9886450000000001
0.98877
0.990283
0.9912770000000001
0.9914379999999999
0.990777
0.989233
0.9870180000000001
0.9877739999999999
0.99121
0.993481
0.9945620000000001
0.9946879999999999
0.993927
0.9922770000000001
0.9917590000000001
0.9927819999999999
0.993398
0.9933069999999999
0.9925360000000001
0.9910059999999999
0.989276
0.990411
0.993643
0.99571
0.9966649999999999
0.9966200000000001
0.995524
0.993266
0.991769
0.9914850000000001
0.990676
0.9892059999999999
0.987158
0.984497
0.9819969999999999
0.982678
0.985563
0.9873059999999999
0.987844
0.987353
0.985925
0.983512
0.982081
0.982049
0.981498
0.980166
0.978153
0.975558
0.973823
0.9754790000000001
0.9790280000000001
0.981749
0.9835959999999999
0.984574
0.984527
0.9851540000000001
0.986768
0.987662
0.9876889999999999
0.9869680000000001
0.9855649999999999
0.9834459999999999
0.983663
0.986901
0.989927
0.991992
0.9932030000000001
0.9935889999999999
0.993088
0.9934299999999999
0.994876
0.9955930000000001
0.995303
0.9941209999999999
0.9921530000000001
0.9893280000000001
0.9890049999999999
0.9916209999999999
0.9935809999999999
0.9944350000000001
0.994439
0.993778
0.9924709999999999
0.9923360000000001
0.9936520000000001
0.994501
0.994524
0.9936729999999999
0.991872
0.9891059999999999
0.9892799999999999
0.992448
0.994584
0.995624
0.995771
0.995043
0.99335
0.992518
0.9929479999999999
0.9928680000000001
0.9920209999999999
0.990475
0.988226
0.9851209999999999
0.9848870000000001
0.987577
0.9892049999999999
0.989766
0.989499
0.988401
0.9863639999999999
0.9852479999999999
0.9854129999999999
0.9850559999999999
0.984044
0.982517
0.98045
0.9783879999999999
0.979527
0.983152
0.9857739999999999
0.9872989999999999
0.987821
0.98736
0.985917
0.985458
0.986346
0.9866959999999999
0.9862780000000001
0.985143
0.983276
0.981483
0.9828950000000001
0.986642
0.989418
0.991174
0.991985
0.9917520000000001
0.9903190000000001
0.989663
0.9903129999999999
0.9904459999999999
0.989758
0.988253
0.985907
0.983554
0.984274
0.987247
0.9893370000000001
0.990542
0.990944
0.990477
0.9908399999999999
0.992275
0.9929479999999999
0.992559
0.9912280000000001
0.989131
0.986331
0.985426
0.987606
0.9901340000000001
0.991692
0.9923709999999999
0.9923120000000001
0.99154
0.991735
0.993159
0.994088
0.9942559999999999
0.9936790000000001
0.992291
0.989927
0.9892299999999999
0.991468
0.9939129999999999
0.995353
0.995916
0.9956940000000001
0.994634
0.9945219999999999
0.995763
0.996633
0.9968290000000001
0.996348
0.9951409999999999
0.993044
0.993194
0.99615
0.9985459999999999
0.999858
1.0002719999999998
0.9997510000000001
0.998152
0.9972409999999999
0.997391
0.9969129999999999
0.9956969999999999
0.9939120000000001
0.9915649999999999
0.988519
0.9883120000000001
0.991246
0.993474
0.9945350000000001
0.994504
0.993416
0.991293
0.9900389999999999
0.990038
0.98951
0.9882340000000001
0.986259
0.983599
0.9805299999999999
0.980765
0.9841129999999999
0.9867520000000001
0.9885950000000001
0.989717
0.9899979999999999
0.989224
0.9891620000000001
0.990201
0.990626
0.990273
0.9892129999999999
0.987442
0.9851549999999999
0.985936
0.9895440000000001
0.992244
0.9940370000000001
0.995066
0.995296
0.994611
0.9948520000000001
0.996339
0.997168
0.997088
0.9962280000000001
0.9945809999999999
0.99236
0.9930450000000001
0.996308
0.9984700000000001
0.999553
0.9998100000000001
0.999308
0.997927
0.9975129999999999
0.998409
0.9987149999999999
0.9981270000000001
0.9966450000000001
0.9942290000000001
0.991392
0.9916780000000001
0.994659
0.996727
0.9978040000000001
0.997985
0.997184
0.9952850000000001
0.9942709999999999
0.994648
0.9946200000000001
0.9939399999999999
0.99265
0.990677
0.988345
0.988972
0.9920129999999999
0.9938959999999999
0.994699
0.9946379999999999
0.9937030000000001
0.99359
0.994607
0.995033
0.9946290000000001
0.9935229999999999
0.991791
0.989376
0.988482
0.9905930000000001
0.9932850000000001
0.994865
0.9953420000000001
0.9948309999999999
0.9934200000000001
0.9928600000000001
0.993417
0.993376
0.992556
0.991108
0.9891139999999999
0.986559
0.986295
0.9891979999999999
0.992125
0.9939889999999999
0.9948940000000001
0.994877
0.9938540000000001
0.9935860000000001
0.994469
0.994858
0.994569
0.9936530000000001
0.992093
0.9897600000000001
0.990007
0.9932489999999999
0.9959540000000001
0.997782
0.9989290000000001
0.9993850000000001
0.9989819999999999
0.9993799999999999
1.000788
1.001319
1.000699
0.999086
0.996663
0.9934559999999999
0.993032
0.995762
0.9979
0.9990319999999999
0.99929
0.998725
0.997275
0.9967799999999999
0.997598
0.9979040000000001
0.997444
0.9962260000000001
0.994168
0.991326
0.9914780000000001
0.9945370000000001
0.996548
0.997445
0.99744
0.996591
0.994872
0.994218
0.9950549999999999
0.9955309999999999
0.9953270000000001
0.994449
0.992836
0.990346
0.990733
0.9939899999999999
0.996139
0.997243
0.9975229999999999
0.9969530000000001
0.9954139999999999
0.994727
0.9952489999999999
0.9952139999999999
0.994477
0.9932059999999999
0.9914209999999999
0.989122
0.9900129999999999
0.993935
0.9968299999999999
0.9985360000000001
0.9991540000000001
0.998717
0.9990180000000001
1.000428
1.001258
1.0012590000000001
1.000484
0.998933
0.996567
0.9953620000000001
0.997199
1.000059
1.002005
1.003092
1.0033889999999999
1.002807
1.002924
1.004027
1.004528
1.004238
1.003191
1.001372
0.998698
0.997334
0.9989319999999999
1.0012809999999999
1.002753
1.003412
1.003303
1.002373
1.002342
1.0035049999999999
1.004086
1.003787
1.002702
1.000936
0.9984299999999999
0.99771
0.9999549999999999
1.002424
1.00383
1.004291
1.003954
1.002843
1.002681
1.003773
1.004371
1.004171
1.003153
1.00125
0.9983420000000001
0.9972260000000001
0.999175
1.001406
1.002746
1.003263
1.002952
1.001665
1.0011510000000001
1.001818
1.001978
1.00142
1.000213
0.998366
0.9957719999999999
0.995699
0.9986370000000001
1.0010940000000002
1.002579
1.003244
1.0030370000000002
1.001831
1.001451
1.002289
1.0026
1.00223
1.001307
0.999799
0.997525
0.9978239999999999
1.001172
1.0039559999999998
1.005588
1.006155
1.005719
1.004319
1.003819
1.004579
1.004833
1.0043229999999999
1.0030629999999998
1.00104
0.998245
0.9982690000000001
1.001599
1.004553
1.0066110000000001
1.007818
1.00806
1.007134
1.0068030000000001
1.007485
1.0075180000000001
1.006744
1.00524
1.0030219999999999
1.0000200000000001
0.999927
1.003009
1.005434
1.006975
1.007757
1.007736
1.006783
1.006689
1.007741
1.008037
1.007333
1.00578
1.003422
1.000127
0.999725
1.002402
1.004169
1.0049270000000001
1.004923
1.004217
1.002689
1.002126
1.002858
1.003026
1.002329
1.000759
0.998266
0.994972
0.9947590000000001
0.9975639999999999
0.999398
1.00017
1.0000229999999999
0.998936
0.998603
0.999439
0.999893
0.999782
0.9991680000000001
0.9980469999999999
0.996295
0.995667
0.997851
1.000728
1.002361
1.002926
1.0026190000000001
1.001455
1.0011290000000002
1.001958
1.002262
1.001827
1.0008110000000001
0.999301
0.9971969999999999
0.99677
0.9994219999999999
1.002612
1.004738
1.005827
1.0059850000000001
1.005264
1.005447
1.006792
1.007488
1.007306
1.006358
1.004717
1.0023799999999998
1.002284
1.005311
1.00832
1.010291
1.011313
1.011375
1.010318
1.0098260000000001
1.010282
1.0100879999999999
1.009107
1.007431
1.0050780000000001
1.001947
1.0009190000000001
1.00291
1.0049059999999999
1.006041
1.006451
1.006132
1.004937
1.004581
1.005327
1.005326
1.004313
1.002434
0.9998469999999999
0.996556
0.995975
0.998598
1.000844
1.002168
1.00268
1.0024170000000001
1.001327
1.0012
1.002371
1.003044
1.002956
1.002104
1.000405
0.9977600000000001
0.9977290000000001
1.000785
1.003221
1.004565
1.004992
1.004557
1.003227
1.0029
1.004016
1.004757
1.004774
1.004032
1.002461
0.999901
1.000008
1.002997
1.005045
1.006057
1.006269
1.0056770000000002
1.004175
1.003606
1.004304
1.004421
1.003781
1.002549
1.0007620000000002
0.998439
0.9993110000000001
1.003219
1.006067
1.0076690000000001
1.0081129999999998
1.007442
1.0057049999999998
1.004879
1.005369
1.005357
1.0046
1.003126
1.000909
0.9980620000000001
0.9983860000000001
1.001747
1.004153
1.005524
1.00599
1.005487
1.003859
1.003015
1.003434
1.003283
1.002248
1.000353
0.997626
0.994384
0.994281
0.9970969999999999
0.9991059999999999
1.000214
1.0004879999999998
0.999866
1.000024
1.001218
1.00167
1.001112
0.9996860000000001
0.9975790000000001
0.994828
0.9934940000000001
0.9951780000000001
0.997605
0.9989469999999999
0.999266
0.998764
0.99756
0.9974059999999999
0.998604
0.999432
0.9995860000000001
0.9990479999999999
0.997726
0.9954459999999999
0.994706
0.996908
0.9994790000000001
1.001075
1.001829
1.001836
1.001026
1.00116
1.0025979999999999
1.003588
1.003859
1.003456
1.002381
1.000516
1.0009379999999999
1.004245
1.007099
1.008874
1.00973
1.009622
1.008408
1.007867
1.008376
1.0082280000000001
1.007309
1.005789
1.003666
1.0007780000000002
1.000373
1.002998
1.0051139999999998
1.006057
1.005934
1.004818
1.002742
1.001583
1.00169
1.001249
1.0000120000000001
0.998016
0.9952709999999999
0.9917809999999999
0.991426
0.9944270000000001
0.9968299999999999
0.998431
0.9993049999999999
0.9993299999999999
0.998288
0.9979180000000001
0.998619
0.998734
0.9981209999999999
0.996864
0.994958
0.992284
0.992516
0.995851
0.998423
1.000065
1.000936
1.001024
1.0002280000000001
0.9984120000000001
0.995449
0.991266
0.9858610000000001
0.9823649999999999
0.9813639999999999
0.9797399999999999
0.9768899999999999
0.972909
0.972916
0.977145
0.980519
0.982835
0.9841129999999999
0.9841620000000001
0.982814
0.9800030000000001
0.975642
0.972683
0.9715469999999999
0.9692959999999999
0.965834
0.961607
0.960874
0.9643790000000001
0.9676389999999999
0.9693719999999999
0.969456
0.96791
0.9647540000000001
0.959974
0.9536110000000001
0.9486600000000001
0.9457770000000001
0.942269
0.9378040000000001
0.932523
0.9302290000000001
0.931889
0.9334049999999999
0.9334479999999999
0.932193
0.9299440000000001
0.926884
0.9230799999999999
0.921264
0.921882
0.922175
0.921676
0.9203899999999999
0.920717
0.924428
0.928768
0.9315690000000001
0.932975
0.9332739999999999
0.932625
0.9310860000000001
0.928594
0.925034
0.9232
0.9237780000000001
0.924158
0.923823
0.922575
0.9244190000000001
0.9294459999999999
0.932894
0.9341870000000001
0.933638
0.931544
0.92811
0.9234030000000001
0.9174040000000001
0.913222
0.911431
0.909027
0.905648
0.90228
0.902847
0.9063959999999999
0.9086850000000001
0.9095549999999999
0.909117
0.907274
0.903751
0.8982469999999999
0.890705
0.8844790000000001
0.8804690000000001
0.875918
0.8705719999999999
0.8661049999999999
0.865848
0.868159
0.86936
0.869223
0.86785
0.8653139999999999
0.8616010000000001
0.8566379999999999
0.853311
0.8521700000000001
0.8504729999999999
0.8479190000000001
0.845086
0.8455950000000001
0.848628
0.8500409999999999
0.84985
0.848527
0.846442
0.84377
0.840516
0.8365870000000001
0.8347760000000001
0.835521
0.83591
0.835385
0.835059
0.838126
0.8432139999999999
0.8467120000000001
0.848549
0.8490260000000001
0.8483510000000001
0.846599
0.8438120000000001
0.8400540000000001
0.8384799999999999
0.839706
0.840714
0.840922
0.842247
0.8470549999999999
0.852929
0.856934
0.85915
0.859992
0.859676
0.858118
0.8550969999999999
0.850442
0.847267
0.8462569999999999
0.844456
0.841406
0.839248
0.840701
0.8436620000000001
0.845318
0.8456549999999999
0.8447889999999999
0.8426600000000001
0.8391209999999999
0.8340639999999999
0.8303200000000001
0.8283709999999999
0.8254549999999999
0.8213159999999999
0.817136
0.816497
0.818434
0.819233
0.8187810000000001
0.8172699999999999
0.814812
0.811429
0.8070609999999999
0.801635
0.797949
0.796659
0.795138
0.792836
0.790935
0.792369
0.795663
0.797553
0.798075
0.797569
0.796296
0.794369
0.791741
0.790953
0.792337
0.793135
0.792813
0.791929
0.794219
0.79915
0.802794
0.805042
0.806183
0.806473
0.806054
0.804848
0.8026310000000001
0.801992
0.8033680000000001
0.804045
0.803586
0.803307
0.806239
0.810868
0.8138350000000001
0.815243
0.815476
0.814735
0.8130539999999999
0.810369
0.8066399999999999
0.804838
0.805469
0.805567
0.804605
0.804473
0.807623
0.811917
0.814554
0.8155600000000001
0.815195
0.813638
0.810932
0.806949
0.801517
0.797401
0.7952100000000001
0.792407
0.788784
0.786007
0.787046
0.790334
0.792693
0.793977
0.794248
0.793419
0.791251
0.787486
0.784591
0.783154
0.780863
0.777469
0.773343
0.772517
0.774961
0.7767229999999999
0.7777810000000001
0.778378
0.778637
0.778521
0.777802
0.776137
0.7757649999999999
0.776967
0.777238
0.7762760000000001
0.774917
0.776601
0.780511
0.783049
0.7843899999999999
0.785032
0.785225
0.784937
0.783998
0.782234
0.78222
0.784323
0.7857649999999999
0.785971
0.786315
0.789687
0.794593
0.79794
0.799737
0.800268
0.799714
0.7981
0.795341
0.791341
0.788849
0.788446
0.787502
0.785586
0.784457
0.786838
0.79087
0.793572
0.7949189999999999
0.7951550000000001
0.794316
0.7922
0.78856
0.783287
0.779224
0.7771100000000001
0.7744840000000001
0.771055
0.768814
0.7704270000000001
0.7739729999999999
0.77662
0.778245
0.778864
0.7783640000000001
0.7766029999999999
0.773501
0.771483
0.77098
0.769663
0.767309
0.764215
0.764542
0.7683399999999999
0.771408
0.7735529999999999
0.774894
0.775428
0.77504
0.773529
0.770692
0.768935
0.768894
0.768366
0.766996
0.7653439999999999
0.767113
0.771806
0.775562
0.778246
0.780007
0.7809010000000001
0.780859
0.7797189999999999
0.7797310000000001
0.781259
0.781922
0.781367
0.7797229999999999
0.780957
0.785528
0.789435
0.792181
0.793948
0.794894
0.79506
0.794298
0.7923439999999999
0.788992
0.786836
0.786453
0.7853640000000001
0.7831739999999999
0.7814909999999999
0.783126
0.7864
0.788373
0.789146
0.788933
0.787763
0.785553
0.7822439999999999
0.7803939999999999
0.7804909999999999
0.780058
0.7787189999999999
0.776779
0.7780630000000001
0.782304
0.78541
0.7871670000000001
0.78767
0.786989
0.7851560000000001
0.7820550000000001
0.777497
0.7738
0.7716310000000001
0.7690819999999999
0.766117
0.7629520000000001
0.763695
0.768249
0.772071
0.7747729999999999
0.776356
0.7767569999999999
0.775859
0.773621
0.7701479999999999
0.768048
0.767874
0.7672899999999999
0.7659779999999999
0.76474
0.767135
0.772417
0.776794
0.780157
0.782736
0.7846069999999999
0.785626
0.785502
0.786253
0.788165
0.789047
0.788723
0.787351
0.787872
0.791508
0.7952739999999999
0.797896
0.799512
0.8002560000000001
0.800111
0.7989609999999999
0.79664
0.793034
0.790773
0.790496
0.789775
0.788151
0.786706
0.788606
0.792559
0.795044
0.796034
0.795814
0.7945720000000001
0.792411
0.789353
0.787841
0.788315
0.788366
0.7876
0.785999
0.7869520000000001
0.790984
0.794499
0.796894
0.798291
0.7986340000000001
0.7977479999999999
0.795446
0.791643
0.788664
0.787187
0.785327
0.782938
0.7801359999999999
0.779921
0.78322
0.786633
0.788742
0.789539
0.7891630000000001
0.7877569999999999
0.7853829999999999
0.7820560000000001
0.780284
0.780617
0.7807390000000001
0.7802859999999999
0.779245
0.7815449999999999
0.787093
0.791572
0.794858
0.797197
0.7987
0.79929
0.7987569999999999
0.796927
0.796221
0.7971590000000001
0.797428
0.796694
0.79501
0.7963439999999999
0.801094
0.8051470000000001
0.8079930000000001
0.809725
0.810354
0.809759
0.807766
0.804267
0.8018029999999999
0.801038
0.79978
0.797729
0.794862
0.7952
0.7986770000000001
0.800982
0.8021189999999999
0.802404
0.801949
0.800719
0.7986
0.795471
0.793748
0.7938270000000001
0.793205
0.7914439999999999
0.78859
0.78893
0.79264
0.7953720000000001
0.796971
0.797656
0.7975369999999999
0.796632
0.7948729999999999
0.792185
0.791004
0.7918390000000001
0.7923359999999999
0.792025
0.790771
0.7922710000000001
0.796717
0.800006
0.801786
0.802345
0.801845
0.8003359999999999
0.7978109999999999
0.794299
0.792429
0.7927649999999999
0.792837
0.792169
0.79086
0.792852
0.7979390000000001
0.801804
0.804242
0.805471
0.805661
0.8047810000000001
0.802625
0.801383
0.801507
0.8008930000000001
0.799452
0.797381
0.797435
0.8009069999999999
0.804913
0.807913
0.809843
0.8106800000000001
0.810338
0.8086869999999999
0.805658
0.803604
0.803108
0.802076
0.800234
0.797603
0.796916
0.799474
0.802354
0.80412
0.804974
0.805145
0.804666
0.803424
0.8012560000000001
0.8004020000000001
0.801284
0.801664
0.8011689999999999
0.799706
0.800294
0.8039229999999999
0.807439
0.809925
0.8116399999999999
0.812692
0.812987
0.8123279999999999
0.810513
0.8097880000000001
0.8105899999999999
0.810649
0.809604
0.8075180000000001
0.807633
0.8110390000000001
0.814422
0.816601
0.817713
0.817917
0.817257
0.815646
0.812955
0.8115979999999999
0.812067
0.811983
0.810914
0.808802
0.809045
0.812359
0.815189
0.816856
0.81762
0.817581
0.8166770000000001
0.814756
0.811706
0.80997
0.8101010000000001
0.809823
0.8087880000000001
0.806995
0.807794
0.811905
0.81565
0.8180189999999999
0.8191609999999999
0.819274
0.818376
0.816322
0.813009
0.810872
0.810557
0.809956
0.808764
0.806916
0.807705
0.811883
0.815841
0.818604
0.8202719999999999
0.820881
0.820334
0.818522
0.8154239999999999
0.813503
0.813249
0.812357
0.810521
0.807855
0.808196
0.812243
0.8161510000000001
0.8192
0.821472
0.822916
0.823313
0.8223889999999999
0.819952
0.818497
0.818685
0.8182649999999999
0.816876
0.8145220000000001
0.815012
0.818955
0.822473
0.8249489999999999
0.82649
0.827133
0.826822
0.825435
0.822842
0.8214739999999999
0.821768
0.8212709999999999
0.8196319999999999
0.8169770000000001
0.8172149999999999
0.820817
0.823734
0.825391
0.826016
0.825801
0.824757
0.8227610000000001
0.819708
0.8180890000000001
0.818384
0.818155
0.817001
0.814896
0.8157810000000001
0.8199639999999999
0.8232780000000001
0.825283
0.8261069999999999
0.8258129999999999
0.824383
0.8217760000000001
0.818032
0.815774
0.815576
0.81506
0.813855
0.811924
0.813293
0.818016
0.821615
0.8237700000000001
0.8247629999999999
0.8247200000000001
0.8235389999999999
0.821048
0.817172
0.8145819999999999
0.813984
0.813051
0.81142
0.809217
0.8106180000000001
0.815516
0.819398
0.821984
0.823357
0.823506
0.8223860000000001
0.8199770000000001
0.816261
0.813866
0.8133819999999999
0.812396
0.81061
0.808524
0.810122
0.81499
0.818866
0.821542
0.8231360000000001
0.82365
0.8229780000000001
0.820953
0.817451
0.8151609999999999
0.814761
0.813813
0.811926
0.809593
0.810663
0.8146770000000001
0.817621
0.8194229999999999
0.820277
0.820248
0.8192649999999999
0.8171649999999999
0.813796
0.811752
0.8115220000000001
0.810599
0.808705
0.806549
0.807775
0.811665
0.814264
0.815559
0.815893
0.815412
0.814041
0.811641
0.808139
0.806217
0.806387
0.806014
0.804605
0.802868
0.80437
0.808392
0.811161
0.812555
0.812787
0.81198
0.810167
0.8073560000000001
0.803553
0.801485
0.801711
0.801613
0.8007
0.799876
0.802401
0.807161
0.8105600000000001
0.8125939999999999
0.8134899999999999
0.813268
0.811846
0.8091619999999999
0.80528
0.803109
0.803265
0.803072
0.802063
0.801451
0.80438
0.809493
0.813261
0.815503
0.816329
0.81584
0.814116
0.8111430000000001
0.806873
0.8041149999999999
0.803469
0.802342
0.800409
0.799118
0.801521
0.806149
0.809657
0.811888
0.812936
0.812802
0.811371
0.808488
0.804114
0.801149
0.800216
0.7986439999999999
0.796036
0.793916
0.7953899999999999
0.7990659999999999
0.801765
0.803401
0.804126
0.8039729999999999
0.8028270000000001
0.8004939999999999
0.799372
0.799829
0.799392
0.79783
0.795263
0.7958149999999999
0.7995359999999999
0.802111
0.803478
0.803942
0.8036479999999999
0.8025939999999999
0.8006949999999999
0.7978390000000001
0.796487
0.797083
0.797142
0.796229
0.794596
0.796139
0.800562
0.803646
0.805225
0.8055770000000001
0.8049430000000001
0.803473
0.801225
0.798193
0.797029
0.7982090000000001
0.799077
0.7991010000000001
0.7989729999999999
0.802048
0.807347
0.811046
0.813107
0.813913
0.813671
0.812325
0.809701
0.8056800000000001
0.8029729999999999
0.802247
0.801057
0.7990510000000001
0.797154
0.798856
0.803214
0.8064279999999999
0.808295
0.80892
0.8083670000000001
0.806643
0.80362
0.799129
0.79586
0.794465
0.792538
0.789858
0.787749
0.789323
0.793275
0.7962670000000001
0.798238
0.799341
0.799565
0.798737
0.7966260000000001
0.793126
0.791011
0.7908689999999999
0.790103
0.788317
0.786758
0.788702
0.793037
0.796426
0.798813
0.800381
0.801141
0.8009310000000001
0.7995270000000001
0.796773
0.7953180000000001
0.795658
0.7952199999999999
0.793696
0.792457
0.794624
0.798847
0.801804
0.803517
0.804296
0.804265
0.8033359999999999
0.801345
0.798162
0.79651
0.796863
0.796449
0.794774
0.793538
0.795752
0.799813
0.802617
0.804078
0.804413
0.8037880000000001
0.802222
0.7995760000000001
0.798262
0.798712
0.7984939999999999
0.7973
0.795176
0.7962640000000001
0.800561
0.8036
0.805186
0.805559
0.804848
0.803046
0.8000970000000001
0.795966
0.7932100000000001
0.7924770000000001
0.7915270000000001
0.790065
0.788315
0.790185
0.79528
0.799121
0.8014439999999999
0.8024180000000001
0.8021520000000001
0.80071
0.798153
0.794499
0.792338
0.7921819999999999
0.791567
0.790193
0.788941
0.791375
0.7966479999999999
0.800906
0.8040109999999999
0.806124
0.807247
0.807183
0.8056270000000001
0.802409
0.800231
0.799723
0.7984060000000001
0.795949
0.793377
0.794405
0.798303
0.801339
0.803346
0.804462
0.804715
0.803963
0.8042630000000001
0.805833
0.806343
0.805476
0.803426
0.8023319999999999
0.8042520000000001
0.807186
0.809024
0.809801
0.809716
0.810545
0.812709
0.814638
0.815966
0.816645
0.816716
0.816234
0.818096
0.822659
0.8266549999999999
0.829274
0.830523
0.830551
0.829542
0.829133
0.8298110000000001
0.8303969999999999
0.8308709999999999
0.8314030000000001
0.831988
0.832419
0.835569
0.841506
0.846601
0.8502059999999999
0.852466
0.853698
0.854233
0.855769
0.858525
0.8607940000000001
0.862173
0.862682
0.862399
0.8614229999999999
0.863089
0.867294
0.870561
0.8729450000000001
0.874692
0.875812
0.876079
0.876767
0.8779889999999999
0.8781770000000001
0.877122
0.874949
0.871808
0.868182
0.867389
0.8691959999999999
0.870351
0.8708809999999999
0.8709809999999999
0.8706379999999999
0.871181
0.872733
0.873714
0.8738370000000001
0.873239
0.872135
0.870566
0.870554
0.873194
0.8762120000000001
0.878396
0.8800020000000001
0.8812540000000001
0.8821549999999999
0.883975
0.886877
0.8894559999999999
0.8914989999999999
0.8930549999999999
0.8940799999999999
0.8943709999999999
0.894763
0.897758
0.902458
0.9063540000000001
0.909485
0.9119870000000001
0.913831
0.916342
0.9198620000000001
0.9231459999999999
0.9259639999999999
0.928261
0.9298870000000001
0.930587
0.9308629999999999
0.933483
0.937847
0.9412360000000001
0.943844
0.945875
0.947242
0.947742
0.948846
0.950816
0.952095
0.952492
0.952047
0.950709
0.948428
0.948161
0.95101
0.9540649999999999
0.9562450000000001
0.957521
0.9578549999999999
0.9571
0.956725
0.9570639999999999
0.956678
0.9554370000000001
0.953509
0.95104
0.948044
0.9465879999999999
0.948317
0.9510559999999999
0.9529690000000001
0.9538989999999999
0.953732
0.952358
0.951324
0.951154
0.950584
0.949414
0.9476709999999999
0.945355
0.9424110000000001
0.9405899999999999
0.942105
0.9453030000000001
0.947975
0.950008
0.951356
0.953225
0.955794
0.957743
0.958901
0.9594010000000001
0.95931
0.9585809999999999
0.957159
0.9582510000000001
0.9623879999999999
0.966283
0.9694200000000001
0.971891
0.9736540000000001
0.974598
0.976253
0.978929
0.98106
0.9823280000000001
0.982707
0.982215
0.980883
0.981124
0.9844649999999999
0.988469
0.991525
0.993603
0.994734
0.994935
0.995934
0.998082
0.9997209999999999
1.0005819999999999
1.00068
1.000003
0.9984860000000001
0.998425
1.001447
1.005184
1.007849
1.009315
1.009554
1.008515
1.0078559999999999
1.008094
1.007865
1.007013
1.0056200000000002
1.00373
1.001267
0.9994629999999999
1.000566
1.00305
1.0043790000000001
1.004625
1.003949
1.002357
1.001468
1.001679
1.0014969999999999
1.0007270000000001
0.999511
0.997923
0.9958819999999999
0.994718
0.996692
1.000284
1.002967
1.004632
1.0052969999999999
1.0049649999999999
1.0053040000000002
1.006726
1.00773
1.008092
1.0078610000000001
1.007026
1.0055020000000001
1.004556
1.006666
1.0104870000000001
1.01339
1.015297
1.0162309999999999
1.0161
1.01652
1.017919
1.018844
1.0191
1.018667
1.017492
1.015487
1.014421
1.016275
1.019221
1.0212459999999999
1.022361
1.022594
1.0218969999999998
1.0220129999999998
1.0232860000000001
1.023983
1.0238180000000001
1.0228899999999999
1.021326
1.019098
1.018148
1.020189
1.02305
1.024801
1.0254809999999999
1.025274
1.0242879999999999
1.022521
1.021941
1.0229709999999999
1.023687
1.023683
1.022852
1.021115
1.018593
1.019132
1.022622
1.025068
1.026433
1.0269
1.0264959999999999
1.025217
1.0251139999999999
1.026571
1.027542
1.027639
1.026858
1.025169
1.022467
1.022567
1.025678
1.027888
1.02906
1.029298
1.028584
1.026845
1.026011
1.026513
1.026572
1.0260129999999998
1.024893
1.0231700000000001
1.020702
1.0211629999999998
1.0246540000000002
1.0271219999999999
1.028354
1.028669
1.0281959999999999
1.026865
1.026623
1.0278559999999999
1.028612
1.028592
1.027881
1.0265090000000001
1.024348
1.025192
1.029148
1.032148
1.034014
1.034853
1.0346309999999999
1.033311
1.032928
1.0339040000000002
1.034301
1.033844
1.032592
1.030515
1.027542
1.027614
1.031001
1.033655
1.035333
1.036167
1.0361120000000001
1.034991
1.03467
1.035462
1.035442
1.0344440000000001
1.032599
1.029909
1.026455
1.0261069999999999
1.028784
1.0305
1.031296
1.031412
1.030834
1.02941
1.02905
1.0300280000000002
1.03025
1.0293700000000001
1.0274969999999999
1.024767
1.021503
1.0213379999999999
1.023951
1.025496
1.0259610000000001
1.025563
1.024407
1.02247
1.021708
1.022455
1.022724
1.022224
1.020959
1.01883
1.0162799999999999
1.0167329999999999
1.019701
1.021655
1.022577
1.022637
1.021834
1.020039
1.0192860000000001
1.020065
1.020459
1.020203
1.019332
1.017799
1.016471
1.01829
1.022134
1.024738
1.026138
1.026578
1.0260799999999999
1.024494
1.0238610000000001
1.024576
1.0245799999999998
1.023639
1.021936
1.019555
1.017752
1.01929
1.022797
1.025269
1.026632
1.026925
1.02611
1.024159
1.023192
1.0235670000000001
1.0231940000000002
1.021834
1.019611
1.0166
1.014282
1.01538
1.018375
1.020371
1.021356
1.0214159999999999
1.020455
1.0182799999999999
1.01693
1.016879
1.0162209999999998
1.014778
1.0126190000000002
1.009736
1.007603
1.0087190000000001
1.011476
1.013261
1.014183
1.0143520000000001
1.0136889999999998
1.012029
1.011411
1.012176
1.0121790000000002
1.011111
1.009103
1.00629
1.004627
1.006306
1.009301
1.011236
1.012129
1.012091
1.011147
1.011263
1.012737
1.0135809999999998
1.0135290000000001
1.012644
1.010904
1.0083389999999999
1.008748
1.012083
1.014313
1.015283
1.015151
1.014
1.011843
1.0107059999999999
1.011064
1.0110620000000001
1.0104360000000001
1.00924
1.007447
1.005449
1.006519
1.009937
1.0119770000000001
1.012684
1.012417
1.0113290000000001
1.009375
1.008566
1.0092709999999998
1.009469
1.0089270000000001
1.007835
1.006262
1.005149
1.007328
1.011601
1.014751
1.016699
1.017518
1.017131
1.015444
1.014553
1.014928
1.014625
1.0134370000000001
1.011483
1.008764
1.006332
1.007185
1.0102200000000001
1.0123
1.013416
1.013683
1.013002
1.0111459999999999
1.010122
1.010371
1.009943
1.008633
1.0064739999999999
1.003427
1.0011709999999998
1.002083
1.004459
1.005962
1.006721
1.0068
1.0060850000000001
1.004413
1.003851
1.004759
1.005007
1.0042870000000002
1.002705
1.000341
0.9988670000000001
1.0005700000000002
1.003635
1.005552
1.006348
1.006173
1.005121
1.003203
1.002576
1.003694
1.004477
1.004541
1.003789
1.002055
1.001001
1.0029059999999999
1.0060129999999998
1.008017
1.008997
1.009072
1.008191
1.006204
1.005296
1.005992
1.006212
1.005632
1.004286
1.002159
1.001433
1.0039209999999998
1.007199
1.0092709999999998
1.010297
1.0103790000000001
1.0093860000000001
1.007152
1.005875
1.006046
1.005629
1.004466
1.002659
1.000119
0.999026
1.00115
1.004025
1.0056459999999998
1.0060440000000002
1.005296
1.003434
1.000506
0.9987860000000001
0.99871
0.998124
0.9966959999999999
0.994426
0.991309
0.9899110000000001
0.991957
0.99482
0.996704
0.9976659999999999
0.997711
0.996683
0.9964719999999999
0.997374
0.9974569999999999
0.996613
0.995035
0.992778
0.990424
0.991266
0.9946010000000001
0.996878
0.9981110000000001
0.998508
0.9980889999999999
0.996793
0.9965940000000001
0.9978030000000001
0.998373
0.997966
0.9965860000000001
0.9942270000000001
0.991928
0.992661
0.9953129999999999
0.9967739999999999
0.997133
0.9966280000000001
0.9953790000000001
0.993431
0.9928899999999999
0.994065
0.9948030000000001
0.994741
0.9938540000000001
0.992036
0.990876
0.9926649999999999
0.995685
0.9975510000000001
0.998293
0.998006
0.9966700000000001
0.994186
0.9926649999999999
0.9926299999999999
0.992152
0.9909870000000001
0.9891969999999999
0.986759
0.985434
0.9872799999999999
0.990209
0.991819
0.9922120000000001
0.991625
0.990087
0.9874639999999999
0.9858879999999999
0.9857879999999999
0.9850530000000001
0.983461
0.981218
0.978405
0.9774940000000001
0.980038
0.9833790000000001
0.9857870000000001
0.9872920000000001
0.987885
0.987411
0.9877729999999999
0.9893430000000001
0.9901840000000001
0.990035
0.9890120000000001
0.9871770000000001
0.98485
0.985559
0.989016
0.991527
0.993017
0.993667
0.993524
0.9924959999999999
0.9923850000000001
0.9934430000000001
0.993732
0.9930379999999999
0.991542
0.989274
0.98655
0.9867379999999999
0.989326
0.990682
0.990909
0.990391
0.989297
0.9875719999999999
0.987131
0.988265
0.988908
0.9886659999999999
0.9875149999999999
0.985461
0.983635
0.984908
0.9880909999999999
0.990159
0.9911760000000001
0.9913200000000001
0.990598
0.988936
0.988258
0.988884
0.9888680000000001
0.987991
0.986355
0.98393
0.981714
0.982476
0.985072
0.986605
0.98716
0.9868540000000001
0.985632
0.983344
0.9819950000000001
0.9820399999999999
0.981605
0.9805149999999999
0.978826
0.976483
0.9753200000000001
0.977356
0.980498
0.9824709999999999
0.983324
0.9832129999999999
0.9822040000000001
0.98219
0.98344
0.9840409999999999
0.9837670000000001
0.982725
0.9809950000000001
0.9786100000000001
0.979292
0.983142
0.986174
0.9881280000000001
0.9891129999999999
0.989087
0.987907
0.9872879999999999
0.9875959999999999
0.987215
0.9860549999999999
0.984253
0.981828
0.978642
0.9784
0.981215
0.983173
0.984247
0.984682
0.9845139999999999
0.9836219999999999
0.9837739999999999
0.985188
0.985883
0.9855889999999999
0.984455
0.982517
0.980184
0.980786
0.9838690000000001
0.9860049999999999
0.987289
0.9879870000000001
0.988093
0.987369
0.987507
0.988778
0.9893129999999999
0.9888520000000001
0.9874350000000001
0.985029
0.982176
0.982348
0.985052
0.98675
0.987402
0.987131
0.9858680000000001
0.983519
0.98216
0.9823149999999999
0.9821139999999999
0.981299
0.979893
0.977785
0.976057
0.9772850000000001
0.9801110000000001
0.9817620000000001
0.982404
0.9822360000000001
0.9812129999999999
0.9810610000000001
0.9820559999999999
0.982398
0.981884
0.980706
0.978981
0.976676
0.9766530000000001
0.979758
0.9828479999999999
0.984841
0.9857670000000001
0.9856889999999999
0.9846540000000001
0.984375
0.985129
0.9852559999999999
0.984606
0.983318
0.9814430000000001
0.978924
0.978718
0.981625
0.9844430000000001
0.986268
0.9872620000000001
0.9874809999999999
0.986821
0.987008
0.988395
0.9892770000000001
0.989426
0.9888520000000001
0.987517
0.98531
0.9858309999999999
0.98939
0.99231
0.994433
0.9959110000000001
0.996667
0.9964860000000001
0.9970110000000001
0.9984639999999999
0.9989969999999999
0.9983799999999999
0.996807
0.9944729999999999
0.9913930000000001
0.9911610000000001
0.994072
0.996283
0.9973770000000001
0.997461
0.9965780000000001
0.9946809999999999
0.9936370000000001
0.9938530000000001
0.993553
0.9924879999999999
0.99066
0.987991
0.9846209999999999
0.9843
0.9868979999999999
0.988534
0.9891409999999999
0.988908
0.9878620000000001
0.985952
0.985088
0.985675
0.985857
0.9853280000000001
0.9841190000000001
0.9822040000000001
0.9797170000000001
0.980216
0.9834440000000001
0.9856360000000001
0.986841
0.9872559999999999
0.9868450000000001
0.9854940000000001
0.985034
0.9858389999999999
0.986144
0.9857969999999999
0.9849379999999999
0.983559
0.981952
0.983499
0.987699
0.9908030000000001
0.992683
0.993449
0.9931450000000001
0.9918049999999999
0.9914299999999999
0.992409
0.9928440000000001
0.992455
0.9912690000000001
0.989287
0.9873870000000001
0.9887379999999999
0.992482
0.995325
0.9972120000000001
0.998202
0.998159
0.996876
0.996294
0.996908
0.996871
0.9959129999999999
0.994099
0.991467
0.988883
0.989453
0.992333
0.9942979999999999
0.995281
0.995345
0.994448
0.994301
0.995201
0.995392
0.994608
0.9929680000000001
0.990619
0.987567
0.9860680000000001
0.9875149999999999
0.989432
0.9902479999999999
0.990087
0.9891790000000001
0.987634
0.9871690000000001
0.988078
0.988657
0.988607
0.9879040000000001
0.9864569999999999
0.9840899999999999
0.9834729999999999
0.9858370000000001
0.988416
0.9900180000000001
0.990766
0.990742
0.989884
0.989967
0.991395
0.9924569999999999
0.992892
0.992735
0.991958
0.990399
0.991324
0.995092
0.9981260000000001
1.000026
1.000974
1.0009299999999999
0.999758
0.999273
0.999859
0.9997870000000001
0.9989379999999999
0.9974770000000001
0.9954049999999999
0.9925709999999999
0.992625
0.995751
0.997994
0.999043
0.9990040000000001
0.997916
0.995793
0.9945700000000001
0.9946209999999999
0.994117
0.992836
0.9908389999999999
0.9881469999999999
0.985074
0.9852719999999999
0.9884870000000001
0.9909370000000001
0.9925350000000001
0.993361
0.993309
0.9921840000000001
0.991769
0.992481
0.992641
0.992092
0.9908950000000001
0.9890180000000001
0.986425
0.986836
0.990218
0.992683
0.994245
0.995074
0.995149
0.9943540000000001
0.994492
0.995865
0.9965700000000001
0.99634
0.995289
0.9934200000000001
0.990778
0.9910469999999999
0.994138
0.996239
0.9973700000000001
0.997783
0.997516
0.998199
1.000035
1.001252
1.001558
1.000972
0.9994700000000001
0.9969879999999999
0.9955700000000001
0.997091
0.9995129999999999
1.0009620000000001
1.001483
1.001157
0.999935
0.9994850000000001
1.000206
1.000569
1.000398
0.999762
0.998616
0.9967440000000001
0.9960690000000001
0.9981209999999999
1.000613
1.00187
1.0021440000000001
1.001657
1.000421
1.000174
1.001241
1.00187
1.001786
1.0010709999999998
0.9997440000000001
0.997677
0.997403
1.000135
1.003124
1.005048
1.005935
1.005832
1.004732
1.004358
1.004975
1.00485
1.003807
1.001999
0.9995299999999999
0.9964299999999999
0.9955950000000001
0.998009
1.0006
1.002225
1.002924
1.00265
1.001241
1.000438
1.000659
1.0002870000000001
0.9991770000000001
0.997401
0.994967
0.9917819999999999
0.9911840000000001
0.99372
0.9959610000000001
0.997476
0.998426
0.9987809999999999
0.9983700000000001
0.998878
1.000521
1.001399
1.001217
1.000107
0.998224
0.9955799999999999
0.9955799999999999
0.9987530000000001
1.001533
1.003333
1.004243
1.004305
1.00348
1.003583
1.004976
1.005886
1.006039
1.0054100000000001
1.003898
1.0013969999999999
1.001515
1.004688
1.007158
1.008492
1.0088700000000002
1.0083469999999999
1.006883
1.0063879999999998
1.007279
1.007698
1.0073
1.0060879999999999
1.004045
1.001075
1.0009299999999999
1.003801
1.005795
1.006821
1.007066
1.006472
1.004896
1.0041200000000001
1.004474
1.004176
1.003093
1.001422
0.9992190000000001
0.996382
0.996675
1.000155
1.002681
1.0039719999999999
1.004127
1.003208
1.0012860000000001
1.000312
1.000688
1.000613
0.999818
0.9983049999999999
0.996035
0.993124
0.993383
0.996691
0.999067
1.000435
1.0009270000000001
1.000476
1.000693
1.001881
1.002436
1.002155
1.0010709999999998
0.999218
0.99661
0.995295
0.997049
0.999775
1.001616
1.0025600000000001
1.002622
1.001747
1.0016120000000002
1.002504
1.002723
1.002049
1.000658
0.998711
0.9961610000000001
0.995315
0.997499
1.0001200000000001
1.001659
1.0022389999999999
1.002069
1.001247
1.001575
1.0033459999999998
1.004735
1.00538
1.0052219999999998
1.0041579999999999
1.002041
1.001751
1.0044030000000002
1.007089
1.008812
1.0096889999999998
1.009732
1.008788
1.0085540000000002
1.009406
1.009678
1.0091780000000001
1.008009
1.006211
1.0036770000000002
1.003275
1.005801
1.00811
1.009323
1.00956
1.008782
1.006874
1.0056889999999998
1.005668
1.0051219999999998
1.003937
1.002256
1.0000440000000002
0.997122
0.9968950000000001
0.999758
1.002031
1.003227
1.003454
1.002764
1.001175
1.000524
1.001136
1.001209
1.000494
0.999028
0.996818
0.993866
0.9937790000000001
0.997027
0.999922
1.001967
1.003201
1.003509
1.0026959999999998
1.0025190000000002
1.003417
1.003768
1.003406
1.002369
1.000615
0.9980120000000001
0.998202
1.001421
1.003843
1.005299
1.0059790000000002
1.005892
1.0049489999999999
1.005001
1.0063389999999999
1.007008
1.006718
1.005586
1.003622
1.0008700000000001
1.001068
1.004146
1.006214
1.007262
1.007519
1.007028
1.0056559999999999
1.005208
1.006018
1.006218
1.005536
1.003992
1.001549
0.9983709999999999
0.9982850000000001
1.001167
1.003053
1.003847
1.0036889999999998
1.002561
1.000408
0.999246
0.9995959999999999
0.999656
0.999138
0.998027
0.9962049999999999
0.993748
0.994165
0.997149
0.998948
0.999663
0.999548
0.9986149999999999
0.998569
0.999697
1.000243
0.999948
0.998941
0.9973280000000001
0.9950889999999999
0.994286
0.996549
0.999599
1.001562
1.0024030000000002
1.002214
1.0010709999999998
1.000721
1.001434
1.001508
1.000781
0.999417
0.997502
0.9950129999999999
0.9945209999999999
0.9971629999999999
1.0001
1.0019879999999999
1.002928
1.002984
1.002075
1.001949
1.002975
1.003464
1.003205
1.002235
1.000542
0.9980180000000001
0.99777
1.000507
1.00302
1.0047110000000001
1.005757
1.006141
1.0056829999999999
1.006018
1.007341
1.007774
1.00705
1.0053379999999998
1.0028299999999999
0.99955
0.9987809999999999
1.0011450000000002
1.003184
1.004209
1.004337
1.0036370000000001
1.002065
1.001452
1.002153
1.0023600000000001
1.001803
1.000474
0.998282
0.9951209999999999
0.9948620000000001
0.9976959999999999
0.999613
1.000476
1.000502
0.9997459999999999
0.998157
0.997626
0.998547
0.9990629999999999
0.9988440000000001
0.9979040000000001
0.9962040000000001
0.993597
0.993808
0.9969709999999999
0.9991680000000001
1.0003540000000002
1.000745
1.000313
0.998942
0.9984430000000001
0.9991680000000001
0.999344
0.998817
0.9977459999999999
0.996137
0.993893
0.9947969999999999
0.9987790000000001
1.001685
1.003362
1.003931
1.00345
1.001963
1.0014399999999999
1.002259
1.002553
1.002042
1.000737
0.998617
0.996027
0.996624
1.000106
1.002699
1.004332
1.005102
1.004903
1.003536
1.002901
1.003468
1.003408
1.002436
1.000608
0.9979629999999999
0.994958
0.9951129999999999
0.9980379999999999
1.00011
1.0012219999999998
1.0014290000000001
1.0006700000000002
0.9988389999999999
0.99784
0.998033
0.997517
0.996099
0.993966
0.9911700000000001
0.988243
0.9884700000000001
0.9912059999999999
0.992916
0.993574
0.993417
0.992533
0.99267
0.9941030000000001
0.995042
0.9951629999999999
0.99444
0.9928309999999999
0.9902709999999999
0.9892549999999999
0.991252
0.9937440000000001
0.995275
0.9959120000000001
0.995719
0.994632
0.994358
0.9952700000000001
0.995726
0.995524
0.994758
0.9934440000000001
0.991434
0.9915430000000001
0.994534
0.997265
0.998883
0.999576
0.999387
0.998258
0.998041
0.999108
0.9996870000000001
0.999597
0.998943
0.9976799999999999
0.9956200000000001
0.9962700000000001
0.999892
1.002669
1.0042389999999999
1.004738
1.004229
1.0027139999999999
1.002017
1.00245
1.002219
1.001106
0.999194
0.996541
0.9931700000000001
0.9928530000000001
0.9958549999999999
0.99826
0.9997309999999999
1.000328
0.999935
0.998346
0.9973569999999999
0.9974129999999999
0.9968600000000001
0.995575
0.99365
0.991081
0.9879700000000001
0.9879469999999999
0.9908440000000001
0.9928629999999999
0.994031
0.9945219999999999
0.994316
0.993288
0.99324
0.994448
0.994983
0.9946
0.9934430000000001
0.991524
0.988933
0.989289
1.018183
1.086806
1.165838
1.238907
1.307975
1.37271
1.43268
1.487635
1.537571
1.582781
1.623601
1.660063
1.6918990000000003
1.718851
1.7462389999999999
1.775375
1.7934729999999999
1.784297
1.748186
1.704407
1.6715520000000001
1.650035
1.63268
1.619191
1.609477
1.603003
1.5990870000000001
1.597273
1.597509
1.600009
1.608909
1.62474
1.645752
1.6792610000000001
1.732243
1.7994169999999998
1.867014
1.9256630000000001
1.974077
2.0154490000000003
2.049834
2.07554
2.093778
2.105846
2.1125990000000003
2.114393
2.111338
2.103687
2.091234
2.071139
2.041575
2.001722
1.9552450000000001
1.912341
1.8798650000000001
1.859121
1.8488099999999998
1.8480439999999998
1.860316
1.882807
1.9082119999999998
1.935268
1.9634459999999998
1.9922090000000001
2.021073
2.0551
2.097377
2.146044
2.199347
2.250903
2.2928669999999998
2.3207020000000003
2.333987
2.334406
2.328208
2.318012
2.301256
2.27872
2.251871
2.22202
2.190375
2.157713
2.123624
2.086399
2.04497
2.0058279999999997
1.9752
1.954459
1.945585
1.948014
1.959485
1.9773990000000001
2.002365
2.034583
2.068561
2.099719
2.126833
2.1491919999999998
2.1667549999999998
2.1805529999999997
2.192125
2.2017700000000002
2.211789
2.2186060000000003
2.213881
2.195907
2.166318
2.127971
2.083924
2.037144
1.992404
1.954635
1.922728
1.894094
1.8689380000000002
1.846859
1.826598
1.810487
1.799031
1.7906959999999998
1.7883419999999999
1.794472
1.8092009999999998
1.8304490000000002
1.855032
1.879575
1.903789
1.9260599999999999
1.941631
1.9485290000000002
1.946721
1.936925
1.9205900000000002
1.8995990000000003
1.879636
1.8611990000000003
1.838097
1.807379
1.768157
1.7215939999999998
1.670463
1.6229850000000001
1.583121
1.548324
1.519343
1.4970299999999999
1.481252
1.471206
1.470067
1.47651
1.4839930000000001
1.491063
1.498624
1.508529
1.523568
1.5462870000000002
1.573006
1.597475
1.6164969999999999
1.6275870000000001
1.628982
1.619952
1.600868
1.572891
1.53768
1.497272
1.458008
1.422015
1.385335
1.3465559999999999
1.304654
1.263091
1.225121
1.188936
1.154836
1.1254620000000002
1.102646
1.08705
1.083723
1.091852
1.1036299999999999
1.116092
1.1327399999999999
1.152087
1.167693
1.179574
1.188783
1.196159
1.2016959999999999
1.204215
1.201619
1.191707
1.173003
1.145095
1.108627
1.069358
1.029828
0.987611
0.943844
0.905001
0.873242
0.843851
0.815501
0.7882319999999999
0.762232
0.738001
0.7164189999999999
0.703824
0.70133
0.705076
0.717673
0.735961
0.754253
0.771295
0.785996
0.797185
0.803832
0.805163
0.800697
0.7903640000000001
0.774521
0.753685
0.733013
0.713163
0.690511
0.669388
0.6483479999999999
0.622318
0.5919939999999999
0.558693
0.523988
0.48977200000000004
0.45792200000000005
0.429838
0.41179799999999994
0.406821
0.41231999999999996
0.423019
0.432854
0.44120699999999996
0.44825
0.45442299999999997
0.460323
0.46625
0.471746
0.475711
0.476788
0.473553
0.470416
0.46816599999999997
0.465581
0.460454
0.448196
0.43071400000000004
0.40995200000000004
0.387008
0.362265
0.335646
0.306834
0.27558499999999997
0.242135
0.213304
0.198496
0.19277
0.188219
0.1856
0.18617999999999998
0.19022
0.196918
0.204698
0.21176199999999998
0.216665
0.21865900000000002
0.22394299999999998
0.24066700000000002
0.262273
0.279574
0.291668
0.29841799999999996
0.299671
0.295263
0.284912
0.268344
0.245602
0.217331
0.184859
0.149918
0.122424
0.11013699999999998
0.10421500000000002
0.096845
0.088378
0.07971
0.07134299999999999
0.06371399999999999
0.057279
0.052347000000000005
0.049082
0.047594
0.058059000000000006
0.084848
0.11575099999999999
0.143264
0.165901
0.183123
0.194994
0.201811
0.203655
0.200414
0.19203800000000001
0.178647
0.16051500000000002
0.138025
0.12017699999999999
0.113784
0.109542
0.100285
0.08721699999999999
0.072202
0.056709
0.041872
0.028354
0.016266
0.006174
0.00011100000000000001
0.009153
0.032476
0.055739
0.07573300000000001
0.093311
0.109008
0.123483
0.137031
0.149086
0.158424
0.163694
0.1638
0.158146
0.146734
0.138504
0.140861
0.145053
0.144022
0.139004
0.131357
0.121695
0.11027
0.097083
0.082015
0.065232
0.047445999999999995
0.0403
0.049562
0.064304
0.078711
0.092611
0.10621199999999999
0.11964100000000001
0.132624
0.14432899999999999
0.1538
0.160419
0.16398900000000002
0.164656
0.162769
0.16655599999999998
0.183003
0.202631
0.216489
0.22446100000000002
0.227133
0.224859
0.218096
0.207432
0.193522
0.177223
0.159591
0.14158199999999999
0.12375499999999999
0.115098
0.121669
0.133364
0.142841
0.150949
0.158943
0.167142
0.17532799999999998
0.18326099999999998
0.190711
0.197355
0.20281
0.20661100000000002
0.21486100000000002
0.234842
0.25835199999999997
0.275816
0.287589
0.295177
0.299442
0.300313
0.29730500000000004
0.290147
0.27902899999999997
0.264457
0.247047
0.227413
0.206096
0.190626
0.189524
0.195915
0.201899
0.20829499999999998
0.21555900000000003
0.22302399999999997
0.22978600000000002
0.235463
0.24026599999999998
0.244527
0.24824200000000002
0.25100500000000003
0.258684
0.278156
0.302476
0.322709
0.33807600000000004
0.34934699999999996
0.356589
0.359255
0.357057
0.350434
0.340279
0.327418
0.312256
0.29479099999999997
0.274912
0.259033
0.255399
0.258824
0.26167399999999996
0.263911
0.266266
0.26872399999999996
0.271198
0.274021
0.277652
0.282026
0.286331
0.28938
0.296612
0.314243
0.336619
0.356092
0.371314
0.38311
0.391708
0.39669699999999997
0.397723
0.394849
0.388329
0.378252
0.36448
0.346933
0.325928
0.30849899999999997
0.302442
0.304017
0.30656700000000003
0.308519
0.310151
0.31127
0.311718
0.311803
0.31206100000000003
0.312693
0.313367
0.31350300000000003
0.31895
0.33555799999999997
0.358263
0.37958800000000004
0.396866
0.41028000000000003
0.41987399999999997
0.425429
0.426914
0.424642
0.418994
0.41011099999999995
0.397868
0.382114
0.362956
0.34704
0.340918
0.341412
0.342698
0.342594
0.341798
0.34062600000000004
0.33917800000000004
0.337702
0.336461
0.33539
0.334036
0.331868
0.328573
0.330439
0.343448
0.36287800000000003
0.38173
0.39753
0.410448
0.420162
0.426109
0.428
0.425817
0.41956099999999996
0.409181
0.394758
0.37669400000000003
0.355663
0.338597
0.332136
0.33268000000000003
0.334011
0.333872
0.33260300000000004
0.33018200000000003
0.326644
0.322382
0.31785
0.313215
0.308374
0.303163
0.30383000000000004
0.316784
0.336439
0.354765
0.369638
0.38155700000000004
0.39072399999999996
0.39681900000000003
0.399466
0.398538
0.394017
0.385803
0.373776
0.35799200000000003
0.33875700000000003
0.322837
0.317239
0.317992
0.318657
0.317705
0.31580199999999997
0.312973
0.30899299999999996
0.303929
0.298113
0.29177600000000004
0.284881
0.27731
0.275484
0.286779
0.305138
0.321954
0.335916
0.347582
0.356989
0.36356
0.366667
0.366051
0.361788
0.354052
0.342961
0.328611
0.317511
0.316471
0.320934
0.323893
0.323829
0.321714
0.317936
0.312427
0.305221
0.296711
0.287508
0.278097
0.268619
0.25894
0.255335
0.26551199999999997
0.28275100000000003
0.298038
0.310884
0.321881
0.330827
0.337115
0.34038
0.34065500000000004
0.338122
0.33282399999999995
0.32456999999999997
0.31306799999999996
0.30451100000000003
0.305729
0.311859
0.315808
0.316502
0.31491199999999997
0.311211
0.30518
0.296942
0.28707
0.276226
0.264803
0.25288299999999997
0.24041300000000002
0.233816
0.24142800000000003
0.256536
0.269973
0.281629
0.29193
0.30040300000000003
0.306284
0.309264
0.30956999999999996
0.30751799999999996
0.303133
0.296149
0.28625
0.279667
0.283644
0.292549
0.298501
0.300724
0.300059
0.296625
0.290311
0.281461
0.270853
0.259205
0.24680300000000002
0.23356100000000002
0.21935100000000002
0.21083200000000002
0.216479
0.229239
0.240019
0.24916100000000002
0.257325
0.26424000000000003
0.26929699999999995
0.272242
0.27320700000000003
0.27228
0.269206
0.263492
0.261144
0.26961199999999996
0.282777
0.292159
0.297149
0.29882600000000004
0.29780300000000004
0.294064
0.287461
0.27816399999999997
0.266667
0.25348899999999996
0.238909
0.222989
0.21244899999999997
0.215881
0.22630799999999998
0.234748
0.241748
0.248192
0.25406799999999996
0.258888
0.262205
0.263869
0.263968
0.262549
0.259387
0.254038
0.252535
0.26249
0.27736700000000003
0.28852300000000003
0.29578699999999997
0.29993600000000004
0.30091599999999996
0.29841999999999996
0.292543
0.283816
0.272868
0.26013000000000003
0.24572399999999997
0.229577
0.21808699999999998
0.219915
0.228379
0.23451999999999998
0.23902800000000002
0.24285900000000002
0.24595100000000003
0.24788000000000002
0.24857600000000002
0.248331
0.24735100000000002
0.24545
0.242112
0.23674699999999999
0.22893200000000002
0.21850799999999998
0.20559299999999997
0.190652
0.17435599999999998
0.15704400000000002
0.13843
0.11804400000000001
0.095824
0.072186
0.047631
0.02235
-0.001772
-0.018688999999999997
-0.025487
-0.024898
-0.019859
-0.013028
-0.00648
-0.0015890000000000001
0.000978
0.001289
0.00013000000000000002
-0.001394
-0.002499
-0.0030800000000000003
-0.003472
-0.003964
-0.004520000000000001
-0.0048259999999999996
-0.004514
-0.0034579999999999997
-0.0019010000000000001
-0.000278
0.001068
0.002041
0.003638
0.005752
0.006901000000000001
0.006803
0.0059039999999999995
0.004683
0.0035299999999999997
0.002848
0.00278
0.003111
0.003414
0.003297
0.002627
0.00157
0.000849
0.000348
-0.0005549999999999999
-0.001593
-0.002577
-0.003462
-0.004092
-0.004307
-0.004129
-0.003803
-0.00361
-0.0036490000000000003
-0.003776
-0.003721
-0.003279
-0.0024460000000000003
-0.001397
-0.000349
0.0005610000000000001
0.001306
0.00195
0.002566
0.003135
0.003544
0.003692
0.0036200000000000004
0.003503
0.003498
0.0036149999999999997
0.003706
0.0035689999999999997
0.003089
0.002309
0.001382
0.000468
-0.000342
-0.001045
-0.0016879999999999998
-0.0023
-0.002838
-0.00321
-0.0033659999999999996
-0.002358
-0.0007639999999999999
-0.0005650000000000001
-0.001509
-0.002512
-0.0030789999999999997
-0.003089
-0.002621
-0.001865
-0.00101
-0.000171
0.000615
0.001353
0.00203
0.002593
0.002975
0.003179
0.0033020000000000002
0.003443
0.0035909999999999996
0.003646
0.003508
0.003136
0.00256
0.0018679999999999999
0.001161
0.000505
-8.9e-05
-0.000651
-0.001207
-0.0017460000000000002
-0.002218
-0.002575
-0.002825
-0.003031
-0.003237
-0.0034119999999999997
-0.003469
-0.0033350000000000003
-0.0029879999999999998
-0.002468
-0.001857
-0.001234
-0.000643
-8.499999999999999e-05
0.000462
0.0010119999999999999
0.001541
0.002006
0.002374
0.0026579999999999998
0.002897
0.003107
0.003254
0.003278
0.003133
0.003203
0.0032600000000000003
0.002695
0.0018260000000000001
0.0009939999999999999
0.000246
-0.00041799999999999997
-0.001005
-0.001511
-0.0019219999999999999
-0.002241
-0.002495
-0.002719
-0.0029170000000000003
-0.003055
-0.003076
-0.002941
-0.002639
-0.0022129999999999997
-0.0017350000000000002
-0.001265
-0.0008119999999999999
-0.000354
0.000128
0.00063
0.001126
0.0015789999999999999
0.00197
0.002298
0.002572
0.002787
0.002916
0.002926
0.002792
0.002517
0.00214
0.0017170000000000002
0.001287
0.000859
0.00041799999999999997
-4.4e-05
-0.000519
-0.000981
-0.001405
-0.0017760000000000002
-0.0021
-0.002379
-0.002602
-0.002738
-0.002755
-0.002637
-0.002397
-0.002073
-0.001709
-0.0013289999999999999
-0.0009339999999999999
-0.000513
-6.2e-05
0.00040199999999999996
0.0008539999999999999
0.0012720000000000001
0.001644
0.001967
0.002238
0.002444
0.0025629999999999997
0.002576
0.0024760000000000003
0.002274
0.002124
0.001902
0.00149
0.001048
0.00059
0.000127
-0.000325
-0.00075
-0.0011380000000000001
-0.00149
-0.001805
-0.002076
-0.002282
-0.002402
-0.002419
-0.002336
-0.002166
-0.00193
-0.00165
-0.0013369999999999999
-0.0009939999999999999
-0.0006190000000000001
-0.000218
0.000196
0.000603
0.000991
0.001348
0.0016640000000000001
0.001928
0.002124
0.002241
0.002268
0.002206
0.002065
0.001859
0.001605
0.001315
0.0009939999999999999
0.000644
0.000273
-0.000109
-0.000487
-0.000571
-0.000646
-0.001058
-0.001501
-0.0018579999999999998
-0.002092
-0.002194
-0.0021739999999999997
-0.0020570000000000002
-0.0018670000000000002
-0.001625
-0.001344
-0.0010279999999999998
-0.000682
-0.000315
6.1e-05
0.000434
0.000795
0.001132
0.001424
0.001656
0.001825
0.001928
0.001963
0.0019320000000000001
0.0018399999999999998
0.001697
0.00151
0.001283
0.001017
0.000714
0.000384
3.9e-05
-0.00031099999999999997
-0.000657
-0.000987
-0.00128
-0.0015199999999999999
-0.001698
-0.001807
-0.0018510000000000002
-0.001835
-0.001766
-0.00165
-0.0014869999999999998
-0.001279
-0.001025
-0.000732
-0.000412
-7.6e-05
0.000263
0.000593
0.000898
0.001166
0.001387
0.001557
0.0016710000000000002
0.0017289999999999999
0.0017289999999999999
0.0016760000000000002
0.001572
0.001424
0.001233
0.001004
0.000743
0.00045599999999999997
0.000152
-0.000165
-0.00048300000000000003
-0.000785
-0.001052
-0.001273
-0.001441
-0.001558
-0.0016239999999999998
-0.0016420000000000002
-0.00161
-0.0015279999999999998
-0.001396
-0.001218
-0.000998
-0.000745
-0.000466
-0.000169
0.000133
0.00042800000000000005
0.000701
0.000944
0.00115
0.001317
0.001441
0.001517
0.001542
0.001517
0.001444
0.001327
0.0011710000000000002
0.000978
0.000754
0.000503
0.000233
-4.9e-05
-0.000333
-0.000603
-0.0008470000000000001
-0.0010539999999999998
-0.001221
-0.0013449999999999998
-0.001426
-0.001463
-0.001454
-0.001398
-0.001295
-0.001147
-0.000959
-0.000737
-0.000493
-0.000236
2.2e-05
0.000277
0.000521
0.0007480000000000001
0.00095
0.001117
0.001243
0.001325
0.001363
0.001359
0.001314
0.001228
0.001103
0.000941
0.0007480000000000001
0.000531
0.000296
4.7e-05
-0.000205
-0.000449
-0.000674
-0.000869
-0.00103
-0.001155
-0.0012439999999999999
-0.001295
-0.0013039999999999998
-0.0012699999999999999
-0.001191
-0.00107
-0.0009119999999999999
-0.000724
-0.000515
-0.000294
-6.7e-05
0.00016
0.00037999999999999997
0.000588
0.000775
0.000936
0.001062
0.001151
0.001202
0.001215
0.00119
0.0011279999999999999
0.00103
0.000897
0.000734
0.000606
0.000446
0.000197
-5.9e-05
-0.000306
-0.000529
-0.00072
-0.000878
-0.0010019999999999999
-0.001092
-0.0011480000000000001
-0.001167
-0.001146
-0.001085
-0.000986
-0.0008529999999999999
-0.000695
-0.000519
-0.000332
-0.000138
5.9999999999999995e-05
0.000258
0.00045
0.000624
0.0007740000000000001
0.000895
0.000987
0.001048
0.0010789999999999999
0.001075
0.001034
0.0009570000000000001
0.0008470000000000001
0.0007099999999999999
0.00055
0.00037
0.000176
-2.3e-05
-0.000218
-0.000401
-0.000566
-0.000711
-0.000833
-0.0009310000000000001
-0.000999
-0.001033
-0.0010279999999999998
-0.000986
-0.000909
-0.000802
-0.000671
-0.000522
-0.000362
-0.000192
-1.6e-05
0.000162
0.000335
0.000496
0.000638
0.0007559999999999999
0.000849
0.000916
0.0009550000000000001
0.000964
0.000941
0.0008869999999999999
0.000801
0.000685
0.000542
0.000381
0.00021099999999999998
4e-05
-0.000128
-0.000291
-0.00044500000000000003
-0.000586
-0.000708
-0.000805
-0.0008730000000000001
-0.000909
-0.0009140000000000001
-0.0008880000000000001
-0.0008320000000000001
-0.0007469999999999999
-0.00064
-0.000515
-0.00037799999999999997
-0.00023199999999999997
-7.8e-05
8.1e-05
0.00023799999999999998
0.00038700000000000003
0.000521
0.0006349999999999999
0.000726
0.000796
0.0008410000000000001
0.00086
0.000851
0.0008119999999999999
0.0007440000000000001
0.000648
0.000528
0.000391
0.000244
9.300000000000001e-05
0.001103
0.002846
0.003243
0.002262
0.000909
-0.00018899999999999999
-0.0009289999999999999
-0.00132
-0.001429
-0.0013460000000000002
-0.001157
-0.0009310000000000001
-0.0007099999999999999
0.0007650000000000001
0.00305
0.0038909999999999995
0.003156
0.001935
0.000998
0.00040300000000000004
7.2e-05
-7.4e-05
-7.7e-05
2.5e-05
0.00019099999999999998
0.000376
0.000543
0.000664
0.000721
0.000724
0.000714
0.000708
0.000643
0.000437
8e-05
-0.000337
-0.000682
-0.000865
-0.0008820000000000001
-0.000794
-0.000671
-0.000567
-0.000505
-0.00048300000000000003
-0.000488
-0.000504
-0.00053
-0.000572
-0.000601
-0.000551
-0.000367
-6.4e-05
0.001734
0.004471
0.005538
0.004718
0.003078
0.00155
0.00047999999999999996
-0.000109
-0.000307
-0.000251
-6.4e-05
0.000167
0.000383
0.0005269999999999999
0.002196
0.004866
0.0057090000000000005
0.0045780000000000005
0.002668
0.0009400000000000001
-0.000314
-0.001125
-0.001556
-0.0016809999999999998
-0.001582
-0.0013449999999999998
-0.0010550000000000002
-0.00022
0.0007769999999999999
0.000904
0.000541
0.000292
0.000258
0.000332
0.000322
0.00016
-5.3e-05
-0.000169
-0.00011599999999999999
7.8e-05
0.000334
0.00057
0.000735
0.000816
0.0008410000000000001
0.000831
0.0007639999999999999
0.000589
0.00028199999999999997
-9.4e-05
-0.000395
-0.000495
-0.000395
0.0014939999999999999
0.004529
0.005677000000000001
0.004667
0.002659
0.000735
-0.000633
-0.0014199999999999998
-0.001726
-0.001689
-0.001417
-0.000984
-0.000471
0.001759
0.005084
0.006421
0.005519
0.0035840000000000004
0.001782
0.000585
-0.00010400000000000001
-0.000442
-0.00054
-0.000468
-0.000278
-2.4e-05
0.002254
0.005934
0.007495
0.006571
0.004325
0.0020629999999999997
0.00047999999999999996
-0.000528
-0.001169
-0.0015689999999999999
-0.0017329999999999997
-0.001639
-0.00133
-0.000917
-0.00053
-0.00025699999999999996
-0.000102
2.8999999999999997e-05
0.00021400000000000002
0.000392
0.000413
0.00018700000000000002
-0.00022200000000000003
-0.00061
-0.0007599999999999999
-0.000582
0.00205
0.006383
0.008497
0.007877
0.005602
0.002954
0.000877
-0.00044500000000000003
-0.001143
-0.001401
-0.0013369999999999999
-0.001003
-0.000475
0.002618
0.007481
0.009727
0.008819
0.006089
0.003002
0.000587
-0.000959
-0.001809
-0.002153
-0.002129
-0.001827
-0.001325
0.001797
0.006764
0.009155
0.008429
0.005929
0.003113
0.000977
-0.000357
-0.001135
-0.001552
-0.0016589999999999999
-0.001448
-0.000965
0.0019649999999999997
0.006603
0.008898999999999999
0.008339
0.006116
0.003549
0.001527
0.000144
-0.000814
-0.0014939999999999999
-0.0018780000000000001
-0.001877
-0.0014810000000000001
0.00246
0.008976999999999999
0.012366
0.011816
0.008892
0.005058
0.0016530000000000002
-0.000683
-0.002129
-0.0028940000000000003
-0.003083
-0.002729
-0.0019210000000000002
0.0025210000000000002
0.009576000000000001
0.013337
0.012944999999999998
0.010048
0.0061600000000000005
0.0026260000000000003
0.000133
-0.001462
-0.002365
-0.002669
-0.0024
-0.0016510000000000001
-0.0006519999999999999
0.0039310000000000005
0.011064000000000001
0.014605000000000002
0.013872
0.010686
0.006475
0.0024649999999999997
-0.000586
-0.002623
-0.003675
-0.003773
-0.003077
-0.0019149999999999998
0.0032340000000000003
0.011198
0.015268
0.014597
0.011202
0.006842
0.0028539999999999998
-8.9e-05
-0.0018780000000000001
-0.002284
-0.0013650000000000001
0.000161
0.001519
0.006887999999999999
0.015252000000000002
0.019082
0.017409
0.012451
0.006217
0.000551
-0.003436
-0.00577
-0.006696
-0.0063490000000000005
-0.004914
-0.002744
0.004291
0.015026
0.021649
0.022650999999999998
0.019782
0.014738999999999999
0.008771
0.0031030000000000003
-0.0013859999999999999
-0.0045320000000000004
-0.006302
-0.006712
-0.005973
0.0006490000000000001
0.011537
0.017662999999999998
0.017689
0.014188999999999998
0.009633
0.0055439999999999994
0.0026899999999999997
0.001129
0.00044500000000000003
0.00034500000000000004
0.0005809999999999999
0.0008640000000000001
0.0070420000000000005
0.017719
0.02275
0.020821
0.014849000000000001
0.007455
0.0008359999999999999
-0.0034049999999999996
-0.005007
-0.004757
-0.003532
-0.0018059999999999999
0.000225
0.008403
0.02119
0.028149
0.027509
0.021855
0.013744999999999999
0.005228
-0.0017010000000000003
-0.006056000000000001
-0.008161
-0.008342
-0.006829000000000001
-0.003986
0.0057740000000000005
0.020352000000000002
0.0287
0.02899
0.023921
0.016186000000000002
0.007954000000000001
0.001038
-0.0036049999999999997
-0.00609
-0.006741
-0.005935
-0.004221
0.0051270000000000005
0.020272
0.029012
0.029579
0.024980000000000002
0.017797
0.010018
0.0032
-0.0017170000000000002
-0.004675
-0.005995
-0.0059770000000000005
-0.004972
0.004196
0.019722999999999997
0.0288
0.029222
0.024096
0.016572
0.009073999999999999
0.003003
-0.001201
-0.003679
-0.004561
-0.004027
-0.0025960000000000002
0.0070079999999999995
0.022775
0.03132
0.030602999999999998
0.024186000000000003
0.01519
0.006000999999999999
-0.0012619999999999999
-0.005602
-0.007175
-0.006340999999999999
-0.003834
-0.0007059999999999999
0.002137
0.012445999999999999
0.028398000000000003
0.036293
0.034451
0.026895
0.01674
0.006314
-0.002146
-0.007417
-0.009561
-0.009152
-0.006986
-0.0038280000000000002
0.008015999999999999
0.026368
0.036978
0.037607
0.032291
0.024273
0.014837999999999999
0.005154
-0.0027719999999999997
-0.007795999999999999
-0.009923000000000001
-0.009470999999999999
-0.0072180000000000005
0.004398
0.022938999999999998
0.033969
0.035363
0.031063999999999998
0.024138
0.015818000000000002
0.007136
-0.00011599999999999999
-0.004837
-0.007087
-0.007198
-0.005792
0.0053479999999999995
0.023894
0.034605000000000004
0.035494
0.031085
0.024271
0.015967
0.007316
0.00037400000000000004
-0.0038299999999999996
-0.005525
-0.0051340000000000005
-0.0034479999999999997
0.00792
0.026611000000000003
0.037353
0.039356999999999996
0.037311000000000004
0.032876999999999997
0.026324
0.017638
0.007157999999999999
-0.002151
-0.007398
-0.008523000000000001
-0.0065769999999999995
0.00615
0.026723
0.039971
0.045181
0.046560000000000004
0.045356
0.041632999999999996
0.035311
0.026258999999999998
0.014504
0.0021609999999999997
-0.00673
-0.010516
-0.000851
0.019219
0.033225
0.039437
0.042187
0.043004
0.041991
0.038867
0.033173
0.024622
0.013328999999999999
0.0016
-0.006726
-0.000752
0.016499
0.028525
0.033587
0.035559
0.036134
0.035572
0.033519
0.029539999999999997
0.023417
0.015144
0.005586
-0.002285
-0.006581999999999999
0.001594
0.019417
0.031238
0.036009
0.037429000000000004
0.036657999999999996
0.033641000000000004
0.028336
0.021129
0.012508
0.004097
-0.001517
-0.003708
0.006197
0.025266
0.039081
0.047175999999999996
0.051855
0.05374400000000001
0.053006
0.049523000000000005
0.043059
0.033694999999999996
0.022157
0.009505
-0.000769
0.004071
0.021405
0.035848000000000005
0.045944
0.053632000000000006
0.059264
0.062573
0.06297799999999999
0.059881
0.053109
0.04306
0.030382
0.015667
0.011975
0.023063999999999998
0.035107
0.04382
0.050207999999999996
0.055076
0.058660000000000004
0.06051599999999999
0.059913
0.05645700000000001
0.050265
0.041631
0.030736000000000003
0.028606
0.039623
0.051667
0.059210000000000006
0.06292
0.064149
0.06398999999999999
0.06275700000000001
0.060067999999999996
0.055576
0.049336
0.041624
0.032698000000000005
0.022611000000000003
0.022677000000000003
0.036328
0.050297
0.059461
0.06460700000000001
0.066613
0.06579
0.062225
0.056201999999999995
0.048118
0.038388
0.027576
0.016257
0.016822999999999998
0.032542
0.049388
0.062486
0.072534
0.080106
0.08523700000000001
0.087427
0.085858
0.07998
0.07004099999999999
0.05708
0.042357
0.037384
0.047035
0.059622
0.069467
0.077
0.083017
0.087881
0.09137100000000001
0.09274500000000001
0.09122899999999999
0.086488
0.078611
0.06782300000000001
0.054242
0.048425
0.055524000000000004
0.064536
0.07003200000000001
0.07294099999999999
0.07446900000000001
0.075047
0.07437300000000001
0.072031
0.06796
0.062376
0.055499
0.047370999999999996
0.04816
0.062083000000000006
0.077159
0.087237
0.092901
0.095583
0.096219
0.094921
0.091395
0.085556
0.077789
0.06875099999999999
0.05902
0.05898099999999999
0.073428
0.090879
0.104922
0.115622
0.12351199999999998
0.1287
0.130847
0.12951400000000002
0.124673
0.11677699999999999
0.10653
0.094749
0.082105
0.078707
0.089916
0.10477
0.116722
0.126228
0.134029
0.14008199999999998
0.143719
0.144224
0.141274
0.134976
0.125814
0.114515
0.11049500000000001
0.11993599999999999
0.133048
0.142827
0.149873
0.1553
0.15967
0.162896
0.164377
0.163468
0.159937
0.15395599999999998
0.145745
0.135319
0.131057
0.139716
0.152474
0.16203299999999998
0.16881400000000002
0.173726
0.177033
0.17841400000000002
0.177509
0.174399
0.169534
0.163386
0.15617799999999998
0.15564
0.168287
0.184977
0.19738699999999998
0.205846
0.21170999999999998
0.21590900000000002
0.218604
0.219471
0.218227
0.21490599999999999
0.20979699999999998
0.203211
0.19526
0.19281199999999998
0.203395
0.219254
0.231711
0.241002
0.24775
0.251821
0.252745
0.25045500000000004
0.245469
0.23851
0.230244
0.221156
0.211373
0.207373
0.21697399999999997
0.232751
0.24565
0.255786
0.263712
0.269257
0.271826
0.271005
0.26705500000000004
0.260836
0.25314699999999996
0.244182
0.23370900000000003
0.227888
0.235202
0.249482
0.261997
0.27279200000000003
0.282343
0.290323
0.295953
0.298609
0.298131
0.294645
0.288209
0.27870300000000003
0.26611
0.257143
0.26036
0.270783
0.280505
0.28880300000000003
0.295937
0.30163
0.30543400000000004
0.307143
0.306883
0.304848
0.300966
0.294842
0.28594
0.280148
0.284599
0.2942
0.301665
0.306352
0.309143
0.310393
0.310213
0.308787
0.306372
0.303055
0.298604
0.292578
0.284574
0.28066199999999997
0.287964
0.301148
0.312258
0.319701
0.323764
0.32469899999999996
0.322728
0.31817399999999996
0.311571
0.303528
0.294469
0.284567
0.273886
0.268753
0.276599
0.291677
0.30549699999999996
0.316502
0.324669
0.329671
0.33106199999999997
0.328752
0.323208
0.31509899999999996
0.30488000000000004
0.292806
0.279141
0.270529
0.274859
0.286844
0.2984
0.30836399999999997
0.316977
0.32397
0.328707
0.330563
0.32913200000000004
0.324204
0.315794
0.304242
0.290094
0.28019299999999997
0.282359
0.291621
0.300221
0.306944
0.312241
0.31613600000000003
0.318333
0.31857800000000003
0.316812
0.313044
0.307141
0.298806
0.293927
0.299142
0.309677
0.318457
0.32417399999999996
0.327613
0.329297
0.329419
0.32793
0.324698
0.319709
0.31308600000000003
0.30495700000000003
0.29535300000000003
0.290432
0.29693400000000003
0.309454
0.32009899999999997
0.327268
0.331588
0.333373
0.332504
0.328892
0.322822
0.314833
0.305435
0.294978
0.283643
0.277667
0.284054
0.297158
0.308849
0.317652
0.323804
0.32711799999999996
0.32724699999999995
0.324231
0.318542
0.310735
0.301193
0.290101
0.277513
0.26968400000000003
0.274093
0.28541500000000003
0.29573299999999997
0.30398400000000003
0.310523
0.315129
0.317166
0.316058
0.311623
0.304123
0.294112
0.282119
0.268463
0.259675
0.263752
0.27505100000000005
0.28518899999999997
0.293272
0.299618
0.304056
0.306153
0.305637
0.302558
0.297102
0.289312
0.279049
0.266231
0.257423
0.260892
0.27111799999999997
0.279834
0.286429
0.291453
0.29489499999999996
0.296412
0.295763
0.29298
0.288192
0.28139200000000003
0.272405
0.260999
0.25335100000000005
0.257324
0.26708899999999997
0.274447
0.279132
0.28186500000000003
0.28277399999999997
0.28173000000000004
0.27873200000000004
0.274028
0.26792
0.260534
0.25176
0.247613
0.255581
0.269378
0.280267
0.28744400000000003
0.29133400000000004
0.29220799999999997
0.290401
0.286261
0.280021
0.271972
0.26253200000000004
0.252052
0.240652
0.234539
0.241682
0.25556599999999996
0.267129
0.27587
0.282062
0.285404
0.285288
0.28131999999999996
0.273723
0.263315
0.25100100000000003
0.237373
0.22274899999999997
0.21370999999999998
0.218704
0.23090300000000002
0.241081
0.24921100000000002
0.255709
0.26035
0.262549
0.26182300000000003
0.258031
0.251232
0.241443
0.228712
0.21333400000000002
0.202399
0.20457899999999998
0.213313
0.220075
0.225228
0.229423
0.232591
0.23425700000000002
0.233977
0.231609
0.22718200000000002
0.220617
0.211637
0.20648000000000002
0.213204
0.22511399999999998
0.233731
0.239414
0.242912
0.244583
0.244589
0.242931
0.239576
0.234665
0.22846799999999998
0.22113400000000002
0.21253899999999998
0.20904499999999998
0.21842899999999998
0.233148
0.24393299999999998
0.250886
0.25492600000000004
0.256473
0.255463
0.251864
0.24604299999999998
0.238537
0.22971100000000003
0.21973
0.208639
0.20313
0.21118299999999998
0.22546999999999998
0.236965
0.245602
0.2517
0.254945
0.254872
0.2515
0.245385
0.23714699999999997
0.22719099999999998
0.215714
0.20902600000000002
0.21526199999999998
0.22777600000000003
0.237717
0.245243
0.251019
0.255182
0.257465
0.257349
0.254313
0.24814699999999998
0.23910399999999998
0.227769
0.214651
0.20631
0.21091999999999997
0.22180999999999998
0.23027899999999998
0.23656799999999997
0.24129499999999998
0.244398
0.24542600000000003
0.244027
0.240227
0.234275
0.22634
0.216419
0.204517
0.197492
0.20355499999999999
0.215679
0.225134
0.23216599999999998
0.23754699999999998
0.24134499999999998
0.24316300000000002
0.24269000000000002
0.23999499999999999
0.235327
0.228782
0.220194
0.20925
0.202337
0.207552
0.21819299999999997
0.22602600000000003
0.231711
0.23607899999999998
0.239142
0.24051599999999998
0.23986500000000002
0.23715300000000003
0.23256999999999997
0.22626500000000002
0.218187
0.21452100000000002
0.22335
0.23777600000000002
0.24871100000000002
0.25619200000000003
0.2608
0.262788
0.262411
0.259922
0.255494
0.249415
0.24212399999999998
0.233927
0.22481199999999998
0.220798
0.229936
0.24532199999999998
0.257662
0.266905
0.273492
0.277211
0.277497
0.273994
0.266991
0.257362
0.246017
0.233477
0.219969
0.21186799999999997
0.217522
0.230373
0.241441
0.250719
0.258544
0.26454099999999997
0.267951
0.26815900000000004
0.264982
0.258525
0.24889
0.236204
0.220836
0.20954499999999998
0.21119899999999997
0.219836
0.226965
0.23291199999999998
0.238244
0.2428
0.24602600000000002
0.247421
0.246783
0.24405500000000002
0.239044
0.231344
0.226586
0.23244099999999998
0.242821
0.249619
0.25337
0.255212
0.255659
0.254888
0.252884
0.24957600000000002
0.245031
0.239419
0.23277899999999999
0.224912
0.221691
0.231055
0.24606999999999998
0.257384
0.264962
0.269584
0.271514
0.270522
0.266458
0.259738
0.251164
0.241436
0.23093899999999998
0.21980100000000002
0.214358
0.222768
0.23809299999999997
0.251067
0.26146199999999997
0.269462
0.274647
0.276472
0.27486900000000003
0.270306
0.263354
0.254388
0.243571
0.230927
0.22267800000000001
0.227346
0.23897100000000002
0.248939
0.257287
0.264446
0.270122
0.273607
0.274262
0.271833
0.266473
0.25856999999999997
0.248457
0.242321
0.24783000000000002
0.259441
0.26917199999999997
0.276611
0.28238
0.286618
0.289116
0.289558
0.28773000000000004
0.283659
0.277505
0.26931700000000003
0.258954
0.25238299999999997
0.257213
0.26816599999999996
0.277371
0.284167
0.289117
0.292227
0.293118
0.291539
0.28763099999999997
0.28175
0.274149
0.264878
0.25382899999999997
0.246912
0.25154099999999996
0.26192600000000005
0.269973
0.275398
0.279088
0.28119299999999997
0.281388
0.279462
0.275542
0.269898
0.26267199999999996
0.253792
0.24306399999999997
0.236443
0.241763
0.253187
0.262263
0.268444
0.272072
0.273146
0.271673
0.267895
0.262255
0.25523
0.247137
0.23801
0.227677
0.22215500000000002
0.22966
0.243773
0.255442
0.264386
0.270857
0.274597
0.275145
0.272266
0.266245
0.257798
0.24761999999999998
0.23608800000000002
0.22945100000000002
0.235785
0.24915500000000002
0.261008
0.270982
0.279468
0.286337
0.291133
0.29329099999999997
0.29234899999999997
0.288123
0.280663
0.270094
0.256658
0.24693
0.24914699999999998
0.258035
0.265586
0.271358
0.275964
0.279378
0.28117
0.281001
0.278853
0.274872
0.269088
0.261328
0.251274
0.24463800000000002
0.248698
0.257736
0.263962
0.267359
0.2689
0.26892
0.267389
0.264309
0.25988
0.254374
0.247888
0.240252
0.23112399999999997
0.226204
0.233132
0.24577
0.255457
0.261693
0.26490199999999997
0.265307
0.26298499999999997
0.25805300000000003
0.250909
0.24217399999999997
0.232355
0.221667
0.21609699999999998
0.223566
0.237789
0.249946
0.25974899999999995
0.267488
0.272964
0.275692
0.275145
0.271102
0.263927
0.254312
0.24281599999999998
0.229751
0.22140700000000002
0.226098
0.23767
0.247379
0.25519899999999995
0.261629
0.266486
0.269187
0.269233
0.266475
0.26101399999999997
0.25308200000000003
0.24304099999999998
0.231199
0.22369699999999998
0.228544
0.239575
0.24825100000000003
0.254669
0.25950500000000004
0.26279600000000003
0.264203
0.263461
0.260615
0.255858
0.249231
0.24050700000000003
0.229341
0.22166999999999998
0.225875
0.236353
0.24479299999999998
0.251213
0.256193
0.259667
0.261179
0.260405
0.257444
0.25262399999999996
0.24614499999999997
0.237954
0.227843
0.22169299999999997
0.227473
0.23900700000000002
0.247709
0.253706
0.257803
0.260155
0.260579
0.25904299999999997
0.255794
0.251118
0.245087
0.237525
0.234087
0.242022
0.255485
0.266317
0.27400599999999997
0.279014
0.281389
0.28106
0.278146
0.272933
0.26577
0.257035
0.24705700000000003
0.23599
0.22980799999999998
0.23619
0.249127
0.26007399999999997
0.268484
0.274594
0.278095
0.278408
0.275169
0.268489
0.258927
0.247272
0.23421199999999998
0.22009099999999998
0.211009
0.215214
0.22647899999999999
0.23596599999999998
0.243675
0.250046
0.254896
0.257675
0.25790599999999997
0.255416
0.250197
0.24214899999999998
0.23105599999999998
0.216862
0.205958
0.207188
0.214969
0.22105100000000003
0.22581199999999998
0.22991599999999998
0.233283
0.235409
0.235844
0.23443699999999998
0.23119699999999999
0.22603800000000002
0.218687
0.214734
0.22183699999999998
0.233871
0.24261100000000002
0.24845799999999998
0.252248
0.254246
0.254527
0.253173
0.25029
0.246088
0.240837
0.234671
0.227456
0.22491
0.234558
0.249879
0.261975
0.270459
0.275828
0.278328
0.278015
0.274971
0.269557
0.262338
0.253754
0.243998
0.23312399999999997
0.227158
0.23393000000000003
0.247415
0.25904299999999997
0.268351
0.275559
0.280267
0.28177199999999997
0.279711
0.274438
0.266671
0.25692
0.245402
0.23222800000000002
0.22343200000000002
0.22697199999999998
0.23727600000000001
0.24614499999999997
0.253271
0.259033
0.263248
0.265394
0.265018
0.261945
0.256188
0.24783899999999998
0.237098
0.229948
0.23385
0.24357199999999998
0.25153000000000003
0.257458
0.262042
0.26548
0.267611
0.26810700000000004
0.266654
0.26312199999999997
0.257538
0.2499
0.24006799999999998
0.23368899999999998
0.238169
0.248236
0.256266
0.26198
0.26595599999999997
0.26823
0.268515
0.266619
0.262706
0.25714899999999996
0.250218
0.241959
0.23223000000000002
0.226733
0.23294
0.24477100000000002
0.253884
0.260287
0.26484800000000003
0.267689
0.268456
0.266953
0.263398
0.258162
0.251434
0.243155
0.238961
0.24589699999999998
0.258561
0.269208
0.27716799999999997
0.282932
0.286575
0.287962
0.28702300000000003
0.283823
0.27858499999999997
0.27167800000000003
0.263445
0.25400700000000004
0.24911399999999997
0.255703
0.268455
0.279699
0.288545
0.29533400000000004
0.299875
0.301654
0.300297
0.295862
0.288827
0.279885
0.269633
0.258354
0.25187800000000005
0.257098
0.268953
0.279982
0.28918499999999997
0.296889
0.302869
0.306533
0.307421
0.305446
0.300734
0.29333000000000004
0.28313699999999997
0.275704
0.277368
0.284636
0.2916
0.29697399999999996
0.301478
0.305406
0.308533
0.31035
0.310357
0.30830799999999997
0.304192
0.298012
0.289619
0.284414
0.28821199999999997
0.296919
0.30442600000000003
0.309458
0.31267399999999995
0.314209
0.313923
0.31187800000000004
0.308444
0.30407399999999996
0.29904899999999995
0.293367
0.28675
0.284484
0.292179
0.305172
0.316623
0.324676
0.329754
0.33216599999999996
0.332017
0.329461
0.324879
0.318759
0.311418
0.302902
0.293124
0.28778200000000004
0.29306
0.30496999999999996
0.316994
0.32709099999999997
0.335229
0.340945
0.343513
0.342553
0.33834899999999996
0.331556
0.322756
0.312293
0.30594099999999996
0.309282
0.318977
0.32931
0.337997
0.34534699999999996
0.35141
0.355925
0.358509
0.358806
0.356589
0.35176399999999997
0.34437399999999996
0.33459099999999997
0.32816999999999996
0.33021500000000004
0.337965
0.34638800000000003
0.35291
0.35798
0.361689
0.36374
0.36388400000000004
0.362139
0.358663
0.353528
0.34664
0.33777399999999996
0.33221100000000003
0.334621
0.34234699999999996
0.350558
0.356556
0.360755
0.363288
0.363969
0.362695
0.359617
0.35502100000000003
0.349078
0.341727
0.332746
0.327442
0.330583
0.33917800000000004
0.347928
0.354029
0.357954
0.360035
0.36026199999999997
0.358605
0.35520100000000004
0.350292
0.34402
0.33634200000000003
0.332559
0.337108
0.347289
0.358196
0.366764
0.373176
0.377481
0.379563
0.3794
0.37709699999999996
0.372846
0.36687600000000004
0.35941799999999996
0.350668
0.34624
0.350579
0.361083
0.372846
0.382483
0.390058
0.395424
0.398142
0.397892
0.39470700000000003
0.38897
0.381243
0.372031
0.36167699999999997
0.35585300000000003
0.358842
0.368253
0.379382
0.388698
0.396366
0.40239
0.40641700000000003
0.40810599999999997
0.407329
0.404089
0.398339
0.389942
0.378859
0.370759
0.369963
0.375239
0.382936
0.389435
0.395021
0.399739
0.403196
0.404971
0.404864
0.402826
0.39879699999999996
0.39260700000000004
0.389277
0.391586
0.398269
0.406169
0.411225
0.41406000000000004
0.415346
0.415366
0.414191
0.411875
0.408516
0.404219
0.399018
0.392801
0.390599
0.395156
0.40491
0.41622200000000004
0.424487
0.429675
0.431886
0.43113999999999997
0.42766400000000004
0.421976
0.414703
0.40637199999999996
0.39734200000000003
0.387782
0.383022
0.386307
0.39601
0.40825100000000003
0.418571
0.426813
0.43273
0.43576899999999996
0.43549499999999997
0.431907
0.425403
0.41650200000000004
0.405652
0.393154
0.384556
0.383554
0.3891
0.39776
0.405389
0.41209300000000004
0.41780100000000003
0.42203599999999997
0.424291
0.42423
0.421676
0.41657700000000003
0.408973
0.40416399999999997
0.404969
0.41084
0.419113
0.425328
0.429975
0.43355699999999997
0.436158
0.437646
0.43784799999999996
0.436633
0.43392299999999995
0.429634
0.42358900000000005
0.42077200000000003
0.42338000000000003
0.430946
0.441025
0.448759
0.45441000000000004
0.45815500000000003
0.459825
0.459325
0.456812
0.452636
0.44717299999999993
0.440659
0.433126
0.42967
0.432234
0.44025600000000004
0.45110200000000006
0.45940200000000003
0.46531999999999996
0.469149
0.47090699999999996
0.470605
0.46836000000000005
0.464384
0.458846
0.451746
0.442957
0.43755299999999997
0.43751
0.44299099999999997
0.452029
0.459183
0.464437
0.467776
0.468942
0.467836
0.46462200000000003
0.459635
0.45315500000000003
0.44525699999999996
0.44091
0.441572
0.44764499999999996
0.457506
0.46543500000000004
0.47145600000000004
0.475754
0.478188
0.47851499999999997
0.47653599999999996
0.47217700000000007
0.46559799999999996
0.457165
0.447245
0.44115699999999997
0.44071400000000005
0.44630299999999995
0.456137
0.4645
0.47131999999999996
0.476576
0.47993100000000005
0.481087
0.47996300000000003
0.476637
0.47121
0.463736
0.45430200000000004
0.448204
0.447287
0.452138
0.46118000000000003
0.46875100000000003
0.47497
0.48005
0.483828
0.486069
0.48664300000000005
0.485497
0.48253900000000005
0.47755600000000004
0.470261
0.465555
0.464689
0.468541
0.47608500000000004
0.48161899999999996
0.48555600000000004
0.488393
0.490142
0.49067700000000003
0.489965
0.488029
0.48484099999999997
0.48026800000000003
0.47909700000000005
0.481788
0.48924399999999996
0.5005850000000001
0.5092439999999999
0.515058
0.518353
0.519324
0.5181319999999999
0.5150239999999999
0.510333
0.5043850000000001
0.497487
0.48986199999999996
0.486496
0.48796000000000006
0.495017
0.5069130000000001
0.517176
0.525229
0.530927
0.533854
0.533679
0.530449
0.524567
0.516575
0.5070020000000001
0.49627200000000005
0.489515
0.487545
0.491421
0.500747
0.509332
0.516705
0.522853
0.527412
0.5299550000000001
0.5301779999999999
0.527885
0.522936
0.515279
0.504988
0.497146
0.49281800000000003
0.49345
0.49920600000000004
0.504325
0.508518
0.512013
0.514646
0.516153
0.5163439999999999
0.5150640000000001
0.512121
0.507221
0.5048560000000001
0.505534
0.509659
0.51755
0.5240130000000001
0.528395
0.531144
0.532445
0.532371
0.5310050000000001
0.528425
0.524704
0.519932
0.514127
0.512059
0.514189
0.520594
0.531138
0.54018
0.546771
0.551054
0.553032
0.552814
0.550628
0.546745
0.54146
0.535014
0.527523
0.523899
0.5248
0.530306
0.540624
0.550277
0.557897
0.56339
0.566576
0.567395
0.565938
0.562439
0.5572060000000001
0.550404
0.542026
0.536896
0.535788
0.5386479999999999
0.546337
0.554078
0.560301
0.564999
0.567948
0.568851
0.567529
0.563997
0.558417
0.550909
0.5415939999999999
0.535493
0.533509
0.535651
0.5427890000000001
0.5501199999999999
0.556038
0.5605020000000001
0.563325
0.5643199999999999
0.563408
0.5605640000000001
0.5557340000000001
0.548829
0.544449
0.5433819999999999
0.544976
0.550895
0.557512
0.562813
0.56693
0.569879
0.5715180000000001
0.571671
0.570181
0.566943
0.561917
0.555077
0.551027
0.550389
0.552516
0.558936
0.565642
0.570526
0.573761
0.5754199999999999
0.5754859999999999
0.574074
0.5714060000000001
0.567671
0.562924
0.5570649999999999
0.554688
0.556228
0.560758
0.569244
0.577221
0.582701
0.585972
0.587245
0.586724
0.584767
0.581639
0.57739
0.571966
0.569816
0.571481
0.575345
0.583486
0.59278
0.600299
0.6059979999999999
0.609754
0.611268
0.610347
0.606995
0.6013270000000001
0.5936520000000001
0.584484
0.578801
0.577496
0.579167
0.58599
0.594709
0.602121
0.607959
0.611971
0.613905
0.613658
0.6112310000000001
0.606687
0.6001810000000001
0.591908
0.586511
0.584742
0.585094
0.590151
0.5971350000000001
0.602985
0.607775
0.6115
0.613999
0.6151270000000001
0.614716
0.612542
0.608336
0.6018140000000001
0.597284
0.595468
0.594693
0.597943
0.602941
0.6065510000000001
0.6089359999999999
0.6101270000000001
0.6100800000000001
0.608846
0.60647
0.602946
0.598196
0.596497
0.5982770000000001
0.6009800000000001
0.607321
0.615081
0.620645
0.6240979999999999
0.6256659999999999
0.625605
0.6241680000000001
0.621478
0.6175970000000001
0.612637
0.6067170000000001
0.604306
0.605989
0.609304
0.617079
0.626967
0.634907
0.6405689999999999
0.643853
0.6447689999999999
0.6434350000000001
0.640095
0.635174
0.6290479999999999
0.621879
0.61819
0.618688
0.620769
0.627551
0.636993
0.644903
0.651046
0.6552859999999999
0.657423
0.657355
0.65512
0.6508430000000001
0.644582
0.636389
0.630905
0.6290560000000001
0.628229
0.6321359999999999
0.639324
0.645491
0.650467
0.654172
0.656417
0.657028
0.655818
0.6525810000000001
0.647135
0.639439
0.634046
0.631789
0.630026
0.63273
0.638656
0.643451
0.647003
0.649362
0.650492
0.6503770000000001
0.648986
0.6462220000000001
0.641925
0.640111
0.641187
0.641349
0.644926
0.651569
0.656277
0.659058
0.660311
0.66027
0.659026
0.6566350000000001
0.653107
0.648425
0.642583
0.6398159999999999
0.64074
0.6418689999999999
0.64717
0.6556310000000001
0.662131
0.666479
0.668704
0.668832
0.667144
0.664003
0.65964
0.654205
0.647818
0.644897
0.646061
0.64788
0.654158
0.663665
0.6713779999999999
0.677005
0.680524
0.68198
0.681551
0.679323
0.675321
0.669686
0.662552
0.6582859999999999
0.6576069999999999
0.6570819999999999
0.661137
0.6691229999999999
0.6758930000000001
0.681214
0.685009
0.68706
0.68715
0.685084
0.680804
0.674423
0.6702229999999999
0.668985
0.6668350000000001
0.668921
0.67565
0.681443
0.6860430000000001
0.689552
0.691854
0.692814
0.6923090000000001
0.6901729999999999
0.686262
0.6805140000000001
0.677005
0.676428
0.6747770000000001
0.67672
0.682782
0.687708
0.6911229999999999
0.693177
0.693947
0.6935640000000001
0.692117
0.689617
0.686046
0.681316
0.6793779999999999
0.680643
0.6807340000000001
0.68421
0.6915899999999999
0.697449
0.701276
0.703339
0.703956
0.703337
0.701526
0.698512
0.694292
0.6927840000000001
0.694504
0.6953729999999999
0.698837
0.70617
0.71303
0.717931
0.720966
0.722284
0.721935
0.7199369999999999
0.716386
0.711436
0.705209
0.70185
0.702113
0.702
0.705306
0.713086
0.720586
0.72638
0.730321
0.732297
0.732264
0.730302
0.726597
0.7213149999999999
0.7145819999999999
0.7106520000000001
0.710385
0.709792
0.7124550000000001
0.7197100000000001
0.727125
0.733121
0.737608
0.740538
0.741841
0.741373
0.738935
0.734372
0.727675
0.722946
0.720963
0.7178979999999999
0.7173109999999999
0.721354
0.726274
0.730222
0.733156
0.735082
0.735939
0.735583
0.733809
0.7304039999999999
0.725171
0.7220300000000001
0.721647
0.72011
0.721006
0.725938
0.730861
0.734406
0.736777
0.7380869999999999
0.738442
0.7379180000000001
0.736472
0.73395
0.73402
0.737081
0.739081
0.741916
0.748165
0.755167
0.7602439999999999
0.7634310000000001
0.7648199999999999
0.764602
0.7630520000000001
0.7602720000000001
0.756249
0.7510680000000001
0.748686
0.749801
0.750586
0.753004
0.7597229999999999
0.7678010000000001
0.773924
0.777726
0.77925
0.7787350000000001
0.776378
0.772293
0.766741
0.7600779999999999
0.756397
0.7563449999999999
0.756
0.757458
0.763368
0.770818
0.776804
0.781157
0.783879
0.784921
0.784151
0.781435
0.776721
0.769967
0.764975
0.762591
0.759416
0.757545
0.760289
0.765401
0.769634
0.77278
0.774781
0.7755380000000001
0.774868
0.772516
0.768251
0.765617
0.765232
0.7636149999999999
0.7618060000000001
0.763664
0.7679590000000001
0.7710359999999999
0.772962
0.77391
0.773989
0.773274
0.771709
0.769133
0.765405
0.764115
0.765759
0.766541
0.767529
0.7724
0.7794220000000001
0.784575
0.787687
0.7891239999999999
0.789242
0.788188
0.786004
0.782784
0.778636
0.777349
0.779474
0.7811239999999999
0.783255
0.789262
0.797171
0.803063
0.806882
0.808859
0.8091510000000001
0.807933
0.805361
0.8014600000000001
0.796175
0.793308
0.793555
0.793165
0.793121
0.797279
0.8040930000000001
0.809484
0.813171
0.8151520000000001
0.815479
0.814207
0.811234
0.806404
0.8033560000000001
0.80292
0.8017850000000001
0.79979
0.8019350000000001
0.808154
0.81333
0.8171729999999999
0.819722
0.820917
0.820657
0.8187800000000001
0.815116
0.809669
0.806094
0.8051510000000001
0.803502
0.8007479999999999
0.802066
0.807709
0.812353
0.815552
0.817467
0.81825
0.817954
0.816515
0.8138350000000001
0.80982
0.807876
0.808459
0.808029
0.806286
0.808267
0.813854
0.817879
0.820334
0.821642
0.822068
0.8216889999999999
0.8203860000000001
0.817932
0.81412
0.812422
0.813359
0.813262
0.811932
0.814258
0.820055
0.824335
0.8268040000000001
0.8276620000000001
0.82725
0.8257950000000001
0.8232379999999999
0.8194229999999999
0.817826
0.819074
0.819734
0.819299
0.822184
0.828858
0.834513
0.838283
0.840292
0.840751
0.839793
0.8373959999999999
0.8335440000000001
0.828377
0.8255459999999999
0.825801
0.825881
0.8253309999999999
0.828405
0.8356959999999999
0.842434
0.847432
0.8506870000000001
0.852258
0.852146
0.850367
0.8470409999999999
0.8422879999999999
0.839575
0.839572
0.8390690000000001
0.837701
0.839566
0.8456600000000001
0.8516610000000001
0.856284
0.8596239999999999
0.861814
0.8628129999999999
0.8623649999999999
0.860137
0.8558889999999999
0.853008
0.8522290000000001
0.8503069999999999
0.846791
0.845727
0.8487469999999999
0.852108
0.854441
0.8558709999999999
0.856549
0.856433
0.8552770000000001
0.852772
0.851975
0.8532780000000001
0.8533639999999999
0.851842
0.851492
0.854669
0.858667
0.8610459999999999
0.862002
0.861915
0.8609700000000001
0.859157
0.8564069999999999
0.852684
0.851225
0.852601
0.853614
0.8536799999999999
0.8553129999999999
0.8604950000000001
0.866237
0.8700680000000001
0.872036
0.8723690000000001
0.871287
0.8690129999999999
0.865734
0.8615649999999999
0.8598899999999999
0.8613290000000001
0.862591
0.8630549999999999
0.8655780000000001
0.8719950000000001
0.8789790000000001
0.8841540000000001
0.8874799999999999
0.889192
0.889487
0.888322
0.885481
0.880857
0.877914
0.877494
0.8765139999999999
0.8745719999999999
0.874642
0.87897
0.8845360000000001
0.888854
0.8918459999999999
0.893547
0.8938209999999999
0.892408
0.889122
0.8871399999999999
0.8870520000000001
0.885785
0.8830309999999999
0.880324
0.8814379999999999
0.885267
0.888144
0.890006
0.8910290000000001
0.891251
0.890573
0.8887809999999999
0.885634
0.8840399999999999
0.88459
0.8844870000000001
0.883373
0.8822129999999999
0.884605
0.889497
0.89304
0.895222
0.896281
0.896379
0.895594
0.89392
0.8913040000000001
0.890806
0.892885
0.894342
0.8945559999999999
0.8947440000000001
0.89849
0.9044610000000001
0.9087729999999999
0.911394
0.9127379999999999
0.9131229999999999
0.912573
0.910904
0.907967
0.9068940000000001
0.9082100000000001
0.908753
0.908035
0.907507
0.910646
0.915925
0.919616
0.921768
0.922646
0.922268
0.9205049999999999
0.917264
0.915644
0.91627
0.916234
0.915214
0.9133379999999999
0.9152
0.920753
0.9250209999999999
0.927689
0.928825
0.9284549999999999
0.9266459999999999
0.9234870000000001
0.918961
0.915935
0.91501
0.913586
0.9115270000000001
0.9090030000000001
0.9103020000000001
0.9155700000000001
0.9200200000000001
0.9230709999999999
0.92489
0.925572
0.9250520000000001
0.9231889999999999
0.919966
0.9184610000000001
0.919268
0.919449
0.918534
0.916642
0.918401
0.924083
0.928894
0.932467
0.9351139999999999
0.936992
0.937983
0.9377709999999999
0.9388270000000001
0.941418
0.942707
0.9423809999999999
0.9407059999999999
0.940443
0.9435379999999999
0.947312
0.949789
0.9511930000000001
0.9518120000000001
0.951727
0.9508459999999999
0.9489540000000001
0.9486959999999999
0.9504969999999999
0.951586
0.9515790000000001
0.950457
0.951233
0.9552139999999999
0.9590489999999999
0.9611799999999999
0.961814
0.9612299999999999
0.959624
0.957134
0.9538409999999999
0.9526540000000001
0.954083
0.955298
0.955835
0.955615
0.957421
0.962548
0.9675889999999999
0.9706969999999999
0.972087
0.972097
0.970792
0.9680059999999999
0.9636100000000001
0.9604469999999999
0.959283
0.957725
0.9555600000000001
0.952901
0.9523739999999999
0.9558469999999999
0.9603950000000001
0.9637389999999999
0.9658450000000001
0.9667180000000001
0.9661799999999999
0.964032
0.9602120000000001
0.9576209999999999
0.9568479999999999
0.9552139999999999
0.952443
0.9487540000000001
0.9475819999999999
0.950472
0.9540799999999999
0.956889
0.959058
0.96065
0.9614889999999999
0.9612379999999999
0.9595360000000001
0.959039
0.96024
0.960448
0.9593290000000001
0.9569110000000001
0.95641
0.95934
0.96244
0.9642799999999999
0.965124
0.965148
0.964342
0.9625950000000001
0.959779
0.9587389999999999
0.95996
0.960519
0.9598629999999999
0.957953
0.958255
0.961965
0.965326
0.9669030000000001
0.966922
0.9656809999999999
0.9633700000000001
0.9600200000000001
0.955594
0.9530700000000001
0.9530489999999999
0.952674
0.951471
0.949393
0.950117
0.954425
0.9582450000000001
0.9605469999999999
0.961513
0.9611959999999999
0.9595
0.9562930000000001
0.954259
0.9540280000000001
0.953142
0.951365
0.948866
0.9475040000000001
0.949859
0.953939
0.9567760000000001
0.9582229999999999
0.9583430000000001
0.9571959999999999
0.954844
0.951232
0.948925
0.948417
0.947232
0.945154
0.9423799999999999
0.9411860000000001
0.943678
0.947326
0.949644
0.950717
0.950751
0.9497770000000001
0.94771
0.9445040000000001
0.943039
0.943853
0.944126
0.943378
0.941644
0.9420709999999999
0.9461799999999999
0.9506450000000001
0.9537370000000001
0.955584
0.95637
0.956068
0.954469
0.951327
0.949358
0.949101
0.947968
0.9458
0.942788
0.9422299999999999
0.9454020000000001
0.948757
0.9508049999999999
0.951785
0.951885
0.951044
0.9490700000000001
0.9485040000000001
0.9497040000000001
0.949966
0.948934
0.9466950000000001
0.945139
0.9467909999999999
0.9497899999999999
0.9515299999999999
0.952066
0.951633
0.950356
0.948275
0.9453799999999999
0.944255
0.9453239999999999
0.946041
0.946059
0.9453540000000001
0.945565
0.948968
0.9533389999999999
0.955765
0.9563879999999999
0.955667
0.9538559999999999
0.950995
0.947076
0.9448049999999999
0.9448129999999999
0.944709
0.9441719999999999
0.9431430000000001
0.9435120000000001
0.94742
0.952483
0.956032
0.958102
0.958836
0.9581719999999999
0.9559690000000001
0.952149
0.9493860000000001
0.9482290000000001
0.946205
0.9430850000000001
0.9390879999999999
0.9368270000000001
0.9385459999999999
0.941736
0.944095
0.945675
0.946517
0.9464110000000001
0.9450049999999999
0.9445610000000001
0.9454520000000001
0.945299
0.943876
0.941263
0.9385100000000001
0.938866
0.941376
0.9428040000000001
0.943248
0.9429489999999999
0.9420139999999999
0.9404520000000001
0.938169
0.9375479999999999
0.9389379999999999
0.939816
0.9397700000000001
0.938803
0.9381290000000001
0.9406610000000001
0.944882
0.947441
0.948415
0.9481860000000001
0.947047
0.9451219999999999
0.942409
0.9415290000000001
0.942997
0.944261
0.944858
0.9446959999999999
0.9452530000000001
0.9490200000000001
0.954145
0.957802
0.9601200000000001
0.9612940000000001
0.961303
0.9599790000000001
0.9571629999999999
0.955485
0.955557
0.954951
0.953382
0.9509620000000001
0.949362
0.9513229999999999
0.955067
0.957573
0.9588180000000001
0.9589840000000001
0.958125
0.95609
0.952625
0.9502659999999999
0.9495299999999999
0.9479540000000001
0.9453450000000001
0.9418690000000001
0.939493
0.9407030000000001
0.9434889999999999
0.945205
0.945902
0.945701
0.944515
0.9421440000000001
0.9408850000000001
0.9412219999999999
0.9408799999999999
0.939559
0.937342
0.9342870000000001
0.9344709999999999
0.9379290000000001
0.940384
0.941701
0.9420729999999999
0.9415690000000001
0.940132
0.937617
0.936227
0.9363450000000001
0.9357479999999999
0.9342379999999999
0.9320120000000001
0.9295399999999999
0.930467
0.9341790000000001
0.936601
0.9377540000000001
0.9380360000000001
0.9376620000000001
0.9366120000000001
0.93704
0.939234
0.9408569999999999
0.941474
0.941045
0.9394979999999999
0.9403450000000001
0.944257
0.94755
0.949516
0.9503809999999999
0.950363
0.9495680000000001
0.947968
0.947677
0.948959
0.9495819999999999
0.949297
0.9482149999999999
0.9462780000000001
0.947011
0.9507059999999999
0.9533389999999999
0.954405
0.954307
0.953282
0.951326
0.948332
0.9466190000000001
0.9466760000000001
0.946348
0.945451
0.9440870000000001
0.9424020000000001
0.9441799999999999
0.9490209999999999
0.952635
0.9549209999999999
0.9560879999999999
0.956141
0.954974
0.9524799999999999
0.9509340000000001
0.950778
0.9498610000000001
0.9480129999999999
0.9454299999999999
0.9422389999999999
0.9425600000000001
0.9465370000000001
0.949859
0.952276
0.9539120000000001
0.9546520000000001
0.954198
0.952209
0.9508479999999999
0.950636
0.949542
0.947411
0.944333
0.940451
0.939839
0.942434
0.9441139999999999
0.945
0.945399
0.945333
0.944627
0.9452200000000001
0.9473020000000001
0.948607
0.948729
0.9476459999999999
0.945365
0.944434
0.946451
0.948838
0.950002
0.950124
0.9493889999999999
0.947882
0.9456129999999999
0.9446209999999999
0.9452809999999999
0.945634
0.9454440000000001
0.9447200000000001
0.943292
0.9436530000000001
0.946889
0.950011
0.9516959999999999
0.952174
0.951583
0.949923
0.9471360000000001
0.94542
0.945319
0.9448690000000001
0.943838
0.942261
0.940069
0.940673
0.944586
0.9480299999999999
0.9502649999999999
0.951419
0.9515309999999999
0.9505379999999999
0.9482459999999999
0.9467030000000001
0.946312
0.945018
0.942631
0.9393610000000001
0.935372
0.9344180000000001
0.9370129999999999
0.939271
0.9405879999999999
0.9410620000000001
0.940623
0.9390719999999999
0.9383549999999999
0.9389149999999999
0.9388299999999999
0.9378190000000001
0.935939
0.933211
0.9315829999999999
0.9330350000000001
0.9355629999999999
0.937092
0.937667
0.937427
0.9364180000000001
0.9345690000000001
0.933796
0.934398
0.934415
0.9336969999999999
0.932467
0.9307549999999999
0.930724
0.933902
0.9377620000000001
0.94047
0.942159
0.9430370000000001
0.943124
0.9422940000000001
0.942559
0.9442969999999999
0.945458
0.9457200000000001
0.945097
0.9435309999999999
0.9436829999999999
0.946958
0.950584
0.953152
0.954807
0.95562
0.95545
0.954109
0.95368
0.954583
0.954742
0.9538719999999999
0.9520370000000001
0.949209
0.948149
0.950046
0.951915
0.952508
0.952109
0.950873
0.9487030000000001
0.9474100000000001
0.9473020000000001
0.946507
0.944865
0.942602
0.939808
0.93739
0.938105
0.940852
0.942516
0.942995
0.9423790000000001
0.940659
0.937824
0.935788
0.935002
0.933783
0.932002
0.9297989999999999
0.927149
0.924974
0.926049
0.9292799999999999
0.9316549999999999
0.933167
0.933948
0.933942
0.9347139999999999
0.936456
0.937419
0.937373
0.936491
0.934874
0.932464
0.9324469999999999
0.9353370000000001
0.937731
0.9391149999999999
0.939803
0.9399649999999999
0.939541
