1.012384
1.011585
1.0120049999999998
1.011601
1.010222
1.008031
1.0050299999999999
1.00274
1.003624
1.006006
1.0072709999999998
1.007558
1.007055
1.005723
1.003428
1.0022209999999998
1.0024819999999999
1.002124
1.000832
0.998707
0.9958440000000001
0.99379
0.994914
0.9975
0.9989399999999999
0.9993110000000001
0.998799
0.997469
0.9952639999999999
0.994237
0.994762
0.994772
0.993967
0.9923540000000001
0.9898450000000001
0.9883200000000001
0.9899120000000001
0.992667
0.9944290000000001
0.99526
0.9952479999999999
0.9943200000000001
0.994339
0.9956459999999999
0.996402
0.9964299999999999
0.995819
0.9945790000000001
0.992964
0.9944299999999999
0.9985069999999999
1.001284
1.0026329999999999
1.002794
1.001963
1.0002
0.9994649999999999
1.000122
1.000258
0.999632
0.9983709999999999
0.996534
0.9947389999999999
0.9961129999999999
0.9998040000000001
1.0023090000000001
1.003596
1.003827
1.003024
1.001177
1.00041
1.0011370000000002
1.0013040000000002
1.000597
0.999091
0.996801
0.994807
0.9960370000000001
0.999361
1.001702
1.003053
1.003554
1.003152
1.001647
1.000891
1.001197
1.0006700000000002
0.9992139999999999
0.9970129999999999
0.994082
0.991351
0.9917729999999999
0.994287
0.995799
0.996447
0.996453
0.995771
0.994231
0.993814
0.994841
0.995192
0.9945139999999999
0.992826
0.990159
0.9881549999999999
0.9893299999999999
0.9920620000000001
0.993798
0.994603
0.994583
0.993713
0.9919469999999999
0.991408
0.9924870000000001
0.993115
0.9930120000000001
0.992189
0.990524
0.989656
0.9917969999999999
0.995138
0.9973290000000001
0.9983709999999999
0.99834
0.997223
0.9949690000000001
0.9937729999999999
0.994202
0.994287
0.993706
0.9924299999999999
0.990381
0.989395
0.9915200000000001
0.9946530000000001
0.9965129999999999
0.997232
0.997043
0.9959610000000001
0.99384
0.992767
0.993136
0.992823
0.991566
0.9895450000000001
0.9868629999999999
0.9857520000000001
0.988084
0.991505
0.9939540000000001
0.9954049999999999
0.99584
0.995125
0.995159
0.996368
0.996901
0.996502
0.9952549999999999
0.993196
0.990295
0.9904200000000001
0.993647
0.995934
0.997158
0.997497
0.997006
0.9956209999999999
0.9951549999999999
0.995857
0.9957799999999999
0.9946940000000001
0.9927950000000001
0.990152
0.986966
0.986806
0.989346
0.9907530000000001
0.991058
0.990592
0.989484
0.987669
0.9870639999999999
0.98798
0.988391
0.987942
0.986642
0.984518
0.982625
0.98388
0.987115
0.9891709999999999
0.990081
0.990041
0.9891030000000001
0.987242
0.9864360000000001
0.98703
0.987057
0.9862709999999999
0.9847469999999999
0.9824370000000001
0.9804639999999999
0.981469
0.9841620000000001
0.985784
0.9864430000000001
0.986273
0.9852200000000001
0.9831219999999999
0.981984
0.982233
0.9819540000000001
0.980992
0.979448
0.977305
0.9765590000000001
0.9790840000000001
0.982611
0.984977
0.9862139999999999
0.986455
0.985743
0.984001
0.983291
0.984024
0.984168
0.9834780000000001
0.9820610000000001
0.979972
0.9792549999999999
0.981824
0.985453
0.988014
0.989532
0.9900260000000001
0.9893700000000001
0.9894
0.9905370000000001
0.990994
0.9904950000000001
0.9890979999999999
0.9868520000000001
0.98374
0.983353
0.9860959999999999
0.988283
0.989527
0.989967
0.9896309999999999
0.988425
0.988073
0.9888100000000001
0.988775
0.9877870000000001
0.9860680000000001
0.983708
0.9806370000000001
0.980661
0.9837670000000001
0.985893
0.9870459999999999
0.98756
0.987558
0.9869479999999999
0.9875360000000001
0.9895889999999999
0.9911270000000001
0.991761
0.991439
0.9900770000000001
0.988057
0.988935
0.9923559999999999
0.9946879999999999
0.9959319999999999
0.9962700000000001
0.9956790000000001
0.994065
0.993381
0.9940379999999999
0.994159
0.993492
0.9921040000000001
0.9899459999999999
0.9875700000000001
0.9881190000000001
0.990867
0.992476
0.992959
0.9924040000000001
0.9907540000000001
0.9879290000000001
0.9859829999999999
0.985431
0.984484
0.9829889999999999
0.9809969999999999
0.9784450000000001
0.9766530000000001
0.978117
0.981276
0.983332
0.9842629999999999
0.9842190000000001
0.983276
0.9813799999999999
0.9804870000000001
0.980987
0.98095
0.980117
0.978582
0.976434
0.975016
0.976981
0.9809389999999999
0.984036
0.986201
0.987433
0.987584
0.98834
0.9900530000000001
0.991082
0.9912719999999999
0.990701
0.989395
0.987297
0.9872790000000001
0.9902290000000001
0.993134
0.9950829999999999
0.9961979999999999
0.996532
0.99603
0.9964360000000001
0.9979899999999999
0.998801
0.99855
0.99734
0.995288
0.9923649999999999
0.9919819999999999
0.994603
0.996626
0.9975729999999999
0.997655
0.9970120000000001
0.9956370000000001
0.9953209999999999
0.9963489999999999
0.9968540000000001
0.9965219999999999
0.9953489999999999
0.993289
0.990282
0.9900709999999999
0.992917
0.9948950000000001
0.995712
0.9955459999999999
0.994441
0.992352
0.991137
0.9912209999999999
0.9908459999999999
0.989743
0.9879620000000001
0.985482
0.98215
0.981684
0.984167
0.9856389999999999
0.986084
0.9857520000000001
0.984648
0.9826590000000001
0.9816389999999999
0.981922
0.981672
0.9807469999999999
0.979305
0.977351
0.975608
0.9771280000000001
0.981009
0.983884
0.9856520000000001
0.986397
0.986137
0.984878
0.984611
0.9857090000000001
0.986281
0.9860959999999999
0.985209
0.9835969999999999
0.9821700000000001
0.983925
0.987856
0.990766
0.9926290000000001
0.993534
0.993395
0.9920549999999999
0.9915010000000001
0.992245
0.992431
0.9917549999999999
0.9902350000000001
0.9878629999999999
0.985558
0.986346
0.989326
0.991425
0.992643
0.9930540000000001
0.992576
0.992899
0.994267
0.99485
0.9943649999999999
0.992949
0.9907879999999999
0.9879399999999999
0.986926
0.988972
0.991392
0.9928110000000001
0.9933299999999999
0.99311
0.9921969999999999
0.9922620000000001
0.993575
0.994432
0.994559
0.993957
0.9925370000000001
0.990122
0.989187
0.991149
0.9934620000000001
0.9947809999999999
0.995232
0.994917
0.9937870000000001
0.9936159999999999
0.9948030000000001
0.995627
0.995791
0.995291
0.994079
0.9919950000000001
0.9921610000000001
0.995152
0.99761
0.998978
0.999434
0.9989370000000001
0.997347
0.996444
0.996613
0.996166
0.994994
0.993267
0.9909889999999999
0.988017
0.9879540000000001
0.991022
0.993291
0.994375
0.994361
0.993288
0.99118
0.9899629999999999
0.9900180000000001
0.9895440000000001
0.988308
0.9863639999999999
0.983728
0.9807309999999999
0.981034
0.984381
0.987007
0.988826
0.989917
0.9901639999999999
0.9893549999999999
0.9892770000000001
0.9903209999999999
0.990762
0.99044
0.989425
0.987707
0.9854950000000001
0.986342
0.989979
0.99269
0.994482
0.99551
0.99574
0.9950620000000001
0.9953190000000001
0.9968290000000001
0.9976809999999999
0.997619
0.996767
0.9951200000000001
0.992843
0.993469
0.9967309999999999
0.9989100000000001
1.000031
1.000345
0.999907
0.99859
0.9982260000000001
0.999149
0.999452
0.998835
0.997303
0.994827
0.9918680000000001
0.9920329999999999
0.9949620000000001
0.996992
0.998042
0.9982049999999999
0.9974
0.9972840000000001
0.998236
0.9986780000000001
0.9984219999999999
0.9975450000000001
0.996064
0.9938819999999999
0.99279
0.9944940000000001
0.9969040000000001
0.998116
0.9983110000000001
0.9976870000000001
0.996252
0.9956790000000001
0.9962850000000001
0.9964129999999999
0.995842
0.994706
0.9930450000000001
0.990718
0.9899600000000001
0.9922030000000001
0.9949520000000001
0.996613
0.997239
0.9969629999999999
0.9958600000000001
0.9957239999999999
0.9968239999999999
0.99736
0.997092
0.9961129999999999
0.9944860000000001
0.9922040000000001
0.992405
0.995769
0.998922
1.001034
1.00219
1.0023540000000002
1.001362
1.000911
1.001391
1.001198
1.000204
0.998518
0.996172
0.993075
0.9924780000000001
0.9949709999999999
0.9971559999999999
0.998497
0.999151
0.9990979999999999
0.9981780000000001
0.998125
0.999192
0.999474
0.998691
0.996984
0.994509
0.991282
0.9911139999999999
0.994152
0.996418
0.997749
0.998295
0.998099
0.9971030000000001
0.997125
0.998491
0.9993700000000001
0.999495
0.9988670000000001
0.997397
0.994974
0.9953420000000001
0.998757
1.0012809999999999
1.002635
1.003007
1.0024549999999999
1.000964
1.0004520000000001
1.001372
1.001926
1.001789
1.0009430000000001
0.9993200000000001
0.9967590000000001
0.9969020000000001
0.9999469999999999
1.002063
1.0031459999999999
1.0034129999999999
1.002842
1.0013020000000001
1.000613
1.001107
1.000961
1.000019
0.998466
0.9963639999999999
0.993771
0.9944299999999999
0.998188
1.000975
1.002602
1.00314
1.002601
1.001004
1.0002959999999999
1.000866
1.000884
1.000102
0.998555
0.996231
0.993382
0.9937040000000001
0.9969450000000001
0.999239
1.000521
1.000921
1.000378
1.000518
1.00166
1.00219
1.00189
1.0007700000000002
0.998826
0.9960459999999999
0.9944540000000001
0.9958440000000001
0.998166
0.999591
1.00014
0.9998540000000001
0.9986940000000001
0.998334
0.9990559999999999
0.999151
0.998383
0.996916
0.9949
0.992292
0.9914350000000001
0.9936309999999999
0.996251
0.9978030000000001
0.9984040000000001
0.998258
0.997459
0.997801
0.99959
1.001013
1.001714
1.001627
1.000644
0.998609
0.998432
1.001195
1.003965
1.005783
1.006775
1.006959
1.006185
1.006153
1.007219
1.007682
1.007325
1.006237
1.004453
1.0018799999999999
1.001516
1.0040930000000001
1.006375
1.00758
1.007835
1.007096
1.005242
1.004134
1.004207
1.003751
1.002649
1.001052
0.9989290000000001
0.9961
0.9960959999999999
0.999172
1.001485
1.002666
1.0028350000000001
1.002053
1.000353
0.999599
1.000125
1.00013
0.999365
0.997871
0.995657
0.992719
0.992654
0.995927
0.998848
1.0009190000000001
1.002178
1.0025030000000001
1.001687
1.00147
1.002277
1.0024870000000001
1.001946
1.000712
0.9987659999999999
0.995999
0.9960450000000001
0.999184
1.001631
1.003169
1.0039690000000001
1.0040200000000001
1.003211
1.00337
1.004779
1.0054809999999998
1.005191
1.00403
1.002019
0.999233
0.9994
1.002435
1.004477
1.005526
1.005816
1.005383
1.00409
1.003736
1.004643
1.0049290000000002
1.004315
1.002821
1.000413
0.997316
0.997309
1.000207
1.0021010000000001
1.0028920000000001
1.002716
1.00155
0.999343
0.998117
0.998396
0.998384
0.9978049999999999
0.996654
0.9948170000000001
0.9924719999999999
0.993035
0.996078
0.997928
0.9986780000000001
0.998583
0.9976510000000001
0.997585
0.9986790000000001
0.99918
0.998834
0.997771
0.9961
0.9938030000000001
0.993014
0.995303
0.998326
1.00027
1.0011139999999998
1.000952
0.99985
0.9995459999999999
1.000307
1.000427
0.999735
0.998391
0.9964870000000001
0.994001
0.993524
0.996181
0.9991120000000001
1.0009860000000002
1.001903
1.0019280000000002
1.000982
1.0008219999999999
1.001825
1.00231
1.002077
1.001166
0.999559
0.9971389999999999
0.99703
0.999906
1.002515
1.0042659999999999
1.005333
1.005698
1.005187
1.005448
1.006692
1.007074
1.006435
1.0050370000000002
1.0030059999999998
1.000235
0.9999600000000001
1.002785
1.0052459999999999
1.006716
1.007379
1.007275
1.006255
1.0060930000000001
1.007139
1.007586
1.00718
1.005934
1.003779
1.000628
1.0003229999999999
1.00314
1.00518
1.006282
1.006636
1.006227
1.0049649999999999
1.00476
1.006019
1.006889
1.0070649999999999
1.0065469999999999
1.0052450000000002
1.002958
1.003254
1.006409
1.008675
1.009887
1.010268
1.009803
1.0083879999999998
1.007846
1.00855
1.0087409999999999
1.008238
1.007156
1.005475
1.003048
1.003462
1.006959
1.009627
1.0110700000000001
1.011458
1.0109
1.00936
1.0086700000000002
1.009191
1.009109
1.0081930000000001
1.006544
1.004245
1.001347
1.001714
1.005301
1.0080069999999999
1.0097180000000001
1.010525
1.0103280000000001
1.0089540000000001
1.008311
1.008888
1.0088979999999999
1.0080930000000001
1.006543
1.004251
1.0013299999999998
1.001533
1.0047760000000001
1.007196
1.008717
1.009447
1.0093370000000002
1.0082360000000001
1.0079930000000001
1.008921
1.009087
1.008282
1.006686
1.004357
1.001609
1.001957
1.00499
1.0069379999999999
1.0077610000000001
1.007685
1.0067840000000001
1.004994
1.004269
1.004991
1.0052020000000002
1.004567
1.003058
1.000594
0.9978459999999999
0.998152
1.000843
1.002481
1.003039
1.002659
1.001312
1.000753
1.001365
1.001469
1.000847
0.9995700000000001
0.997674
0.995094
0.9942190000000001
0.9962690000000001
0.998624
0.999951
1.000364
0.9998799999999999
0.998423
0.9977239999999999
0.99813
0.99798
0.99715
0.9958309999999999
0.9940469999999999
0.991634
0.991403
0.9942190000000001
0.996942
0.9985290000000001
0.9990889999999999
0.998757
0.9976219999999999
0.997577
0.998941
0.9998549999999999
1.0000129999999998
0.999416
0.998049
0.995884
0.996669
1.000616
1.003802
1.0059799999999999
1.007277
1.0076180000000001
1.006801
1.006576
1.007323
1.007344
1.006501
1.004903
1.00258
0.999442
0.999289
1.002212
1.0041930000000001
1.005152
1.005254
1.004476
1.002697
0.999761
0.995549
0.9900389999999999
0.9833120000000001
0.978591
0.976506
0.973929
0.9702379999999999
0.9656620000000001
0.965184
0.9688459999999999
0.9716969999999999
0.9735860000000001
0.9745389999999999
0.974369
0.97291
0.97009
0.9686739999999999
0.9689629999999999
0.9679840000000001
0.9654209999999999
0.961692
0.9592440000000001
0.960735
0.964089
0.96652
0.9676889999999999
0.9674450000000001
0.96572
0.9624950000000001
0.957749
0.951525
0.9467840000000001
0.944224
0.941218
0.9373819999999999
0.932751
0.931308
0.9337129999999999
0.9355760000000001
0.9359129999999999
0.935003
0.9331799999999999
0.9306459999999999
0.927507
0.9266559999999999
0.9285
0.9300209999999999
0.93061
0.930217
0.931745
0.936575
0.9415020000000001
0.944895
0.9469549999999999
0.9479129999999999
0.9478040000000001
0.94652
0.943867
0.939685
0.936809
0.9360290000000001
0.9348780000000001
0.932968
0.9302239999999999
0.9305200000000001
0.934218
0.9367479999999999
0.937192
0.93576
0.9327049999999999
0.92824
0.922491
0.9155110000000001
0.910479
0.9079729999999999
0.9049309999999999
0.90094
0.8970600000000001
0.8971129999999999
0.900083
0.901913
0.9025219999999999
0.90207
0.9005059999999999
0.897575
0.892964
0.8893700000000001
0.8874139999999999
0.884569
0.8806860000000001
0.876017
0.8746700000000001
0.877223
0.879431
0.880448
0.880231
0.878757
0.876031
0.8720459999999999
0.8667860000000001
0.8630950000000001
0.861635
0.8598870000000001
0.85756
0.85496
0.855885
0.859563
0.861399
0.861374
0.86006
0.8579379999999999
0.855243
0.8520110000000001
0.84819
0.846707
0.847934
0.8486959999999999
0.8483370000000001
0.848282
0.8515799999999999
0.856663
0.860276
0.862448
0.8634629999999999
0.863432
0.862261
0.8597879999999999
0.855916
0.853701
0.853823
0.85346
0.852193
0.8516370000000001
0.8546879999999999
0.8594350000000001
0.8624639999999999
0.863722
0.8635309999999999
0.8620559999999999
0.8592420000000001
0.8549610000000001
0.8491639999999999
0.845076
0.843426
0.8412379999999999
0.8379989999999999
0.835816
0.83724
0.8400620000000001
0.841558
0.841773
0.840885
0.8388959999999999
0.8357040000000001
0.8312149999999999
0.828204
0.827098
0.825116
0.821974
0.8186180000000001
0.8188529999999999
0.821989
0.824111
0.8250360000000001
0.8248850000000001
0.823693
0.821413
0.81794
0.813195
0.8099609999999999
0.808949
0.8076479999999999
0.805552
0.803547
0.804873
0.808351
0.8103670000000001
0.810941
0.81043
0.809126
0.8071729999999999
0.804546
0.80111
0.799614
0.800374
0.800307
0.798862
0.798379
0.8012859999999999
0.805264
0.80787
0.809283
0.809866
0.809796
0.8089689999999999
0.807103
0.80676
0.8083020000000001
0.80893
0.8082550000000001
0.8073819999999999
0.809671
0.8140430000000001
0.816948
0.8183560000000001
0.8184680000000001
0.8173560000000001
0.815025
0.811445
0.8066260000000001
0.803488
0.802671
0.801516
0.799614
0.798389
0.8006409999999999
0.804617
0.8069609999999999
0.807577
0.806717
0.804633
0.801504
0.797354
0.792111
0.788559
0.78722
0.7854180000000001
0.782852
0.781341
0.7835979999999999
0.787802
0.7910119999999999
0.793167
0.794388
0.794626
0.7936340000000001
0.791095
0.786846
0.783673
0.78222
0.779949
0.776546
0.773879
0.7748619999999999
0.777874
0.7800600000000001
0.781415
0.78213
0.782223
0.781497
0.779629
0.778998
0.7798930000000001
0.77967
0.7780279999999999
0.7761140000000001
0.777172
0.780221
0.782027
0.782783
0.7829079999999999
0.7825810000000001
0.781749
0.780209
0.777714
0.7767729999999999
0.7777930000000001
0.77812
0.77732
0.776891
0.779713
0.784233
0.787325
0.7889
0.789175
0.788327
0.786452
0.7835949999999999
0.779784
0.777788
0.778169
0.778269
0.777565
0.777609
0.780976
0.7857529999999999
0.788903
0.790466
0.790812
0.790125
0.788321
0.785198
0.780625
0.777327
0.775941
0.773962
0.771053
0.769113
0.770922
0.774683
0.777514
0.779303
0.780075
0.779701
0.777991
0.7748010000000001
0.772579
0.77178
0.7700560000000001
0.767242
0.764101
0.764493
0.7680359999999999
0.770861
0.772791
0.773928
0.774257
0.773662
0.771939
0.768885
0.7669590000000001
0.766782
0.7660779999999999
0.76448
0.762699
0.764254
0.768476
0.771692
0.773807
0.7750020000000001
0.775358
0.774831
0.7732760000000001
0.770541
0.769154
0.76957
0.769246
0.7678550000000001
0.766938
0.769543
0.7742180000000001
0.777741
0.780076
0.781467
0.7820229999999999
0.7816420000000001
0.780095
0.779647
0.780692
0.780871
0.779871
0.777764
0.778613
0.78258
0.785488
0.787188
0.78791
0.787723
0.78659
0.7843979999999999
0.781026
0.778877
0.778492
0.777636
0.7760199999999999
0.773879
0.7751100000000001
0.779404
0.782423
0.783941
0.784153
0.783243
0.781337
0.778423
0.774422
0.771783
0.7710640000000001
0.770039
0.768478
0.7668510000000001
0.768836
0.773924
0.778027
0.780928
0.782746
0.783468
0.78294
0.781003
0.777624
0.775265
0.774472
0.773031
0.7707229999999999
0.7681
0.7691680000000001
0.773625
0.777317
0.780025
0.781882
0.782877
0.7828189999999999
0.781425
0.7808109999999999
0.781363
0.78094
0.7794220000000001
0.776996
0.7770130000000001
0.7802720000000001
0.783345
0.785401
0.786656
0.787273
0.787262
0.78651
0.784825
0.7843829999999999
0.785592
0.786237
0.785987
0.784799
0.786061
0.790406
0.794127
0.796363
0.797285
0.797078
0.795863
0.793724
0.79071
0.7892060000000001
0.789734
0.790077
0.7898430000000001
0.78892
0.790547
0.79518
0.79911
0.8016220000000001
0.8029430000000001
0.803143
0.802128
0.799771
0.79605
0.793445
0.7925760000000001
0.791292
0.7893140000000001
0.786729
0.787083
0.7909689999999999
0.794603
0.797133
0.798607
0.799072
0.798492
0.796713
0.793562
0.791427
0.790895
0.78982
0.788009
0.78557
0.786335
0.790632
0.794402
0.797132
0.798928
0.799805
0.799651
0.798289
0.795636
0.794203
0.794563
0.794397
0.7933140000000001
0.791289
0.792199
0.796421
0.7999069999999999
0.802218
0.8035260000000001
0.803914
0.803322
0.801608
0.798643
0.796856
0.796822
0.796334
0.795074
0.7929689999999999
0.794026
0.798337
0.801609
0.803696
0.804841
0.8051010000000001
0.804405
0.8026439999999999
0.799732
0.798117
0.79827
0.7977770000000001
0.7962239999999999
0.793654
0.794291
0.7983180000000001
0.801383
0.803254
0.804146
0.804183
0.8033899999999999
0.8016939999999999
0.7989930000000001
0.7977270000000001
0.798373
0.798506
0.797672
0.795805
0.7968649999999999
0.800998
0.803976
0.805597
0.806132
0.805685
0.804239
0.80173
0.798157
0.796137
0.796262
0.796131
0.795312
0.793792
0.795606
0.800619
0.804309
0.806411
0.807136
0.80669
0.805121
0.802323
0.798221
0.795412
0.79457
0.7934640000000001
0.791798
0.789806
0.791377
0.7962100000000001
0.800028
0.8025770000000001
0.8039430000000001
0.8041010000000001
0.802937
0.8003600000000001
0.7987310000000001
0.798571
0.797692
0.795845
0.793153
0.792461
0.795165
0.798452
0.800887
0.802519
0.8034279999999999
0.803561
0.802746
0.80076
0.7997810000000001
0.800307
0.80028
0.799442
0.797752
0.79813
0.801583
0.804949
0.807161
0.808469
0.8090470000000001
0.808924
0.8080470000000001
0.8063239999999999
0.80608
0.807686
0.8086949999999999
0.808624
0.807438
0.808495
0.812606
0.816234
0.8184819999999999
0.8195959999999999
0.819808
0.8191970000000001
0.8176760000000001
0.8150930000000001
0.813789
0.814244
0.814148
0.813109
0.8111010000000001
0.811317
0.814629
0.817627
0.8193520000000001
0.819996
0.819643
0.818226
0.815615
0.81175
0.8091619999999999
0.808469
0.8074100000000001
0.8056399999999999
0.8031520000000001
0.8034279999999999
0.807041
0.810187
0.812055
0.81285
0.8127880000000001
0.81188
0.809944
0.8068069999999999
0.804858
0.804685
0.804132
0.802906
0.80097
0.801793
0.806025
0.80993
0.8126869999999999
0.81439
0.81506
0.814595
0.812909
0.810013
0.808399
0.808585
0.8082630000000001
0.807082
0.805078
0.806037
0.810515
0.8145680000000001
0.817546
0.819591
0.8207270000000001
0.8208219999999999
0.819672
0.817103
0.815554
0.815577
0.8148989999999999
0.813244
0.810652
0.8111520000000001
0.815078
0.8182619999999999
0.820384
0.8216829999999999
0.822212
0.8218559999999999
0.8204229999999999
0.817733
0.816204
0.816283
0.815538
0.813661
0.81081
0.8110189999999999
0.814581
0.817263
0.818635
0.8189850000000001
0.818541
0.817314
0.815144
0.81189
0.810026
0.810063
0.809588
0.8081689999999999
0.805732
0.806221
0.8099109999999999
0.812656
0.814132
0.814529
0.8139430000000001
0.812355
0.809706
0.806005
0.803847
0.803794
0.803466
0.802487
0.80093
0.802816
0.8079390000000001
0.811846
0.814379
0.81582
0.816264
0.815585
0.8136
0.810234
0.808186
0.8081689999999999
0.807829
0.80678
0.8053739999999999
0.8075319999999999
0.812863
0.817105
0.8200149999999999
0.821681
0.822081
0.821152
0.81886
0.815185
0.8127810000000001
0.812231
0.811084
0.8090510000000001
0.806819
0.808265
0.8128340000000001
0.816441
0.818906
0.8203370000000001
0.8207049999999999
0.819867
0.817637
0.8138890000000001
0.811312
0.810589
0.809299
0.807064
0.804473
0.805321
0.8090930000000001
0.811851
0.8135180000000001
0.814275
0.8141729999999999
0.813135
0.811002
0.807628
0.8055680000000001
0.805303
0.804346
0.8024140000000001
0.800182
0.801315
0.805144
0.807725
0.809044
0.809434
0.809024
0.807733
0.8054180000000001
0.8019970000000001
0.800136
0.800345
0.800009
0.798651
0.797135
0.7989229999999999
0.8031520000000001
0.8061689999999999
0.8078390000000001
0.808338
0.807771
0.8061659999999999
0.803524
0.79984
0.797872
0.798187
0.798157
0.797299
0.796786
0.799664
0.804545
0.808045
0.810164
0.811116
0.8109109999999999
0.809458
0.8066949999999999
0.802678
0.800333
0.800284
0.799852
0.798588
0.797914
0.800814
0.8057310000000001
0.809305
0.8113630000000001
0.812009
0.811336
0.80942
0.8062560000000001
0.80437
0.8042630000000001
0.803539
0.8019649999999999
0.799697
0.80081
0.805447
0.809299
0.811979
0.8135479999999999
0.814006
0.8133060000000001
0.8113319999999999
0.807952
0.805661
0.805108
0.804053
0.802183
0.799512
0.800124
0.804148
0.807242
0.809159
0.810126
0.810285
0.809642
0.80809
0.8054899999999999
0.804312
0.804953
0.804898
0.80383
0.802016
0.803367
0.80758
0.810453
0.812041
0.81277
0.81283
0.812144
0.8105140000000001
0.807765
0.806415
0.806918
0.80671
0.805341
0.803192
0.804195
0.80806
0.81072
0.8120390000000001
0.812234
0.811437
0.80967
0.8068890000000001
0.80305
0.800873
0.800932
0.800638
0.799525
0.798445
0.8006989999999999
0.805225
0.808322
0.809936
0.810392
0.809855
0.8082739999999999
0.8055220000000001
0.8015329999999999
0.7990689999999999
0.798798
0.798227
0.796952
0.795874
0.798373
0.8034399999999999
0.807333
0.8098609999999999
0.811139
0.811241
0.810203
0.807949
0.804349
0.802025
0.801575
0.800596
0.79883
0.797189
0.79914
0.803778
0.807369
0.809817
0.811284
0.811768
0.811116
0.80912
0.805685
0.8035800000000001
0.8033859999999999
0.802489
0.800488
0.7984829999999999
0.799982
0.804092
0.807294
0.8095220000000001
0.810956
0.811605
0.811295
0.809772
0.80684
0.805127
0.805124
0.804265
0.80228
0.8003520000000001
0.801856
0.80569
0.808292
0.8096369999999999
0.810009
0.809519
0.808099
0.805615
0.80197
0.79986
0.79977
0.798992
0.7970430000000001
0.7952670000000001
0.796913
0.800668
0.803104
0.8041020000000001
0.803901
0.802716
0.800625
0.7975399999999999
0.7958890000000001
0.79611
0.795779
0.7945760000000001
0.7925409999999999
0.793798
0.79832
0.801635
0.803537
0.804262
0.803941
0.802563
0.800053
0.796343
0.793979
0.79361
0.792994
0.791856
0.790532
0.792871
0.798384
0.802667
0.8054560000000001
0.806912
0.807135
0.806177
0.80408
0.800838
0.799058
0.799243
0.798886
0.797679
0.796474
0.7988810000000001
0.804086
0.808214
0.8111510000000001
0.81309
0.814053
0.813852
0.81219
0.808895
0.806668
0.806131
0.804784
0.802294
0.799567
0.800421
0.804242
0.807177
0.809045
0.809984
0.810024
0.809036
0.809066
0.810347
0.810593
0.8095100000000001
0.8073
0.805796
0.807318
0.81017
0.811942
0.8126369999999999
0.812462
0.813157
0.815154
0.8169390000000001
0.8181579999999999
0.818754
0.818746
0.81817
0.8195459999999999
0.823577
0.8273959999999999
0.8298540000000001
0.8309479999999999
0.8308530000000001
0.8297770000000001
0.829362
0.8301059999999999
0.8308270000000001
0.831476
0.8321959999999999
0.832967
0.833572
0.836828
0.84286
0.8481
0.851827
0.854174
0.8554510000000001
0.855991
0.857518
0.8602709999999999
0.862542
0.8639389999999999
0.8644950000000001
0.864297
0.863511
0.8654129999999999
0.869818
0.873266
0.875791
0.877624
0.8787709999999999
0.879016
0.879667
0.88085
0.8809739999999999
0.8798309999999999
0.877553
0.874296
0.8706
0.869748
0.871459
0.8725350000000001
0.8730180000000001
0.873109
0.8727940000000001
0.8718670000000001
0.8718299999999999
0.872886
0.873316
0.872959
0.8720319999999999
0.8706010000000001
0.86934
0.8708309999999999
0.874243
0.876848
0.87882
0.8804290000000001
0.8816790000000001
0.8838600000000001
0.887127
0.8900319999999999
0.892324
0.8940290000000001
0.8951129999999999
0.89544
0.895642
0.898409
0.903072
0.906885
0.9098459999999999
0.9120950000000001
0.9136270000000001
0.9157350000000001
0.91876
0.921528
0.923849
0.925709
0.926983
0.927416
0.927176
0.9293110000000001
0.933529
0.9367790000000001
0.9392530000000001
0.9412209999999999
0.94266
0.9434
0.944917
0.947434
0.9493290000000001
0.950361
0.950534
0.9497760000000001
0.948018
0.948256
0.9515370000000001
0.954926
0.9574459999999999
0.959097
0.9598459999999999
0.959525
0.9595319999999999
0.9601569999999999
0.9599780000000001
0.95888
0.957047
0.954622
0.9516020000000001
0.9497979999999999
0.951081
0.953526
0.95506
0.955525
0.954825
0.9528639999999999
0.951234
0.950493
0.9493719999999999
0.9476899999999999
0.945478
0.942734
0.9394040000000001
0.9374879999999999
0.93896
0.9418979999999999
0.9443450000000001
0.9462010000000001
0.9473940000000001
0.949139
0.9515969999999999
0.953411
0.954417
0.954779
0.954598
0.9538479999999999
0.952471
0.953742
0.9581049999999999
0.962183
0.9655239999999999
0.968209
0.970182
0.9713299999999999
0.973159
0.9759899999999999
0.97829
0.979742
0.980302
0.979965
0.9787450000000001
0.978981
0.9822780000000001
0.986303
0.9894069999999999
0.991583
0.992865
0.9932540000000001
0.99449
0.996908
0.9988020000000001
0.999878
1.0001440000000001
0.9995940000000001
0.998185
0.998418
1.001776
1.005707
1.008591
1.010291
1.01074
1.0098639999999999
1.00932
1.009623
1.009406
1.008536
1.007117
1.005208
1.00274
1.000982
1.002138
1.004632
1.005951
1.006156
1.005403
1.0037
1.002659
1.002683
1.002291
1.0012889999999999
0.999815
0.997942
0.995597
0.994057
0.995668
0.998994
1.001458
1.002951
1.003494
1.003083
1.0033590000000001
1.004721
1.00567
1.00597
1.005665
1.0047409999999999
1.003124
1.002106
1.0041639999999998
1.007938
1.010805
1.012691
1.013625
1.013521
1.013993
1.01547
1.016506
1.0169
1.01662
1.015601
1.013743
1.012837
1.014835
1.017874
1.0199610000000001
1.021112
1.021362
1.02067
1.020787
1.0220639999999999
1.022769
1.022621
1.021729
1.020224
1.0180850000000001
1.01736
1.019658
1.022672
1.024551
1.025325
1.025168
1.024186
1.022392
1.021775
1.022772
1.02346
1.023449
1.02264
1.02095
1.018572
1.019264
1.022812
1.025292
1.026671
1.027136
1.026723
1.025433
1.02532
1.0267629999999999
1.0277180000000001
1.027791
1.026981
1.025256
1.022513
1.022522
1.0255299999999998
1.027673
1.02878
1.028951
1.028165
1.0263440000000001
1.025426
1.025849
1.025842
1.0252370000000002
1.024096
1.022375
1.019929
1.020384
1.023863
1.026348
1.02759
1.0278969999999998
1.027397
1.0260280000000002
1.025744
1.026938
1.02766
1.027621
1.026909
1.0255530000000002
1.0234290000000001
1.024335
1.0283639999999998
1.031433
1.033372
1.034281
1.0341200000000002
1.032842
1.0324870000000002
1.033476
1.033867
1.033382
1.0320850000000001
1.029959
1.0269409999999999
1.0270270000000001
1.030437
1.033066
1.034725
1.035552
1.0355
1.034397
1.034117
1.0349709999999999
1.035012
1.034062
1.032243
1.029554
1.02615
1.025828
1.028427
1.030046
1.03075
1.030791
1.030168
1.028734
1.028399
1.0294299999999998
1.02972
1.02891
1.027102
1.024422
1.021223
1.021108
1.023714
1.025234
1.02566
1.025224
1.024031
1.022063
1.021282
1.022022
1.022297
1.0218129999999999
1.020573
1.018475
1.015949
1.016424
1.019417
1.0213889999999999
1.022325
1.0223959999999999
1.021603
1.019825
1.019101
1.0199129999999998
1.0203360000000001
1.020103
1.019247
1.017715
1.016362
1.01815
1.021984
1.0245799999999998
1.025976
1.026418
1.02593
1.0243659999999999
1.023764
1.024513
1.0245469999999999
1.023635
1.021954
1.019587
1.017771
1.0192860000000001
1.0227760000000001
1.0252139999999998
1.026527
1.026759
1.025882
1.02387
1.022856
1.023198
1.0228030000000001
1.0214299999999998
1.019202
1.0161959999999999
1.013883
1.014989
1.017996
1.02
1.020986
1.02104
1.020062
1.017863
1.016483
1.016391
1.015677
1.014169
1.011952
1.009024
1.006873
1.0079989999999999
1.010788
1.012627
1.0136180000000001
1.0138639999999999
1.013274
1.011674
1.0111
1.011889
1.011916
1.010977
1.009299
1.00695
1.005747
1.007839
1.011209
1.013508
1.0148409999999999
1.015393
1.0151270000000001
1.013839
1.013628
1.014902
1.015515
1.015152
1.013817
1.011441
1.010327
1.012426
1.015357
1.0171370000000002
1.017863
1.01763
1.016369
1.014001
1.012876
1.013526
1.013767
1.013276
1.012065
1.010014
1.009551
1.01213
1.014936
1.016312
1.016507
1.015701
1.0138530000000001
1.012956
1.013382
1.013153
1.0120879999999999
1.0104090000000001
1.008222
1.0058790000000002
1.006824
1.010533
1.013133
1.014434
1.014508
1.013318
1.010839
1.0091459999999999
1.0087139999999999
1.007687
1.005898
1.003496
1.000492
0.9975120000000001
0.9978899999999999
1.0009059999999999
1.003005
1.004157
1.00454
1.004143
1.002815
1.002525
1.0036610000000001
1.0042659999999999
1.004068
1.003041
1.001088
0.9995350000000001
1.0009940000000002
1.004065
1.006129
1.007332
1.0077969999999998
1.0074459999999998
1.006117
1.005832
1.0069190000000001
1.007241
1.0064899999999999
1.004795
1.002263
1.000667
1.002243
1.00506
1.006634
1.006985
1.006268
1.004577
1.00191
1.000512
1.0008569999999999
1.000802
1.000026
0.9985129999999999
0.9961450000000001
0.995292
0.9975459999999999
1.000356
1.002071
1.002805
1.002652
1.001549
0.99935
0.998257
0.9987870000000001
0.998858
0.998182
0.996814
0.9947159999999999
0.9941040000000001
0.996649
0.999835
1.0017969999999998
1.002739
1.002797
1.0018559999999999
0.9997520000000001
0.998656
0.9990549999999999
0.998919
0.9980559999999999
0.996533
0.994242
0.9933219999999999
0.995554
0.9985379999999999
1.000321
1.000975
1.000592
0.999189
0.9988440000000001
0.999957
1.000513
1.000206
0.999072
0.997094
0.994719
0.9955149999999999
0.9991049999999999
1.001815
1.003556
1.004459
1.004465
1.003403
1.003116
1.003898
1.003875
1.002973
1.001403
0.99918
0.996843
0.9976290000000001
1.000789
1.002816
1.003808
1.0040209999999998
1.0034889999999999
1.002141
1.002008
1.0034100000000001
1.004198
1.003952
1.002607
1.000119
0.9977520000000001
0.998324
1.0005600000000001
1.001609
1.0016040000000002
1.000759
0.999134
0.99671
0.9955149999999999
0.9958670000000001
0.9956940000000001
0.9946940000000001
0.9928790000000001
0.9901629999999999
0.987959
0.988792
0.991166
0.992455
0.9926389999999999
0.99179
0.989884
0.986849
0.984873
0.9845229999999999
0.9838629999999999
0.9826389999999999
0.9808889999999999
0.978565
0.9777100000000001
0.980108
0.9833930000000001
0.9854799999999999
0.9864870000000001
0.9866290000000001
0.9859129999999999
0.9862120000000001
0.9877959999999999
0.988675
0.988557
0.9875879999999999
0.9859610000000001
0.983935
0.985187
0.989533
0.993044
0.9955709999999999
0.9971979999999999
0.997856
0.9974
0.9977010000000001
0.999175
1.000002
0.9999530000000001
0.9991329999999999
0.9975450000000001
0.995339
0.9961120000000001
0.9996280000000001
1.002098
1.003531
1.004175
1.004108
1.003234
1.00135
1.000561
1.001212
1.001097
0.999956
0.997841
0.994658
0.993382
0.995286
0.997308
0.9982979999999999
0.998508
0.9980040000000001
0.996583
0.996057
0.996691
0.9964649999999999
0.995066
0.992569
0.9891120000000001
0.9853959999999999
0.9849110000000001
0.987093
0.9882860000000001
0.988381
0.98749
0.985613
0.982728
0.980775
0.9801340000000001
0.9789760000000001
0.977126
0.9746969999999999
0.971641
0.96883
0.969103
0.971406
0.972749
0.9732360000000001
0.9730549999999999
0.9722459999999999
0.972668
0.974593
0.976139
0.977096
0.977567
0.9775360000000001
0.976873
0.9790049999999999
0.9840959999999999
0.9882770000000001
0.99111
0.9927549999999999
0.993345
0.992977
0.9916200000000001
0.9912270000000001
0.99221
0.9926889999999999
0.992434
0.991499
0.9898370000000001
0.989258
0.991892
0.9956940000000001
0.9983139999999999
0.9997879999999999
1.000155
0.999258
0.996883
0.995266
0.9949819999999999
0.9939450000000001
0.991867
0.9888469999999999
0.9849530000000001
0.982941
0.9843129999999999
0.986359
0.987655
0.9882610000000001
0.988093
0.986892
0.986331
0.9865790000000001
0.985699
0.9835780000000001
0.9805590000000001
0.9768530000000001
0.9724520000000001
0.97111
0.9729450000000001
0.9739700000000001
0.974017
0.973309
0.9719180000000001
0.969772
0.968658
0.9689620000000001
0.968952
0.968382
0.9672299999999999
0.965355
0.962992
0.963606
0.9668209999999999
0.968986
0.9701270000000001
0.970504
0.970191
0.970973
0.973252
0.9753440000000001
0.976936
0.978009
0.978506
0.978273
0.9798180000000001
0.9841049999999999
0.988236
0.9910549999999999
0.992801
0.9936229999999999
0.993458
0.992152
0.9915790000000001
0.9921270000000001
0.991999
0.9910899999999999
0.989547
0.9873069999999999
0.9858610000000001
0.987604
0.990809
0.9928440000000001
0.99372
0.993584
0.9924649999999999
0.990247
0.9889950000000001
0.989086
0.9884040000000001
0.986669
0.9840120000000001
0.98056
0.9785389999999999
0.979835
0.9821850000000001
0.983607
0.984146
0.983785
0.982319
0.98139
0.9813290000000001
0.980525
0.9789110000000001
0.976664
0.9738690000000001
0.9704799999999999
0.969374
0.971352
0.9733120000000001
0.974331
0.974492
0.9738389999999999
0.9723459999999999
0.9717629999999999
0.972435
0.9726629999999999
0.9722200000000001
0.971209
0.9696790000000001
0.9675030000000001
0.968134
0.971816
0.9747969999999999
0.97678
0.9779969999999999
0.978592
0.978569
0.9797459999999999
0.9823870000000001
0.9845450000000001
0.9858450000000001
0.986237
0.985641
0.984284
0.985872
0.990226
0.9935350000000001
0.995725
0.99695
0.9971899999999999
0.996343
0.9963069999999999
0.997492
0.9980479999999999
0.9976879999999999
0.9964700000000001
0.9943860000000001
0.991706
0.99187
0.9944459999999999
0.9957600000000001
0.9959040000000001
0.9951260000000001
0.993431
0.990726
0.988966
0.9885290000000001
0.987532
0.9858309999999999
0.983592
0.9808290000000001
0.978341
0.979087
0.98209
0.984072
0.984935
0.9847530000000001
0.9835430000000001
0.983083
0.9837299999999999
0.983807
0.9831200000000001
0.981801
0.9799049999999999
0.977416
0.976383
0.978483
0.981506
0.9835940000000001
0.9847819999999999
0.985132
0.984569
0.984635
0.9855790000000001
0.985834
0.985283
0.9840549999999999
0.982132
0.9793780000000001
0.978118
0.9797620000000001
0.9818680000000001
0.9830979999999999
0.983701
0.983823
0.9834
0.984116
0.9861709999999999
0.98764
0.988139
0.987722
0.986482
0.9843709999999999
0.984728
0.987993
0.990627
0.992196
0.9928879999999999
0.992785
0.9918459999999999
0.991798
0.992923
0.993451
0.993166
0.992142
0.990339
0.9875879999999999
0.9872549999999999
0.9899100000000001
0.9920260000000001
0.993052
0.9931110000000001
0.992208
0.9902280000000001
0.9890200000000001
0.989075
0.988727
0.987777
0.9862790000000001
0.9841989999999999
0.981382
0.9815729999999999
0.984798
0.987086
0.9884959999999999
0.989239
0.9892340000000001
0.988296
0.988194
0.9892770000000001
0.9897889999999999
0.9895809999999999
0.988775
0.9873350000000001
0.9850979999999999
0.9857379999999999
0.989469
0.992375
0.994166
0.994936
0.994714
0.9935149999999999
0.9932049999999999
0.994165
0.994643
0.994374
0.993345
0.9915120000000001
0.988841
0.989159
0.9926969999999999
0.995526
0.997418
0.998452
0.9985200000000001
0.997426
0.996972
0.9975799999999999
0.997552
0.9967239999999999
0.995172
0.9929209999999999
0.990099
0.990449
0.993869
0.996475
0.998208
0.9991540000000001
0.999217
0.9999809999999999
1.001681
1.002584
1.002404
1.001261
0.9993299999999999
0.99665
0.994827
0.9958969999999999
0.9981180000000001
0.9993120000000001
0.9995709999999999
0.9991059999999999
0.9979879999999999
0.997816
0.998834
0.999382
0.999192
0.9982719999999999
0.9965430000000001
0.993833
0.9920620000000001
0.993189
0.995266
0.996394
0.996674
0.996244
0.995079
0.994891
0.996085
0.9970530000000001
0.9975430000000001
0.997558
0.99703
0.995761
0.996124
0.999275
1.002493
1.0044790000000001
1.005442
1.0055020000000001
1.004579
1.004357
1.005175
1.005349
1.00468
1.0033379999999998
1.001436
0.998919
0.998458
1.001169
1.004147
1.0060799999999999
1.006948
1.006759
1.005493
1.004953
1.0054459999999998
1.005197
1.004025
1.002084
0.999481
0.9962540000000001
0.9957280000000001
0.9985229999999999
1.0011510000000001
1.002883
1.0037969999999998
1.0038479999999999
1.002875
1.0025950000000001
1.003395
1.003639
1.0031700000000001
1.002048
1.0002520000000001
0.997656
0.9972840000000001
0.9999110000000001
1.002372
1.003954
1.004817
1.004977
1.0043229999999999
1.004548
1.005932
1.0066629999999999
1.006442
1.005356
1.003516
1.000898
1.0006059999999999
1.0034129999999999
1.006048
1.007672
1.008376
1.008213
1.007141
1.0069709999999998
1.008047
1.008577
1.008293
1.007203
1.005258
1.002407
1.002285
1.005351
1.007845
1.0092709999999998
1.009755
1.00931
1.007873
1.007341
1.008142
1.008456
1.007967
1.006691
1.0046059999999999
1.0015889999999998
1.0012459999999999
1.00384
1.005574
1.006264
1.006133
1.00519
1.003348
1.00245
1.002843
1.002722
1.0019129999999998
1.000557
0.998657
0.9960680000000001
0.9965860000000001
1.000204
1.002729
1.003957
1.0040149999999999
1.002988
1.0009629999999998
0.999933
1.000315
1.000293
0.9996149999999999
0.998303
0.996317
0.993875
0.994647
0.998359
1.001111
1.002808
1.003562
1.003299
1.003651
1.004934
1.0055370000000001
1.005263
1.004156
1.002254
0.999575
0.998132
0.999732
1.0023440000000001
1.0041120000000001
1.005052
1.005184
1.004441
1.0044819999999999
1.005572
1.005962
1.0053969999999999
1.004033
1.0020229999999999
0.9993340000000001
0.998173
0.999994
1.002359
1.003662
1.004035
1.003698
1.002756
1.003016
1.004777
1.006217
1.0069709999999998
1.0069620000000001
1.006063
1.004092
1.003783
1.006337
1.008968
1.010572
1.011275
1.011119
1.0099879999999999
1.009596
1.010326
1.010516
1.0099559999999999
1.00873
1.0068629999999998
1.004248
1.003666
1.006023
1.008292
1.0095049999999999
1.009775
1.0090569999999999
1.0072219999999998
1.006103
1.0061149999999999
1.005551
1.004283
1.0024600000000001
1.0000719999999998
0.996964
0.9965719999999999
0.999307
1.0014889999999999
1.002637
1.002865
1.002234
1.0007620000000002
1.000294
1.00114
1.001462
1.000983
0.999719
0.99766
0.994791
0.994718
0.997925
1.000736
1.002674
1.003809
1.004052
1.003224
1.003091
1.0040799999999999
1.0045469999999999
1.004319
1.0034299999999998
1.001833
0.999391
0.999685
1.003001
1.005564
1.0071290000000002
1.007873
1.0078
1.0068190000000001
1.0067840000000001
1.007998
1.00852
1.008086
1.006833
1.004789
1.001927
1.002068
1.005218
1.007399
1.008583
1.00899
1.008646
1.0074040000000002
1.007047
1.007883
1.008032
1.007223
1.00549
1.002818
0.99929
0.99887
1.001581
1.003369
1.004135
1.004014
1.002973
1.0009379999999999
0.9998879999999999
1.000318
1.00042
0.9999040000000001
0.998761
0.9968819999999999
0.99429
0.994568
0.997484
0.999215
0.9998530000000001
0.99966
0.9986520000000001
0.998532
0.9995950000000001
1.000097
0.999785
0.9987870000000001
0.9972110000000001
0.995034
0.994318
0.996682
0.9998360000000001
1.001891
1.002812
1.002686
1.00158
1.001231
1.001909
1.0019120000000001
1.001082
0.9995950000000001
0.99756
0.994973
0.9944540000000001
0.997132
1.000132
1.0021209999999998
1.003188
1.003382
1.002605
1.002589
1.003688
1.004209
1.003944
1.0029379999999999
1.001185
0.998584
0.9982709999999999
1.000953
1.003399
1.005024
1.006016
1.006369
1.005908
1.006267
1.007641
1.008177
1.0076969999999998
1.006443
1.004526
1.001827
1.001534
1.0042950000000002
1.006702
1.008089
1.00865
1.00844
1.007326
1.007079
1.008059
1.008478
1.008094
1.006921
1.004887
1.001897
1.001702
1.004637
1.0068620000000001
1.008118
1.008573
1.008203
1.0069190000000001
1.006627
1.00775
1.008462
1.0084799999999998
1.007826
1.0064229999999998
1.004081
1.0043
1.007426
1.009773
1.011092
1.011582
1.01122
1.009888
1.009399
1.010122
1.010293
1.009736
1.0085680000000001
1.006779
1.004232
1.004476
1.00781
1.010376
1.011733
1.01205
1.011439
1.009866
1.0091649999999999
1.0096969999999998
1.009647
1.008783
1.007199
1.0049700000000001
1.0021149999999999
1.002509
1.0061229999999999
1.0088219999999999
1.010491
1.01122
1.010916
1.009419
1.00865
1.009113
1.0090370000000002
1.008186
1.006635
1.004391
1.001565
1.001893
1.0052780000000001
1.007844
1.009501
1.010345
1.010315
1.009252
1.0090059999999998
1.009893
1.0099879999999999
1.0090940000000002
1.0074040000000002
1.004993
1.0021930000000001
1.002521
1.00556
1.0075479999999999
1.00844
1.008456
1.007666
1.0059930000000001
1.005385
1.0062149999999999
1.006512
1.005934
1.004445
1.001963
0.9991540000000001
0.999366
1.001939
1.0034459999999998
1.003875
1.003385
1.00196
1.0013610000000002
1.001976
1.002127
1.001587
1.000415
0.9986299999999999
0.9961530000000001
0.9953420000000001
0.997418
0.99977
1.001052
1.0013809999999999
1.000785
0.999199
0.998368
0.9986520000000001
0.9984040000000001
0.9975129999999999
0.9961709999999999
0.994401
0.992035
0.9918440000000001
0.9947090000000001
0.99751
0.999166
0.9997780000000001
0.9994790000000001
0.9983559999999999
0.9983049999999999
0.9996450000000001
1.000522
1.000635
0.999986
0.9985649999999999
0.996345
0.9970479999999999
1.0009190000000001
1.004076
1.006243
1.0075459999999998
1.0079129999999998
1.007141
1.006981
1.007808
1.007915
1.007153
1.005623
1.003349
1.000234
1.000053
1.002916
1.004838
1.0057209999999999
1.005739
1.00488
1.003032
1.002068
1.0023090000000001
1.001841
1.0004620000000002
0.9983569999999999
0.9955629999999999
0.9923
1.015908
1.0837450000000002
1.164591
1.239066
1.3092540000000001
1.3750870000000002
1.436569
1.493633
1.546168
1.594169
1.6375389999999999
1.676004
1.7093610000000001
1.737696
1.7550270000000001
1.7466110000000001
1.7140810000000002
1.674996
1.639393
1.609529
1.584785
1.568773
1.563955
1.565387
1.569122
1.574912
1.582759
1.592511
1.605516
1.62816
1.668727
1.730272
1.801116
1.8654950000000001
1.919014
1.962318
1.9965680000000001
2.022774
2.041793
2.054271
2.061286
2.065999
2.06793
2.062549
2.0453080000000003
2.01278
1.9686549999999998
1.923081
1.885011
1.857593
1.843073
1.8402209999999999
1.8444509999999998
1.854118
1.868438
1.886787
1.908622
1.933958
1.967257
2.013523
2.069993
2.129044
2.182089
2.222274
2.247443
2.259155
2.260204
2.253112
2.244237
2.235557
2.223447
2.207749
2.1882900000000003
2.163809
2.1329279999999997
2.09658
2.065336
2.045857
2.0366150000000003
2.038202
2.04872
2.065011
2.084186
2.104203
2.12375
2.1464090000000002
2.172355
2.197366
2.2218
2.246248
2.26907
2.2860009999999997
2.291921
2.2834849999999998
2.2647169999999996
2.2391240000000003
2.205991
2.167661
2.1269560000000003
2.085868
2.045745
2.007246
1.970131
1.9378520000000001
1.9108509999999999
1.8864869999999998
1.8676419999999998
1.858168
1.8601299999999998
1.8728919999999998
1.8945150000000002
1.924782
1.958869
1.9898930000000001
2.015904
2.035943
2.0497360000000002
2.0577799999999997
2.060956
2.0629779999999998
2.0629939999999998
2.054974
2.036282
2.006511
1.967297
1.921834
1.873945
1.8270380000000002
1.786805
1.7557630000000002
1.730423
1.7087290000000002
1.69005
1.673761
1.66431
1.6634220000000002
1.6682029999999999
1.679009
1.695515
1.715685
1.73627
1.757836
1.777669
1.7895889999999999
1.792588
1.786982
1.773453
1.753006
1.726679
1.6950669999999999
1.658079
1.6152819999999999
1.57101
1.527097
1.48164
1.4371690000000001
1.396878
1.364247
1.344428
1.3354270000000001
1.331343
1.3309739999999999
1.333313
1.337366
1.342525
1.353318
1.370123
1.387451
1.403316
1.4157
1.422077
1.4236959999999999
1.419893
1.406877
1.384844
1.355356
1.3199450000000001
1.2800559999999999
1.236941
1.191517
1.144448
1.100503
1.061104
1.02338
0.988661
0.963233
0.950204
0.945451
0.946291
0.9514040000000001
0.959283
0.968384
0.977273
0.984733
0.995031
1.0079209999999998
1.01724
1.022274
1.027007
1.029189
1.022252
1.005666
0.9802420000000001
0.9475540000000001
0.9096549999999999
0.868642
0.8263309999999999
0.78413
0.74307
0.708505
0.681565
0.659066
0.645363
0.63954
0.63708
0.6383840000000001
0.643532
0.651866
0.662137
0.672646
0.6814899999999999
0.686876
0.6929569999999999
0.69931
0.702462
0.704882
0.703367
0.694162
0.6773710000000001
0.653201
0.622102
0.5851350000000001
0.543895
0.500273
0.456237
0.41358999999999996
0.379239
0.358039
0.348704
0.34681999999999996
0.347794
0.351248
0.35677600000000004
0.363954
0.372554
0.382225
0.39211799999999997
0.400833
0.412416
0.42789099999999997
0.444008
0.45639700000000005
0.45998500000000003
0.455006
0.44214499999999995
0.42216800000000004
0.396061
0.36490300000000003
0.32961399999999996
0.29096
0.249829
0.207441
0.172002
0.153034
0.144876
0.13986800000000002
0.138407
0.14072300000000001
0.146263
0.154225
0.16381600000000002
0.17418499999999998
0.184382
0.193445
0.20736999999999997
0.232947
0.261267
0.28215
0.29465399999999997
0.29861
0.293768
0.280409
0.259606
0.232855
0.20164300000000002
0.167298
0.130986
0.102253
0.088257
0.080546
0.072823
0.066161
0.061600999999999996
0.05955800000000001
0.060327
0.064139
0.070798
0.079484
0.088929
0.107347
0.139175
0.172714
0.200253
0.22147399999999998
0.23628600000000002
0.24393800000000002
0.24376399999999998
0.23574499999999998
0.220338
0.198163
0.17000099999999999
0.136963
0.100505
0.072123
0.059501
0.0536
0.048489
0.044521
0.041988
0.041068
0.042187999999999996
0.045766
0.051812000000000004
0.059869000000000006
0.069188
0.088733
0.12259400000000001
0.15856099999999998
0.189024
0.213177
0.230593
0.240785
0.243783
0.24007399999999998
0.230096
0.214065
0.192252
0.165256
0.134001
0.099702
0.073715
0.063731
0.060612
0.058203
0.057024
0.057896
0.061166
0.066751
0.07434299999999999
0.083563
0.093959
0.10489000000000001
0.124722
0.15845399999999998
0.194673
0.224888
0.24824200000000002
0.26457600000000003
0.27367600000000003
0.275536
0.270462
0.259023
0.242002
0.220304
0.194826
0.166402
0.135938
0.113427
0.106976
0.10833
0.110455
0.11355699999999999
0.11816099999999999
0.124458
0.132499
0.14223
0.153314
0.165035
0.176426
0.186499
0.201683
0.228792
0.258723
0.281717
0.297174
0.305321
0.306388
0.30082
0.28930700000000004
0.272658
0.251715
0.227384
0.200673
0.172611
0.151902
0.146922
0.150476
0.155147
0.161249
0.169188
0.1789
0.190114
0.202469
0.215469
0.22841199999999998
0.240416
0.25051100000000004
0.264245
0.288105
0.31516
0.336609
0.351056
0.358534
0.359196
0.353541
0.34237
0.32658000000000004
0.307031
0.284538
0.259934
0.23410799999999998
0.20802600000000002
0.189799
0.188611
0.19758699999999998
0.207842
0.21929
0.232368
0.24698299999999998
0.26266999999999996
0.27881100000000003
0.294622
0.30911
0.32116999999999996
0.32974899999999996
0.340348
0.35789
0.377269
0.39174200000000003
0.398955
0.39968400000000004
0.39466
0.384573
0.37028
0.35273499999999997
0.332812
0.311253
0.288745
0.265967
0.243654
0.22904000000000002
0.23155900000000001
0.245221
0.26061100000000004
0.276941
0.294099
0.311667
0.32909499999999997
0.345763
0.360881
0.373448
0.382392
0.386763
0.385821
0.385395
0.390236
0.397069
0.400595
0.397843
0.389933
0.378054
0.363206
0.346362
0.328432
0.31014200000000003
0.29201900000000003
0.274481
0.257911
0.24894499999999997
0.255866
0.273134
0.29220100000000004
0.31185100000000004
0.331714
0.350966
0.368666
0.38398699999999997
0.396171
0.404436
0.408028
0.406355
0.399081
0.392414
0.391493
0.393828
0.394374
0.389653
0.38048699999999996
0.36799299999999996
0.353271
0.337407
0.321337
0.305721
0.290964
0.277341
0.265067
0.260644
0.271868
0.292867
0.31494099999999997
0.336606
0.357542
0.37696399999999997
0.393845
0.407225
0.41629700000000003
0.420396
0.41903500000000005
0.41198100000000004
0.399287
0.381291
0.364978
0.35689899999999997
0.354168
0.350869
0.344097
0.334671
0.323523
0.311539
0.299609
0.288445
0.278409
0.26956399999999997
0.261834
0.261449
0.275669
0.298099
0.31997600000000004
0.340034
0.358279
0.374219
0.387049
0.395934
0.400089
0.39886900000000003
0.391912
0.379246
0.36127600000000004
0.344979
0.337402
0.335769
0.33429699999999996
0.3305
0.324741
0.317358
0.30878
0.299668
0.29074099999999997
0.282548
0.275372
0.269268
0.26411
0.26615500000000003
0.282704
0.307026
0.329759
0.34913299999999997
0.36499000000000004
0.377143
0.385361
0.389414
0.38902800000000004
0.383883
0.373735
0.358587
0.33876300000000004
0.321225
0.313517
0.312092
0.310479
0.30701
0.302465
0.297334
0.291878
0.286387
0.28118200000000004
0.276477
0.272326
0.26864699999999997
0.265245
0.268362
0.285265
0.309228
0.330931
0.348537
0.361755
0.370304
0.374073
0.373203
0.36791799999999997
0.358361
0.34462
0.326881
0.305516
0.287425
0.280665
0.28081500000000004
0.280534
0.278731
0.276196
0.273451
0.270779
0.268372
0.266307
0.26450500000000005
0.26277399999999995
0.260882
0.258562
0.261967
0.27837199999999995
0.3011
0.32091
0.33610100000000004
0.34644899999999995
0.35174
0.351935
0.347315
0.338351
0.325519
0.309226
0.28986100000000004
0.267854
0.25002800000000003
0.24501399999999998
0.247416
0.248939
0.24919000000000002
0.248948
0.24867399999999998
0.248613
0.24890199999999998
0.24948499999999998
0.25004699999999996
0.25009899999999996
0.24914299999999998
0.25321
0.269629
0.291694
0.310481
0.324942
0.335064
0.340595
0.341388
0.337535
0.329293
0.317006
0.301113
0.282174
0.260826
0.237754
0.220175
0.217676
0.223854
0.229012
0.232961
0.236316
0.23942800000000003
0.24249099999999998
0.245614
0.248694
0.251312
0.252816
0.252511
0.25623
0.27103299999999997
0.290082
0.304581
0.313898
0.318727
0.31940799999999997
0.31611300000000003
0.309055
0.298493
0.284693
0.267966
0.24875300000000003
0.227622
0.21174400000000002
0.210448
0.21766
0.224534
0.230969
0.237091
0.242716
0.24772800000000003
0.252152
0.25596599999999997
0.25893499999999997
0.260613
0.26045
0.257883
0.258922
0.271022
0.287625
0.299707
0.306223
0.307791
0.30512100000000003
0.298896
0.289727
0.27808
0.264235
0.248379
0.23075
0.211707
0.191745
0.17156300000000002
0.152005
0.133743
0.11709000000000001
0.10207100000000001
0.088462
0.075824
0.063665
0.051556
0.039123000000000005
0.025988
0.011733
-0.001972
-0.011711
-0.016712
-0.018581999999999998
-0.018859
-0.018545
-0.018031000000000002
-0.017309
-0.016225
-0.014661000000000002
-0.01265
-0.010375
-0.008072
-0.005925
-0.003993
-0.002164
-0.000176
0.002248
0.005219
0.008578
0.011904000000000001
0.014657
0.016377000000000003
0.018538
0.020946
0.021062
0.018662
0.0147
0.010077
0.005769
0.00229
-0.000599
-0.0032619999999999997
-0.00596
-0.008722
-0.011337999999999999
-0.013468
-0.014716
-0.01495
-0.014237
-0.012759999999999999
-0.010912999999999999
-0.009032
-0.007273999999999999
-0.005605
-0.003849
-0.001794
0.000695
0.0035859999999999998
0.006663
0.009575
0.011942
0.01346
0.013975
0.013538999999999999
0.012398000000000001
0.010884999999999999
0.009269
0.007669
0.006053
0.004285
0.002221
-0.00021
-0.002947
-0.005792
-0.008452
-0.010622
-0.012066
-0.012675
-0.012498
-0.011725
-0.010597
-0.009301
-0.007915
-0.0064069999999999995
-0.004682
-0.00265
-0.000292
0.002311
0.0049689999999999995
0.00743
0.009444
0.010828
0.011504
0.011523
0.011032
0.010206999999999999
0.009178
0.00799
0.006611
0.004972
0.0030210000000000002
0.000772
-0.000294
-0.0006490000000000001
-0.0027140000000000003
-0.005788000000000001
-0.008369
-0.010081999999999999
-0.010898999999999999
-0.010956
-0.010454999999999999
-0.009569
-0.008399
-0.006973
-0.005285
-0.0033299999999999996
-0.001132
0.001245
0.003653
0.0058390000000000004
0.0075650000000000005
0.008735
0.00938
0.009593
0.009481999999999999
0.00913
0.008567
0.007776000000000001
0.006711
0.005331
0.0036270000000000004
0.001634
-0.00056
-0.0027890000000000002
-0.004834000000000001
-0.006503
-0.00771
-0.008467
-0.008841
-0.008911
-0.008731000000000001
-0.008316
-0.007645999999999999
-0.006687
-0.005413
-0.003825
-0.001967
6.500000000000001e-05
0.00212
0.004014
0.0055969999999999995
0.0068
0.007626999999999999
0.008126000000000001
0.008348000000000001
0.008320000000000001
0.00804
0.007481999999999999
0.006751999999999999
0.005674
0.004123
0.0023190000000000003
0.000379
-0.001553
-0.003326
-0.004828
-0.0060079999999999995
-0.006872
-0.007453
-0.007776999999999999
-0.007854
-0.007673
-0.0072109999999999995
-0.0064459999999999995
-0.005376
-0.004028
-0.00246
-0.000758
0.0009630000000000001
0.002584
0.004011
0.0051909999999999994
0.006114
0.0067870000000000005
0.007215999999999999
0.007398
0.007318000000000001
0.006958
0.0063030000000000004
0.005352
0.004131
0.002695
0.001124
-0.000478
-0.002007
-0.0033770000000000002
-0.004541
-0.005481000000000001
-0.006194
-0.006679999999999999
-0.0069299999999999995
-0.006927
-0.006654
-0.006094
-0.00525
-0.004147
-0.0028399999999999996
-0.001408
6.1e-05
0.0014759999999999999
0.0027670000000000004
0.0038929999999999998
0.004835
0.005584
0.006128
0.00645
0.006529999999999999
0.006344
0.005882
0.005148
0.00417
0.003
0.0017010000000000003
0.00035
-0.000977
-0.0022170000000000002
-0.0033299999999999996
-0.004286
-0.005065
-0.00565
-0.006018
-0.00615
-0.006028
-0.005646
-0.005011
-0.004148
-0.0030960000000000002
-0.001912
-0.000663
0.0005809999999999999
0.001761
0.002834
0.0037689999999999998
0.004543999999999999
0.00514
0.005539
0.005722
0.005672
0.005382
0.0048530000000000005
0.004105
0.003171
0.002102
0.000959
-0.000194
-0.001035
-0.001855
-0.002911
-0.0038420000000000004
-0.004591
-0.005123
-0.005412
-0.005446
-0.005225
-0.004763
-0.004085
-0.003229
-0.002246
-0.001189
-0.00011
0.0009539999999999999
0.001961
0.002867
0.003635
0.004247
0.004688
0.004942
0.0049960000000000004
0.004843
0.004484
0.0039310000000000005
0.0032090000000000005
0.002353
0.001405
0.00041
-0.00059
-0.00155
-0.002425
-0.00318
-0.003797
-0.004261
-0.004557
-0.004672
-0.004595
-0.004323
-0.003861
-0.003229
-0.002457
-0.001585
-0.000655
0.00029
0.0012029999999999999
0.002046
0.002788
0.0034119999999999997
0.003899
0.004229999999999999
0.004386
0.004357
0.004137
0.0037359999999999997
0.003184
0.0024980000000000002
0.0016989999999999998
0.000842
-3.4e-05
-0.0008900000000000001
-0.0016920000000000001
-0.0024129999999999998
-0.00303
-0.0035210000000000003
-0.003867
-0.004054
-0.004072
-0.003918
-0.003597
-0.003123
-0.002519
-0.001811
-0.001033
-0.000221
0.000588
0.001361
0.002066
0.0026780000000000003
0.003176
0.003543
0.003768
0.0038380000000000003
0.0037450000000000005
0.003489
0.0030789999999999997
0.002534
0.0018809999999999999
0.001155
0.000393
-0.00036899999999999997
-0.001099
-0.0017690000000000002
-0.002358
-0.002848
-0.003225
-0.0034729999999999995
-0.003578
-0.003527
-0.0033200000000000005
-0.0029690000000000003
-0.0024920000000000003
-0.0019140000000000001
-0.001265
-0.0005769999999999999
0.000122
0.000805
0.001448
0.002029
0.002527
0.002924
0.0032
0.0033399999999999997
0.003334
0.0031850000000000003
0.002898
0.0024879999999999998
0.001973
0.001379
0.000735
6.9e-05
-0.000589
-0.001213
-0.001779
-0.0022660000000000002
-0.002659
-0.002941
-0.003101
-0.00313
-0.003025
-0.00279
-0.002431
-0.001966
-0.001423
-0.0008300000000000001
-0.000217
0.00039
0.000968
0.0014990000000000001
0.001968
0.00236
0.002659
0.0028510000000000002
0.0029230000000000003
0.002868
0.0026850000000000003
0.002381
0.001974
0.00149
0.0009550000000000001
0.000392
-0.000177
-0.000733
-0.001256
-0.0017289999999999999
-0.002133
-0.002449
-0.002659
-0.0027530000000000002
-0.002723
-0.002572
-0.002309
-0.00195
-0.001517
-0.001029
-0.000505
3.4e-05
0.0005639999999999999
0.001065
0.001518
0.0019039999999999999
0.002209
0.002419
0.0025280000000000003
0.002531
0.002425
0.0022170000000000002
0.001918
0.001542
0.001105
0.000628
0.000131
-0.000364
-0.00084
-0.001281
-0.0016690000000000001
-0.0019879999999999997
-0.002224
-0.002365
-0.0024
-0.00233
-0.002157
-0.001893
-0.001553
-0.0011539999999999999
-0.000715
-0.00025299999999999997
0.00021400000000000002
0.000674
0.001108
0.0014939999999999999
0.001813
0.00205
0.0021920000000000004
0.002235
0.00218
0.0020350000000000004
0.001811
0.001519
0.001173
0.000784
0.000366
-6.8e-05
-0.000503
-0.000917
-0.001289
-0.0016
-0.001838
-0.001995
-0.002066
-0.0020510000000000003
-0.001954
-0.0017800000000000001
-0.001534
-0.0012259999999999999
-0.000867
-0.000472
-5.6000000000000006e-05
0.000362
0.000762
0.001126
0.001438
0.001686
0.0018559999999999998
0.001943
0.001945
0.001865
0.0017079999999999999
0.001485
0.001206
0.0008820000000000001
0.000525
0.000148
-0.00023700000000000001
-0.000612
-0.0009599999999999999
-0.001265
-0.0015119999999999999
-0.001685
-0.001778
-0.001795
-0.001741
-0.001621
-0.001443
-0.001214
-0.0009369999999999999
-0.00062
-0.000272
9.4e-05
0.00045999999999999996
0.000805
0.001112
0.001361
0.001542
0.001652
0.0016920000000000001
0.001668
0.0015789999999999999
0.001428
0.00122
0.0009609999999999999
0.0006580000000000001
0.001285
0.0024579999999999997
0.002425
0.001344
0.000106
-0.0008880000000000001
-0.001564
-0.0019309999999999998
-0.0020469999999999998
-0.001977
-0.001789
-0.001534
-0.001247
-0.00018899999999999999
0.001279
0.001759
0.001511
0.001194
0.0009390000000000001
0.000772
0.000713
0.000758
0.00088
0.001033
0.001172
0.0012619999999999999
0.001281
0.001225
0.001108
0.0009289999999999999
0.000647
0.00024700000000000004
-0.000205
-0.000608
-0.0009029999999999999
-0.001092
-0.001201
-0.001257
-0.001279
-0.001274
-0.0012439999999999999
-0.001186
-0.001098
-0.000978
-0.000808
-0.000557
-0.00022400000000000002
0.00014199999999999998
0.000471
0.000722
0.000897
0.001017
0.002367
0.004538
0.005302
0.004481000000000001
0.003053
0.001786
0.0008539999999999999
0.00024700000000000004
-0.000129
-0.00036899999999999997
-0.000532
-0.000643
-0.000721
-0.000787
0.000629
0.0030670000000000003
0.003945000000000001
0.003015
0.0013599999999999999
-0.000139
-0.001222
-0.001809
-0.001923
-0.0016589999999999999
-0.00115
-0.000547
2.2e-05
0.001048
0.0022170000000000002
0.002483
0.002156
0.0017530000000000002
0.001325
0.0009460000000000001
0.000686
0.000556
0.000513
0.000489
0.000429
0.000307
0.000133
-5.6999999999999996e-05
-0.000231
-0.000389
-0.000571
-0.000785
-0.0009720000000000001
-0.0010710000000000001
-0.0010810000000000001
-0.001038
-0.0009689999999999999
-0.000875
-0.000746
0.0008300000000000001
0.0033810000000000003
0.004415
0.003725
0.002368
0.001196
0.000449
0.000125
0.000106
0.000241
0.000426
0.000602
0.000735
0.0026579999999999998
0.005849
0.00715
0.006256
0.004158
0.0019
0.0001
-0.001137
-0.00183
-0.002076
-0.001996
-0.0017170000000000002
-0.001364
0.0008710000000000001
0.00441
0.006013
0.005388
0.003547
0.001516
-7.6e-05
-0.0010609999999999999
-0.001417
-0.0012640000000000001
-0.000791
-0.000197
0.00036
0.000782
0.001056
0.0012439999999999999
0.001375
0.001356
0.001102
0.000681
0.000264
-3.5e-05
-0.00021099999999999998
-0.00031600000000000004
-0.000395
-0.00047300000000000006
0.001848
0.005949
0.00775
0.006765
0.0041329999999999995
0.001274
-0.000772
-0.001838
-0.002079
-0.0018059999999999999
-0.0013039999999999998
-0.000758
-0.000258
0.002428
0.006739
0.008892
0.008476000000000001
0.006490999999999999
0.00396
0.001745
0.000169
-0.000781
-0.001217
-0.001268
-0.001053
-0.000704
0.0023510000000000002
0.007386
0.009866
0.009228
0.006611
0.0032090000000000005
0.000167
-0.001927
-0.002993
-0.003169
-0.002715
-0.001925
-0.001076
0.0018960000000000001
0.006365999999999999
0.008579999999999999
0.008149
0.0060609999999999995
0.0033829999999999997
0.0010789999999999999
-0.00043099999999999996
-0.001114
-0.001155
-0.000822
-0.000364
4.8e-05
0.003655
0.00974
0.012844
0.012240000000000001
0.009274
0.00514
0.001261
-0.001392
-0.0027890000000000002
-0.0031940000000000002
-0.0029579999999999997
-0.002386
-0.001702
0.002477
0.009333
0.013047
0.012837999999999999
0.010109
0.006039
0.0020469999999999998
-0.000787
-0.002329
-0.00279
-0.00249
-0.0017460000000000002
-0.00084
1e-06
0.004251
0.011196
0.014911
0.014399
0.011045000000000001
0.0062829999999999995
0.0017760000000000002
-0.0013289999999999999
-0.002949
-0.003365
-0.00298
-0.002205
-0.0013800000000000002
0.003351
0.011091
0.015174000000000002
0.014712000000000001
0.011404000000000001
0.0067469999999999995
0.0022670000000000004
-0.000892
-0.002449
-0.0024850000000000002
-0.00131
0.000398
0.00183
0.007088
0.015323
0.019234
0.017824
0.013108000000000002
0.006904
0.000967
-0.0034509999999999996
-0.0061070000000000004
-0.0071
-0.006611
-0.005038
-0.002909
0.003968
0.014613999999999999
0.021319
0.022527000000000002
0.019861
0.014956
0.009049
0.00336
-0.001169
-0.004268
-0.005927
-0.006274
-0.0056159999999999995
0.000826
0.011514
0.017477
0.017452000000000002
0.014013
0.00952
0.005406
0.0024519999999999998
0.000811
0.00015900000000000002
0.000197
0.000593
0.000989
0.0072120000000000005
0.017891
0.02292
0.021024
0.015122
0.007784999999999999
0.0011279999999999999
-0.003256
-0.005035
-0.004913
-0.0037159999999999997
-0.001946
0.000128
0.008281
0.020980000000000002
0.027856
0.027204000000000002
0.021627
0.013643
0.005247
-0.001607
-0.005927
-0.008009
-0.008162
-0.0066170000000000005
-0.0037670000000000004
0.005988
0.020543000000000002
0.028811
0.028995999999999997
0.023855
0.016091
0.007838
0.000886
-0.003793
-0.0062840000000000005
-0.006893000000000001
-0.0060079999999999995
-0.0042060000000000005
0.005197
0.020357
0.0291
0.029671
0.025092
0.017942
0.010181
0.003329
-0.001661
-0.0047
-0.006084
-0.0060880000000000005
-0.005063000000000001
0.0041270000000000005
0.019646
0.028696
0.029097
0.023978
0.016488
0.00903
0.002994
-0.001172
-0.003616
-0.004476
-0.0039310000000000005
-0.002495
0.007123999999999999
0.022904
0.031428
0.030685000000000004
0.024258000000000002
0.015241
0.006022
-0.001266
-0.005626
-0.007215000000000001
-0.006402
-0.003904
-0.0007639999999999999
0.002097
0.012417000000000001
0.028383999999999996
0.036311
0.034503
0.026972000000000003
0.016827
0.0063939999999999995
-0.002088
-0.007390000000000001
-0.009566
-0.009179999999999999
-0.007018000000000001
-0.0038520000000000004
0.007998
0.026355
0.036967
0.037586
0.032251999999999996
0.024222
0.014782
0.005106
-0.002792
-0.007775
-0.009866
-0.009399
-0.0071519999999999995
0.004449
0.022982
0.034005
0.035381
0.031070999999999998
0.024153
0.015844999999999998
0.007155
-0.00011599999999999999
-0.0048460000000000005
-0.007102
-0.007225
-0.00583
0.005302
0.023844999999999998
0.034569
0.035477
0.031086000000000003
0.024297
0.016018
0.007368
0.00041500000000000006
-0.003793
-0.005497999999999999
-0.005131
-0.003467
0.007891
0.026577999999999997
0.037318000000000004
0.039324
0.037282
0.032849
0.026284
0.017577000000000002
0.007091
-0.002187
-0.007390000000000001
-0.008487
-0.006531
0.006193
0.026751
0.039983
0.045195
0.046584
0.045386
0.041658999999999995
0.035329
0.026275
0.014527000000000002
0.002186
-0.006711
-0.010506999999999999
-0.0008539999999999999
0.019196
0.033186
0.0394
0.042167
0.043002
0.041996
0.038868
0.033172
0.024625
0.013337
0.0016120000000000002
-0.006714
-0.0007480000000000001
0.016493
0.028517
0.033591
0.035584
0.03617
0.03561
0.033551
0.029564
0.023433000000000002
0.015159
0.005606
-0.002262
-0.006567
0.001593
0.019407
0.031229000000000003
0.036006
0.037435
0.036663999999999995
0.033647
0.028350999999999998
0.021159
0.012551
0.004142
-0.001491
-0.003713
0.0061649999999999995
0.025222
0.039033
0.047129000000000004
0.051816999999999995
0.053719
0.052985000000000004
0.049498
0.043035000000000004
0.033689
0.022174
0.009529000000000001
-0.000755
0.004076
0.021415
0.035869
0.045973
0.053663
0.059289
0.062578
0.062955
0.05984
0.053070000000000006
0.043032
0.030369
0.015667
0.011983
0.023077
0.035122
0.043845
0.050251
0.055126
0.058694
0.060527
0.05991900000000001
0.056474
0.050291
0.041652999999999996
0.030744
0.028592000000000003
0.039585
0.051614
0.059162
0.06289600000000001
0.064153
0.064009
0.062774
0.060085
0.055598
0.049364
0.041656
0.032726
0.022619
0.022659000000000002
0.036295999999999995
0.050269
0.059442999999999996
0.064594
0.06659
0.06575
0.062175
0.056152999999999995
0.048082
0.038377999999999995
0.027592000000000002
0.016281999999999998
0.016835
0.032538
0.049379
0.062479999999999994
0.07253
0.080094
0.0852
0.087354
0.085761
0.079887
0.069971
0.057032000000000006
0.042312
0.037331
0.046981
0.059575
0.06943300000000001
0.07699
0.08302999999999999
0.0879
0.091374
0.09272799999999999
0.091206
0.086466
0.078587
0.06778300000000001
0.054174
0.048331
0.055422000000000006
0.064447
0.069976
0.072923
0.07446699999999999
0.075035
0.074351
0.072015
0.06796
0.062393
0.055526
0.047392000000000004
0.048152
0.062041
0.07709500000000001
0.08716900000000001
0.09283999999999999
0.09552000000000001
0.096139
0.094822
0.091295
0.085481
0.077753
0.068752
0.059038
0.058993
0.07342699999999999
0.090875
0.104926
0.11563399999999999
0.123521
0.128685
0.130793
0.129428
0.124574
0.116685
0.10645999999999999
0.094695
0.082049
0.07864299999999999
0.08985599999999999
0.104736
0.116728
0.126271
0.13408399999999998
0.14012
0.143732
0.14422000000000001
0.141263
0.134961
0.12579400000000002
0.114475
0.110424
0.11984500000000001
0.132961
0.142762
0.14984
0.15529300000000001
0.159671
0.162888
0.164363
0.16347
0.159967
0.154005
0.145789
0.13533499999999998
0.131044
0.139684
0.152434
0.161996
0.168782
0.17368599999999998
0.17696900000000002
0.178332
0.177438
0.17436
0.169531
0.163406
0.156199
0.155642
0.16827
0.18495799999999998
0.197384
0.20586500000000002
0.211734
0.215915
0.218579
0.21942399999999998
0.218173
0.214854
0.20974600000000002
0.203154
0.195189
0.192734
0.203334
0.219227
0.231719
0.24102800000000002
0.24776700000000002
0.251807
0.252708
0.250419
0.24545100000000003
0.238517
0.230264
0.221164
0.211351
0.207325
0.216916
0.232698
0.245606
0.255747
0.263667
0.269202
0.271773
0.270978
0.26706199999999997
0.26086
0.253159
0.244167
0.233675
0.227861
0.2352
0.24950999999999998
0.26204
0.272829
0.282351
0.29029099999999997
0.295892
0.298539
0.298063
0.294578
0.288137
0.27863000000000004
0.26605300000000004
0.257125
0.26039
0.270845
0.280566
0.28884
0.29594699999999996
0.301625
0.305431
0.307153
0.30690300000000004
0.30485500000000004
0.30094
0.294774
0.28584
0.280038
0.284504
0.294133
0.30162100000000003
0.306331
0.30915
0.310434
0.310284
0.308873
0.306444
0.30309
0.298598
0.29254600000000003
0.284538
0.28063899999999997
0.287954
0.301136
0.31222
0.31963
0.323669
0.32459499999999997
0.32263600000000003
0.31811500000000004
0.311551
0.303541
0.294507
0.284629
0.273965
0.268835
0.27666399999999997
0.291705
0.305483
0.31645500000000004
0.324604
0.329598
0.330989
0.328681
0.32313000000000003
0.31500700000000004
0.30478
0.292715
0.27907600000000005
0.270507
0.274884
0.286907
0.298487
0.308461
0.317069
0.32403699999999996
0.328732
0.33053899999999997
0.32905999999999996
0.3241
0.315679
0.304134
0.290004
0.280127
0.282315
0.29159
0.300193
0.306925
0.312241
0.31616
0.318384
0.318653
0.316902
0.31313
0.307204
0.298829
0.293904
0.299079
0.30958600000000003
0.318353
0.324075
0.327534
0.329243
0.329384
0.327907
0.324687
0.31971
0.3131
0.304989
0.29540500000000003
0.290503
0.297016
0.309533
0.32016100000000003
0.327297
0.331569
0.3333
0.332389
0.328763
0.3227
0.314734
0.305369
0.294948
0.283642
0.277686
0.284085
0.297199
0.308894
0.317698
0.323845
0.32714699999999997
0.32726700000000003
0.32424200000000003
0.318538
0.310707
0.301131
0.290005
0.277393
0.269566
0.274003
0.28536500000000004
0.295725
0.30400900000000003
0.310568
0.315175
0.317202
0.316087
0.31164899999999995
0.30414800000000003
0.294133
0.28213299999999997
0.268472
0.259682
0.263753
0.275035
0.285147
0.29320300000000005
0.299533
0.30396999999999996
0.306089
0.305613
0.302576
0.297148
0.289366
0.279094
0.266264
0.257448
0.260914
0.27114
0.279855
0.28644200000000003
0.291453
0.29487800000000003
0.296379
0.295718
0.292923
0.288121
0.281314
0.27233
0.260944
0.25333
0.25734
0.26713200000000004
0.274499
0.27917600000000004
0.281893
0.282788
0.28173400000000004
0.27873600000000004
0.27403299999999997
0.267921
0.260523
0.251733
0.247571
0.25553000000000003
0.269321
0.28020300000000004
0.287375
0.291273
0.292169
0.290392
0.286281
0.28007
0.272038
0.262598
0.2521
0.24068
0.234551
0.24168800000000001
0.25556999999999996
0.26712600000000003
0.275853
0.282022
0.285337
0.28520100000000004
0.28123200000000004
0.27365
0.263261
0.250971
0.237375
0.22278499999999998
0.213773
0.218783
0.230987
0.24115599999999998
0.24926199999999998
0.255729
0.260338
0.26251599999999997
0.261781
0.257982
0.251168
0.24136100000000002
0.22861700000000001
0.21323699999999998
0.202319
0.204534
0.213308
0.220104
0.225284
0.229496
0.23266900000000001
0.234329
0.234041
0.23165700000000003
0.22720100000000001
0.220599
0.21158200000000002
0.20640100000000003
0.213123
0.225041
0.233661
0.239344
0.242848
0.244534
0.244558
0.242927
0.23960900000000002
0.23473200000000002
0.228557
0.221225
0.212619
0.209101
0.21845900000000001
0.23315100000000002
0.24390900000000001
0.250836
0.254849
0.256377
0.255366
0.251788
0.24599000000000001
0.238497
0.229683
0.219717
0.208646
0.20315999999999998
0.21124099999999998
0.225552
0.237056
0.24568099999999998
0.251746
0.254949
0.254841
0.251449
0.245321
0.23707199999999998
0.227108
0.215626
0.208945
0.215207
0.227752
0.23772100000000002
0.245267
0.25106
0.255236
0.257524
0.25740999999999997
0.254375
0.248207
0.23915100000000003
0.227787
0.214631
0.20626399999999998
0.210867
0.22175999999999998
0.230233
0.236523
0.24125
0.244356
0.2454
0.24403200000000003
0.24026399999999998
0.234332
0.22640500000000002
0.21648299999999998
0.20457899999999998
0.197547
0.2036
0.21571700000000002
0.225161
0.232174
0.237523
0.24128899999999998
0.24309099999999997
0.242625
0.23994400000000002
0.23528600000000002
0.22874499999999998
0.22016
0.209227
0.20234000000000002
0.207587
0.21825799999999998
0.22610500000000003
0.231789
0.236145
0.239188
0.240536
0.23986500000000002
0.23713800000000002
0.23253600000000002
0.22620900000000002
0.21811
0.21444000000000002
0.223286
0.237738
0.248693
0.256184
0.260799
0.262801
0.262441
0.259972
0.255567
0.249505
0.242209
0.23398899999999997
0.224843
0.220797
0.22991399999999998
0.24529099999999998
0.257623
0.266856
0.27343
0.277138
0.277428
0.27395
0.26698
0.25737600000000005
0.246044
0.23351999999999998
0.220029
0.211943
0.21761
0.230467
0.241525
0.250775
0.25855900000000004
0.264511
0.267887
0.268079
0.264898
0.258436
0.248797
0.236117
0.220769
0.20951599999999998
0.211218
0.219896
0.227048
0.233004
0.23833400000000002
0.24288099999999999
0.24609499999999998
0.247479
0.24682300000000001
0.244061
0.239004
0.23125700000000002
0.226467
0.232318
0.24271900000000002
0.249542
0.253316
0.255183
0.25566300000000003
0.254923
0.252948
0.249666
0.24513800000000002
0.239525
0.232871
0.22498200000000002
0.221737
0.23107800000000003
0.24606599999999998
0.257349
0.264891
0.269477
0.271378
0.270382
0.266351
0.259679
0.25115
0.241458
0.230994
0.219885
0.214461
0.22288200000000002
0.238209
0.251166
0.261529
0.269484
0.274622
0.27641
0.27478600000000003
0.270206
0.263238
0.254258
0.243436
0.23080599999999998
0.22260100000000002
0.227334
0.239021
0.249032
0.25740599999999997
0.264572
0.270237
0.273698
0.274326
0.271866
0.266471
0.25852800000000004
0.24838000000000002
0.24222399999999997
0.24773499999999998
0.259358
0.269096
0.276539
0.28231799999999996
0.28657699999999997
0.28911
0.289599
0.287821
0.283785
0.277642
0.269441
0.259049
0.252446
0.25724600000000003
0.268171
0.27735
0.28412
0.289044
0.292132
0.29301900000000003
0.291456
0.287572
0.28171199999999996
0.274131
0.264884
0.253865
0.246982
0.251641
0.262047
0.270096
0.275501
0.27915100000000004
0.28120900000000004
0.281364
0.279412
0.275474
0.269813
0.26257199999999997
0.253686
0.24296700000000002
0.236373
0.241731
0.253188
0.262286
0.268482
0.272125
0.273214
0.271755
0.267989
0.26235
0.255308
0.24717600000000003
0.238002
0.22763000000000003
0.222086
0.22958499999999998
0.24369899999999997
0.255368
0.264317
0.2708
0.27455799999999997
0.27513000000000004
0.272282
0.26629200000000003
0.257867
0.247703
0.236182
0.22955599999999998
0.23589200000000002
0.249254
0.261083
0.271016
0.279453
0.28628000000000003
0.291044
0.293188
0.292249
0.288035
0.280589
0.270041
0.25663400000000003
0.246943
0.24919699999999997
0.258119
0.265692
0.27147
0.276065
0.279458
0.281229
0.281041
0.278868
0.274851
0.26902600000000004
0.261228
0.25114899999999996
0.24450500000000003
0.248581
0.257652
0.263915
0.267347
0.268922
0.268973
0.267469
0.264411
0.259993
0.254481
0.24797399999999997
0.240306
0.231148
0.22620300000000002
0.23310799999999998
0.245718
0.255372
0.261581
0.264778
0.26518400000000003
0.262883
0.257995
0.250906
0.242218
0.23243200000000003
0.221766
0.216209
0.223683
0.237902
0.25004299999999996
0.259814
0.267511
0.272943
0.27562800000000004
0.275049
0.27099
0.263807
0.25419
0.24270300000000003
0.22966
0.22135300000000002
0.22609400000000002
0.23772
0.24747199999999997
0.255316
0.26175
0.26659299999999997
0.269273
0.2693
0.266515
0.261018
0.25304899999999997
0.242972
0.23109699999999997
0.223577
0.228429
0.239479
0.24817600000000004
0.254617
0.259482
0.262804
0.264248
0.26355
0.260737
0.255992
0.24935
0.240594
0.22939299999999999
0.22169699999999998
0.22588200000000003
0.23633600000000002
0.244752
0.25115
0.256108
0.259565
0.261077
0.260328
0.257404
0.25261999999999996
0.246173
0.23800900000000003
0.227924
0.22179899999999997
0.227591
0.239119
0.24780100000000002
0.253763
0.257822
0.260141
0.26054299999999997
0.258993
0.255732
0.25104099999999996
0.244996
0.23742800000000003
0.23400100000000001
0.24196900000000002
0.255479
0.266353
0.274069
0.279094
0.281478
0.28115300000000004
0.27823400000000004
0.27301
0.265827
0.257064
0.247054
0.23595700000000003
0.229756
0.236134
0.249072
0.260019
0.26842699999999997
0.274536
0.278041
0.278375
0.275174
0.26853699999999997
0.259009
0.247373
0.234317
0.22019299999999997
0.211102
0.21528899999999998
0.22653
0.23599
0.243669
0.250013
0.25484
0.25760700000000003
0.257841
0.255358
0.25014000000000003
0.242092
0.231006
0.216838
0.205979
0.207258
0.215079
0.22118200000000002
0.225942
0.230025
0.233356
0.235445
0.23585
0.23441599999999999
0.23115
0.225965
0.21859499999999998
0.214633
0.22174699999999997
0.23380399999999998
0.24256599999999998
0.24842600000000004
0.252234
0.254262
0.25458000000000003
0.253261
0.250406
0.24621700000000002
0.240957
0.23476
0.2275
0.22491
0.234523
0.24981799999999998
0.261896
0.270365
0.27572800000000003
0.278229
0.277929
0.274918
0.269542
0.262352
0.253789
0.24405700000000002
0.23320900000000003
0.22726999999999997
0.23405700000000002
0.24754099999999998
0.25915
0.268416
0.275566
0.280211
0.281668
0.279589
0.274318
0.26655700000000004
0.256819
0.24532199999999998
0.232175
0.223417
0.227
0.237337
0.24622800000000003
0.253368
0.25913800000000003
0.26335
0.26548499999999997
0.26508899999999996
0.26198299999999997
0.25618
0.24777800000000003
0.23698899999999998
0.22981
0.23371599999999998
0.24346900000000002
0.25146199999999996
0.25742
0.262033
0.265499
0.26765500000000003
0.268175
0.26674200000000003
0.263223
0.25764000000000004
0.24999200000000002
0.240141
0.233738
0.238197
0.248239
0.256236
0.261915
0.265859
0.26811399999999996
0.268401
0.266538
0.26266999999999996
0.257154
0.250255
0.24202100000000001
0.232308
0.22682
0.233031
0.24486
0.253967
0.260353
0.264885
0.267691
0.268429
0.266907
0.263333
0.258075
0.251328
0.24304499999999998
0.238868
0.245846
0.25856399999999996
0.269256
0.277246
0.283022
0.286665
0.288042
0.28709
0.283879
0.278633
0.271712
0.263454
0.253983
0.24906399999999998
0.255642
0.268393
0.27963499999999997
0.288479
0.295271
0.299824
0.30163
0.30031599999999997
0.295925
0.288921
0.279992
0.26973600000000003
0.258443
0.25195100000000004
0.257156
0.268996
0.280007
0.28918499999999997
0.29685700000000004
0.302806
0.306454
0.307344
0.30537800000000004
0.300674
0.29327800000000004
0.2831
0.27570100000000003
0.277411
0.28472600000000003
0.291723
0.297109
0.301602
0.30549899999999997
0.308586
0.310365
0.310345
0.308277
0.304142
0.297939
0.289525
0.28431100000000004
0.288122
0.29685700000000004
0.30439
0.30944099999999997
0.312675
0.314235
0.313983
0.311975
0.308567
0.304201
0.299157
0.293437
0.286773
0.284463
0.292127
0.305103
0.31654099999999996
0.32458400000000004
0.329658
0.332072
0.33194
0.329419
0.324876
0.318785
0.311463
0.302964
0.293209
0.28789499999999996
0.293188
0.30509400000000003
0.31709
0.327139
0.33521599999999996
0.340871
0.34339699999999995
0.342425
0.338227
0.331448
0.322666
0.312226
0.305906
0.309286
0.319021
0.329382
0.33808299999999997
0.345439
0.351507
0.356021
0.358595
0.35887199999999997
0.356617
0.35174099999999997
0.34429699999999996
0.334469
0.328025
0.33008000000000004
0.337864
0.346325
0.352881
0.357978
0.361711
0.36378699999999997
0.36395900000000003
0.362236
0.358768
0.35362899999999997
0.34672800000000004
0.337845
0.332259
0.33464299999999997
0.342337
0.350513
0.356475
0.360646
0.363166
0.36386
0.36262
0.359589
0.355036
0.349124
0.34179299999999996
0.338187
0.34234000000000003
0.351664
0.361423
0.368349
0.372813
0.375302
0.376053
0.37509499999999996
0.37237600000000004
0.36792600000000003
0.36191799999999996
0.354539
0.34586
0.34128000000000003
0.345156
0.354873
0.365562
0.373947
0.380114
0.383946
0.385158
0.383764
0.380141
0.374796
0.368121
0.36033899999999996
0.351559
0.34729299999999996
0.351844
0.362557
0.374542
0.384421
0.39232100000000003
0.39815500000000004
0.401508
0.402032
0.399674
0.39469699999999996
0.38751399999999997
0.37848899999999996
0.367881
0.361362
0.36324
0.371587
0.382096
0.391148
0.39885
0.40511199999999997
0.409488
0.411554
0.411129
0.408197
0.402729
0.394622
0.38387
0.376193
0.375861
0.38159699999999996
0.38969699999999996
0.396402
0.401966
0.406487
0.409708
0.41138
0.411422
0.409822
0.406469
0.401111
0.398681
0.40166799999999997
0.408961
0.41760200000000003
0.42330200000000007
0.42666099999999996
0.428342
0.42861899999999997
0.42753800000000003
0.42513
0.42147799999999996
0.416682
0.41080200000000006
0.40379299999999996
0.400756
0.404296
0.413231
0.424221
0.432345
0.437472
0.43963800000000003
0.43883
0.435266
0.429461
0.422044
0.41353599999999996
0.404292
0.39447
0.389366
0.392046
0.40105100000000005
0.41269799999999995
0.422421
0.43013
0.43567700000000004
0.43860200000000005
0.438515
0.435378
0.429492
0.42126199999999997
0.41104799999999997
0.3991
0.390912
0.389974
0.395452
0.404149
0.41175600000000007
0.41835900000000004
0.42387600000000003
0.427824
0.42970200000000003
0.42918999999999996
0.426149
0.42059300000000005
0.41263900000000003
0.40765500000000005
0.40842399999999995
0.414458
0.42309399999999997
0.42969799999999997
0.434666
0.43845100000000004
0.441119
0.44255200000000006
0.4426
0.441155
0.438158
0.433543
0.427154
0.424026
0.42637299999999995
0.43376499999999996
0.443788
0.451553
0.457355
0.461404
0.463537
0.46362
0.461739
0.45815900000000004
0.453179
0.446996
0.439633
0.436205
0.43854099999999996
0.44625200000000004
0.456876
0.46492100000000003
0.470558
0.47411000000000003
0.47561899999999996
0.47512299999999996
0.472763
0.468764
0.46330600000000005
0.456396
0.447899
0.442842
0.44300100000000003
0.4486
0.45776700000000003
0.46491899999999997
0.47004399999999996
0.47316800000000003
0.474078
0.472711
0.46925900000000004
0.46406400000000003
0.45741899999999996
0.44941800000000004
0.440043
0.43447299999999994
0.434778
0.44096499999999994
0.450854
0.45893199999999995
0.465084
0.46925200000000006
0.47111400000000003
0.470429
0.467193
0.46164399999999994
0.454135
0.44496800000000003
0.43938299999999997
0.439117
0.444665
0.454403
0.462661
0.46945200000000004
0.47492
0.47888000000000003
0.48102700000000004
0.481075
0.47880600000000006
0.474102
0.46696099999999996
0.45753
0.451164
0.449729
0.453995
0.4625
0.46948599999999996
0.475021
0.479286
0.48212700000000003
0.48335600000000006
0.482932
0.480919
0.477364
0.47220200000000007
0.46524099999999996
0.461408
0.461925
0.46721899999999994
0.475842
0.48208
0.48634799999999995
0.489202
0.490753
0.49097700000000005
0.489918
0.48763999999999996
0.48413100000000003
0.479261
0.47775
0.48005299999999995
0.487016
0.497889
0.506302
0.512061
0.515514
0.516825
0.516048
0.513269
0.508667
0.502482
0.495017
0.486558
0.48218999999999995
0.482588
0.488746
0.499831
0.509243
0.516579
0.521745
0.524358
0.524108
0.521042
0.515551
0.508155
0.499349
0.489496
0.48367899999999997
0.482591
0.487317
0.49723500000000004
0.5059859999999999
0.513343
0.519387
0.5238119999999999
0.526233
0.52637
0.524045
0.519139
0.511625
0.5016010000000001
0.494158
0.490354
0.49165600000000004
0.498123
0.5038729999999999
0.508592
0.5124270000000001
0.5151399999999999
0.5164300000000001
0.516124
0.514139
0.510383
0.504668
0.501595
0.5017199999999999
0.5056039999999999
0.513417
0.5197649999999999
0.524131
0.526989
0.5285350000000001
0.528846
0.527991
0.5260090000000001
0.522915
0.518721
0.513365
0.511554
0.513705
0.519897
0.530047
0.538602
0.544719
0.548636
0.550412
0.550165
0.5481090000000001
0.544488
0.539568
0.533558
0.526543
0.5233770000000001
0.524674
0.530415
0.540816
0.550453
0.557879
0.5629850000000001
0.565607
0.5657260000000001
0.563512
0.559284
0.553424
0.546157
0.537514
0.532321
0.531325
0.534535
0.542674
0.550822
0.557473
0.562587
0.5659029999999999
0.567088
0.565936
0.562441
0.5567479999999999
0.548998
0.539346
0.53286
0.5304989999999999
0.532414
0.539456
0.546766
0.552806
0.557521
0.5606909999999999
0.562081
0.561574
0.559105
0.5545869999999999
0.547902
0.5436310000000001
0.5425409999999999
0.5440010000000001
0.549647
0.555825
0.5605829999999999
0.5641149999999999
0.566501
0.567666
0.567487
0.56584
0.56262
0.557763
0.551204
0.547515
0.5472739999999999
0.5498810000000001
0.556725
0.563673
0.56872
0.572044
0.573719
0.573734
0.5722079999999999
0.5693699999999999
0.565425
0.560462
0.554425
0.55195
0.553506
0.558231
0.5670350000000001
0.575388
0.58131
0.585044
0.586756
0.5866100000000001
0.584924
0.581947
0.577728
0.5722149999999999
0.569863
0.571231
0.574723
0.5824630000000001
0.591375
0.5985550000000001
0.603995
0.6076060000000001
0.609112
0.608322
0.605219
0.599885
0.592581
0.5837600000000001
0.578358
0.577238
0.578993
0.5857829999999999
0.59435
0.6015229999999999
0.607062
0.61075
0.612363
0.611823
0.609157
0.604446
0.597863
0.5896140000000001
0.584344
0.582797
0.583469
0.588864
0.596125
0.602183
0.6070840000000001
0.610804
0.613182
0.6140800000000001
0.613352
0.6108
0.606187
0.599299
0.594608
0.592982
0.592769
0.596863
0.602966
0.607877
0.6115659999999999
0.613981
0.615054
0.614801
0.613242
0.610341
0.606008
0.604539
0.606383
0.608883
0.6149399999999999
0.6225229999999999
0.627921
0.631289
0.632961
0.63326
0.632434
0.630551
0.627605
0.623604
0.6185350000000001
0.616792
0.6189359999999999
0.622247
0.629829
0.639629
0.647335
0.652625
0.655435
0.655806
0.653894
0.649978
0.64451
0.637918
0.630433
0.626595
0.627108
0.629088
0.635821
0.645459
0.653464
0.65951
0.663442
0.6650739999999999
0.6643359999999999
0.661301
0.656127
0.648921
0.639794
0.63339
0.630677
0.628974
0.632155
0.638959
0.644972
0.6500199999999999
0.654
0.6566649999999999
0.657762
0.6570159999999999
0.654139
0.648899
0.641243
0.635731
0.633239
0.631119
0.633437
0.639058
0.6436109999999999
0.647016
0.649351
0.650597
0.650748
0.6497689999999999
0.6475529999999999
0.643915
0.64286
0.64474
0.645659
0.649882
0.656985
0.66192
0.664702
0.665766
0.665407
0.6637850000000001
0.6610010000000001
0.6571140000000001
0.652147
0.646129
0.643354
0.644446
0.645898
0.65166
0.660666
0.667741
0.672642
0.675349
0.675829
0.674308
0.671122
0.666513
0.660669
0.653771
0.650299
0.650938
0.6521819999999999
0.657994
0.6673
0.674949
0.680635
0.684326
0.6860390000000001
0.685917
0.684022
0.680345
0.674983
0.66804
0.663825
0.66303
0.662026
0.66545
0.67293
0.67918
0.6840109999999999
0.687407
0.689192
0.689168
0.6871520000000001
0.6830729999999999
0.677022
0.6732319999999999
0.672451
0.670784
0.6731659999999999
0.6801159999999999
0.6862020000000001
0.6909850000000001
0.694537
0.696749
0.697498
0.696688
0.6942
0.689936
0.6838810000000001
0.680154
0.679474
0.677846
0.679867
0.686098
0.6913020000000001
0.6950029999999999
0.6973229999999999
0.6983060000000001
0.698054
0.696637
0.6940529999999999
0.690268
0.685198
0.682822
0.683585
0.683136
0.68608
0.692998
0.698499
0.702086
0.704041
0.704677
0.704191
0.702605
0.699868
0.695933
0.69072
0.688307
0.689246
0.6892159999999999
0.692874
0.700539
0.706555
0.710461
0.7124699999999999
0.712704
0.711283
0.708418
0.704311
0.699036
0.696651
0.697793
0.698396
0.702172
0.710232
0.718003
0.724143
0.728591
0.7311949999999999
0.731787
0.730329
0.726877
0.721497
0.714349
0.709766
0.708773
0.707597
0.709789
0.716804
0.724272
0.730379
0.734905
0.73773
0.738781
0.7379939999999999
0.7353
0.730685
0.72424
0.720102
0.718961
0.716817
0.7171569999999999
0.7218979999999999
0.7271270000000001
0.731139
0.734025
0.735923
0.736876
0.736789
0.735432
0.732516
0.727746
0.7248939999999999
0.7245659999999999
0.722909
0.723306
0.727661
0.7322649999999999
0.735528
0.737604
0.738554
0.73842
0.737225
0.734911
0.731368
0.730362
0.732391
0.733455
0.735699
0.7415039999999999
0.747949
0.752526
0.755274
0.756293
0.75578
0.754013
0.751109
0.747054
0.741905
0.739627
0.740876
0.741742
0.7444529999999999
0.7514310000000001
0.7594920000000001
0.765659
0.769632
0.7714489999999999
0.771312
0.7693770000000001
0.765721
0.76057
0.754269
0.75092
0.751193
0.7511899999999999
0.753093
0.7594489999999999
0.7672100000000001
0.773409
0.777849
0.780518
0.781392
0.780397
0.7774760000000001
0.772647
0.765907
0.7611
0.759033
0.756196
0.754867
0.758115
0.763428
0.7677970000000001
0.7710899999999999
0.773292
0.774323
0.774
0.772034
0.768137
0.76582
0.765663
0.764155
0.7623949999999999
0.7642720000000001
0.768575
0.771721
0.773795
0.7749550000000001
0.775263
0.7747470000000001
0.773316
0.770794
0.767045
0.7656470000000001
0.767112
0.767686
0.768288
0.772706
0.779355
0.784089
0.786734
0.787673
0.787285
0.7857569999999999
0.783175
0.779655
0.775305
0.773879
0.775893
0.777435
0.779452
0.78532
0.793076
0.798836
0.802551
0.804453
0.804693
0.803434
0.800823
0.796878
0.791546
0.788633
0.788852
0.7884909999999999
0.788633
0.7930550000000001
0.8001050000000001
0.8057489999999999
0.809679
0.811864
0.812335
0.811146
0.808213
0.803397
0.800354
0.799917
0.798762
0.796845
0.7990510000000001
0.805184
0.810253
0.814001
0.816498
0.817704
0.817526
0.815792
0.812303
0.807027
0.803612
0.802798
0.8012060000000001
0.7985180000000001
0.799988
0.805719
0.810361
0.8135899999999999
0.8155720000000001
0.8164399999999999
0.816231
0.814873
0.812261
0.808303
0.806453
0.807307
0.807433
0.806461
0.809237
0.8156220000000001
0.820566
0.8240270000000001
0.826277
0.8274809999999999
0.8277110000000001
0.826886
0.82481
0.8212959999999999
0.819815
0.8208799999999999
0.8208340000000001
0.81931
0.8214
0.827147
0.8314389999999999
0.834058
0.835269
0.8353780000000001
0.834518
0.832573
0.8293799999999999
0.828377
0.830108
0.8310690000000001
0.8307479999999999
0.833356
0.839675
0.845202
0.848834
0.850684
0.850967
0.8498190000000001
0.847225
0.8431799999999999
0.837844
0.834874
0.8350479999999999
0.8351120000000001
0.834562
0.8372569999999999
0.844089
0.8506319999999999
0.8553290000000001
0.858109
0.859029
0.8581280000000001
0.8554809999999999
0.8512540000000001
0.8456020000000001
0.841982
0.8410860000000001
0.839775
0.837709
0.8388180000000001
0.8442870000000001
0.850009
0.854519
0.857866
0.860125
0.8612040000000001
0.860821
0.85862
0.854345
0.8513569999999999
0.850403
0.8483
0.844651
0.8435239999999999
0.8465590000000001
0.850029
0.852567
0.854294
0.8553430000000001
0.855668
0.855022
0.8530909999999999
0.852934
0.8549180000000001
0.855669
0.854751
0.8549680000000001
0.858618
0.86292
0.8654709999999999
0.866482
0.8663709999999999
0.865369
0.863507
0.8607309999999999
0.857017
0.855649
0.8572110000000001
0.8584620000000001
0.858808
0.8608389999999999
0.8664719999999999
0.872605
0.876785
0.8790370000000001
0.879556
0.8785379999999999
0.8761979999999999
0.872732
0.8682790000000001
0.8662549999999999
0.8673200000000001
0.8682290000000001
0.868398
0.8705629999999999
0.87669
0.883597
0.888758
0.892114
0.893883
0.894242
0.8931370000000001
0.890343
0.8857309999999999
0.882705
0.882084
0.88082
0.878526
0.877906
0.8814879999999999
0.886591
0.8905069999999999
0.8931709999999999
0.8946440000000001
0.894806
0.8933969999999999
0.890224
0.8884139999999999
0.8885350000000001
0.8875209999999999
0.8850399999999999
0.8824420000000001
0.883624
0.8876370000000001
0.8906440000000001
0.892553
0.893543
0.893666
0.8928459999999999
0.890907
0.8876360000000001
0.8859370000000001
0.8863030000000001
0.885849
0.884301
0.882763
0.8848659999999999
0.889423
0.8924270000000001
0.8939280000000001
0.894309
0.8937790000000001
0.892401
0.890149
0.886965
0.885918
0.8874780000000001
0.88846
0.88826
0.888292
0.891965
0.897716
0.9017729999999999
0.904066
0.905015
0.9049959999999999
0.904078
0.90205
0.901689
0.903457
0.9044629999999999
0.9043190000000001
0.9030799999999999
0.9052870000000001
0.910942
0.9151469999999999
0.9177040000000001
0.9189379999999999
0.9190389999999999
0.9179889999999999
0.915668
0.911992
0.910008
0.910385
0.9103459999999999
0.909586
0.9084540000000001
0.911234
0.917408
0.922077
0.9250149999999999
0.926459
0.926552
0.925375
0.923
0.9194389999999999
0.917694
0.9183049999999999
0.918407
0.9177139999999999
0.916425
0.919056
0.9254110000000001
0.930534
0.9342379999999999
0.936757
0.938142
0.93821
0.936632
0.9331510000000001
0.930709
0.930059
0.928551
0.9258620000000001
0.922111
0.921766
0.9254040000000001
0.9285549999999999
0.930689
0.932011
0.932587
0.9322520000000001
0.9307
0.9304950000000001
0.931977
0.932325
0.9312309999999999
0.9289229999999999
0.928406
0.9311790000000001
0.934162
0.935793
0.9364450000000001
0.9364899999999999
0.936024
0.934942
0.933061
0.933009
0.935205
0.9369
0.937631
0.9372959999999999
0.938657
0.943152
0.947642
0.9504239999999999
0.951681
0.951672
0.950567
0.948484
0.945517
0.944592
0.9462969999999999
0.947883
0.948868
0.9491219999999999
0.951649
0.95757
0.96326
0.9670860000000001
0.9692649999999999
0.9701049999999999
0.9696540000000001
0.967724
0.964145
0.96181
0.961442
0.9604940000000001
0.958716
0.956233
0.956269
0.9602959999999999
0.9648909999999999
0.9683139999999999
0.970568
0.9716
0.971176
0.969067
0.965198
0.9624879999999999
0.9615239999999999
0.9596120000000001
0.956506
0.952457
0.950838
0.9532139999999999
0.956252
0.95834
0.9596100000000001
0.96014
0.959799
0.958333
0.955491
0.9539709999999999
0.9543
0.9538260000000001
0.952198
0.949415
0.948475
0.9510129999999999
0.95395
0.955693
0.956484
0.956501
0.955728
0.9540370000000001
0.951276
0.950226
0.951363
0.951822
0.951091
0.9491870000000001
0.9496030000000001
0.953585
0.957414
0.959623
0.960383
0.959939
0.9584309999999999
0.95585
0.954865
0.955957
0.956493
0.956116
0.9548709999999999
0.9546950000000001
0.9579280000000001
0.962349
0.965253
0.9667180000000001
0.966944
0.965944
0.963636
0.959916
0.957484
0.9569979999999999
0.9560420000000001
0.9543659999999999
0.9520780000000001
0.9513780000000001
0.9543959999999999
0.958549
0.9611940000000001
0.962348
0.962276
0.9611719999999999
0.9590420000000001
0.955735
0.9539200000000001
0.954134
0.9538260000000001
0.952758
0.950997
0.9510049999999999
0.9545799999999999
0.9589059999999999
0.9618459999999999
0.9635239999999999
0.9641049999999999
0.9635309999999999
0.961601
0.958175
0.9560770000000001
0.955937
0.9551540000000001
0.953398
0.9507770000000001
0.950042
0.953147
0.957255
0.9602360000000001
0.9621540000000001
0.963098
0.9629270000000001
0.961377
0.9582299999999999
0.956285
0.9561219999999999
0.9551120000000001
0.9530639999999999
0.950139
0.949534
0.9525969999999999
0.9559059999999999
0.957965
0.959068
0.9594360000000001
0.959008
0.9575870000000001
0.954982
0.9539639999999999
0.9549979999999999
0.955217
0.9541219999999999
0.9516549999999999
0.951024
0.95376
0.9565629999999999
0.957872
0.95788
0.9568
0.9547329999999999
0.9517260000000001
0.950422
0.951283
0.951757
0.9514870000000001
0.950458
0.949867
0.9524959999999999
0.9567389999999999
0.959239
0.9599719999999999
0.9592700000000001
0.957333
0.9541860000000001
0.9497950000000001
0.946772
0.9457530000000001
0.9444870000000001
0.942795
0.940742
0.940066
0.9431719999999999
0.9478979999999999
0.9512870000000001
0.9532950000000001
0.954043
0.9535040000000001
0.951614
0.948365
0.946458
0.946378
0.945523
0.943574
0.940694
0.9394440000000001
0.941958
0.9456540000000001
0.948282
0.9499780000000001
0.950894
0.950925
0.949783
0.949664
0.950801
0.9507209999999999
0.949234
0.94653
0.9433440000000001
0.94324
0.945524
0.946462
0.9461360000000001
0.94491
0.942951
0.9402739999999999
0.936781
0.934894
0.935002
0.934617
0.9333940000000001
0.931408
0.9302860000000001
0.932574
0.936283
0.938349
0.938868
0.9382590000000001
0.936832
0.934688
0.931745
0.930558
0.931623
0.9324209999999999
0.932567
0.932009
0.9325040000000001
0.9362530000000001
0.9411219999999999
0.9446030000000001
0.946876
0.948154
0.948412
0.947465
0.9451290000000001
0.943994
0.944652
0.944692
0.9438209999999999
0.9421069999999999
0.941292
0.9438840000000001
0.9479200000000001
0.9505790000000001
0.9519270000000001
0.9522149999999999
0.951541
0.949785
0.94924
0.950239
0.950341
0.9492879999999999
0.947283
0.944896
0.9458129999999999
0.949533
0.952126
0.953535
0.9539780000000001
0.953498
0.9519770000000001
0.949206
0.947464
0.947277
0.946486
0.9448700000000001
0.94252
0.9395979999999999
0.940009
0.94352
0.945924
0.947175
0.9475370000000001
0.9470940000000001
0.945765
0.9433879999999999
0.9422290000000001
0.9426700000000001
0.942361
0.940992
0.938688
0.9359219999999999
0.9363540000000001
0.9394549999999999
0.9413229999999999
0.9420780000000001
0.942134
0.9416469999999999
0.9404819999999999
0.94063
0.9423040000000001
0.943206
0.942945
0.941526
0.9389270000000001
0.938364
0.9409219999999999
0.9433520000000001
0.9445969999999999
0.9447979999999999
0.94411
0.942602
0.940261
0.939301
0.9400809999999999
0.9404
0.940025
0.939053
0.937384
0.9388610000000001
0.943367
0.946469
0.9480350000000001
0.9484870000000001
0.948055
0.946742
0.9444629999999999
0.9435389999999999
0.944428
0.944923
0.9448190000000001
0.9442010000000001
0.9431430000000001
0.9455120000000001
0.951018
0.955311
0.9582790000000001
0.9601120000000001
0.960788
0.9601780000000001
0.9581620000000001
0.9570059999999999
0.95716
0.956471
0.9547469999999999
0.9521629999999999
0.94884
0.948931
0.952633
0.955649
0.957735
0.9590569999999999
0.9595379999999999
0.958908
0.956829
0.9554799999999999
0.95534
0.954285
0.9521219999999999
0.948933
0.9448979999999999
0.944104
0.946508
0.948039
0.948818
0.9491290000000001
0.948961
0.948117
0.948484
0.950242
0.951176
0.9509200000000001
0.9495020000000001
0.9469719999999999
0.9454940000000001
0.947031
0.9494030000000001
0.950577
0.9506459999999999
0.9497700000000001
0.9480299999999999
0.945449
0.944066
0.944292
0.9442299999999999
0.9436540000000001
0.942575
0.940826
0.940735
0.943575
0.9465530000000001
0.948169
0.9486459999999999
0.9481360000000001
0.946643
0.944095
0.942665
0.9428469999999999
0.942635
0.941788
0.9403469999999999
0.938265
0.939107
0.9433030000000001
0.946941
0.9493809999999999
0.9507479999999999
0.951074
0.9502870000000001
0.948203
0.9468770000000001
0.9467120000000001
0.9456450000000001
0.943492
0.940464
0.936717
0.936127
0.939056
0.9414469999999999
0.9428040000000001
0.9432459999999999
0.942715
0.941032
0.940185
0.940624
0.940408
0.939261
0.93725
0.934414
0.932837
0.9344020000000001
0.936974
0.938584
0.939276
0.9391729999999999
0.938292
0.9365379999999999
0.935802
0.936368
0.936284
0.935421
0.934032
0.932175
0.9319540000000001
0.934976
0.93879
0.941477
0.9431579999999999
0.944041
0.944148
0.943358
0.943659
0.945428
0.946634
0.946947
0.946362
0.9448049999999999
0.9447399999999999
0.947734
0.9512149999999999
0.953615
0.9550860000000001
0.955722
0.955407
0.9539690000000001
0.9534790000000001
0.95435
0.954516
0.953686
0.9519219999999999
0.9491959999999999
0.948241
0.9502639999999999
0.9522879999999999
0.953017
0.952709
0.9515040000000001
0.949304
0.947931
0.947709
0.946787
0.9450299999999999
0.942687
0.939867
0.9375370000000001
0.9383959999999999
0.941264
0.943045
0.943623
0.943077
0.941393
0.938567
0.936523
0.9357190000000001
0.9344610000000001
0.9326129999999999
0.9303170000000001
0.927552
0.925306
0.9263110000000001
0.929414
0.9316639999999999
0.9330649999999999
0.933757
0.933692
0.934443
0.9362020000000001
0.937208
0.9372219999999999
0.9364120000000001
0.934874
0.93255
0.932651
0.935643
0.9380709999999999
0.9394540000000001
0.940102
0.9401959999999999
0.939693
