1.007779
1.006981
1.007527
1.007396
1.006453
1.0047549999999998
1.002167
1.0002030000000002
1.001306
1.003762
1.005036
1.0053459999999999
1.00485
1.003499
1.001214
1.000047
1.000364
1.000126
0.9990040000000001
0.997036
0.994351
0.992663
0.9941540000000001
0.996972
0.998725
0.99944
0.9991770000000001
0.9980120000000001
0.9958600000000001
0.994717
0.99505
0.994925
0.99406
0.9924200000000001
0.989924
0.988533
0.9901979999999999
0.992909
0.994662
0.9954770000000001
0.995503
0.994705
0.9948229999999999
0.996139
0.9969530000000001
0.99711
0.9965870000000001
0.9953860000000001
0.9937159999999999
0.9949620000000001
0.9987
1.001168
1.002305
1.002333
1.001488
0.999758
0.9989520000000001
0.9994790000000001
0.9995290000000001
0.998843
0.9975780000000001
0.99587
0.994079
0.995287
0.998914
1.001478
1.0028780000000002
1.003241
1.0025700000000002
1.0007489999999999
0.9998319999999999
1.000341
1.0003309999999999
0.999511
0.9980110000000001
0.9958049999999999
0.993777
0.994909
0.9982260000000001
1.000631
1.002146
1.002974
1.002969
1.0017209999999999
1.00105
1.001374
1.000843
0.99939
0.997174
0.994125
0.99118
0.991326
0.9935510000000001
0.994858
0.995489
0.9956299999999999
0.9950899999999999
0.993632
0.993244
0.994282
0.9946940000000001
0.9941909999999999
0.992706
0.990099
0.988073
0.989107
0.991556
0.993073
0.9937469999999999
0.9935879999999999
0.9925379999999999
0.9905780000000001
0.9898110000000001
0.9906959999999999
0.9913299999999999
0.9914379999999999
0.990876
0.989424
0.988714
0.9909030000000001
0.994252
0.9965649999999999
0.99777
0.997816
0.996683
0.994295
0.99284
0.9930690000000001
0.9931120000000001
0.9925440000000001
0.991268
0.989226
0.988226
0.990324
0.9935729999999999
0.995718
0.9967790000000001
0.996925
0.9960870000000001
0.994029
0.992928
0.9933360000000001
0.9931059999999999
0.991866
0.989807
0.987025
0.9856959999999999
0.9878540000000001
0.9912920000000001
0.9938549999999999
0.995418
0.995964
0.9953280000000001
0.99535
0.996554
0.99718
0.9969319999999999
0.995871
0.993966
0.991057
0.991067
0.994233
0.996491
0.997632
0.9978459999999999
0.9972120000000001
0.9956440000000001
0.9949790000000001
0.9955379999999999
0.9953719999999999
0.994216
0.9923069999999999
0.989692
0.98649
0.986295
0.988856
0.9903370000000001
0.9907459999999999
0.990384
0.989294
0.987381
0.986605
0.9873200000000001
0.987507
0.986844
0.9853620000000001
0.9830979999999999
0.981181
0.982469
0.985706
0.9877790000000001
0.9887889999999999
0.9889110000000001
0.98811
0.9863559999999999
0.9856229999999999
0.98625
0.9863200000000001
0.985612
0.984151
0.9818459999999999
0.979864
0.9807739999999999
0.983265
0.98474
0.985339
0.9851840000000001
0.9842780000000001
0.9823930000000001
0.9813709999999999
0.9816440000000001
0.981454
0.980662
0.9792770000000001
0.9772770000000001
0.9766959999999999
0.9793
0.982799
0.985167
0.986409
0.986624
0.985893
0.986031
0.987258
0.987825
0.987626
0.986759
0.9853200000000001
0.983302
0.9842559999999999
0.9881409999999999
0.9911040000000001
0.993036
0.994023
0.994034
0.992928
0.9924120000000001
0.992959
0.992974
0.992217
0.9907360000000001
0.9885879999999999
0.985557
0.9851110000000001
0.987751
0.989907
0.9912799999999999
0.9920399999999999
0.992236
0.991614
0.9917450000000001
0.99297
0.9935149999999999
0.9931469999999999
0.992049
0.9902270000000001
0.987707
0.9880969999999999
0.991302
0.9935510000000001
0.99487
0.995619
0.99579
0.9950459999999999
0.9951469999999999
0.996548
0.997418
0.997423
0.996554
0.994626
0.991668
0.9915
0.994124
0.995777
0.996469
0.996316
0.9951540000000001
0.9928309999999999
0.9914270000000001
0.9914639999999999
0.9910969999999999
0.99016
0.9886860000000001
0.9864569999999999
0.9842569999999999
0.985014
0.987815
0.9897290000000001
0.9907729999999999
0.990858
0.9897729999999999
0.9874450000000001
0.9859389999999999
0.9858290000000001
0.9854860000000001
0.984751
0.9835209999999999
0.981632
0.980101
0.981721
0.9853069999999999
0.987873
0.989345
0.989762
0.989187
0.9875700000000001
0.986869
0.987643
0.9880540000000001
0.9876440000000001
0.9862989999999999
0.98411
0.9822709999999999
0.9836959999999999
0.987397
0.990418
0.9925780000000001
0.993791
0.993922
0.9927379999999999
0.9922610000000001
0.993167
0.9935879999999999
0.993139
0.9918620000000001
0.9897530000000001
0.98816
0.9897600000000001
0.9932709999999999
0.995935
0.9975719999999999
0.99825
0.9979680000000001
0.9984729999999999
1.000061
1.00092
1.000677
0.99934
0.997088
0.993928
0.992857
0.994762
0.996483
0.9970629999999999
0.996624
0.9953559999999999
0.9932799999999999
0.992131
0.992274
0.991967
0.9908530000000001
0.9889469999999999
0.986265
0.982727
0.981683
0.983808
0.9855389999999999
0.9861200000000001
0.9857670000000001
0.9846020000000001
0.9825879999999999
0.981662
0.9823129999999999
0.982715
0.982527
0.981792
0.980461
0.9784370000000001
0.979292
0.9828389999999999
0.985174
0.9864290000000001
0.9869100000000001
0.986632
0.9855079999999999
0.9853049999999999
0.9862559999999999
0.9865219999999999
0.986043
0.9850059999999999
0.983367
0.981576
0.982958
0.986885
0.989726
0.991401
0.991991
0.9914860000000001
0.989851
0.989007
0.9893379999999999
0.9890690000000001
0.988058
0.9863780000000001
0.984049
0.982301
0.9837459999999999
0.9870260000000001
0.9893639999999999
0.9908170000000001
0.991409
0.991016
0.9894149999999999
0.9885360000000001
0.988956
0.9888899999999999
0.988038
0.9864219999999999
0.984036
0.981741
0.9823629999999999
0.9850629999999999
0.9869959999999999
0.9881489999999999
0.988582
0.9882190000000001
0.988593
0.989859
0.990373
0.9899690000000001
0.9887459999999999
0.9868530000000001
0.984243
0.983052
0.984764
0.987082
0.988447
0.988952
0.988821
0.988042
0.98815
0.9894639999999999
0.99044
0.9908370000000001
0.9905959999999999
0.9895950000000001
0.9875209999999999
0.986966
0.9892629999999999
0.9917739999999999
0.993401
0.9943059999999999
0.9945299999999999
0.993868
0.994036
0.995505
0.9965940000000001
0.997007
0.9967950000000001
0.9958959999999999
0.994008
0.994358
0.9974940000000001
1.000005
1.001528
1.002202
1.001842
1.0001799999999998
0.999052
0.998974
0.9983360000000001
0.997101
0.9954049999999999
0.9931
0.989926
0.989448
0.9920450000000001
0.993916
0.994668
0.994367
0.992977
0.9904959999999999
0.988841
0.9884940000000001
0.9878110000000001
0.986563
0.984632
0.98188
0.978612
0.978605
0.9817290000000001
0.9842920000000001
0.9862129999999999
0.987439
0.9877540000000001
0.986936
0.9867360000000001
0.987612
0.9880110000000001
0.987758
0.986816
0.9851540000000001
0.982858
0.983561
0.9872299999999999
0.9901639999999999
0.9922479999999999
0.993467
0.993806
0.9932040000000001
0.993489
0.995077
0.996109
0.996235
0.995519
0.993935
0.9916219999999999
0.992123
0.9953200000000001
0.9975870000000001
0.9988440000000001
0.9993049999999999
0.99902
0.9977950000000001
0.997481
0.9985290000000001
0.9990209999999999
0.998531
0.99705
0.994589
0.991765
0.9921129999999999
0.9951479999999999
0.9973049999999999
0.998482
0.998741
0.997927
0.9976719999999999
0.998459
0.9988100000000001
0.9985209999999999
0.997649
0.996216
0.9940709999999999
0.992994
0.9946889999999999
0.9970459999999999
0.998168
0.9982639999999999
0.997542
0.996008
0.995368
0.995921
0.995975
0.9953290000000001
0.994129
0.992366
0.9898299999999999
0.9887610000000001
0.9907459999999999
0.993382
0.995044
0.995757
0.995616
0.9946809999999999
0.99467
0.99579
0.996275
0.9959680000000001
0.994983
0.9933690000000001
0.991157
0.9914129999999999
0.99477
0.997927
1.0000950000000002
1.001342
1.001564
1.0005819999999999
1.000099
1.000544
1.000413
0.999566
0.9980530000000001
0.9959180000000001
0.9930120000000001
0.9924350000000001
0.99479
0.996849
0.998131
0.9987719999999999
0.9987870000000001
0.99797
0.9979120000000001
0.998871
0.999065
0.998237
0.996482
0.9939790000000001
0.9907100000000001
0.990517
0.9935959999999999
0.9959379999999999
0.997375
0.998035
0.99795
0.9969459999999999
0.9967389999999999
0.9978
0.998484
0.99856
0.9980319999999999
0.9967379999999999
0.994402
0.99477
0.998152
1.0006110000000001
1.001897
1.002235
1.001683
1.000148
0.9995620000000001
1.000466
1.0010729999999999
1.001026
1.000302
0.99876
0.9961139999999999
0.996041
0.998908
1.000993
1.0022309999999999
1.002739
1.002337
1.0008540000000001
1.0001120000000001
1.000478
1.000192
0.999179
0.9976510000000001
0.995599
0.993075
0.9938309999999999
0.997714
1.0006680000000001
1.002493
1.003169
1.002628
1.0009270000000001
1.000058
1.000512
1.0006030000000001
1.000033
0.998664
0.9964139999999999
0.993557
0.993767
0.99682
0.9989959999999999
1.00029
1.000772
1.000346
1.000601
1.001793
1.002365
1.00214
1.0010370000000002
0.9989889999999999
0.9960450000000001
0.994288
0.9955040000000001
0.997758
0.999281
0.9999370000000001
0.9996659999999999
0.998459
0.997992
0.9985139999999999
0.9984270000000001
0.997609
0.9962
0.99435
0.991923
0.991142
0.993331
0.9959309999999999
0.9974209999999999
0.9978610000000001
0.9975459999999999
0.996627
0.9968459999999999
0.9985860000000001
1.0001309999999999
1.001026
1.0010809999999999
1.000193
0.9981780000000001
0.997877
1.000478
1.0031709999999998
1.005015
1.006163
1.006581
1.005953
1.005914
1.0069190000000001
1.007308
1.0068290000000002
1.005643
1.003868
1.001348
1.001061
1.003762
1.006178
1.007501
1.00784
1.007118
1.005155
1.003866
1.0038
1.0033159999999999
1.002358
1.001039
0.9991540000000001
0.9963930000000001
0.9963200000000001
0.999266
1.00142
1.002483
1.002621
1.001882
1.000278
0.999602
1.00015
1.000181
0.999467
0.9979879999999999
0.9956870000000001
0.992592
0.9923690000000001
0.995547
0.998534
1.0008299999999999
1.002313
1.002738
1.001883
1.001474
1.002005
1.002022
1.001423
1.000226
0.99841
0.9957809999999999
0.99584
0.998914
1.001334
1.002866
1.0036
1.003562
1.0027030000000001
1.002837
1.004314
1.005209
1.0051219999999998
1.004086
1.002084
0.999125
0.998977
1.0017559999999999
1.003716
1.004815
1.005275
1.005089
1.003962
1.003609
1.004459
1.004721
1.004073
1.002535
1.000106
0.9970100000000001
0.997049
1.000048
1.002048
1.0029190000000001
1.002766
1.001509
1.000844
1.001311
1.001514
1.001291
1.000677
0.9996079999999999
0.997808
0.996812
0.998432
1.000775
1.001894
1.00204
1.0014379999999998
1.0000959999999999
0.999712
1.000532
1.00081
1.000321
0.9992219999999999
0.997558
0.995175
0.994282
0.9965450000000001
0.999633
1.001832
1.003092
1.0034129999999999
1.0027780000000002
1.002899
1.00405
1.004551
1.004307
1.0034399999999999
1.001982
0.999925
1.0000149999999999
1.0031139999999998
1.0062
1.0082360000000001
1.0093159999999999
1.009395
1.00832
1.007814
1.008316
1.0082950000000002
1.007556
1.006073
1.003836
1.0006979999999999
0.999568
1.00139
1.00327
1.0044799999999998
1.005107
1.005121
1.004276
1.0041229999999999
1.004899
1.004846
1.003752
1.0017639999999999
0.9990950000000001
0.995742
0.995257
0.9980899999999999
1.0005110000000002
1.002003
1.002623
1.002398
1.001214
1.000838
1.001776
1.0023950000000001
1.002427
1.001827
1.000399
0.997866
0.997751
1.00062
1.002847
1.004005
1.0043309999999999
1.003888
1.0025680000000001
1.002255
1.003427
1.004233
1.004257
1.003465
1.00177
0.998976
0.9987870000000001
1.001617
1.003755
1.0050629999999998
1.005633
1.0052860000000001
1.003859
1.003193
1.0036770000000002
1.003565
1.0027840000000001
1.001533
0.999783
0.997501
0.998446
1.002464
1.005413
1.0071
1.007694
1.00735
1.006062
1.00567
1.0066110000000001
1.00716
1.006993
1.0060209999999998
1.004269
1.0018209999999999
1.002418
1.0059770000000001
1.008599
1.010273
1.011067
1.010875
1.0094889999999999
1.008748
1.009176
1.009003
1.007971
1.006219
1.003792
1.00084
1.001015
1.004251
1.006758
1.008292
1.008907
1.008591
1.007153
1.006407
1.0068190000000001
1.006613
1.005592
1.003941
1.001644
0.998917
0.9992190000000001
1.00215
1.0040129999999998
1.004812
1.0048190000000001
1.004078
1.004261
1.005687
1.006645
1.006761
1.005971
1.00425
1.001583
1.0001360000000001
1.0016690000000001
1.004011
1.005377
1.0058610000000001
1.005501
1.004206
1.003747
1.0044950000000001
1.004768
1.0043950000000001
1.0035370000000001
1.0022209999999998
1.000224
0.999936
1.0024879999999998
1.005149
1.006739
1.007425
1.007284
1.006317
1.006311
1.007576
1.008398
1.0087
1.008573
1.007891
1.006449
1.0072969999999999
1.011023
1.0142719999999998
1.0163739999999999
1.017444
1.0175100000000001
1.016551
1.0163
1.01704
1.017075
1.016216
1.014513
1.012026
1.008748
1.0079879999999999
1.010413
1.012661
1.014074
1.014625
1.014186
1.0124950000000001
1.011221
1.010838
1.009851
1.00816
1.0058040000000001
1.002787
0.998926
0.9978879999999999
0.999922
1.001252
1.0018209999999999
1.001796
1.0011709999999998
0.999765
0.997339
0.993841
0.9892770000000001
0.9836280000000001
0.979987
0.978875
0.9770620000000001
0.9739200000000001
0.969714
0.9694010000000001
0.973347
0.976707
0.97906
0.980326
0.980308
0.9790139999999999
0.976511
0.972701
0.9704440000000001
0.970015
0.9683510000000001
0.9653959999999999
0.961659
0.961256
0.965141
0.968944
0.971073
0.971383
0.970138
0.9674870000000001
0.9632569999999999
0.957413
0.953024
0.9506530000000001
0.947475
0.9432709999999999
0.93834
0.9367690000000001
0.939371
0.941631
0.942204
0.941356
0.939516
0.936883
0.933444
0.929103
0.9266700000000001
0.9265770000000001
0.92609
0.9249059999999999
0.9228870000000001
0.924158
0.928905
0.932375
0.934117
0.934578
0.9341290000000001
0.9329350000000001
0.930868
0.927581
0.925701
0.9259639999999999
0.925895
0.92506
0.9232809999999999
0.9240309999999999
0.9278959999999999
0.930666
0.931366
0.930392
0.9280379999999999
0.9244559999999999
0.919531
0.913067
0.908115
0.90543
0.9023479999999999
0.8986729999999999
0.895028
0.895344
0.8987950000000001
0.900884
0.901567
0.901048
0.899275
0.896009
0.8908709999999999
0.8866350000000001
0.8841959999999999
0.8811680000000001
0.877403
0.873084
0.872516
0.875626
0.877714
0.878474
0.878075
0.876713
0.874452
0.8710549999999999
0.866183
0.8626229999999999
0.861138
0.859273
0.8567959999999999
0.853993
0.8545149999999999
0.8575149999999999
0.85856
0.857865
0.856131
0.853822
0.8509329999999999
0.847219
0.8426530000000001
0.840341
0.840817
0.8410799999999999
0.8405309999999999
0.8405600000000001
0.84373
0.8482280000000001
0.851083
0.8524700000000001
0.8528469999999999
0.852355
0.8507389999999999
0.847685
0.8431930000000001
0.840615
0.840809
0.840916
0.840277
0.840557
0.8442709999999999
0.8493
0.8526809999999999
0.854514
0.855247
0.8548790000000001
0.853018
0.849417
0.844083
0.840366
0.839189
0.837607
0.8349030000000001
0.833089
0.834708
0.8376889999999999
0.8395530000000001
0.8403950000000001
0.840268
0.838899
0.8360709999999999
0.831794
0.828945
0.828051
0.826451
0.82373
0.820629
0.820749
0.8233860000000001
0.82489
0.8252879999999999
0.824786
0.8233219999999999
0.8207040000000001
0.816821
0.811719
0.8083600000000001
0.8075640000000001
0.8066770000000001
0.804884
0.802959
0.804176
0.807424
0.8092199999999999
0.8096979999999999
0.809193
0.807818
0.805595
0.802496
0.798531
0.796607
0.7971020000000001
0.796863
0.795186
0.7942819999999999
0.7967489999999999
0.8005220000000001
0.803179
0.80482
0.805601
0.805566
0.8045979999999999
0.8024439999999999
0.801766
0.803068
0.803575
0.802766
0.801643
0.803511
0.807404
0.809999
0.811346
0.8115359999999999
0.8105220000000001
0.808321
0.804908
0.800329
0.797628
0.7974100000000001
0.796821
0.795338
0.794528
0.7970520000000001
0.801068
0.803499
0.804304
0.803664
0.801752
0.798708
0.794529
0.789262
0.785842
0.7847109999999999
0.7830699999999999
0.78064
0.779405
0.7819699999999999
0.786457
0.790036
0.792515
0.793953
0.794281
0.793207
0.790392
0.785778
0.782315
0.7806270000000001
0.778096
0.7743899999999999
0.771468
0.772254
0.7751600000000001
0.777346
0.778714
0.7795270000000001
0.779831
0.7793800000000001
0.777844
0.777561
0.778701
0.778568
0.776907
0.774814
0.775474
0.778033
0.779457
0.779976
0.779963
0.779587
0.778749
0.7772560000000001
0.7749189999999999
0.774174
0.775338
0.775828
0.775259
0.7750060000000001
0.7779739999999999
0.7826890000000001
0.78586
0.787339
0.787452
0.7863979999999999
0.7841819999999999
0.780864
0.776642
0.774386
0.7746569999999999
0.774788
0.7741899999999999
0.774458
0.7781520000000001
0.783254
0.786655
0.78842
0.7890510000000001
0.788693
0.7871560000000001
0.7841899999999999
0.782075
0.781285
0.779663
0.77704
0.7736310000000001
0.77356
0.776985
0.779841
0.781903
0.783199
0.78363
0.782953
0.780933
0.777393
0.7746609999999999
0.773292
0.771234
0.768357
0.76536
0.765966
0.76951
0.771994
0.773407
0.7740640000000001
0.7740199999999999
0.773146
0.771281
0.768346
0.7669229999999999
0.767594
0.7678520000000001
0.76713
0.766278
0.768569
0.773079
0.77646
0.778838
0.780486
0.781415
0.781401
0.78
0.779278
0.779728
0.77923
0.777539
0.774821
0.774904
0.778558
0.782069
0.784687
0.7864300000000001
0.787307
0.7872779999999999
0.786133
0.783573
0.7819689999999999
0.7820020000000001
0.781532
0.780265
0.7783140000000001
0.7794760000000001
0.783401
0.7859149999999999
0.787221
0.787742
0.787625
0.786887
0.78538
0.783007
0.782262
0.7835529999999999
0.7843760000000001
0.784292
0.783354
0.785413
0.7902939999999999
0.7938069999999999
0.7958890000000001
0.796774
0.796574
0.7952170000000001
0.792377
0.7879390000000001
0.784558
0.782979
0.7811359999999999
0.778878
0.7762439999999999
0.777324
0.7821060000000001
0.786012
0.788662
0.79013
0.790373
0.789139
0.786233
0.781814
0.778615
0.777233
0.775371
0.772684
0.76974
0.770388
0.774356
0.777824
0.7806350000000001
0.782948
0.78469
0.78555
0.785131
0.783116
0.781887
0.782051
0.781463
0.7798069999999999
0.7776069999999999
0.778734
0.782825
0.78599
0.788161
0.789489
0.78989
0.789292
0.787675
0.787363
0.788832
0.789876
0.7901020000000001
0.789337
0.790459
0.7944899999999999
0.798196
0.800335
0.801072
0.8005439999999999
0.798822
0.7961060000000001
0.792469
0.790235
0.79
0.7896270000000001
0.7887069999999999
0.787173
0.788383
0.792884
0.79696
0.799866
0.8017479999999999
0.802509
0.801945
0.79991
0.796438
0.794099
0.7936
0.79276
0.791251
0.789197
0.790039
0.794329
0.79832
0.8011
0.802697
0.803233
0.802825
0.801299
0.7984399999999999
0.796679
0.796575
0.795876
0.794255
0.791705
0.791737
0.795127
0.798261
0.800312
0.801381
0.8016
0.800902
0.7989649999999999
0.795636
0.793561
0.793331
0.792617
0.791142
0.788852
0.789854
0.79435
0.797971
0.800423
0.801814
0.8021699999999999
0.801419
0.799442
0.796177
0.794104
0.793848
0.793334
0.792276
0.790416
0.7916920000000001
0.796204
0.799608
0.801816
0.803154
0.80366
0.803198
0.80167
0.799026
0.797671
0.798026
0.797657
0.796097
0.793367
0.7937350000000001
0.7974600000000001
0.8002279999999999
0.801912
0.802805
0.80293
0.802246
0.80065
0.7980430000000001
0.796987
0.798035
0.798678
0.7983359999999999
0.7968810000000001
0.798437
0.802996
0.806125
0.8078029999999999
0.808321
0.807817
0.806379
0.803896
0.800321
0.798425
0.798856
0.799094
0.798602
0.797242
0.799034
0.804052
0.807859
0.810085
0.810876
0.810475
0.808929
0.806001
0.801574
0.798319
0.796964
0.795355
0.793258
0.790702
0.791682
0.796199
0.799908
0.8024479999999999
0.803821
0.803982
0.802786
0.800132
0.798461
0.798289
0.7973680000000001
0.795497
0.79279
0.791887
0.79423
0.7971630000000001
0.799234
0.800582
0.801377
0.8015399999999999
0.800841
0.7990689999999999
0.798399
0.799164
0.799145
0.798148
0.796198
0.79619
0.7992279999999999
0.802108
0.8036300000000001
0.804213
0.804195
0.803535
0.8021020000000001
0.799833
0.799107
0.800372
0.801248
0.801198
0.8001010000000001
0.801501
0.80602
0.809778
0.8119609999999999
0.81289
0.812871
0.812024
0.81023
0.807241
0.805389
0.8053170000000001
0.804852
0.803553
0.801293
0.801535
0.804945
0.8078810000000001
0.809725
0.810666
0.810713
0.809801
0.807686
0.804138
0.80169
0.8010430000000001
0.8000010000000001
0.798276
0.7958310000000001
0.796305
0.80006
0.8031699999999999
0.80516
0.806253
0.806643
0.8063020000000001
0.80493
0.802333
0.801029
0.8016220000000001
0.8018890000000001
0.801483
0.8002229999999999
0.8016310000000001
0.806226
0.8101729999999999
0.8129029999999999
0.814604
0.815311
0.814821
0.812947
0.80981
0.808041
0.8081689999999999
0.807894
0.806817
0.804847
0.805882
0.8104859999999999
0.8146140000000001
0.817701
0.8198850000000001
0.821081
0.8210219999999999
0.819443
0.816246
0.813978
0.8133050000000001
0.8120649999999999
0.8099029999999999
0.806736
0.806678
0.8102239999999999
0.813227
0.815346
0.8167770000000001
0.8174560000000001
0.817238
0.815912
0.813283
0.8117880000000001
0.811897
0.8111189999999999
0.809036
0.805786
0.8054859999999999
0.808535
0.810796
0.811916
0.812153
0.811669
0.810499
0.8084680000000001
0.8054060000000001
0.803852
0.804322
0.804308
0.8033140000000001
0.8012319999999999
0.80218
0.806307
0.809298
0.8109350000000001
0.811326
0.81061
0.808824
0.8059069999999999
0.80196
0.799712
0.7997350000000001
0.799613
0.79896
0.798024
0.8005680000000001
0.806172
0.810547
0.813467
0.815209
0.815859
0.815226
0.813092
0.809447
0.807052
0.806625
0.805836
0.804329
0.802614
0.804563
0.809721
0.813928
0.816918
0.818778
0.819426
0.818724
0.8166260000000001
0.813078
0.810717
0.810181
0.809038
0.806934
0.804545
0.805757
0.810041
0.813357
0.815561
0.816792
0.817033
0.816186
0.814077
0.810537
0.808248
0.80794
0.807133
0.8053319999999999
0.803086
0.80416
0.808034
0.810825
0.812471
0.8131189999999999
0.812841
0.8115899999999999
0.80918
0.805495
0.803183
0.8027529999999999
0.80173
0.799886
0.797938
0.799395
0.8034939999999999
0.806371
0.8079810000000001
0.808603
0.808345
0.807076
0.804593
0.800896
0.798759
0.798701
0.798115
0.796532
0.794847
0.796451
0.800493
0.803381
0.804959
0.8054979999999999
0.805108
0.803707
0.801221
0.8001659999999999
0.80106
0.801525
0.801208
0.800014
0.8015680000000001
0.8062060000000001
0.809921
0.81219
0.813288
0.813383
0.8123859999999999
0.810182
0.806759
0.8047270000000001
0.804796
0.804764
0.804267
0.8031659999999999
0.80537
0.810875
0.8151649999999999
0.817851
0.81913
0.8190729999999999
0.8176829999999999
0.815072
0.8113670000000001
0.809197
0.809154
0.808822
0.807812
0.806234
0.808181
0.813505
0.8177840000000001
0.820897
0.823049
0.8242430000000001
0.8242889999999999
0.8228489999999999
0.8196690000000001
0.817366
0.816706
0.8153560000000001
0.81289
0.8093739999999999
0.809057
0.812258
0.814788
0.816431
0.817349
0.8175979999999999
0.817028
0.8153130000000001
0.812243
0.810422
0.810333
0.809491
0.807608
0.8048770000000001
0.805186
0.808368
0.8103600000000001
0.811239
0.811375
0.8109430000000001
0.8098920000000001
0.8080229999999999
0.805258
0.8042239999999999
0.805348
0.806005
0.805643
0.804392
0.806139
0.810753
0.814133
0.8161069999999999
0.8169420000000001
0.816715
0.815369
0.8129109999999999
0.809443
0.807719
0.8083199999999999
0.808704
0.808347
0.807553
0.810068
0.815371
0.819258
0.8216049999999999
0.822765
0.822807
0.821608
0.819091
0.81519
0.81265
0.81221
0.811351
0.8095680000000001
0.807565
0.8091430000000001
0.813703
0.817298
0.819729
0.821068
0.8213309999999999
0.820551
0.8185680000000001
0.815114
0.812796
0.812247
0.811044
0.8089069999999999
0.8065140000000001
0.8076369999999999
0.811713
0.814792
0.816734
0.817615
0.817433
0.816118
0.813497
0.809533
0.807049
0.8065979999999999
0.805569
0.8035869999999999
0.801341
0.802512
0.806528
0.809545
0.811438
0.812415
0.812541
0.811656
0.809505
0.80599
0.803809
0.803417
0.8022739999999999
0.80019
0.798327
0.80005
0.804329
0.8075060000000001
0.80945
0.8104859999999999
0.8107
0.809902
0.807884
0.804549
0.802647
0.802725
0.8021199999999999
0.800311
0.7986489999999999
0.800475
0.804508
0.80725
0.8085600000000001
0.808762
0.808088
0.806569
0.804068
0.800377
0.7982229999999999
0.798243
0.7977770000000001
0.796283
0.795279
0.797609
0.801566
0.804085
0.805277
0.805351
0.804301
0.802124
0.7987489999999999
0.7967069999999999
0.796614
0.796175
0.7951600000000001
0.7938390000000001
0.7961020000000001
0.801612
0.805988
0.80894
0.810541
0.810746
0.809541
0.806998
0.8030689999999999
0.800277
0.799315
0.7979310000000001
0.795888
0.793713
0.7953520000000001
0.8002779999999999
0.804129
0.806754
0.808404
0.809174
0.808896
0.8072239999999999
0.8040609999999999
0.802243
0.802367
0.801783
0.80003
0.797945
0.799285
0.803412
0.806525
0.8085319999999999
0.8096869999999999
0.810179
0.80989
0.8106260000000001
0.812504
0.813327
0.812836
0.811243
0.810038
0.811653
0.814682
0.81655
0.817233
0.81687
0.815642
0.815426
0.816567
0.817274
0.817234
0.816559
0.81539
0.8153189999999999
0.818299
0.822351
0.824901
0.8259860000000001
0.8259200000000001
0.824953
0.824836
0.825875
0.826615
0.8270879999999999
0.8274819999999999
0.8277760000000001
0.828003
0.8313520000000001
0.837433
0.8423309999999999
0.8457049999999999
0.847715
0.848716
0.849174
0.8507100000000001
0.8532700000000001
0.855058
0.8558690000000001
0.855987
0.855672
0.854873
0.856721
0.861072
0.8643780000000001
0.8666780000000001
0.8682209999999999
0.86916
0.8694290000000001
0.8702979999999999
0.8718549999999999
0.872576
0.872244
0.870976
0.869017
0.867015
0.8676290000000001
0.8701270000000001
0.8716889999999999
0.872635
0.8734069999999999
0.874084
0.874233
0.875036
0.8766860000000001
0.877574
0.8775649999999999
0.8769889999999999
0.8759610000000001
0.8748540000000001
0.8762639999999999
0.879576
0.882008
0.8838219999999999
0.8854219999999999
0.886762
0.888827
0.891552
0.893595
0.8949790000000001
0.895957
0.896576
0.896489
0.8961969999999999
0.898216
0.901833
0.904576
0.906632
0.9082110000000001
0.909183
0.9107200000000001
0.9131309999999999
0.9152879999999999
0.917163
0.918898
0.9203379999999999
0.920924
0.920659
0.922475
0.926184
0.929127
0.9316190000000001
0.933733
0.9351649999999999
0.935694
0.936853
0.939003
0.940775
0.942047
0.9426770000000001
0.9423540000000001
0.9408770000000001
0.9411790000000001
0.944556
0.9483370000000001
0.951426
0.9535870000000001
0.954599
0.954292
0.954225
0.954952
0.955203
0.9546899999999999
0.9532930000000001
0.951066
0.948051
0.946442
0.9480709999999999
0.9508989999999999
0.9530649999999999
0.954198
0.9540629999999999
0.9525440000000001
0.951349
0.951177
0.9506899999999999
0.9494809999999999
0.947441
0.944581
0.9409420000000001
0.938981
0.940693
0.94385
0.946466
0.948348
0.94944
0.95101
0.953326
0.9551280000000001
0.956247
0.956725
0.956521
0.955567
0.953886
0.954845
0.9589629999999999
0.962786
0.965735
0.9678829999999999
0.969239
0.971202
0.974224
0.9770059999999999
0.9790639999999999
0.980211
0.9803729999999999
0.97956
0.977881
0.9786799999999999
0.9825530000000001
0.986158
0.988828
0.990547
0.991418
0.991597
0.992718
0.9949620000000001
0.9966430000000001
0.997476
0.997497
0.996778
0.995326
0.995715
0.999358
1.003559
1.006702
1.0086899999999999
1.009565
1.009261
1.009374
1.010393
1.010851
1.010483
1.009412
1.0078559999999999
1.005762
1.004561
1.0061719999999998
1.008739
1.010059
1.010293
1.009609
1.007948
1.00684
1.006609
1.005734
1.004094
1.0020200000000001
0.9996700000000001
0.996899
0.9950690000000001
0.9964360000000001
0.9993700000000001
1.001362
1.002412
1.002545
1.001657
1.001396
1.002171
1.0025389999999998
1.0024440000000001
1.002011
1.001177
0.999748
0.9991530000000001
1.001563
1.005392
1.008421
1.010667
1.012075
1.012497
1.013434
1.0152299999999999
1.016546
1.017301
1.0174530000000002
1.01686
1.015375
1.014401
1.016217
1.019492
1.022034
1.023763
1.024585
1.0243520000000002
1.024707
1.026011
1.026721
1.026657
1.025882
1.024521
1.0224739999999999
1.021531
1.02355
1.0265469999999999
1.028498
1.02932
1.029153
1.02806
1.0260040000000001
1.02511
1.0259850000000001
1.0267
1.026757
1.02596
1.024171
1.02165
1.0222149999999999
1.025666
1.028094
1.029457
1.029863
1.029228
1.027595
1.02714
1.0282850000000001
1.028965
1.0287899999999999
1.0277459999999998
1.02576
1.0227629999999999
1.02251
1.025323
1.02738
1.028327
1.0281879999999999
1.027025
1.0248700000000002
1.0236450000000001
1.02381
1.0236969999999999
1.023089
1.021893
1.020058
1.0175299999999998
1.0179639999999999
1.021406
1.0238040000000002
1.024972
1.02526
1.024853
1.023687
1.023665
1.025185
1.0262440000000002
1.026442
1.02591
1.024783
1.022937
1.02413
1.0284440000000001
1.031816
1.034023
1.035131
1.035173
1.0341049999999998
1.033915
1.035009
1.03549
1.035169
1.0341639999999999
1.032402
1.029709
1.030051
1.033613
1.0362280000000001
1.03777
1.038498
1.038391
1.037208
1.036836
1.037639
1.037655
1.036705
1.034925
1.032284
1.028858
1.0283879999999999
1.030757
1.032165
1.032776
1.0328190000000002
1.032217
1.030794
1.030386
1.031228
1.031304
1.03034
1.0284520000000001
1.025744
1.022377
1.021987
1.024365
1.0256969999999999
1.026001
1.025482
1.024257
1.0222360000000001
1.021274
1.021799
1.022003
1.0216
1.020491
1.018509
1.015837
1.015957
1.018676
1.020463
1.02132
1.0214370000000002
1.020781
1.019097
1.018329
1.01908
1.0195239999999999
1.019363
1.018627
1.0172290000000002
1.015906
1.017631
1.021476
1.024225
1.025852
1.026569
1.0263010000000001
1.02478
1.024103
1.024802
1.0248700000000002
1.024078
1.022592
1.020386
1.0186
1.02004
1.023458
1.02591
1.027325
1.027695
1.026909
1.024931
1.02394
1.024345
1.0240559999999999
1.0228270000000002
1.020681
1.017575
1.0150290000000002
1.015871
1.018657
1.020551
1.0215670000000001
1.021727
1.020813
1.018591
1.0171290000000002
1.016979
1.016319
1.014912
1.01273
1.009783
1.007542
1.0085309999999998
1.011223
1.0130569999999999
1.014086
1.0143
1.013644
1.011982
1.011327
1.0120719999999999
1.012149
1.011317
1.009738
1.007422
1.006049
1.0079200000000001
1.011272
1.013659
1.015072
1.015725
1.0156020000000001
1.014383
1.014109
1.015321
1.015936
1.0155530000000002
1.014168
1.01173
1.0104790000000001
1.012472
1.015428
1.017298
1.01816
1.01807
1.016868
1.014442
1.013249
1.013876
1.014099
1.013636
1.012519
1.0105309999999998
1.010016
1.012501
1.015244
1.016567
1.01674
1.015939
1.0140770000000001
1.0131430000000001
1.013509
1.013218
1.012126
1.010476
1.008289
1.0058639999999999
1.00674
1.010429
1.013033
1.014407
1.014638
1.013587
1.011132
1.00935
1.008742
1.0075049999999999
1.005578
1.003139
1.000138
0.9971629999999999
0.997533
1.000526
1.002645
1.0039129999999998
1.004451
1.004186
1.0029780000000001
1.002722
1.003803
1.004413
1.004324
1.003399
1.00147
0.999859
1.001163
1.004035
1.0060149999999999
1.007292
1.0079
1.007703
1.006497
1.0062309999999999
1.007284
1.007644
1.006979
1.005365
1.00295
1.0014120000000002
1.002908
1.005667
1.007307
1.007734
1.007016
1.005293
1.002492
1.000812
1.0009299999999999
1.000851
1.000183
0.9988229999999999
0.996607
0.995808
0.9979979999999999
1.000772
1.00251
1.003272
1.0032
1.0021799999999998
0.9998950000000001
0.998598
0.999007
0.999027
0.99828
0.996856
0.994692
0.993933
0.996338
0.999505
1.001566
1.002685
1.002944
1.002098
0.9999030000000001
0.998655
0.998949
0.998765
0.997973
0.9965930000000001
0.9943299999999999
0.993309
0.99545
0.998395
1.000143
1.000777
1.000375
0.998899
0.998467
0.999532
1.000129
0.9999950000000001
0.99913
0.997339
0.994978
0.995718
0.999238
1.001891
1.003687
1.004734
1.00482
1.003724
1.0033459999999998
1.004003
1.003853
1.002912
1.001375
0.999192
0.9969299999999999
0.997792
1.001001
1.0031379999999999
1.004335
1.0046959999999998
1.004152
1.0027190000000001
1.002457
1.0037129999999999
1.004475
1.004343
1.003098
1.000625
0.998237
0.998699
1.0007409999999999
1.001676
1.001671
1.000858
0.999296
0.996956
0.9957719999999999
0.996115
0.996042
0.995174
0.993399
0.99067
0.988384
0.9890450000000001
0.991317
0.9926459999999999
0.992871
0.9919959999999999
0.990066
0.9869450000000001
0.9847469999999999
0.984226
0.9835659999999999
0.982433
0.9808180000000001
0.97867
0.977925
0.9803270000000001
0.9836290000000001
0.985749
0.986728
0.986843
0.9860959999999999
0.9862770000000001
0.98775
0.9886459999999999
0.9885809999999999
0.9876149999999999
0.986009
0.983977
0.9850909999999999
0.989273
0.992749
0.99536
0.997134
0.9980040000000001
0.997727
0.9980709999999999
0.9995350000000001
1.0003520000000001
1.000261
0.9994370000000001
0.9979
0.9956709999999999
0.996323
0.999757
1.002178
1.003528
1.004133
1.004099
1.00322
1.001258
1.0004520000000001
1.001197
1.0012459999999999
1.000351
0.998468
0.9953549999999999
0.993993
0.995749
0.9976
0.998459
0.998647
0.998151
0.9966729999999999
0.9960540000000001
0.996607
0.9963209999999999
0.9949379999999999
0.992533
0.9891399999999999
0.985426
0.9849620000000001
0.987189
0.98844
0.9886729999999999
0.9879370000000001
0.986108
0.9831790000000001
0.981102
0.9802559999999999
0.978925
0.977049
0.97469
0.971684
0.9688329999999999
0.96898
0.9711420000000001
0.972453
0.9730190000000001
0.9729270000000001
0.972234
0.972826
0.9748479999999999
0.9763959999999999
0.97741
0.977978
0.9779610000000001
0.977248
0.979259
0.984131
0.988108
0.9908870000000001
0.992599
0.993276
0.9929969999999999
0.991647
0.991131
0.9920370000000001
0.992582
0.9924370000000001
0.991643
0.990175
0.989669
0.9922
0.9959180000000001
0.998541
1.000017
1.000402
0.999532
0.997042
0.995201
0.994815
0.993812
0.991793
0.988843
0.984975
0.9828549999999999
0.98408
0.9861040000000001
0.98749
0.988252
0.9883190000000001
0.98731
0.9867530000000001
0.9868979999999999
0.985926
0.9837290000000001
0.9807
0.9770200000000001
0.972514
0.9709260000000001
0.972578
0.973562
0.9736319999999999
0.97301
0.9717450000000001
0.969658
0.9685040000000001
0.9687870000000001
0.9688610000000001
0.968461
0.9675450000000001
0.9658559999999999
0.9634659999999999
0.9638979999999999
0.966908
0.968894
0.969981
0.9704139999999999
0.9701110000000001
0.9707879999999999
0.972936
0.9749540000000001
0.976535
0.977685
0.9783440000000001
0.9782620000000001
0.979859
0.98415
0.988318
0.99124
0.993181
0.994174
0.994023
0.9925889999999999
0.991778
0.9920530000000001
0.991769
0.990872
0.98939
0.98714
0.985613
0.987287
0.9904950000000001
0.992635
0.993698
0.993771
0.992836
0.990698
0.989408
0.989447
0.9888030000000001
0.9871219999999999
0.984398
0.980783
0.9785280000000001
0.97954
0.981701
0.983132
0.983807
0.9835719999999999
0.982183
0.981259
0.981146
0.9803569999999999
0.978857
0.976758
0.974118
0.970826
0.969678
0.971518
0.973406
0.9744149999999999
0.9745010000000001
0.9737370000000001
0.972141
0.971399
0.9719030000000001
0.972108
0.971778
0.970902
0.96951
0.967411
0.968002
0.9716600000000001
0.974727
0.976859
0.978226
0.9789540000000001
0.978964
0.980001
0.982457
0.984498
0.9856959999999999
0.986001
0.985358
0.983943
0.985466
0.9898370000000001
0.993266
0.995604
0.996992
0.9973690000000001
0.996539
0.996442
0.997616
0.99823
0.9979540000000001
0.9968290000000001
0.994799
0.992044
0.992031
0.9944200000000001
0.9955700000000001
0.9956280000000001
0.9948389999999999
0.993157
0.990481
0.988765
0.9883860000000001
0.9874569999999999
0.985864
0.9837440000000001
0.9810180000000001
0.9785020000000001
0.979224
0.982234
0.9842569999999999
0.98518
0.9850200000000001
0.9837370000000001
0.9831290000000001
0.9835459999999999
0.9833649999999999
0.982543
0.981247
0.979447
0.977086
0.9762059999999999
0.9784120000000001
0.981474
0.9836239999999999
0.9849100000000001
0.9853219999999999
0.984786
0.984865
0.9858879999999999
0.9864459999999999
0.986392
0.98565
0.984109
0.981658
0.980549
0.9822879999999999
0.984722
0.986561
0.9878600000000001
0.9886370000000001
0.988809
0.989979
0.992289
0.9939180000000001
0.994552
0.994224
0.99308
0.991067
0.9914
0.994727
0.9976729999999999
0.9995799999999999
1.000535
1.000673
0.9999370000000001
1.000014
1.001347
1.002317
1.0026190000000001
1.0021870000000002
1.000926
0.998553
0.998123
1.0005389999999998
1.002609
1.003577
1.003614
1.002745
1.00075
0.999424
0.9993489999999999
0.99887
0.997711
0.9959600000000001
0.993609
0.990449
0.9899180000000001
0.9924950000000001
0.9945930000000001
0.995859
0.996396
0.996008
0.994426
0.993458
0.993591
0.9932049999999999
0.992268
0.990935
0.989052
0.9863620000000001
0.9862559999999999
0.989301
0.9919020000000001
0.9934790000000001
0.9940969999999999
0.993777
0.992576
0.9923219999999999
0.993392
0.9941129999999999
0.994168
0.9933790000000001
0.991574
0.988757
0.9886780000000001
0.991867
0.9947440000000001
0.996944
0.998402
0.998901
0.9982280000000001
0.9981459999999999
0.999084
0.9994370000000001
0.999028
0.997884
0.996072
0.9937370000000001
0.994517
0.998294
1.0012530000000002
1.003234
1.0041950000000002
1.0041
1.002916
1.0025309999999998
1.00339
1.003668
1.0030649999999999
1.001686
0.9995360000000001
0.99674
0.996833
0.999656
1.0015
1.002317
1.002397
1.001822
1.000372
0.9997879999999999
1.000469
1.00054
0.9995799999999999
0.997574
0.9945459999999999
0.9907969999999999
0.99019
0.9926209999999999
0.994223
0.9949020000000001
0.994768
0.993699
0.99329
0.993993
0.994352
0.994192
0.9936010000000001
0.992591
0.9909469999999999
0.9903190000000001
0.992391
0.9950829999999999
0.9964629999999999
0.996758
0.996208
0.99487
0.994492
0.995384
0.995849
0.9956799999999999
0.9950209999999999
0.9938819999999999
0.992041
0.991801
0.9946139999999999
0.9979690000000001
1.000357
1.001788
1.002286
1.001827
1.00211
1.003344
1.003771
1.003291
1.002094
1.000299
0.997977
0.9982049999999999
1.001601
1.004825
1.007052
1.008333
1.008553
1.0075049999999999
1.006903
1.007213
1.006956
1.006011
1.004393
1.002086
0.998892
0.997817
0.999575
1.001075
1.001814
1.001978
1.001629
1.000573
1.000364
1.0012290000000001
1.001382
1.0005389999999998
0.998768
0.9962129999999999
0.992833
0.992188
0.994785
0.9969709999999999
0.998287
0.9988030000000001
0.998524
0.9972719999999999
0.996758
0.997495
0.997914
0.997812
0.9972059999999999
0.99593
0.99369
0.994031
0.997401
1.000049
1.001543
1.002073
1.001685
1.000298
0.9998799999999999
1.0009860000000002
1.001795
1.0019049999999998
1.001255
0.9997020000000001
0.996994
0.9969540000000001
0.9999100000000001
1.002068
1.003456
1.004189
1.00407
1.002901
1.002504
1.003225
1.003254
1.0024899999999999
1.001133
0.999184
0.996778
0.997625
1.001482
1.004308
1.005894
1.006245
1.005354
1.003344
1.00227
1.002651
1.002799
1.00239
1.001239
0.9992049999999999
0.9964719999999999
0.9967219999999999
0.999758
1.0018200000000002
1.002917
1.003161
1.002504
1.002557
1.003566
1.003961
1.003543
1.002234
0.9999979999999999
0.996925
0.994958
0.9960530000000001
0.998459
1.000226
1.0011700000000001
1.0011809999999999
1.000212
0.9998959999999999
1.0004680000000001
1.000342
0.999408
0.997842
0.9958389999999999
0.993296
0.992232
0.9941530000000001
0.996713
0.998192
0.998648
0.998398
0.997612
0.998034
1.0000280000000001
1.001842
1.002982
1.00322
1.00243
1.000421
0.99998
1.0023799999999998
1.004905
1.0065790000000001
1.007581
1.007895
1.007207
1.007139
1.008119
1.008467
1.007945
1.006738
1.0049860000000002
1.002541
1.0023950000000001
1.00525
1.007771
1.0091450000000002
1.0094670000000001
1.008659
1.006553
1.0050780000000001
1.004802
1.0041010000000001
1.002947
1.001466
0.999459
0.996606
0.9964540000000001
0.999331
1.001441
1.002515
1.00274
1.002167
1.000783
1.000333
1.001068
1.001213
1.0005190000000002
0.998965
0.99651
0.9932139999999999
0.9927450000000001
0.995708
0.998584
1.0008549999999998
1.002397
1.0029489999999999
1.002257
1.002017
1.002718
1.0029219999999999
1.002533
1.001565
0.999975
0.9975379999999999
0.9976649999999999
1.000728
1.003116
1.004541
1.005116
1.0048979999999998
1.0038719999999999
1.003875
1.005277
1.006174
1.00616
1.005247
1.0033860000000001
1.00051
1.000436
1.003342
1.005426
1.006635
1.0071709999999998
1.007003
1.005822
1.005334
1.0059690000000001
1.005965
1.0050350000000001
1.003239
1.0006059999999999
0.9973360000000001
0.997293
1.0003440000000001
1.0024600000000001
1.003472
1.003448
1.002285
0.999908
0.9984569999999999
0.9986149999999999
0.9986209999999999
0.9981770000000001
0.997224
0.995502
0.993022
0.993275
0.996
0.9975510000000001
0.9981
0.997919
0.9970129999999999
0.9971040000000001
0.998417
0.9991190000000001
0.9989379999999999
0.9979899999999999
0.9963270000000001
0.9939040000000001
0.992936
0.995131
0.998207
1.0003469999999999
1.001444
1.001458
1.000398
0.999973
1.000445
1.000224
0.999316
0.9979299999999999
0.996135
0.9939100000000001
0.993748
0.9966430000000001
0.9997280000000001
1.001714
1.002685
1.002688
1.001694
1.001479
1.002449
1.003012
1.002923
1.002094
1.0004950000000001
0.9979899999999999
0.997618
1.0001280000000001
1.002494
1.0042229999999999
1.005448
1.0061360000000001
1.0060069999999999
1.006516
1.007823
1.008153
1.007284
1.005401
1.002787
0.9994559999999999
0.998655
1.001067
1.003226
1.0043440000000001
1.004489
1.003749
1.0020040000000001
1.001032
1.001387
1.001462
1.001
0.9999469999999999
0.9980899999999999
0.995128
0.994872
0.997574
0.999281
0.999909
0.999777
0.9989530000000001
0.9972979999999999
0.996704
0.997617
0.998142
0.997914
0.9969709999999999
0.99524
0.992491
0.992563
0.995711
0.998042
0.999541
1.0002790000000001
1.000057
0.998699
0.998026
0.9984620000000001
0.998351
0.997674
0.996627
0.995123
0.9930459999999999
0.9941200000000001
0.9981979999999999
1.001164
1.00289
1.003464
1.0029059999999999
1.001328
1.000752
1.001632
1.002182
1.002025
1.000977
0.998928
0.996267
0.996642
0.9998049999999999
1.002194
1.003819
1.004697
1.004659
1.0034399999999999
1.002853
1.0034239999999999
1.0033940000000001
1.002433
1.0005620000000002
0.9978899999999999
0.994924
0.995123
0.9981530000000001
1.00042
1.001651
1.0018040000000001
1.000861
1.000556
1.001199
1.001198
1.000407
0.998916
0.9968389999999999
0.994099
0.9925870000000001
0.993942
0.996029
0.997029
0.9969959999999999
0.996224
0.994871
0.994604
0.995715
0.9965149999999999
0.9966139999999999
0.995886
0.9942780000000001
0.991643
0.990475
0.99235
0.994834
0.9965370000000001
0.997547
0.997871
0.9972850000000001
0.997467
0.9988670000000001
0.9998299999999999
1.000099
0.999783
0.998949
0.99739
0.998091
1.001608
1.004579
1.006384
1.007203
1.007
1.005634
1.004977
1.005506
1.005523
1.004913
1.003776
1.001959
0.999185
0.9988610000000001
1.001526
1.00358
1.0045389999999998
1.004548
1.003634
1.001741
1.000642
1.000658
1.000058
0.9986649999999999
0.996511
0.993599
0.9900760000000001
0.989907
0.9931270000000001
0.995764
0.997684
0.998825
0.9989549999999999
0.9978469999999999
0.99726
0.9976889999999999
0.9976440000000001
0.9970319999999999
0.9958790000000001
0.9941270000000001
0.991517
0.9916360000000001
0.9947290000000001
0.997049
0.998492
0.999186
0.999183
0.998418
0.9986219999999999
1.044111
1.128118
1.1640270000000001
1.1619680000000001
1.204383
1.279922
1.310035
1.3098459999999998
1.3540969999999999
1.4264270000000001
1.454801
1.453051
1.489787
1.550545
1.569568
1.5617379999999998
1.58999
1.639057
1.649011
1.635532
1.655787
1.693958
1.700916
1.6934919999999998
1.71905
1.761469
1.770519
1.763257
1.79273
1.841272
1.8577860000000002
1.8586029999999998
1.887198
1.926897
1.9362240000000002
1.93182
1.953153
1.9837740000000001
1.986529
1.9781799999999998
1.998404
2.031373
2.038857
2.036406
2.0566169999999997
2.083041
2.084306
2.076629
2.090071
2.1108990000000003
2.1131029999999997
2.110573
2.12787
2.14912
2.148663
2.141738
2.152289
2.165032
2.160625
2.154992
2.1673009999999997
2.183031
2.1814259999999996
2.176573
2.188116
2.201737
2.198105
2.193257
2.2075240000000003
2.224679
2.225435
2.2234979999999998
2.23485
2.2463319999999998
2.2430630000000003
2.2377689999999997
2.244062
2.2534549999999998
2.253124
2.2511200000000002
2.260123
2.26838
2.263589
2.257479
2.261641
2.265927
2.262362
2.259957
2.265228
2.267433
2.2570900000000003
2.245102
2.241078
2.2349
2.21779
2.203798
2.2016299999999998
2.19727
2.182442
2.166825
2.157835
2.146481
2.126271
2.107863
2.101234
2.095847
2.081844
2.067775
2.058989
2.046924
2.026732
2.006929
1.996368
1.98744
1.9717209999999998
1.957037
1.9478529999999998
1.936318
1.918496
1.902018
1.891282
1.882075
1.869723
1.8575709999999999
1.8487259999999999
1.8362310000000002
1.8206380000000002
1.809416
1.802059
1.7916310000000002
1.7755189999999998
1.760073
1.747882
1.732932
1.7128759999999998
1.696824
1.68728
1.674953
1.6573639999999998
1.640089
1.624725
1.6099729999999999
1.59507
1.581325
1.5697219999999998
1.555402
1.537042
1.519563
1.5089299999999999
1.5004680000000001
1.4881
1.476294
1.466176
1.453034
1.435905
1.4192870000000002
1.408433
1.3994520000000001
1.3870799999999999
1.3752879999999998
1.364974
1.353596
1.343895
1.337898
1.332284
1.323044
1.309715
1.296065
1.282701
1.266181
1.246156
1.2306700000000002
1.2206290000000002
1.20804
1.192129
1.177477
1.168159
1.159308
1.146536
1.133185
1.1193790000000001
1.102299
1.082597
1.063501
1.0446090000000001
1.027777
1.013736
1.000108
0.9871260000000001
0.977066
0.9686520000000001
0.9592709999999999
0.949168
0.936149
0.9202799999999999
0.904299
0.8885270000000001
0.870539
0.8501040000000001
0.834405
0.8240790000000001
0.811802
0.80187
0.7974640000000001
0.7929350000000001
0.784958
0.774008
0.761908
0.748552
0.732735
0.7151270000000001
0.697327
0.683999
0.674233
0.6652859999999999
0.6620229999999999
0.661533
0.657643
0.650838
0.642708
0.632739
0.6198560000000001
0.60506
0.589839
0.573596
0.5551689999999999
0.540767
0.532126
0.529363
0.530857
0.5303220000000001
0.528212
0.523945
0.516475
0.5066890000000001
0.49595200000000006
0.48379799999999995
0.46926
0.452978
0.441812
0.43806999999999996
0.43946199999999996
0.443234
0.44512799999999997
0.444352
0.44007299999999994
0.43317700000000003
0.42495900000000003
0.41501899999999997
0.402522
0.388127
0.372703
0.355536
0.341776
0.337484
0.339611
0.341638
0.340273
0.336135
0.329925
0.32166500000000003
0.311402
0.299691
0.286877
0.272571
0.256335
0.244562
0.245135
0.251526
0.25524600000000003
0.256319
0.254961
0.250683
0.24408400000000002
0.236302
0.227273
0.21628000000000003
0.203556
0.189743
0.18137999999999999
0.185221
0.194022
0.2004
0.20436500000000002
0.20504
0.20233199999999998
0.197668
0.191609
0.18325
0.17252
0.160639
0.155593
0.16332
0.175353
0.185254
0.193381
0.19826
0.199237
0.198015
0.195433
0.190149
0.181763
0.171963
0.161461
0.14893599999999999
0.142362
0.14999300000000002
0.163161
0.173085
0.179626
0.18370899999999998
0.185333
0.184111
0.180488
0.175277
0.168466
0.159577
0.148752
0.144848
0.154501
0.168126
0.178516
0.186496
0.191644
0.193287
0.192544
0.19058699999999998
0.18675799999999998
0.180267
0.17190999999999998
0.162432
0.15901700000000002
0.168011
0.181558
0.19280799999999998
0.20136400000000002
0.20630900000000002
0.208128
0.20839699999999997
0.20718899999999998
0.203471
0.197596
0.190806
0.18285
0.172541
0.167956
0.17748599999999998
0.192305
0.203457
0.211585
0.21750999999999998
0.220677
0.22104899999999997
0.21980100000000002
0.21753000000000003
0.213585
0.20767
0.200444
0.19203199999999998
0.18868900000000002
0.197745
0.21211799999999997
0.223832
0.23263899999999998
0.238242
0.24098200000000003
0.24189499999999997
0.24123000000000003
0.23847600000000002
0.23377199999999998
0.22778800000000002
0.220358
0.217115
0.226372
0.241866
0.25474600000000003
0.264714
0.271706
0.275885
0.277893
0.278023
0.276053
0.272071
0.266549
0.25953000000000004
0.250607
0.246207
0.254658
0.269452
0.28173400000000004
0.29134899999999997
0.298551
0.302927
0.304832
0.30515
0.303958
0.300762
0.295671
0.28913
0.280875
0.276654
0.283697
0.296888
0.308587
0.31753200000000004
0.323913
0.32792
0.330007
0.330466
0.32914299999999996
0.325886
0.320774
0.313724
0.30440900000000004
0.298996
0.304311
0.315601
0.325912
0.333884
0.339764
0.34336700000000003
0.345007
0.345263
0.344019
0.340773
0.335516
0.328475
0.31938099999999997
0.314114
0.3192
0.330479
0.34130900000000003
0.34973200000000004
0.355959
0.360116
0.362539
0.363508
0.362877
0.360377
0.355953
0.349509
0.34073400000000004
0.33570700000000003
0.340526
0.35134499999999996
0.362031
0.370368
0.37655700000000003
0.380513
0.382509
0.382999
0.381883
0.378727
0.373463
0.366196
0.35667600000000005
0.344602
0.33655300000000005
0.339106
0.347976
0.356631
0.363187
0.367852
0.370202
0.37041399999999997
0.369191
0.366465
0.361538
0.3543
0.345123
0.33384
0.326314
0.32909
0.33843
0.347833
0.354934
0.359784
0.36249000000000003
0.36325
0.362089
0.358783
0.35321199999999997
0.345456
0.335492
0.323216
0.315067
0.317888
0.327277
0.336404
0.343434
0.348304
0.350543
0.35031100000000004
0.34815100000000004
0.343971
0.337372
0.328574
0.31806599999999996
0.305758
0.29771
0.301172
0.31153000000000003
0.321345
0.328808
0.333878
0.336436
0.336679
0.334855
0.330866
0.32459099999999996
0.316215
0.305913
0.29989699999999997
0.30492600000000003
0.316425
0.327579
0.33670300000000003
0.343439
0.34747100000000003
0.349235
0.349039
0.346396
0.340975
0.333244
0.323579
0.311716
0.297636
0.288464
0.291875
0.301942
0.310746
0.31755300000000003
0.322281
0.32397
0.32287899999999997
0.32010900000000003
0.315583
0.308475
0.299048
0.28820500000000004
0.282198
0.287532
0.298993
0.30983
0.318806
0.325002
0.328235
0.32968200000000003
0.32963000000000003
0.326928
0.321259
0.313658
0.304381
0.292533
0.284533
0.288826
0.300245
0.310274
0.317662
0.323081
0.326096
0.326204
0.323943
0.31993499999999997
0.313894
0.305477
0.295194
0.28358
0.276848
0.282145
0.293917
0.30451
0.312701
0.317967
0.320263
0.320537
0.319233
0.315794
0.310106
0.30287
0.2942
0.28336300000000003
0.27663699999999997
0.282114
0.294216
0.30448400000000003
0.31194
0.317077
0.319587
0.319399
0.317143
0.313153
0.307079
0.2988
0.288763
0.27716599999999997
0.270109
0.275018
0.28634899999999996
0.296198
0.303438
0.307797
0.3092
0.308345
0.305717
0.30104899999999996
0.294283
0.285975
0.276323
0.264844
0.257772
0.263257
0.275289
0.285221
0.292429
0.297204
0.29925
0.29877
0.296433
0.292373
0.28625300000000004
0.27815700000000004
0.268489
0.25719000000000003
0.250255
0.25554299999999996
0.267218
0.276952
0.284033
0.28838600000000003
0.28989899999999996
0.289095
0.286448
0.2818
0.275032
0.26653000000000004
0.256502
0.244601
0.237004
0.24211100000000002
0.253589
0.26258899999999996
0.268962
0.272939
0.274258
0.273281
0.27066999999999997
0.266385
0.260017
0.25169
0.24174600000000002
0.23634499999999997
0.24318499999999998
0.25598699999999996
0.266667
0.275086
0.28078000000000003
0.283519
0.28429899999999997
0.28367800000000004
0.280911
0.27561399999999997
0.268548
0.26003699999999996
0.24930500000000003
0.24248499999999998
0.248444
0.26105900000000004
0.271124
0.27831
0.28322800000000004
0.28570999999999996
0.285736
0.2839
0.28056
0.27542
0.268262
0.259328
0.24868800000000002
0.2424
0.24836799999999998
0.260417
0.27022199999999996
0.277537
0.28225500000000003
0.284312
0.284519
0.28341500000000003
0.28052699999999997
0.275499
0.268743
0.26037899999999997
0.249754
0.242954
0.248531
0.26047600000000004
0.27000100000000005
0.276871
0.281545
0.283831
0.28389000000000003
0.28228000000000003
0.279071
0.273856
0.266561
0.257447
0.24642600000000003
0.239527
0.24490399999999998
0.25654
0.265998
0.273003
0.277553
0.279544
0.279563
0.27808299999999997
0.27478400000000003
0.269357
0.26210100000000003
0.253159
0.242067
0.228582
0.213137
0.196021
0.176953
0.155881
0.133378
0.109838
0.085051
0.058948
0.031958
0.004573
-0.016927
-0.027257999999999998
-0.02852
-0.023597
-0.015846000000000002
-0.008208
-0.002088
0.002251
0.004626
0.005019
0.004157
0.002991
0.0018239999999999999
0.000595
-0.00038700000000000003
-0.000759
-0.0007379999999999999
-0.000733
-0.000681
-0.00037400000000000004
-2.7000000000000002e-05
5.2000000000000004e-05
1e-05
0.00011399999999999999
0.000229
0.0014789999999999998
0.0035340000000000002
0.004266
0.0035060000000000004
0.002062
0.000654
-0.000297
-0.000704
-0.000857
-0.000897
-0.000709
-0.00035299999999999996
-0.000106
-3.4e-05
6.7e-05
0.000212
0.000213
8.3e-05
2.6000000000000002e-05
6.9e-05
4.4e-05
-5.5e-05
-5.9999999999999995e-05
2.6000000000000002e-05
2.9999999999999997e-05
-4.7e-05
-4.4e-05
3.5e-05
3.5e-05
-3.6e-05
-3.3e-05
3.5e-05
2.8000000000000003e-05
-3.9e-05
-3.5e-05
2.8000000000000003e-05
2.4e-05
-3.2e-05
-2.2e-05
4e-05
3.4e-05
-2.5e-05
-2.1e-05
3.3e-05
2.6000000000000002e-05
-2.7000000000000002e-05
-2.3e-05
2.4e-05
1.4000000000000001e-05
-3.5e-05
-2.8000000000000003e-05
1.7e-05
1.1e-05
-2.8000000000000003e-05
-1.4999999999999999e-05
3.3e-05
0.000926
0.0023120000000000003
0.002668
0.002104
0.0012519999999999999
0.00040300000000000004
-0.000225
-0.000489
-0.000534
-0.000534
-0.000454
-0.000246
-5.2000000000000004e-05
9e-06
0.000314
0.00065
0.000591
0.000376
0.000156
2.8999999999999997e-05
-3.8e-05
-0.00011100000000000001
-0.00015
-0.00010700000000000001
-4.7e-05
-3.7e-05
-3.8e-05
1e-06
3.4e-05
1.4999999999999999e-05
-8e-06
1e-05
2.9999999999999997e-05
1.1e-05
-8e-06
7.000000000000001e-06
2.2e-05
3e-06
-1.7e-05
-3e-06
1.2e-05
-5e-06
-2.3e-05
-1e-05
4e-06
-8e-06
-1.7e-05
0.0
1.7e-05
1.2e-05
7.000000000000001e-06
1.4999999999999999e-05
1.6e-05
0.0
-9e-06
-1e-06
2e-06
-8e-06
-1.4000000000000001e-05
-4e-06
1e-06
-7.000000000000001e-06
-1.1e-05
-1e-06
4e-06
-1e-06
2e-06
1.3000000000000001e-05
1.1e-05
-1e-06
1e-06
1e-05
6e-06
-6e-06
-7.000000000000001e-06
0.0
-3e-06
-1.3000000000000001e-05
-1.3000000000000001e-05
-5e-06
-3e-06
-7.000000000000001e-06
-0.0
1.4999999999999999e-05
1.8e-05
8e-06
6e-06
1.1e-05
5e-06
-8e-06
-1.1e-05
-4e-06
-5e-06
-1.3000000000000001e-05
-1.2e-05
-3e-06
1e-06
-3e-06
2e-06
1.6e-05
2.1e-05
9e-06
-1e-06
2e-06
3e-06
-6e-06
-9e-06
-1e-06
2e-06
-6e-06
-1.1e-05
-5e-06
-2e-06
-6e-06
-7.000000000000001e-06
1e-06
1e-05
9e-06
3e-06
5e-06
1.1e-05
8e-06
-0.0
-1e-06
0.0
-1e-06
-4e-06
-5e-06
-2e-06
-5e-06
-8e-06
-2e-06
1.2e-05
1.9e-05
1.1e-05
5e-06
8e-06
8e-06
-4e-06
-1.2e-05
-7.000000000000001e-06
-4e-06
-9e-06
-1.1e-05
-4e-06
-0.0
-5e-06
-5e-06
4e-06
1.3000000000000001e-05
1e-05
2e-06
3e-06
8e-06
4e-06
-4e-06
-2e-06
5e-06
1e-06
-8e-06
-8e-06
-5e-06
-8e-06
-1.2e-05
-6e-06
4e-06
9e-06
0.000147
0.000256
0.000193
0.000126
5.5e-05
-8e-06
-4.2e-05
-4.9e-05
-5.1e-05
-5e-05
-3.7e-05
-1.4999999999999999e-05
-3e-06
1e-06
1e-05
2.4e-05
2.8000000000000003e-05
1.6e-05
5e-06
5e-06
3e-06
-8e-06
-1.1e-05
-4e-06
-1e-06
-7.000000000000001e-06
-8e-06
-1e-06
-1e-06
-7.000000000000001e-06
-7.000000000000001e-06
2e-06
9e-06
7.000000000000001e-06
2e-06
4e-06
9e-06
6e-06
1e-06
1e-06
2e-06
-4e-06
-1e-05
-1e-05
-9e-06
-1.1e-05
-1.1e-05
-3e-06
5e-06
1e-05
1.3000000000000001e-05
1.4000000000000001e-05
1.2e-05
8e-06
1e-06
-4e-06
-7.000000000000001e-06
-8e-06
-9e-06
-8e-06
-7.000000000000001e-06
-6e-06
-3e-06
1e-06
5e-06
1.2e-05
1.7e-05
1.2e-05
3e-06
-1e-06
0.0
-3e-06
-6e-06
-4e-06
1e-06
-2e-06
-8e-06
-8e-06
-6e-06
-6e-06
-7.000000000000001e-06
-2e-06
8e-06
1.1e-05
5e-06
3e-06
1.1e-05
1.1e-05
2e-06
-2e-06
-0.0
-3e-06
-1.2e-05
-1.4000000000000001e-05
-8e-06
-5e-06
-7.000000000000001e-06
-5e-06
6e-06
1.4000000000000001e-05
1.3000000000000001e-05
1e-05
1e-05
9e-06
-1e-06
-9e-06
-8e-06
-5e-06
-8e-06
-9e-06
-5e-06
8.2e-05
0.000145
0.000105
7.3e-05
4.5e-05
1.3000000000000001e-05
-1.4000000000000001e-05
-2.4e-05
-2.1e-05
-2.1e-05
-2e-05
-9e-06
3e-06
3e-06
-3e-06
-2e-06
-1e-06
-7.000000000000001e-06
-1.1e-05
-6e-06
3e-06
7.000000000000001e-06
7.000000000000001e-06
6e-06
7.000000000000001e-06
9e-06
6e-06
2e-06
-0.0
-4e-06
-8e-06
-1.1e-05
-1e-05
-8e-06
-7.000000000000001e-06
-4e-06
0.0
5e-06
1e-05
1.3000000000000001e-05
1.1e-05
8e-06
6e-06
1e-06
-5e-06
-8e-06
-6e-06
-5e-06
-5e-06
-5e-06
-4e-06
-4e-06
-3e-06
-2e-06
2e-06
9e-06
1.2e-05
9e-06
4e-06
3e-06
2e-06
-0.0
-2e-06
-2e-06
-4e-06
-8e-06
-1.1e-05
-1e-05
-7.000000000000001e-06
-4e-06
1e-06
1.1e-05
1.9e-05
1.4000000000000001e-05
4e-06
2e-06
6e-06
1e-06
-7.000000000000001e-06
-8e-06
-5e-06
-8e-06
-1.3000000000000001e-05
-9e-06
-2e-06
0.0
-2e-06
2e-06
1.2e-05
1.3000000000000001e-05
3e-06
0.0
8e-06
8e-06
-3e-06
-8e-06
-2e-06
0.0
-7.000000000000001e-06
-9e-06
-4e-06
-3e-06
-8e-06
-7.000000000000001e-06
3e-06
1.2e-05
1.1e-05
8e-06
1e-05
1e-05
1e-06
5.1e-05
9.8e-05
7.4e-05
4.2e-05
1e-05
-1.2e-05
-2.2e-05
-2.4e-05
-2.1e-05
-1.1e-05
4e-06
1.6e-05
1.3000000000000001e-05
5e-06
4e-06
5e-06
-1e-06
-6e-06
-3e-06
-1e-06
-6e-06
-1.1e-05
-7.000000000000001e-06
-2e-06
-3e-06
-4e-06
2e-06
1.1e-05
1e-05
2e-06
1e-06
9e-06
8e-06
-1e-06
-3e-06
0.0
-4e-06
-1.2e-05
-1.1e-05
-5e-06
-5e-06
-9e-06
-5e-06
5e-06
1.2e-05
1.2e-05
1.1e-05
1.2e-05
9e-06
-0.0
-7.000000000000001e-06
0.001109
0.002925
0.003479
0.002778
0.0016719999999999999
0.00061
-0.000227
-0.00064
-0.000704
-0.000656
-0.000556
-0.000339
-8.9e-05
0.001523
0.004051
0.005077
0.004431
0.002898
0.001204
-0.00011
-0.000796
-0.001032
-0.001075
-0.000923
-0.000558
-0.000197
-2.3e-05
6.500000000000001e-05
0.000188
0.00024900000000000004
0.000164
6.2e-05
5.9999999999999995e-05
6.2e-05
-2.1e-05
-8.4e-05
-4.1e-05
5e-06
-3.3e-05
-5.9999999999999995e-05
-3e-06
4.1e-05
4e-06
-2.2e-05
2.5e-05
5.2000000000000004e-05
5e-06
-2.7000000000000002e-05
7.000000000000001e-06
2.5e-05
-1.8e-05
-4e-05
0.001675
0.004541
0.005666
0.0049310000000000005
0.0032979999999999997
0.00146
-8e-05
-0.000933
-0.001151
-0.001137
-0.00103
-0.000692
-0.000239
1.4000000000000001e-05
0.00161
0.004315
0.005485
0.0047420000000000006
0.0030239999999999998
0.001283
-3.2e-05
-0.0008359999999999999
-0.0011710000000000002
-0.001145
-0.000901
-0.000579
-0.000277
0.0005650000000000001
0.0016
0.0017059999999999998
0.001234
0.000734
0.000246
-0.000132
-0.000304
-0.00032599999999999996
-0.00031099999999999997
-0.000266
-0.000152
-2.9999999999999997e-05
2e-05
3.1e-05
6.500000000000001e-05
9e-05
5.7999999999999994e-05
1.2e-05
8e-06
1.6e-05
-1.1e-05
-3.7e-05
-2e-05
5e-06
-7.000000000000001e-06
0.001611
0.004399
0.005539
0.004809000000000001
0.003166
0.0013880000000000001
-5.7999999999999994e-05
-0.0008960000000000001
-0.001157
-0.001135
-0.000978
-0.0006519999999999999
-0.000254
0.0018670000000000002
0.005158
0.006623
0.006038
0.004164
0.0018780000000000001
5.3e-05
-0.000951
-0.001326
-0.0014199999999999998
-0.001257
-0.000797
-0.00031099999999999997
0.001887
0.005367
0.0070290000000000005
0.006495
0.004483
0.002037
0.000139
-0.000951
-0.001438
-0.001557
-0.001325
-0.0008320000000000001
-0.00036899999999999997
-0.0001
8.8e-05
0.000272
0.00032599999999999996
0.000215
0.000109
9.9e-05
6.6e-05
-4e-05
-9e-05
-3.5e-05
-5e-06
-5.1e-05
0.002246
0.00633
0.008246999999999999
0.007605
0.005431
0.002706
0.000344
-0.001142
-0.0017219999999999998
-0.001778
-0.001576
-0.001114
-0.000517
0.002353
0.006808
0.008993000000000001
0.008579999999999999
0.006381
0.0032890000000000003
0.00058
-0.001025
-0.0017460000000000002
-0.002015
-0.0018510000000000002
-0.001234
-0.000563
0.002411
0.007201000000000001
0.009718000000000001
0.009373000000000001
0.006989
0.00367
0.000798
-0.0009880000000000002
-0.0019100000000000002
-0.002232
-0.0019760000000000003
-0.0013160000000000001
-0.000678
0.0020559999999999997
0.006449
0.008699
0.008262
0.006023
0.003102
0.000615
-0.000974
-0.0017530000000000002
-0.001948
-0.0017010000000000003
-0.001168
-0.000605
0.003085
0.009193000000000002
0.01241
0.012102
0.009455
0.005396
0.001454
-0.001121
-0.002392
-0.002836
-0.00265
-0.001906
-0.0010019999999999999
0.003159
0.009842
0.013507
0.013422
0.010676
0.006267
0.0019399999999999999
-0.0009339999999999999
-0.00247
-0.0031260000000000003
-0.0029690000000000003
-0.002118
-0.001149
-0.000509
0.003565
0.010485
0.01414
0.013701
0.010753
0.006412
0.002014
-0.0011220000000000002
-0.002698
-0.003148
-0.002942
-0.002242
-0.00126
0.003564
0.011191
0.015318
0.015056
0.011748
0.006873000000000001
0.002153
-0.00114
-0.002827
-0.002999
-0.0017530000000000002
2.1e-05
0.001178
0.006004
0.013891999999999998
0.017616
0.01636
0.012237999999999999
0.006933
0.001984
-0.001562
-0.003826
-0.0050490000000000005
-0.005195
-0.004492
-0.003259
0.002898
0.013209
0.019891
0.021203
0.018894
0.014430000000000002
0.008662999999999999
0.002858
-0.0018510000000000002
-0.005074
-0.006609
-0.006562999999999999
-0.005383
0.001486
0.012481
0.018599
0.01842
0.014641
0.009815
0.005371
0.002133
0.00043
-0.000138
-2e-05
0.000546
0.00115
0.007215000000000001
0.017334
0.021738
0.019377000000000002
0.013365
0.006344
0.000371
-0.0031780000000000003
-0.0042380000000000004
-0.003776
-0.002741
-0.00134
0.000505
0.008577
0.021184
0.027974000000000002
0.027267000000000003
0.021629
0.01366
0.005398
-0.001438
-0.006091
-0.008715
-0.009315
-0.007861
-0.0046159999999999994
0.005654
0.020595
0.029283999999999998
0.029769999999999998
0.024569
0.016555
0.008258
0.001428
-0.003346
-0.006155
-0.007043000000000001
-0.006296
-0.004457
0.0050609999999999995
0.020168000000000002
0.028579000000000004
0.028704
0.023738
0.016456000000000002
0.009141
0.003172
-0.001105
-0.0038020000000000003
-0.005117
-0.005368
-0.004752
0.004267
0.019902
0.028946
0.029077999999999996
0.023618
0.015944999999999997
0.008711
0.003152
-0.000889
-0.0037189999999999996
-0.005023
-0.004695
-0.0032020000000000004
0.006772
0.023078
0.031974
0.031269
0.024668
0.015343
0.005862
-0.001401
-0.005658
-0.00734
-0.006669
-0.004256
-0.001076
0.002188
0.013049000000000002
0.029063
0.036414
0.033858
0.025792000000000002
0.015607
0.005696
-0.002113
-0.007062000000000001
-0.009253
-0.009015
-0.00705
-0.003972
0.008102
0.026668999999999998
0.037126
0.037493
0.031979
0.023837
0.014706
0.005658
-0.002141
-0.007781999999999999
-0.010608
-0.010425
-0.007925
0.004258
0.02325
0.034339999999999996
0.035581
0.031066000000000003
0.023816999999999998
0.015341
0.0069900000000000006
6.7e-05
-0.0048189999999999995
-0.007364
-0.007537
-0.005952000000000001
0.00564
0.024756
0.035554
0.035907
0.030791000000000002
0.023356000000000002
0.014841
0.006679000000000001
0.000288
-0.003901
-0.005719
-0.005261
-0.0034579999999999997
0.008078
0.027135000000000003
0.038176999999999996
0.040041
0.037558
0.032744999999999996
0.026092
0.017695
0.007620999999999999
-0.0017800000000000001
-0.007665000000000001
-0.009336
-0.007495
0.0055780000000000005
0.026895
0.04074
0.045919999999999996
0.046954
0.045509
0.041729
0.035518
0.026662
0.014963999999999998
0.0022670000000000004
-0.007148999999999999
-0.011177
-0.0013390000000000001
0.019323
0.033955
0.040269
0.042525
0.042707
0.041357
0.038308
0.03299
0.024771
0.013437000000000001
0.0014089999999999999
-0.007070999999999999
-0.000973
0.016549
0.028799
0.033803
0.035401999999999996
0.035561
0.034756999999999996
0.032708999999999995
0.029013999999999998
0.023287000000000002
0.015125999999999999
0.005257
-0.0028870000000000002
-0.006995
0.0016920000000000001
0.019981
0.031994
0.036612
0.037705
0.036789999999999996
0.033832999999999995
0.028523000000000003
0.021226
0.012369
0.003624
-0.002042
-0.0038950000000000005
0.006489
0.025994
0.040164
0.04835
0.05271900000000001
0.054187
0.053371
0.050178
0.043946
0.034434
0.022446999999999998
0.0094
-0.000901
0.004122
0.021478999999999998
0.035805000000000003
0.045721
0.05314
0.058638
0.062237
0.063229
0.060584000000000006
0.053988
0.043848000000000005
0.030785000000000003
0.015634000000000002
0.011815
0.023107
0.035338
0.043834
0.049648000000000005
0.054129
0.057922
0.060295
0.059875
0.05624
0.049825
0.041024
0.030147000000000004
0.028444999999999998
0.040136
0.05260499999999999
0.060150999999999996
0.063501
0.06414500000000001
0.06363200000000001
0.062503
0.06006
0.055664
0.049198
0.04099
0.031793
0.022102
0.022969
0.037091000000000006
0.050991
0.059878
0.064791
0.066858
0.066492
0.063449
0.057638999999999996
0.049325
0.038961
0.027375
0.015688999999999998
0.016562
0.032792
0.049858
0.06279
0.07243
0.079815
0.085496
0.08877
0.087853
0.08178300000000001
0.07120599999999999
0.05764299999999999
0.04278
0.038144
0.048179
0.06085700000000001
0.070369
0.077182
0.082399
0.087042
0.091128
0.093236
0.091999
0.087076
0.078813
0.06788200000000001
0.054844000000000004
0.049999
0.057628
0.066324
0.070918
0.0729
0.074172
0.075263
0.07516
0.072907
0.068449
0.06217999999999999
0.054657000000000004
0.046517
0.048163
0.063127
0.07869
0.088574
0.093678
0.096052
0.097151
0.09681100000000001
0.093736
0.087358
0.078444
0.068313
0.058246000000000006
0.058797
0.074035
0.091764
0.10552
0.115627
0.123017
0.128413
0.131624
0.131377
0.12690099999999999
0.118573
0.107451
0.095063
0.082661
0.080091
0.091728
0.10603299999999999
0.116776
0.125158
0.132726
0.139632
0.144354
0.14531
0.142122
0.135209
0.12549000000000002
0.114346
0.111325
0.121751
0.135062
0.144196
0.150161
0.15478
0.159301
0.163487
0.165615
0.164272
0.159582
0.152571
0.144265
0.13480999999999999
0.131747
0.140974
0.15353599999999998
0.162411
0.168484
0.173427
0.177743
0.180162
0.179374
0.175454
0.169405
0.162431
0.155399
0.155948
0.169521
0.186073
0.197466
0.204857
0.21051799999999998
0.215665
0.21968800000000002
0.22124899999999997
0.21978000000000003
0.21566799999999997
0.20976799999999998
0.20310599999999998
0.196049
0.194613
0.205341
0.22037600000000002
0.23161700000000002
0.240079
0.247067
0.252366
0.254347
0.251965
0.245914
0.237746
0.229069
0.220782
0.212348
0.209144
0.21855700000000003
0.233498
0.24552
0.25544
0.26414299999999996
0.270834
0.273798
0.27219699999999997
0.266878
0.25971
0.252232
0.24448499999999998
0.235085
0.22921
0.235429
0.248428
0.260424
0.27188
0.282815
0.291931
0.297743
0.299669
0.29825799999999997
0.29446
0.288693
0.280277
0.26807600000000004
0.25828
0.259948
0.269204
0.278983
0.288408
0.296714
0.302692
0.30577600000000005
0.30636599999999997
0.30555
0.304101
0.301624
0.296806
0.28830900000000004
0.281893
0.28524
0.294145
0.30186399999999997
0.307312
0.31038699999999997
0.31095300000000003
0.30946799999999997
0.306973
0.304555
0.302346
0.299213
0.293765
0.285341
0.28047
0.287164
0.300754
0.313105
0.321753
0.326202
0.326613
0.323623
0.31817199999999995
0.311377
0.303762
0.29496100000000003
0.284587
0.272885
0.266876
0.274783
0.29096500000000003
0.30616
0.317927
0.325962
0.33036
0.33131700000000003
0.329196
0.324494
0.317283
0.30728099999999997
0.294578
0.2798
0.270122
0.27397699999999997
0.28615300000000005
0.29796999999999996
0.307714
0.315731
0.322373
0.327524
0.330547
0.330474
0.326331
0.317806
0.305617
0.290887
0.28082199999999996
0.283308
0.293027
0.301638
0.307693
0.311975
0.31505900000000003
0.317002
0.31749299999999997
0.31608200000000003
0.31238
0.306289
0.297969
0.29366
0.299912
0.311515
0.320803
0.326177
0.32875
0.329681
0.329588
0.328361
0.325433
0.320352
0.313123
0.304163
0.29397
0.288985
0.29589899999999997
0.308935
0.319816
0.326957
0.331443
0.333935
0.33405999999999997
0.33121300000000004
0.325282
0.31669400000000003
0.306268
0.294944
0.283316
0.277553
0.28422800000000004
0.297283
0.308506
0.316712
0.322602
0.326226
0.326979
0.32448499999999997
0.318986
0.31109699999999996
0.301613
0.291058
0.279246
0.271893
0.27608499999999997
0.286533
0.295719
0.303083
0.309422
0.31450300000000003
0.317127
0.316164
0.311357
0.303313
0.293094
0.281457
0.268412
0.260056
0.26419499999999996
0.275306
0.285383
0.29383200000000004
0.300844
0.305798
0.307794
0.30644
0.302205
0.29591
0.288036
0.278373
0.266246
0.25766100000000003
0.260788
0.270441
0.278885
0.28578200000000004
0.291481
0.295561
0.297327
0.2965
0.293515
0.288906
0.282625
0.27409
0.2626
0.254161
0.256959
0.265808
0.27302600000000005
0.27828800000000004
0.28178000000000003
0.283122
0.281957
0.278442
0.273365
0.267443
0.260693
0.252602
0.248783
0.256576
0.270049
0.280929
0.28844200000000003
0.292637
0.29337199999999997
0.290917
0.28581100000000004
0.27865300000000004
0.270281
0.26129600000000003
0.251609
0.240788
0.23473200000000002
0.24147600000000002
0.25498699999999996
0.26666100000000004
0.275993
0.282951
0.286866
0.286823
0.28248
0.274501
0.26402
0.251749
0.237866
0.222598
0.21271700000000002
0.216946
0.228875
0.23951
0.248516
0.255838
0.26095
0.263135
0.262133
0.258317
0.251958
0.242825
0.230557
0.215152
0.203648
0.20508
0.21334
0.21989299999999998
0.224782
0.22854899999999997
0.231303
0.232646
0.232292
0.230379
0.22685300000000003
0.22124000000000002
0.212919
0.20784899999999998
0.214189
0.22579499999999997
0.23453800000000002
0.240589
0.24427100000000002
0.245741
0.245247
0.242923
0.23894
0.23364899999999997
0.22724299999999997
0.219757
0.21113200000000001
0.207749
0.217371
0.232614
0.24422199999999997
0.25198899999999996
0.256629
0.25841
0.257079
0.252877
0.246734
0.23926399999999998
0.230454
0.22023299999999998
0.208706
0.202654
0.21017600000000003
0.224142
0.235571
0.24433200000000002
0.250797
0.254596
0.25500900000000004
0.252053
0.246443
0.238681
0.229037
0.21762600000000001
0.210508
0.21596100000000001
0.227873
0.23758800000000002
0.245017
0.250585
0.254497
0.256615
0.25635
0.253163
0.246969
0.23808400000000002
0.22719299999999998
0.214748
0.20691700000000002
0.21174400000000002
0.222781
0.23137600000000003
0.237706
0.24238800000000002
0.24525
0.24571700000000002
0.243655
0.23944899999999997
0.233361
0.225363
0.21541
0.203543
0.196595
0.202705
0.214846
0.224385
0.23175199999999999
0.23780500000000002
0.24230500000000002
0.244461
0.243943
0.241054
0.236209
0.22954899999999998
0.220802
0.209465
0.201983
0.20672800000000002
0.21710900000000002
0.22485
0.23058800000000002
0.23515300000000003
0.23855500000000002
0.24024099999999998
0.23969200000000002
0.236986
0.232618
0.22689099999999998
0.2195
0.216144
0.22478
0.23877800000000002
0.24930700000000003
0.256538
0.260937
0.26258200000000004
0.261818
0.259002
0.254251
0.247969
0.24076
0.23292800000000002
0.224363
0.22085100000000002
0.230196
0.245548
0.257945
0.26757800000000004
0.274781
0.27897
0.279215
0.27512600000000004
0.267357
0.257184
0.245531
0.23268899999999998
0.218885
0.210601
0.216079
0.2288
0.24001999999999998
0.249797
0.258403
0.26524899999999996
0.26916
0.269358
0.266046
0.25974400000000003
0.25051799999999996
0.238118
0.222558
0.210477
0.21105100000000002
0.21884699999999999
0.225546
0.231296
0.236604
0.241375
0.244837
0.24634
0.24593299999999998
0.243783
0.239662
0.23291599999999998
0.228729
0.234434
0.244256
0.250701
0.254418
0.2562
0.256277
0.254832
0.251948
0.24781599999999998
0.242846
0.237233
0.230911
0.22362600000000002
0.220996
0.230738
0.246062
0.25785399999999997
0.266112
0.27152600000000005
0.274052
0.272953
0.26805500000000004
0.260434
0.251368
0.241371
0.23051300000000002
0.218862
0.21281999999999998
0.22068200000000002
0.23578200000000002
0.248993
0.26001399999999997
0.268959
0.275148
0.27739400000000003
0.27520900000000004
0.269395
0.261125
0.251089
0.23930700000000002
0.22528800000000002
0.215049
0.21777600000000003
0.227994
0.236965
0.244571
0.25116900000000003
0.256506
0.25981
0.260474
0.258392
0.253742
0.246883
0.23789200000000002
0.23228800000000002
0.237485
0.248087
0.25659
0.263194
0.268471
0.27215700000000004
0.27382
0.273372
0.271
0.266926
0.261193
0.253701
0.24419899999999997
0.23849299999999998
0.244496
0.256729
0.267032
0.27510100000000004
0.281423
0.285497
0.286364
0.283876
0.278913
0.272424
0.26469699999999996
0.255436
0.244259
0.237198
0.24225300000000002
0.253513
0.26250100000000004
0.269111
0.274174
0.277609
0.27885
0.27767
0.274373
0.269404
0.262889
0.254369
0.243117
0.23509899999999997
0.23889499999999997
0.249296
0.257924
0.263972
0.267491
0.26845
0.266952
0.263276
0.25789
0.25135599999999997
0.243995
0.235618
0.225726
0.220207
0.22745300000000002
0.241312
0.252822
0.261455
0.26706599999999997
0.269385
0.268365
0.264239
0.25755900000000004
0.248995
0.23898000000000003
0.22770300000000002
0.221354
0.228118
0.24197399999999997
0.25435399999999997
0.26509299999999997
0.274399
0.281856
0.286896
0.288968
0.287729
0.283221
0.275451
0.264208
0.24963400000000002
0.23863800000000002
0.240046
0.24865500000000001
0.256296
0.26253699999999996
0.267832
0.27206199999999997
0.2746
0.274958
0.27328800000000003
0.269926
0.26479400000000003
0.257469
0.247493
0.24056799999999998
0.24416300000000002
0.252633
0.258204
0.260827
0.26139
0.260513
0.258418
0.255142
0.250948
0.24609299999999998
0.24053000000000002
0.233921
0.22565900000000003
0.221269
0.22869099999999998
0.241873
0.251992
0.25865
0.262538
0.263966
0.26255
0.25807399999999997
0.25114899999999996
0.242592
0.232909
0.22247399999999998
0.217442
0.225712
0.240995
0.254477
0.26576
0.274949
0.281623
0.28513299999999997
0.285077
0.281709
0.27568000000000004
0.26747600000000005
0.257504
0.246065
0.23913
0.244285
0.255853
0.265788
0.273843
0.280669
0.286215
0.289696
0.290412
0.28830300000000003
0.283508
0.276106
0.266327
0.254379
0.246363
0.25004499999999996
0.260151
0.268728
0.27523200000000003
0.280267
0.28365
0.284605
0.282798
0.278675
0.272802
0.265431
0.256394
0.245048
0.236923
0.24002600000000002
0.24937600000000001
0.257079
0.262678
0.266741
0.26923400000000003
0.269727
0.268038
0.264442
0.259324
0.252846
0.24472199999999997
0.23429699999999998
0.22720700000000002
0.231539
0.24177600000000002
0.24980500000000003
0.25564699999999996
0.259861
0.262261
0.26256799999999997
0.260831
0.257377
0.252533
0.246408
0.23881599999999997
0.23532399999999998
0.24317800000000003
0.256713
0.267926
0.27628400000000003
0.282036
0.284844
0.284454
0.281171
0.275575
0.268314
0.259967
0.25072300000000003
0.240378
0.234725
0.24143699999999998
0.254634
0.26590199999999997
0.274713
0.281343
0.28542399999999996
0.28618899999999997
0.28322800000000004
0.27684200000000003
0.267727
0.256596
0.24383400000000002
0.229554
0.22000100000000003
0.223588
0.234521
0.24430100000000002
0.252683
0.259835
0.265355
0.268496
0.26873800000000003
0.26614499999999996
0.26096199999999997
0.25317399999999995
0.24243800000000001
0.228419
0.21733400000000003
0.21802399999999997
0.22539299999999998
0.231431
0.23614000000000002
0.24000100000000002
0.24300300000000002
0.244736
0.244863
0.24349899999999997
0.240748
0.23631999999999997
0.229675
0.226071
0.23264400000000002
0.243604
0.251133
0.25551
0.257763
0.258184
0.256896
0.254062
0.24984
0.24456999999999998
0.23852600000000002
0.23170100000000002
0.223925
0.220842
0.22997399999999998
0.24502
0.257249
0.26615900000000003
0.271997
0.274823
0.274419
0.270667
0.264094
0.255646
0.246009
0.23537199999999997
0.22376999999999997
0.21723499999999998
0.223796
0.237323
0.249083
0.258735
0.266478
0.271875
0.273995
0.272407
0.267743
0.260806
0.251893
0.24101999999999998
0.22805300000000003
0.218867
0.221795
0.23150900000000002
0.239893
0.24681199999999998
0.252659
0.257276
0.259971
0.26016300000000003
0.257805
0.25295100000000004
0.24562399999999998
0.235969
0.22978
0.234425
0.244767
0.253357
0.259919
0.264962
0.268521
0.27032399999999995
0.27004
0.267617
0.263356
0.25748000000000004
0.24996999999999997
0.24062600000000003
0.23483
0.23969899999999997
0.250096
0.258588
0.264851
0.269463
0.272323
0.272791
0.27065500000000003
0.266443
0.260709
0.25361999999999996
0.24506999999999998
0.23480700000000002
0.228437
0.233471
0.244311
0.25299099999999997
0.25952
0.264746
0.268488
0.26991
0.268733
0.265468
0.260648
0.25446399999999997
0.246711
0.242626
0.24896100000000002
0.260786
0.270838
0.278352
0.283683
0.28680500000000003
0.287544
0.28586500000000004
0.281984
0.276381
0.269636
0.26211999999999996
0.253632
0.24936
0.256015
0.268567
0.27965999999999996
0.288505
0.295379
0.299834
0.301076
0.298821
0.29346500000000003
0.285671
0.27614099999999997
0.265386
0.25358400000000003
0.24654600000000002
0.25143000000000004
0.263238
0.274554
0.284583
0.293439
0.3004
0.30445900000000004
0.305212
0.30297199999999996
0.298164
0.290852
0.28066599999999997
0.272833
0.27382199999999995
0.280368
0.286702
0.291725
0.296153
0.300215
0.30361
0.305703
0.306003
0.304528
0.301464
0.296658
0.289495
0.284927
0.28867800000000005
0.296995
0.304231
0.309282
0.312619
0.31403200000000003
0.313243
0.310512
0.306546
0.302027
0.297267
0.292182
0.28635
0.284842
0.293135
0.30676
0.31914899999999996
0.328353
0.334438
0.33735
0.336959
0.333583
0.328144
0.321531
0.313999
0.305232
0.30041799999999996
0.305018
0.315906
0.327613
0.337947
0.347032
0.354605
0.35989
0.361877
0.360122
0.355122
0.3476
0.337958
0.326328
0.318332
0.31947
0.32710900000000004
0.336177
0.344149
0.350962
0.356211
0.35933899999999996
0.360145
0.35888000000000003
0.35583000000000004
0.35096
0.344098
0.33510100000000004
0.32926500000000003
0.331402
0.339027
0.347431
0.353998
0.359033
0.36249499999999996
0.364058
0.363738
0.36195
0.35895
0.354502
0.348054
0.33907
0.332818
0.334359
0.341646
0.35008
0.35680300000000004
0.362003
0.365437
0.36659
0.365402
0.36230999999999997
0.35775100000000004
0.351853
0.34441700000000003
0.34056
0.344574
0.354157
0.364673
0.372648
0.37806999999999996
0.381188
0.382221
0.381427
0.379102
0.37546599999999997
0.370676
0.364743
0.357376
0.353636
0.357603
0.367179
0.37802199999999997
0.386656
0.393065
0.396965
0.397823
0.39561
0.390921
0.384382
0.376392
0.367179
0.356871
0.351065
0.354135
0.363755
0.375209
0.384863
0.392573
0.397962
0.40048
0.399943
0.396568
0.39063400000000004
0.382362
0.371913
0.359383
0.350533
0.350181
0.356515
0.36515
0.372647
0.379173
0.38472199999999995
0.388857
0.391108
0.391255
0.389217
0.38477
0.377471
0.372357
0.373167
0.379039
0.386889
0.39300799999999997
0.397688
0.40121
0.403671
0.40504
0.405171
0.403942
0.40131500000000003
0.397271
0.391673
0.389548
0.39369699999999996
0.402487
0.41243500000000005
0.41943199999999997
0.42379399999999995
0.425839
0.42564700000000005
0.423418
0.41963599999999995
0.414786
0.409104
0.402602
0.395232
0.39225
0.39662800000000004
0.40673899999999996
0.418829
0.42834300000000003
0.43523599999999996
0.43946899999999994
0.44079300000000005
0.43915200000000004
0.434997
0.42894099999999996
0.42132
0.41225100000000003
0.401758
0.395217
0.395939
0.40307
0.41333100000000006
0.422074
0.429252
0.43471899999999997
0.43784399999999996
0.438033
0.43522
0.429824
0.422307
0.41296400000000005
0.406932
0.40657
0.41161899999999996
0.41984799999999994
0.42657700000000004
0.431982
0.43629799999999996
0.439424
0.441108
0.44110200000000005
0.439168
0.435141
0.428954
0.42061099999999996
0.415267
0.41529799999999994
0.420558
0.428889
0.435536
0.440755
0.44457700000000006
0.44652600000000003
0.44638599999999995
0.44436899999999996
0.44082899999999997
0.43599
0.429856
0.422253
0.41812
0.41974300000000003
0.426712
0.43653100000000006
0.44436099999999995
0.45043900000000003
0.454805
0.45709700000000003
0.457216
0.455445
0.452162
0.447626
0.441684
0.433871
0.42913
0.429759
0.43568900000000005
0.444618
0.451421
0.456412
0.459834
0.46162299999999995
0.46175
0.460225
0.457244
0.452963
0.447194
0.44464899999999996
0.446709
0.453808
0.464471
0.47313999999999995
0.47977600000000004
0.48431599999999997
0.486422
0.48598
0.48323699999999997
0.478501
0.472261
0.465057
0.45702600000000004
0.45315
0.454676
0.46199799999999996
0.473549
0.48335200000000006
0.49119300000000005
0.496792
0.499637
0.49951899999999994
0.496583
0.491191
0.483749
0.474524
0.463632
0.456351
0.454348
0.458521
0.467653
0.475905
0.48322200000000004
0.489472
0.49414600000000003
0.49676800000000004
0.497115
0.495228
0.49107799999999996
0.48431
0.474495
0.46666
0.462421
0.463417
0.469163
0.473836
0.47752100000000003
0.480429
0.48248199999999997
0.483476
0.48330500000000004
0.482048
0.47963999999999996
0.47566099999999994
0.47448199999999996
0.4763
0.48198599999999997
0.49085
0.496745
0.49985799999999997
0.500648
0.49949899999999997
0.496863
0.493095
0.48844899999999997
0.48314700000000005
0.477274
0.470764
0.468462
0.47103199999999995
0.47919300000000004
0.49176400000000003
0.5022220000000001
0.510142
0.515304
0.517419
0.516404
0.512567
0.506591
0.49908199999999997
0.490332
0.48060299999999995
0.475182
0.47506099999999996
0.48139499999999996
0.49318999999999996
0.503788
0.512883
0.520303
0.5254909999999999
0.527938
0.527571
0.524736
0.5196689999999999
0.51242
0.503033
0.496478
0.49363500000000005
0.49596999999999997
0.50353
0.510281
0.5159520000000001
0.520791
0.524609
0.5270699999999999
0.527855
0.526749
0.523544
0.5180239999999999
0.510057
0.504533
0.502398
0.505049
0.512606
0.519077
0.5239199999999999
0.5271939999999999
0.528729
0.528578
0.526908
0.523842
0.5194880000000001
0.513786
0.511245
0.512191
0.5165109999999999
0.524772
0.532061
0.537299
0.540871
0.542738
0.5427649999999999
0.541117
0.5378689999999999
0.533012
0.526644
0.518762
0.514044
0.513213
0.5165420000000001
0.524357
0.531529
0.537092
0.541094
0.5432680000000001
0.5435220000000001
0.541952
0.5387350000000001
0.534146
0.528404
0.52142
0.517857
0.518388
0.523223
0.532478
0.540686
0.5466850000000001
0.550441
0.551952
0.551473
0.549199
0.545503
0.54093
0.535496
0.53346
0.5352
0.540024
0.549002
0.55797
0.565203
0.570829
0.574685
0.576501
0.576023
0.572944
0.5673060000000001
0.559542
0.549922
0.543461
0.541378
0.543439
0.5508430000000001
0.559409
0.5671619999999999
0.573663
0.57833
0.5807760000000001
0.580857
0.578684
0.574531
0.568511
0.560477
0.555074
0.5531189999999999
0.553822
0.558823
0.564667
0.569445
0.573238
0.576114
0.57798
0.578712
0.578372
0.576915
0.573878
0.568631
0.565381
0.5646260000000001
0.56533
0.5696829999999999
0.574571
0.577613
0.578943
0.5788479999999999
0.577379
0.5746020000000001
0.570886
0.5664899999999999
0.561327
0.55976
0.562204
0.567009
0.575959
0.585658
0.5930479999999999
0.597758
0.599684
0.598917
0.595676
0.5904229999999999
0.5838399999999999
0.5763199999999999
0.567976
0.563484
0.563495
0.566637
0.5748409999999999
0.584717
0.593353
0.60037
0.605268
0.607596
0.607333
0.604791
0.600116
0.593329
0.5846520000000001
0.578883
0.5768399999999999
0.577334
0.582935
0.5906520000000001
0.597454
0.6031880000000001
0.607576
0.610305
0.611275
0.6104470000000001
0.6077020000000001
0.6028979999999999
0.595904
0.5911029999999999
0.58929
0.58935
0.594018
0.600349
0.605258
0.608815
0.6109760000000001
0.6117819999999999
0.611451
0.610057
0.607494
0.603514
0.602117
0.6035590000000001
0.6053149999999999
0.61077
0.618119
0.623586
0.62747
0.629899
0.6307189999999999
0.630143
0.628279
0.624941
0.6201399999999999
0.613984
0.6108020000000001
0.611252
0.612799
0.6186729999999999
0.626904
0.633245
0.63747
0.6392939999999999
0.638746
0.63641
0.6326609999999999
0.627699
0.621833
0.6150720000000001
0.611585
0.612025
0.613808
0.619895
0.628246
0.634767
0.639207
0.641583
0.64223
0.641329
0.638834
0.634959
0.6298
0.6272
0.627617
0.627975
0.6325529999999999
0.640646
0.6475420000000001
0.653147
0.657337
0.659872
0.660594
0.659204
0.655541
0.649891
0.642424
0.637545
0.636476
0.6362899999999999
0.640883
0.649278
0.6566069999999999
0.662351
0.6662100000000001
0.668288
0.668771
0.667637
0.664977
0.660856
0.655043
0.651714
0.651651
0.651224
0.654643
0.661652
0.667525
0.672128
0.675669
0.678279
0.679787
0.679954
0.678667
0.675623
0.670408
0.667194
0.666726
0.665009
0.666991
0.6729229999999999
0.677293
0.679822
0.680815
0.68047
0.67882
0.676041
0.672355
0.667737
0.662092
0.659647
0.660816
0.661539
0.666132
0.673942
0.679391
0.682368
0.6832699999999999
0.682303
0.679739
0.6760229999999999
0.671403
0.665828
0.663326
0.664507
0.665183
0.6698069999999999
0.678945
0.687283
0.694153
0.699451
0.702737
0.703624
0.702054
0.698048
0.6916
0.683
0.676902
0.674474
0.6719430000000001
0.674021
0.681284
0.688191
0.693821
0.697946
0.700401
0.701171
0.700216
0.697487
0.6931189999999999
0.687279
0.683918
0.6833739999999999
0.681553
0.6834979999999999
0.68967
0.6946220000000001
0.6982729999999999
0.700958
0.7028369999999999
0.7039989999999999
0.704242
0.703224
0.700604
0.699915
0.7014630000000001
0.701326
0.702984
0.7082689999999999
0.713504
0.717407
0.720147
0.721463
0.721316
0.71983
0.716835
0.712302
0.70652
0.703653
0.704403
0.704757
0.707912
0.714968
0.721564
0.72609
0.728372
0.7285159999999999
0.7270409999999999
0.724349
0.720657
0.716277
0.7112729999999999
0.709298
0.7107439999999999
0.711531
0.714906
0.722268
0.729571
0.735212
0.739009
0.74103
0.741428
0.74
0.73657
0.731328
0.724444
0.7199399999999999
0.718729
0.717122
0.718325
0.724327
0.7313
0.736862
0.74055
0.74231
0.742091
0.7397199999999999
0.735352
0.729346
0.721723
0.716468
0.7144659999999999
0.711846
0.712178
0.7170810000000001
0.722421
0.726626
0.729692
0.731721
0.732737
0.732611
0.731097
0.727753
0.726086
0.726834
0.726302
0.726634
0.73073
0.736421
0.741256
0.745019
0.747633
0.749065
0.749211
0.747907
0.745105
0.740827
0.738857
0.739845
0.73998
0.74132
0.746679
0.753132
0.757411
0.7595189999999999
0.759981
0.759076
0.756992
0.754127
0.7507010000000001
0.7465510000000001
0.7453069999999999
0.747375
0.748603
0.751067
0.757205
0.7640060000000001
0.768828
0.771798
0.773139
0.7729550000000001
0.7713869999999999
0.7684850000000001
0.7640680000000001
0.761696
0.762147
0.7619090000000001
0.761724
0.7656930000000001
0.7727390000000001
0.778678
0.783035
0.7855310000000001
0.7859510000000001
0.784289
0.780652
0.7750729999999999
0.767633
0.762308
0.760197
0.7579560000000001
0.756559
0.759685
0.765646
0.770321
0.7734800000000001
0.7752359999999999
0.775692
0.774914
0.772833
0.769436
0.764784
0.7623939999999999
0.762591
0.761739
0.761378
0.765296
0.771781
0.777173
0.7814369999999999
0.78472
0.787058
0.788275
0.787986
0.785888
0.785323
0.786784
0.7869550000000001
0.785766
0.788246
0.7943640000000001
0.799195
0.802654
0.804733
0.805469
0.805171
0.803914
0.80148
0.79778
0.79642
0.7979970000000001
0.798896
0.798856
0.8022090000000001
0.8084279999999999
0.812805
0.815178
0.815809
0.815258
0.813942
0.811869
0.809042
0.8054859999999999
0.804547
0.806603
0.808134
0.80881
0.813276
0.821207
0.8273969999999999
0.83142
0.8334530000000001
0.83383
0.8325
0.8292209999999999
0.8241569999999999
0.817665
0.813437
0.8123670000000001
0.8112689999999999
0.809517
0.8117489999999999
0.818345
0.8240709999999999
0.8279770000000001
0.8301430000000001
0.8307450000000001
0.8296290000000001
0.8266129999999999
0.8218110000000001
0.815258
0.81047
0.808291
0.8054560000000001
0.801713
0.802271
0.807344
0.811876
0.815635
0.818739
0.821124
0.822525
0.8225459999999999
0.820734
0.8200649999999999
0.821108
0.820931
0.819188
0.819468
0.823291
0.8272129999999999
0.829933
0.831556
0.832184
0.831873
0.830619
0.828356
0.825052
0.8240149999999999
0.8257620000000001
0.826868
0.826673
0.82899
0.834793
0.8396399999999999
0.8420629999999999
0.842656
0.842081
0.8404870000000001
0.837851
0.834299
0.8299639999999999
0.828285
0.829723
0.830715
0.8305950000000001
0.833625
0.8404590000000001
0.846526
0.851
0.853992
0.8555659999999999
0.855742
0.854391
0.8513069999999999
0.8496
0.850089
0.8500040000000001
0.8489540000000001
0.849051
0.85296
0.858567
0.8629979999999999
0.8659549999999999
0.867361
0.8673360000000001
0.866007
0.863218
0.858807
0.856023
0.855632
0.8547739999999999
0.8530559999999999
0.8527370000000001
0.856174
0.8607879999999999
0.863899
0.8657219999999999
0.8665120000000001
0.8662280000000001
0.864714
0.861851
0.857676
0.855504
0.8558319999999999
0.855449
0.853967
0.8540780000000001
0.8582270000000001
0.8637530000000001
0.868041
0.8711030000000001
0.873131
0.874043
0.873517
0.8712260000000001
0.8671209999999999
0.8645309999999999
0.864238
0.8633299999999999
0.8613149999999999
0.8604459999999999
0.863347
0.867758
0.870999
0.8730979999999999
0.874283
0.874602
0.873919
0.8720049999999999
0.871756
0.8736010000000001
0.874431
0.873693
0.8725200000000001
0.874344
0.8782620000000001
0.8810030000000001
0.8825790000000001
0.883223
0.8831319999999999
0.8824110000000001
0.8809370000000001
0.8785209999999999
0.878174
0.8804360000000001
0.882325
0.8833639999999999
0.884626
0.8894559999999999
0.89633
0.9011290000000001
0.903775
0.904733
0.904171
0.902028
0.898457
0.8938790000000001
0.891757
0.8927649999999999
0.893848
0.8944409999999999
0.8952700000000001
0.8998780000000001
0.907084
0.9126110000000001
0.916283
0.9183209999999999
0.9187549999999999
0.9174770000000001
0.9143709999999999
0.909306
0.905357
0.903301
0.9003979999999999
0.896446
0.892639
0.893287
0.8977639999999999
0.90179
0.9050360000000001
0.9075219999999999
0.909061
0.9092290000000001
0.907539
0.9065610000000001
0.9068510000000001
0.905908
0.90354
0.8998280000000001
0.898702
0.900958
0.9027930000000001
0.903639
0.903733
0.9032600000000001
0.902332
0.900956
0.8989719999999999
0.898962
0.9012110000000001
0.9027879999999999
0.903228
0.9025479999999999
0.9046270000000001
0.9096299999999999
0.913082
0.9146120000000001
0.9148700000000001
0.9142290000000001
0.9126920000000001
0.910141
0.9094120000000001
0.911172
0.912776
0.9138129999999999
0.914301
0.916934
0.923091
0.9295959999999999
0.934529
0.9378790000000001
0.93976
0.94027
0.939343
0.936776
0.935242
0.935523
0.9353899999999999
0.934658
0.933277
0.933786
0.937853
0.9425120000000001
0.945772
0.947751
0.948772
0.9490719999999999
0.9484600000000001
0.9465459999999999
0.945933
0.947055
0.9472709999999999
0.946377
0.944426
0.944139
0.947109
0.95045
0.952627
0.953958
0.954528
0.9540780000000001
0.9522280000000001
0.948817
0.946758
0.9467
0.946084
0.9446540000000001
0.942412
0.941685
0.94457
0.948442
0.950991
0.9524
0.9528030000000001
0.952011
0.9497120000000001
0.945795
0.9431879999999999
0.942602
0.9415049999999999
0.939581
0.9367639999999999
0.935629
0.938149
0.941566
0.9439690000000001
0.945707
0.9469190000000001
0.9473969999999999
0.9468209999999999
0.944842
0.944133
0.9452940000000001
0.945633
0.944606
0.94205
0.941042
0.943629
0.946901
0.9490700000000001
0.9502440000000001
0.950457
0.9496969999999999
0.9480370000000001
0.948026
0.950108
0.9518610000000001
0.9528760000000001
0.9529780000000001
0.953109
0.9561149999999999
0.9606
0.963348
0.9646049999999999
0.9646370000000001
0.9633700000000001
0.960793
0.957047
0.9523299999999999
0.9497059999999999
0.949836
0.9498770000000001
0.9492799999999999
0.9480459999999999
0.949578
0.9547559999999999
0.9597540000000001
0.9632620000000001
0.9652639999999999
0.965778
0.964794
0.962198
0.960728
0.961098
0.960766
0.959385
0.9572120000000001
0.955953
0.958644
0.963836
0.968309
0.971749
0.974075
0.9752069999999999
0.974875
0.9726319999999999
0.970951
0.970634
0.9694
0.9669120000000001
0.9632620000000001
0.9595049999999999
0.9591850000000001
0.961513
0.9629840000000001
0.963519
0.963348
0.9625969999999999
0.961199
0.958995
0.9585370000000001
0.9600770000000001
0.960716
0.960083
0.958348
0.9574459999999999
0.959656
0.962899
0.964657
0.9651040000000001
0.964657
0.963441
0.96136
0.9583649999999999
0.9571059999999999
0.958043
0.9585950000000001
0.958376
0.9573149999999999
0.95701
0.959991
0.9642790000000001
0.966867
0.967781
0.96731
0.9654159999999999
0.961973
0.9571200000000001
0.953794
0.9526479999999999
0.9512010000000001
0.9491129999999999
0.94635
0.945478
0.9483739999999999
0.9521290000000001
0.954508
0.9556790000000001
0.955945
0.955255
0.953268
0.9522790000000001
0.952606
0.951857
0.9500770000000001
0.9475299999999999
0.9452709999999999
0.9466129999999999
0.9505290000000001
0.9534790000000001
0.955343
0.9562379999999999
0.956096
0.95478
0.952183
0.9507909999999999
0.951133
0.950943
0.9500350000000001
0.9484049999999999
0.9467780000000001
0.948357
0.951951
0.953939
0.954583
0.9542959999999999
0.953156
0.9511360000000001
0.948134
0.9466399999999999
0.947211
0.9474940000000001
0.947083
0.9458
0.9451579999999999
0.947735
0.951737
0.9544950000000001
0.9563159999999999
0.9573809999999999
0.957541
0.9564739999999999
0.9537959999999999
0.952034
0.9519200000000001
0.9511040000000001
0.949211
0.9463469999999999
0.9445100000000001
0.9463280000000001
0.9498059999999999
0.9521729999999999
0.953462
0.9537889999999999
0.9532139999999999
0.951583
0.951124
0.9523280000000001
0.9529770000000001
0.95273
0.9514879999999999
0.9492940000000001
0.9498200000000001
0.952751
0.9541959999999999
0.9544600000000001
0.9538989999999999
0.952584
0.950559
0.9476370000000001
0.946061
0.9464530000000001
0.9466610000000001
0.946364
0.945591
0.9446469999999999
0.946938
0.9517399999999999
0.9550620000000001
0.956834
0.957149
0.9560620000000001
0.9536389999999999
0.949839
0.9472780000000001
0.9468030000000001
0.946197
0.945117
0.943693
0.942631
0.945055
0.9499709999999999
0.9537559999999999
0.956398
0.9580770000000001
0.958735
0.957994
0.955415
0.953493
0.952998
0.951601
0.9489040000000001
0.9449850000000001
0.940866
0.940097
0.9420850000000001
0.943578
0.944608
0.945343
0.9456389999999999
0.944997
0.945326
0.9469120000000001
0.947428
0.94652
0.944319
0.940908
0.940025
0.9420379999999999
0.9431229999999999
0.942951
0.941757
0.9398049999999999
0.93724
0.934048
0.932558
0.933307
0.934103
0.9345690000000001
0.934552
0.9335969999999999
0.9353969999999999
0.939992
0.9431299999999999
0.9446629999999999
0.9448770000000001
0.943958
0.941901
0.938733
0.9370370000000001
0.937406
0.937552
0.93716
0.936271
0.935119
0.9374030000000001
0.9426559999999999
0.946725
0.949608
0.951625
0.952678
0.9523659999999999
0.950383
0.949097
0.9490959999999999
0.948291
0.946565
0.9439790000000001
0.941082
0.9417049999999999
0.945333
0.9480129999999999
0.9497129999999999
0.950622
0.9506760000000001
0.9496969999999999
0.9498129999999999
0.951349
0.952092
0.9517700000000001
0.950349
0.9476549999999999
0.94658
0.9484790000000001
0.950457
0.951383
0.951521
0.950937
0.9495370000000001
0.947182
0.94581
0.9456979999999999
0.944931
0.9435370000000001
0.941683
0.9392469999999999
0.9389059999999999
0.941625
0.9443159999999999
0.945868
0.9464879999999999
0.94616
0.944793
0.9423229999999999
0.9409370000000001
0.9411639999999999
0.940998
0.940067
0.938267
0.935565
0.9353370000000001
0.938257
0.940844
0.9425120000000001
0.943524
0.9438790000000001
0.943415
0.941853
0.9412370000000001
0.942049
0.942169
0.941157
0.938945
0.9355129999999999
0.934751
0.9370649999999999
0.9386180000000001
0.9392780000000001
0.939248
0.938507
0.9368780000000001
0.9361440000000001
0.936577
0.936385
0.9355559999999999
0.9341870000000001
0.9321780000000001
0.9318350000000001
0.934515
0.937566
0.9393450000000001
0.9398340000000001
0.93914
0.9374870000000001
0.934898
0.933256
0.9330129999999999
0.932435
0.931385
0.930009
0.928348
0.928752
0.932251
0.9360809999999999
0.9389350000000001
0.9409129999999999
0.9419719999999999
0.9418979999999999
0.9403870000000001
0.93952
0.9399870000000001
0.9398850000000001
0.9389129999999999
0.93724
0.93489
0.93453
0.9373600000000001
0.9406680000000001
0.9433309999999999
0.945465
0.9471129999999999
0.9479299999999999
0.9493299999999999
0.951499
0.952683
0.9526469999999999
0.951464
0.94925
0.9466610000000001
0.9468129999999999
0.949149
0.950478
0.950799
0.9504440000000001
0.9496319999999999
0.9481639999999999
0.947667
0.948535
0.9490280000000001
0.9488840000000001
0.94811
0.946475
0.944716
0.945406
0.9476469999999999
0.948831
0.948991
0.948292
0.946693
0.944011
0.9422280000000001
0.9419709999999999
0.9415049999999999
0.94066
0.9395879999999999
0.938135
0.937476
0.93978
0.943433
0.945925
0.947305
0.947708
0.946888
0.9445389999999999
0.942675
0.9419360000000001
0.940607
0.9385370000000001
0.935894
0.93266
0.9305129999999999
0.9317129999999999
0.934499
0.936573
0.9379799999999999
0.93865
0.938217
0.938265
0.939225
0.9394459999999999
0.9387139999999999
0.93711
0.934515
0.931182
0.9306180000000001
0.932737
0.9342030000000001
0.935026
0.935373
0.935191
0.93429
0.934298
0.935442
0.9359709999999999
0.935795
0.935117
0.9338040000000001
0.9321950000000001
0.933341
0.9366120000000001
0.938718
0.9396909999999999
0.9397120000000001
0.9388120000000001
0.93699
0.936159
0.9368219999999999
0.93729
0.9372590000000001
0.936624
0.9352889999999999
0.934161
0.936002
0.93975
0.9424610000000001
0.9442229999999999
0.945067
0.9448209999999999
0.94505
0.9460799999999999
0.9463600000000001
0.945722
0.944241
0.941934
0.938792
0.9373389999999999
0.93879
0.940651
0.941842
0.942435
0.9423809999999999
0.9415959999999999
0.941522
0.942277
0.942369
0.9418559999999999
0.940868
0.939275
0.936861
0.936535
0.93899
0.941097
0.942124
0.942176
0.941423
0.940031
0.93968
0.940694
0.9415399999999999
0.9419489999999999
0.9418129999999999
0.941051
0.939485
0.9403219999999999
0.943958
0.947032
0.949167
0.950335
0.9503879999999999
0.949091
0.9479620000000001
0.947485
0.946375
0.9445600000000001
0.9421729999999999
0.9393469999999999
0.935968
0.935522
0.9382950000000001
0.940593
0.9421450000000001
0.942997
0.9430200000000001
0.9435040000000001
0.9445819999999999
0.944832
0.944106
0.942363
0.9396209999999999
0.9359870000000001
0.9332219999999999
0.933249
0.934492
0.935133
0.935241
0.9349379999999999
0.934206
0.9344549999999999
