1.014267
1.01338
1.013701
1.0132219999999998
1.011798
1.009572
1.006533
1.00401
1.0046620000000002
1.007031
1.008325
1.008669
1.008235
1.006966
1.004724
1.003558
1.0038610000000001
1.003566
1.002356
1.0003229999999999
0.997559
0.9955950000000001
0.9967870000000001
0.999431
1.0009350000000001
1.001375
1.0009290000000002
0.9996700000000001
0.9975450000000001
0.99661
0.997243
0.9973790000000001
0.9967090000000001
0.995216
0.992791
0.991309
0.9928969999999999
0.995619
0.9973350000000001
0.99811
0.9980469999999999
0.997077
0.9950110000000001
0.9940209999999999
0.994685
0.9949870000000001
0.994632
0.9936389999999999
0.9919319999999999
0.991892
0.9949690000000001
0.998389
1.00039
1.0011299999999999
1.000844
0.999568
0.997189
0.99595
0.996333
0.9961690000000001
0.995183
0.9934940000000001
0.9910889999999999
0.990633
0.993449
0.9965870000000001
0.9985129999999999
0.999275
0.998893
0.9973270000000001
0.99665
0.9972409999999999
0.9970690000000001
0.995877
0.993812
0.9909620000000001
0.9880180000000001
0.988359
0.99134
0.993397
0.994418
0.994547
0.99379
0.992025
0.991094
0.991302
0.9908129999999999
0.989563
0.987727
0.985274
0.9829110000000001
0.9836379999999999
0.9865010000000001
0.9882709999999999
0.989144
0.989433
0.989186
0.9883040000000001
0.9887379999999999
0.990742
0.9921540000000001
0.9925649999999999
0.9919399999999999
0.990268
0.989034
0.990801
0.9940559999999999
0.9961770000000001
0.997267
0.997451
0.996717
0.9949950000000001
0.9943290000000001
0.995085
0.995257
0.994612
0.993196
0.990916
0.9894569999999999
0.990991
0.993667
0.995172
0.9955120000000001
0.994762
0.992899
0.9898299999999999
0.987791
0.9873930000000001
0.9866389999999999
0.9852219999999999
0.9831479999999999
0.980361
0.9792219999999999
0.98126
0.983841
0.985233
0.985618
0.985218
0.984007
0.9838
0.984859
0.98524
0.984675
0.9833049999999999
0.981309
0.978879
0.979676
0.983535
0.986519
0.9884780000000001
0.9895
0.9895450000000001
0.988499
0.9882200000000001
0.989189
0.9896969999999999
0.989539
0.988791
0.9873879999999999
0.9853459999999999
0.98624
0.989916
0.992591
0.994273
0.995217
0.995503
0.9950129999999999
0.9955930000000001
0.99749
0.998713
0.9990459999999999
0.9985370000000001
0.997078
0.995432
0.996677
0.9999879999999999
1.002291
1.0037690000000001
1.0046030000000001
1.004641
1.0036040000000002
1.0033239999999999
1.004138
1.004102
1.00296
1.000802
0.9977090000000001
0.994539
0.9945280000000001
0.996865
0.998195
0.9984879999999999
0.9978229999999999
0.996187
0.9935870000000001
0.992117
0.9922270000000001
0.9919870000000001
0.9911040000000001
0.9895139999999999
0.987051
0.984783
0.985398
0.987717
0.989066
0.9895860000000001
0.9894040000000001
0.988474
0.986634
0.9858110000000001
0.9864219999999999
0.9866159999999999
0.986183
0.9851479999999999
0.983474
0.982491
0.9847379999999999
0.9886889999999999
0.9914879999999999
0.993023
0.9933569999999999
0.9925360000000001
0.990517
0.9893549999999999
0.9895579999999999
0.989242
0.9881469999999999
0.986344
0.9838870000000001
0.9824360000000001
0.9843120000000001
0.98774
0.990207
0.9916879999999999
0.9921969999999999
0.9916149999999999
0.9898290000000001
0.989014
0.989607
0.989467
0.988243
0.986022
0.982876
0.980987
0.982512
0.9853870000000001
0.987498
0.988823
0.989366
0.988983
0.989405
0.9908389999999999
0.99135
0.9907549999999999
0.9893059999999999
0.9871409999999999
0.9842270000000001
0.984347
0.9875370000000001
0.989676
0.9906020000000001
0.9906209999999999
0.9898870000000001
0.988384
0.9879540000000001
0.9889469999999999
0.9895200000000001
0.989359
0.988448
0.986693
0.98413
0.984533
0.9877889999999999
0.9899379999999999
0.9909690000000001
0.9911209999999999
0.990447
0.9889120000000001
0.988489
0.989547
0.990151
0.990028
0.989245
0.9877530000000001
0.9861709999999999
0.987542
0.991074
0.993541
0.994964
0.995409
0.994791
0.992975
0.991851
0.991877
0.9913489999999999
0.9901479999999999
0.988345
0.985891
0.9835940000000001
0.984409
0.987311
0.989035
0.989553
0.9890559999999999
0.9876459999999999
0.985253
0.9838450000000001
0.983851
0.9833370000000001
0.9820190000000001
0.979987
0.977347
0.9756729999999999
0.9773700000000001
0.9808110000000001
0.9834129999999999
0.985133
0.9859530000000001
0.985706
0.986085
0.987409
0.9880190000000001
0.987822
0.986965
0.9855219999999999
0.983432
0.983757
0.987088
0.990122
0.9921540000000001
0.99329
0.9935700000000001
0.992951
0.9931459999999999
0.994431
0.995027
0.9946659999999999
0.993442
0.99144
0.988553
0.9879870000000001
0.990324
0.9921530000000001
0.9929379999999999
0.9929379999999999
0.992337
0.9911280000000001
0.9910770000000001
0.992458
0.9933770000000001
0.993476
0.992705
0.9909819999999999
0.988266
0.988482
0.9917159999999999
0.993927
0.9950479999999999
0.9952719999999999
0.9946
0.992925
0.9920950000000001
0.992554
0.992562
0.991873
0.990554
0.9885709999999999
0.985725
0.9857540000000001
0.98865
0.9903790000000001
0.990999
0.9907450000000001
0.989612
0.987499
0.986289
0.986353
0.9859
0.984819
0.983247
0.981142
0.979075
0.980215
0.983824
0.986456
0.9880110000000001
0.988557
0.988089
0.986592
0.9860270000000001
0.986773
0.9869829999999999
0.986441
0.985194
0.983217
0.981334
0.9826379999999999
0.9862479999999999
0.9889110000000001
0.9905950000000001
0.9913700000000001
0.991135
0.989727
0.989118
0.98985
0.990099
0.989525
0.9880969999999999
0.985778
0.983355
0.983933
0.986771
0.9887610000000001
0.9899110000000001
0.990302
0.9898600000000001
0.990266
0.991748
0.992481
0.992174
0.9909379999999999
0.988942
0.986234
0.9853879999999999
0.9876149999999999
0.990207
0.9918290000000001
0.9925510000000001
0.9925129999999999
0.991742
0.991915
0.99331
0.99423
0.9944290000000001
0.9939129999999999
0.9926
0.990298
0.9896590000000001
0.991933
0.9943780000000001
0.995818
0.996391
0.996195
0.995167
0.995086
0.996361
0.9972620000000001
0.997475
0.9969870000000001
0.9957459999999999
0.9935780000000001
0.993617
0.996442
0.998719
0.9999459999999999
1.000305
0.999742
0.9981030000000001
0.997151
0.997266
0.99677
0.9955649999999999
0.993814
0.9915
0.9884639999999999
0.988203
0.9910540000000001
0.9932139999999999
0.9942030000000001
0.9941
0.9929469999999999
0.990771
0.989466
0.989425
0.988901
0.98767
0.985758
0.983153
0.980092
0.980319
0.983692
0.9863860000000001
0.988317
0.9895430000000001
0.989923
0.9892209999999999
0.989185
0.990209
0.990606
0.9902209999999999
0.9891280000000001
0.9873379999999999
0.9850190000000001
0.985776
0.9894129999999999
0.992188
0.994088
0.995225
0.995549
0.994936
0.9952209999999999
0.9967360000000001
0.9975860000000001
0.9975219999999999
0.9966700000000001
0.9950110000000001
0.9927389999999999
0.993341
0.996519
0.9986209999999999
0.9996719999999999
0.9999290000000001
0.9994569999999999
0.998115
0.9977280000000001
0.998649
0.9989819999999999
0.9984120000000001
0.996927
0.994481
0.99159
0.991815
0.9947379999999999
0.996766
0.997828
0.998007
0.997195
0.995259
0.994181
0.9944879999999999
0.9944040000000001
0.993691
0.9923879999999999
0.9904139999999999
0.988073
0.988684
0.991718
0.993608
0.9944360000000001
0.9944049999999999
0.9934950000000001
0.993396
0.994411
0.9948229999999999
0.9944069999999999
0.993294
0.991547
0.9890969999999999
0.9881479999999999
0.9902110000000001
0.9928889999999999
0.994495
0.9950319999999999
0.994599
0.9932790000000001
0.9927969999999999
0.993396
0.9933719999999999
0.9925700000000001
0.9911399999999999
0.9891620000000001
0.986619
0.9863569999999999
0.989252
0.9921700000000001
0.9940329999999999
0.994941
0.994922
0.9938870000000001
0.99359
0.9944379999999999
0.994816
0.99455
0.9936780000000001
0.992182
0.989914
0.9901969999999999
0.99344
0.996133
0.99795
0.999086
0.9995280000000001
0.999102
0.99945
1.000785
1.001248
1.000578
0.998936
0.996508
0.9933049999999999
0.992885
0.995632
0.997815
0.999007
0.9993270000000001
0.998814
0.997382
0.9968459999999999
0.9975809999999999
0.997808
0.997295
0.996052
0.993986
0.991131
0.991267
0.9943209999999999
0.996339
0.997257
0.997286
0.996475
0.994776
0.9941209999999999
0.9949540000000001
0.995434
0.995245
0.9943879999999999
0.9927940000000001
0.990303
0.990664
0.993885
0.9960209999999999
0.997143
0.9974559999999999
0.996909
0.9953790000000001
0.994677
0.9951700000000001
0.99511
0.9943709999999999
0.9931200000000001
0.9913639999999999
0.9891139999999999
0.9900469999999999
0.993992
0.996914
0.9986510000000001
0.999287
0.9988450000000001
0.9991180000000001
1.000476
1.001252
1.001227
1.000459
0.9989239999999999
0.996569
0.9953850000000001
0.9972270000000001
1.000059
1.0019879999999999
1.003081
1.0034
1.002844
1.0029780000000001
1.0040790000000002
1.004578
1.0042959999999999
1.003255
1.001433
0.998743
0.9973540000000001
0.998908
1.001211
1.002666
1.0033239999999999
1.003215
1.002285
1.0022440000000001
1.003388
1.003962
1.003685
1.0026469999999998
1.000947
0.998501
0.997808
1.000051
1.002502
1.0038799999999999
1.004301
1.0039209999999998
1.002766
1.002553
1.003603
1.004198
1.004035
1.003076
1.00124
0.998382
0.9972850000000001
0.999236
1.001471
1.00282
1.003356
1.0030629999999998
1.001774
1.001227
1.001849
1.001973
1.0013940000000001
1.000181
0.998346
0.995765
0.995699
0.998642
1.001117
1.002637
1.0033370000000001
1.0031450000000002
1.00193
1.001525
1.002335
1.002632
1.0022719999999998
1.0013809999999999
0.9999020000000001
0.9976309999999999
0.9978959999999999
1.001199
1.003949
1.005562
1.0061200000000001
1.0056829999999999
1.00429
1.0037909999999999
1.004551
1.004821
1.0043440000000001
1.003111
1.0010940000000002
0.9982850000000001
0.9982770000000001
1.001573
1.004512
1.006583
1.007811
1.008066
1.0071350000000001
1.0067760000000001
1.0074239999999999
1.007441
1.0066700000000002
1.005177
1.002977
0.9999899999999999
0.9998940000000001
1.0029649999999999
1.005391
1.006946
1.007739
1.007725
1.00678
1.006691
1.007752
1.008068
1.007385
1.005853
1.0034969999999999
1.000171
0.999713
1.002338
1.004076
1.004831
1.004848
1.004185
1.002702
1.002167
1.002918
1.003109
1.002433
1.000875
0.9983770000000001
0.9950629999999999
0.99482
0.9975940000000001
0.999401
1.00016
1.000011
0.9989180000000001
0.9985700000000001
0.9993860000000001
0.9998309999999999
0.999734
0.9991559999999999
0.9980829999999999
0.996375
0.9957600000000001
0.997927
1.000776
1.002381
1.002928
1.00261
1.0014399999999999
1.001113
1.0019360000000002
1.002229
1.001789
1.000779
0.999281
0.9971760000000001
0.996719
0.999337
1.002521
1.004667
1.005792
1.005991
1.005309
1.005509
1.006833
1.007493
1.007285
1.006327
1.004684
1.0023540000000002
1.0022469999999999
1.005249
1.008245
1.010217
1.011256
1.011341
1.0103
1.009807
1.010251
1.01006
1.009098
1.007448
1.005125
1.00201
1.000953
1.002887
1.004845
1.005971
1.0063950000000002
1.006106
1.004944
1.0045959999999998
1.005325
1.005303
1.004278
1.002394
0.999812
0.9965200000000001
0.9959180000000001
0.9985280000000001
1.000791
1.0021520000000002
1.0027030000000001
1.002476
1.001396
1.0012379999999999
1.0023540000000002
1.0029860000000002
1.002883
1.00204
1.000356
0.997712
0.997667
1.000704
1.003132
1.004485
1.004937
1.004535
1.003225
1.002901
1.004016
1.004764
1.004788
1.004049
1.002469
0.999877
0.9999370000000001
1.002885
1.004918
1.005953
1.006206
1.00565
1.004171
1.003603
1.004283
1.0043799999999998
1.003733
1.002509
1.000732
0.9984139999999999
0.999287
1.003195
1.006049
1.0076610000000001
1.008108
1.007428
1.005675
1.0048190000000001
1.005279
1.005266
1.004536
1.0030940000000002
1.000896
0.998058
0.998373
1.0017120000000002
1.004104
1.0054809999999998
1.005966
1.005485
1.0038690000000001
1.003018
1.0034239999999999
1.003268
1.002227
1.000321
0.997585
0.9943350000000001
0.9942190000000001
0.9970319999999999
0.9990620000000001
1.0002
1.000493
0.999878
1.0000280000000001
1.001195
1.001615
1.001041
0.9996229999999999
0.9975440000000001
0.994827
0.99351
0.9951959999999999
0.9976200000000001
0.9989540000000001
0.9992559999999999
0.9987360000000001
0.997519
0.997352
0.998533
0.9993549999999999
0.999524
0.999009
0.997714
0.9954540000000001
0.994712
0.9969020000000001
0.9994649999999999
1.0010649999999999
1.001839
1.001874
1.0010809999999999
1.0012020000000001
1.0026059999999999
1.003555
1.0037909999999999
1.003367
1.002297
1.0004549999999999
1.000902
1.004225
1.0070940000000002
1.008896
1.009783
1.009692
1.008473
1.0079049999999998
1.0083739999999999
1.0081950000000002
1.0072709999999998
1.005773
1.00368
1.000804
1.0003879999999998
1.002985
1.0050729999999999
1.006005
1.00589
1.0048
1.002756
1.0016120000000002
1.0017129999999999
1.001271
1.000048
0.998064
0.995316
0.991807
0.991424
0.994394
0.996782
0.998396
0.9992989999999999
0.9993489999999999
0.9983120000000001
0.997917
0.9985790000000001
0.998675
0.9980709999999999
0.996842
0.994974
0.9923280000000001
0.9925639999999999
0.9958819999999999
0.9984370000000001
1.000071
1.0009299999999999
1.001004
1.000194
0.998359
0.9953870000000001
0.991217
0.985844
0.98239
0.981419
0.9797899999999999
0.976901
0.972878
0.9728690000000001
0.977103
0.980497
0.982842
0.984137
0.984174
0.982807
0.9799889999999999
0.9756360000000001
0.9726879999999999
0.971556
0.9692930000000001
0.9658180000000001
0.961586
0.960865
0.9644010000000001
0.9676809999999999
0.9694010000000001
0.96944
0.967858
0.9647020000000001
0.959943
0.9536120000000001
0.9487030000000001
0.945853
0.9423459999999999
0.9378540000000001
0.9325399999999999
0.930225
0.931883
0.933393
0.933409
0.9321280000000001
0.929881
0.9268569999999999
0.923097
0.921314
0.921932
0.922193
0.92166
0.920366
0.920703
0.9244399999999999
0.928811
0.9316260000000001
0.9330209999999999
0.9332889999999999
0.9326110000000001
0.9310620000000001
0.928579
0.925016
0.923161
0.9237209999999999
0.92411
0.9238129999999999
0.922615
0.924491
0.929515
0.932932
0.93419
0.9336260000000001
0.9315469999999999
0.928149
0.9234690000000001
0.9174690000000001
0.9132610000000001
0.911428
0.908983
0.905583
0.9022120000000001
0.9027790000000001
0.9063260000000001
0.9086139999999999
0.9095040000000001
0.909112
0.907334
0.9038700000000001
0.898374
0.890782
0.884495
0.88044
0.875876
0.87054
0.866081
0.865816
0.86811
0.869287
0.869124
0.8677450000000001
0.865236
0.861563
0.8566239999999999
0.853301
0.8521639999999999
0.8504870000000001
0.847973
0.845176
0.845676
0.848656
0.850002
0.8497610000000001
0.8484219999999999
0.8463579999999999
0.843723
0.8404940000000001
0.836563
0.834729
0.835448
0.8358270000000001
0.8353209999999999
0.835032
0.8381299999999999
0.8432370000000001
0.846743
0.8485879999999999
0.849092
0.848453
0.846708
0.8438760000000001
0.840044
0.838404
0.839598
0.840616
0.84086
0.8422229999999999
0.847051
0.852928
0.8569200000000001
0.8591260000000001
0.8599889999999999
0.859721
0.858208
0.855208
0.8505450000000001
0.847349
0.8463309999999999
0.844535
0.8414719999999999
0.8392649999999999
0.8406530000000001
0.843563
0.845198
0.84555
0.8447319999999999
0.8426610000000001
0.839159
0.834111
0.830349
0.8283739999999999
0.8254549999999999
0.82134
0.817188
0.8165600000000001
0.8184859999999999
0.819262
0.81879
0.8172649999999999
0.814792
0.811383
0.806977
0.801508
0.797794
0.796517
0.795048
0.792809
0.790954
0.792403
0.79569
0.797562
0.798072
0.797571
0.7963210000000001
0.7944100000000001
0.79177
0.790946
0.792292
0.793064
0.792724
0.791824
0.794104
0.799029
0.802679
0.8049569999999999
0.806149
0.8065
0.806134
0.804951
0.802717
0.802037
0.803376
0.8040390000000001
0.8035869999999999
0.803327
0.806269
0.810886
0.813824
0.815206
0.815427
0.814685
0.813012
0.810331
0.806602
0.804814
0.805476
0.805614
0.80469
0.804581
0.807725
0.811991
0.814592
0.815576
0.815209
0.813667
0.81098
0.806988
0.8015140000000001
0.7973520000000001
0.79513
0.792319
0.7887069999999999
0.785948
0.7870060000000001
0.790319
0.79271
0.794026
0.79433
0.793529
0.7913680000000001
0.787572
0.784625
0.783148
0.78084
0.777452
0.7733369999999999
0.772506
0.774918
0.776644
0.777674
0.7782600000000001
0.7785350000000001
0.778457
0.777782
0.7761560000000001
0.775816
0.777042
0.777334
0.776395
0.775045
0.7767029999999999
0.780562
0.783041
0.784338
0.784968
0.785171
0.784888
0.783928
0.782133
0.782098
0.784207
0.785684
0.7859520000000001
0.786362
0.789787
0.794729
0.79809
0.799878
0.800396
0.799828
0.798182
0.7953640000000001
0.791287
0.788736
0.788315
0.787392
0.785508
0.784396
0.786782
0.790824
0.793543
0.794918
0.7952060000000001
0.794431
0.792361
0.788734
0.783439
0.779334
0.777181
0.774523
0.7710600000000001
0.768768
0.770325
0.773834
0.776476
0.7781279999999999
0.778792
0.778335
0.7765989999999999
0.773513
0.771506
0.771019
0.769734
0.767422
0.764354
0.764676
0.7684380000000001
0.7714529999999999
0.7735449999999999
0.7748430000000001
0.775347
0.774939
0.773411
0.770558
0.7688
0.768792
0.76832
0.767003
0.7653840000000001
0.767166
0.7718619999999999
0.775619
0.778308
0.780081
0.780988
0.780948
0.77978
0.779742
0.781219
0.7818470000000001
0.7812720000000001
0.779619
0.780857
0.7854369999999999
0.789357
0.792129
0.7939350000000001
0.794922
0.795125
0.794388
0.7924359999999999
0.789075
0.786913
0.7865310000000001
0.785446
0.783255
0.781552
0.783141
0.786357
0.7882819999999999
0.789028
0.788812
0.787662
0.785475
0.782184
0.78036
0.7804909999999999
0.780096
0.778792
0.776875
0.778157
0.78238
0.785468
0.787209
0.7876920000000001
0.786992
0.785146
0.782022
0.777417
0.773671
0.771475
0.76893
0.765999
0.762872
0.763648
0.768234
0.772087
0.7748149999999999
0.7764220000000001
0.7768470000000001
0.775958
0.773702
0.7702
0.768076
0.767874
0.767265
0.765933
0.764671
0.767037
0.772293
0.776654
0.780022
0.7826380000000001
0.78457
0.785655
0.7855800000000001
0.7863600000000001
0.788284
0.789168
0.788849
0.787471
0.787961
0.791554
0.795284
0.7978689999999999
0.799453
0.800177
0.800028
0.798883
0.796563
0.792954
0.7907029999999999
0.790463
0.789801
0.788239
0.786834
0.78875
0.792693
0.795148
0.796111
0.795871
0.794606
0.792415
0.789321
0.7877689999999999
0.788211
0.788247
0.787486
0.785902
0.7868729999999999
0.790916
0.794446
0.7968770000000001
0.7983279999999999
0.798726
0.797884
0.795599
0.791772
0.788745
0.787219
0.78532
0.782899
0.780067
0.779826
0.7831020000000001
0.786499
0.788605
0.789416
0.7890729999999999
0.7877149999999999
0.785377
0.782069
0.780323
0.780691
0.780845
0.780412
0.7793640000000001
0.781624
0.787116
0.791539
0.794779
0.797091
0.798586
0.799188
0.798663
0.796829
0.7961239999999999
0.797079
0.797379
0.796686
0.795036
0.796389
0.8011560000000001
0.805226
0.80808
0.809812
0.810434
0.809818
0.807779
0.8042229999999999
0.801708
0.8009109999999999
0.799656
0.797632
0.79479
0.79514
0.798623
0.8009390000000001
0.8021
0.802421
0.802004
0.8008029999999999
0.7986979999999999
0.795567
0.7938310000000001
0.7938930000000001
0.793253
0.791465
0.788565
0.788856
0.792531
0.795243
0.79685
0.797566
0.797485
0.796614
0.7948689999999999
0.79218
0.791003
0.791859
0.792387
0.792101
0.790858
0.792354
0.796783
0.800045
0.801797
0.802325
0.8017920000000001
0.800258
0.797709
0.7941739999999999
0.792305
0.792667
0.792779
0.792148
0.790864
0.792867
0.797966
0.801852
0.804309
0.805552
0.805756
0.8048850000000001
0.80271
0.8014220000000001
0.8014899999999999
0.8008270000000001
0.799355
0.797269
0.797316
0.800788
0.8048109999999999
0.8078489999999999
0.809824
0.810706
0.810403
0.80878
0.805757
0.803703
0.803204
0.802164
0.800318
0.7976800000000001
0.7969689999999999
0.7994829999999999
0.8023060000000001
0.804018
0.8048420000000001
0.805016
0.804562
0.803348
0.8012090000000001
0.8003859999999999
0.8013020000000001
0.80172
0.801261
0.799817
0.800404
0.804017
0.807505
0.809963
0.811659
0.812697
0.8129770000000001
0.812288
0.810424
0.809651
0.810433
0.810511
0.809508
0.8074680000000001
0.807629
0.811076
0.814484
0.816679
0.817803
0.818013
0.8173520000000001
0.815721
0.8129890000000001
0.8115899999999999
0.812033
0.8119430000000001
0.810872
0.8087489999999999
0.808971
0.812262
0.81508
0.816764
0.81757
0.817581
0.816729
0.8148449999999999
0.811801
0.810056
0.810176
0.8098890000000001
0.808846
0.807036
0.807804
0.811884
0.8156100000000001
0.817967
0.819101
0.8192159999999999
0.8183239999999999
0.816263
0.812934
0.8107979999999999
0.810507
0.8099529999999999
0.808814
0.806999
0.807791
0.8119529999999999
0.8158880000000001
0.818631
0.820282
0.820882
0.820325
0.818491
0.815371
0.8134319999999999
0.813167
0.812279
0.810454
0.80779
0.808128
0.812182
0.81611
0.8191930000000001
0.8215100000000001
0.8229920000000001
0.8234090000000001
0.822478
0.820009
0.8185140000000001
0.81868
0.818254
0.81686
0.8144899999999999
0.814959
0.8188840000000001
0.8223950000000001
0.824876
0.826428
0.8270870000000001
0.8267979999999999
0.825433
0.82286
0.82152
0.821851
0.821385
0.8197549999999999
0.817083
0.817282
0.820836
0.8237180000000001
0.8253520000000001
0.8259639999999999
0.8257450000000001
0.8247030000000001
0.8227040000000001
0.8196479999999999
0.8180350000000001
0.818346
0.818141
0.817014
0.814934
0.815836
0.8200350000000001
0.823365
0.825377
0.8261879999999999
0.825874
0.824415
0.821766
0.81798
0.815695
0.815484
0.814973
0.813783
0.811866
0.813247
0.817988
0.8216030000000001
0.8237700000000001
0.824784
0.824774
0.823622
0.821142
0.817258
0.8146479999999999
0.814026
0.8130689999999999
0.811409
0.809167
0.810533
0.815415
0.8192969999999999
0.821896
0.8232940000000001
0.823475
0.8223879999999999
0.8200059999999999
0.8163
0.813904
0.813427
0.812457
0.810685
0.808595
0.810172
0.815012
0.818857
0.8215049999999999
0.823076
0.823577
0.8229040000000001
0.8208840000000001
0.817385
0.815103
0.814725
0.81381
0.811951
0.809635
0.810707
0.814713
0.81765
0.81945
0.820305
0.8202780000000001
0.8192940000000001
0.817176
0.813775
0.811702
0.811451
0.810516
0.808631
0.806492
0.807732
0.811634
0.814247
0.815557
0.815914
0.815459
0.814103
0.8116939999999999
0.8081699999999999
0.806231
0.806393
0.80602
0.804613
0.802862
0.8043359999999999
0.808338
0.811094
0.81248
0.812722
0.811944
0.81016
0.807366
0.8035640000000001
0.801495
0.801728
0.8016479999999999
0.800747
0.7999149999999999
0.80242
0.8071619999999999
0.810545
0.8125760000000001
0.8134779999999999
0.8132590000000001
0.811829
0.809126
0.8052199999999999
0.803038
0.803203
0.803034
0.8020510000000001
0.801455
0.804391
0.809509
0.813284
0.815538
0.816372
0.815882
0.814153
0.811164
0.806868
0.804091
0.803439
0.802312
0.800376
0.799071
0.801458
0.806086
0.80961
0.811867
0.812944
0.812839
0.811433
0.808554
0.804171
0.801199
0.800261
0.7986810000000001
0.796059
0.793916
0.795362
0.799022
0.801715
0.803347
0.804074
0.80393
0.802795
0.800473
0.799366
0.799841
0.799421
0.797884
0.795339
0.7958890000000001
0.7995899999999999
0.802143
0.803489
0.8039350000000001
0.8036270000000001
0.80256
0.80065
0.797782
0.796424
0.797021
0.797091
0.796199
0.794588
0.796151
0.8005939999999999
0.8036909999999999
0.805271
0.805625
0.805002
0.803534
0.8012670000000001
0.798197
0.7969970000000001
0.798153
0.7990109999999999
0.799036
0.7989149999999999
0.802002
0.807316
0.811026
0.8130930000000001
0.813917
0.813706
0.812388
0.809778
0.805747
0.8030149999999999
0.8022699999999999
0.8010729999999999
0.799063
0.79715
0.798828
0.803165
0.806366
0.808231
0.808864
0.8083319999999999
0.8066409999999999
0.8036449999999999
0.799158
0.795879
0.794478
0.792562
0.789902
0.787799
0.7893560000000001
0.793279
0.796243
0.798198
0.799298
0.799528
0.798708
0.7965909999999999
0.793076
0.790956
0.7908229999999999
0.790078
0.788321
0.786784
0.788728
0.793053
0.796426
0.798805
0.800381
0.801158
0.800952
0.799529
0.796748
0.795276
0.795613
0.795184
0.793676
0.792445
0.794605
0.798824
0.801784
0.803503
0.804301
0.804295
0.8033779999999999
0.8013779999999999
0.798175
0.79651
0.796868
0.7964720000000001
0.794805
0.793551
0.795744
0.799795
0.802596
0.804054
0.804393
0.80378
0.802226
0.799583
0.798261
0.798707
0.7984979999999999
0.797325
0.795216
0.796299
0.800583
0.80361
0.805189
0.8055640000000001
0.804856
0.803048
0.800089
0.795945
0.793176
0.792434
0.791483
0.790031
0.788299
0.790185
0.795285
0.7991229999999999
0.8014439999999999
0.80243
0.802181
0.800747
0.798184
0.794511
0.792329
0.7921590000000001
0.791536
0.790155
0.788898
0.7913279999999999
0.7965979999999999
0.800854
0.8039609999999999
0.806089
0.807245
0.807222
0.805683
0.802452
0.8002600000000001
0.799751
0.7984399999999999
0.795981
0.793392
0.794396
0.798277
0.801299
0.803291
0.8044
0.804665
0.803938
0.804254
0.805829
0.806343
0.805487
0.8034600000000001
0.802398
0.804329
0.807244
0.809056
0.809812
0.80971
0.810528
0.812685
0.8146100000000001
0.81593
0.816599
0.81666
0.816177
0.81806
0.8226629999999999
0.8266899999999999
0.829313
0.8305540000000001
0.830577
0.829577
0.829189
0.8298780000000001
0.83044
0.830875
0.8313729999999999
0.8319350000000001
0.832361
0.83552
0.841468
0.84657
0.850174
0.852427
0.853663
0.854232
0.855816
0.8586
0.8608629999999999
0.8622120000000001
0.862693
0.862405
0.8614459999999999
0.863118
0.867302
0.8705290000000001
0.872878
0.874609
0.87574
0.876043
0.876758
0.877986
0.8781690000000001
0.8771059999999999
0.874933
0.87182
0.868237
0.8674620000000001
0.86925
0.870359
0.870842
0.870926
0.8706020000000001
0.871172
0.8727219999999999
0.8736719999999999
0.8737590000000001
0.873143
0.872058
0.8705379999999999
0.870567
0.873216
0.876215
0.878374
0.879972
0.8812459999999999
0.882188
0.884036
0.886921
0.88945
0.891442
0.8929799999999999
0.8940290000000001
0.894358
0.8947620000000001
0.8977379999999999
0.9024049999999999
0.9062819999999999
0.90943
0.911983
0.9138780000000001
0.9164059999999999
0.919903
0.92315
0.9259459999999999
0.928256
0.9299219999999999
0.930657
0.9309280000000001
0.9335040000000001
0.9378139999999999
0.941174
0.9437989999999999
0.9458700000000001
0.947263
0.9477620000000001
0.948842
0.950786
0.9520649999999999
0.952499
0.952102
0.950787
0.9484870000000001
0.9481790000000001
0.950996
0.9540540000000001
0.95626
0.9575610000000001
0.9579040000000001
0.9571280000000001
0.9567049999999999
0.957003
0.956614
0.9554
0.953499
0.951042
0.948039
0.9465610000000001
0.9482780000000001
0.9510350000000001
0.9529850000000001
0.95394
0.9537709999999999
0.9523719999999999
0.951307
0.9511270000000001
0.9505680000000001
0.949413
0.947677
0.945351
0.9423739999999999
0.9405120000000001
0.942011
0.945225
0.947924
0.9499799999999999
0.95134
0.9532149999999999
0.955787
0.957742
0.9589120000000001
0.9594299999999999
0.9593430000000001
0.9585969999999999
0.95715
0.958224
0.962358
0.966255
0.9693959999999999
0.971864
0.973611
0.9745379999999999
0.976188
0.978878
0.981035
0.982332
0.982734
0.9822549999999999
0.980929
0.9811690000000001
0.984503
0.988504
0.991556
0.993618
0.9947290000000001
0.9949209999999999
0.995917
0.998058
0.9996940000000001
1.000553
1.00065
0.999973
0.9984629999999999
0.9984120000000001
1.001456
1.005219
1.0079
1.009372
1.0096129999999999
1.0085709999999999
1.007897
1.008114
1.007868
1.006997
1.005587
1.003692
1.0012370000000002
0.9994379999999999
1.00054
1.003019
1.004345
1.0045959999999998
1.003935
1.002363
1.001494
1.0017209999999999
1.001542
1.000761
0.999534
0.9979399999999999
0.9958879999999999
0.9947020000000001
0.996654
1.00023
1.002904
1.004573
1.005252
1.004936
1.005287
1.006707
1.007699
1.008057
1.007841
1.0070299999999999
1.005528
1.004592
1.006694
1.0104950000000001
1.013379
1.0152780000000001
1.01621
1.016078
1.016491
1.0178719999999999
1.018789
1.019053
1.018637
1.017482
1.0154940000000001
1.0144309999999999
1.016269
1.019201
1.021234
1.02237
1.022625
1.021944
1.02206
1.023313
1.0239850000000001
1.023802
1.022866
1.021309
1.019087
1.018129
1.020159
1.023021
1.024783
1.025476
1.025284
1.02431
1.022537
1.02194
1.022965
1.023695
1.023714
1.022899
1.021161
1.018623
1.019136
1.022597
1.025025
1.02639
1.026869
1.0264719999999998
1.025193
1.0250920000000001
1.0265540000000002
1.027532
1.027639
1.0268700000000002
1.02519
1.022486
1.022578
1.025684
1.027902
1.029082
1.029316
1.028593
1.026844
1.025987
1.026461
1.02651
1.025963
1.024861
1.023152
1.020699
1.021169
1.0246629999999999
1.027128
1.0283579999999999
1.0286790000000001
1.028219
1.0268959999999998
1.0266469999999999
1.0278690000000001
1.0286170000000001
1.0285870000000001
1.027866
1.026493
1.024327
1.025151
1.0290920000000001
1.032098
1.033986
1.03485
1.034653
1.03335
1.0329700000000002
1.033932
1.034309
1.0338450000000001
1.0326030000000002
1.030538
1.027563
1.02762
1.030988
1.033625
1.035291
1.0361280000000002
1.036086
1.0349760000000001
1.0346540000000002
1.03544
1.035424
1.034446
1.032624
1.02995
1.026499
1.026133
1.02878
1.030471
1.0312649999999999
1.031393
1.030826
1.029407
1.029039
1.029998
1.030208
1.029328
1.027466
1.0247600000000001
1.021514
1.021347
1.023947
1.025492
1.025966
1.025576
1.024429
1.022493
1.021709
1.0224229999999999
1.022675
1.022183
1.020939
1.018832
1.0162879999999999
1.016724
1.019674
1.02162
1.0225469999999999
1.022627
1.021854
1.020074
1.019306
1.0200639999999999
1.020449
1.020192
1.019328
1.017806
1.016477
1.018274
1.0220989999999999
1.024699
1.026111
1.026576
1.0261
1.024516
1.023865
1.0245600000000001
1.0245549999999999
1.023622
1.021941
1.019582
1.0177770000000002
1.019293
1.022778
1.025242
1.026614
1.0269190000000001
1.0261149999999999
1.024168
1.02319
1.023548
1.0231700000000001
1.021823
1.019619
1.016614
1.0142879999999999
1.01537
1.018349
1.0203389999999999
1.021336
1.02142
1.020477
1.018303
1.01693
1.0168540000000001
1.016192
1.014758
1.012612
1.009739
1.007611
1.008712
1.011447
1.013228
1.014161
1.014342
1.0136889999999998
1.012032
1.0114040000000002
1.012156
1.012162
1.011109
1.009115
1.006311
1.004638
1.006291
1.009266
1.011201
1.0121040000000001
1.0120770000000001
1.01115
1.011272
1.012727
1.013551
1.013498
1.012628
1.010908
1.008356
1.0087620000000002
1.0120870000000002
1.014311
1.0152809999999999
1.015152
1.014008
1.011854
1.0107030000000001
1.0110379999999999
1.011024
1.0104
1.009216
1.007447
1.005469
1.006536
1.009934
1.011959
1.012664
1.012413
1.011348
1.009406
1.0085899999999999
1.009277
1.009456
1.008899
1.007806
1.0062440000000001
1.005134
1.0073020000000001
1.011563
1.01471
1.016672
1.017518
1.017161
1.015484
1.0145790000000001
1.014924
1.014599
1.013412
1.011479
1.008779
1.006348
1.007184
1.010191
1.012246
1.013357
1.0136399999999999
1.012987
1.011149
1.0101209999999998
1.0103540000000002
1.00993
1.008645
1.0065110000000002
1.003475
1.001208
1.0020850000000001
1.00442
1.005909
1.006682
1.006786
1.0060870000000002
1.004416
1.003833
1.004715
1.0049540000000001
1.004248
1.002692
1.000359
0.9988969999999999
1.000585
1.003636
1.00556
1.006369
1.006199
1.005142
1.003203
1.002537
1.0036260000000001
1.0044170000000001
1.004509
1.003787
1.002071
1.001012
1.0028920000000001
1.005981
1.0079879999999999
1.008987
1.00909
1.008234
1.006247
1.0053159999999999
1.005994
1.00621
1.00563
1.0042799999999998
1.0021440000000001
1.001401
1.0038719999999999
1.0071459999999999
1.009234
1.010289
1.010402
1.009422
1.007174
1.0058719999999999
1.006025
1.005608
1.004465
1.002686
1.000156
0.999049
1.001148
1.004005
1.005619
1.006016
1.005268
1.003406
1.0004790000000001
0.998755
0.9986799999999999
0.99811
0.99671
0.9944540000000001
0.9913270000000001
0.989909
0.991934
0.9947819999999999
0.9966729999999999
0.99766
0.997727
0.9967090000000001
0.996489
0.997366
0.997423
0.996568
0.994993
0.9927389999999999
0.990394
0.991245
0.9945809999999999
0.996856
0.998101
0.9985120000000001
0.998094
0.9967950000000001
0.996589
0.9977860000000001
0.9983549999999999
0.997966
0.996609
0.9942629999999999
0.991966
0.992677
0.99529
0.9967229999999999
0.997077
0.9965790000000001
0.995347
0.993425
0.992894
0.9940620000000001
0.9947950000000001
0.99474
0.9938629999999999
0.9920540000000001
0.990898
0.992676
0.9956860000000001
0.9975569999999999
0.99831
0.9980319999999999
0.9967010000000001
0.9942049999999999
0.992643
0.992567
0.992072
0.990914
0.9891459999999999
0.986742
0.985447
0.987297
0.990216
0.991818
0.99221
0.9916360000000001
0.990116
0.9874930000000001
0.9859020000000001
0.9857899999999999
0.9850479999999999
0.9834510000000001
0.981209
0.978392
0.977456
0.979965
0.9832860000000001
0.9857
0.9872360000000001
0.987875
0.9874459999999999
0.987826
0.9893860000000001
0.9902049999999999
0.990038
0.989015
0.987194
0.984873
0.9855709999999999
0.9890100000000001
0.991502
0.992976
0.9936229999999999
0.9934879999999999
0.992467
0.9923489999999999
0.993395
0.993683
0.993008
0.991556
0.9893360000000001
0.9866360000000001
0.9868120000000001
0.9893649999999999
0.990685
0.9908899999999999
0.990375
0.989297
0.9875799999999999
0.9871270000000001
0.988237
0.988858
0.988612
0.987469
0.9854299999999999
0.983621
0.9849
0.9880760000000001
0.9901469999999999
0.991188
0.991368
0.9906709999999999
0.989009
0.9882989999999999
0.988874
0.988819
0.9879319999999999
0.9863139999999999
0.983915
0.981709
0.982455
0.9850209999999999
0.986541
0.9871030000000001
0.986816
0.985625
0.9833620000000001
0.9820110000000001
0.982039
0.981605
0.9805360000000001
0.978865
0.976527
0.9753440000000001
0.9773370000000001
0.9804370000000001
0.9823930000000001
0.9832569999999999
0.983173
0.982193
0.982188
0.9834139999999999
0.983988
0.9837100000000001
0.982685
0.9809829999999999
0.978627
0.9793219999999999
0.983157
0.986173
0.988131
0.98913
0.989116
0.9879389999999999
0.987297
0.98756
0.9871489999999999
0.9859889999999999
0.984209
0.9818180000000001
0.978656
0.978405
0.9811860000000001
0.983124
0.9842049999999999
0.9846659999999999
0.984534
0.9836729999999999
0.983825
0.985218
0.985893
0.985592
0.984468
0.9825440000000001
0.980202
0.980766
0.9838100000000001
0.985929
0.9872219999999999
0.98795
0.9880950000000001
0.987389
0.987507
0.9887459999999999
0.9892719999999999
0.988833
0.987455
0.985083
0.982239
0.98239
0.9850610000000001
0.9867309999999999
0.9873780000000001
0.987118
0.9858610000000001
0.9834950000000001
0.9821030000000001
0.9822299999999999
0.9820270000000001
0.981239
0.979877
0.9778040000000001
0.976081
0.9772870000000001
0.98009
0.98174
0.982408
0.982273
0.981267
0.981107
0.9820690000000001
0.982369
0.98183
0.9806520000000001
0.9789389999999999
0.976635
0.9766
0.979691
0.9827790000000001
0.9847950000000001
0.985759
0.985716
0.984706
0.9844280000000001
0.985158
0.985259
0.984608
0.983339
0.9814790000000001
0.9789620000000001
0.978733
0.9815969999999999
0.9843790000000001
0.986192
0.9871979999999999
0.987439
0.986798
0.9869879999999999
0.988366
0.9892559999999999
0.9894299999999999
0.988883
0.9875729999999999
0.985376
0.985877
0.989394
0.992287
0.994411
0.9959
0.996667
0.9964870000000001
0.9969889999999999
0.998408
0.998921
0.99831
0.9967590000000001
0.994458
0.991399
0.991165
0.9940680000000001
0.9962850000000001
0.997394
0.997492
0.9966219999999999
0.9947219999999999
0.9936459999999999
0.993822
0.993506
0.99245
0.990642
0.987985
0.984606
0.9842620000000001
0.9868399999999999
0.9884709999999999
0.9890909999999999
0.988886
0.9878709999999999
0.985975
0.9851059999999999
0.985685
0.985866
0.98534
0.984138
0.982226
0.979726
0.980197
0.983397
0.9855809999999999
0.9868
0.987232
0.986826
0.9854719999999999
0.985001
0.985791
0.986093
0.985763
0.984933
0.9835780000000001
0.981978
0.983518
0.987708
0.9908049999999999
0.9926870000000001
0.9934540000000001
0.9931459999999999
0.9917969999999999
0.991401
0.992358
0.99279
0.992416
0.991244
0.989268
0.987368
0.988711
0.992445
0.995293
0.9972030000000001
0.9982219999999999
0.9982049999999999
0.9969299999999999
0.996332
0.996926
0.9968799999999999
0.995916
0.9940950000000001
0.991458
0.9888629999999999
0.9894120000000001
0.9922780000000001
0.99425
0.9952489999999999
0.9953270000000001
0.9944430000000001
0.9943069999999999
0.9952040000000001
0.995392
0.9946139999999999
0.992991
0.990664
0.987625
0.9861129999999999
0.987533
0.989425
0.9902219999999999
0.9900450000000001
0.989132
0.987592
0.9871280000000001
0.988029
0.988606
0.988568
0.987886
0.9864639999999999
0.984117
0.983497
0.98585
0.988419
0.9900190000000001
0.990776
0.990767
0.9899129999999999
0.989976
0.9913700000000001
0.992403
0.992819
0.9926590000000001
0.9919
0.990366
0.991303
0.9950700000000001
0.998102
1.000018
1.0009940000000002
1.000973
0.9998090000000001
0.9993120000000001
0.9998739999999999
0.9997790000000001
0.9989239999999999
0.997476
0.995417
0.9925790000000001
0.992607
0.9957010000000001
0.997923
0.998974
0.9989549999999999
0.997899
0.995809
0.9945950000000001
0.994633
0.994124
0.992857
0.990878
0.98819
0.9851059999999999
0.985276
0.9884569999999999
0.9908879999999999
0.992492
0.9933379999999999
0.993302
0.992179
0.991742
0.9924219999999999
0.9925719999999999
0.992041
0.990873
0.989031
0.986458
0.9868610000000001
0.9902209999999999
0.9926780000000001
0.994246
0.99508
0.9951540000000001
0.99435
0.994466
0.995817
0.996518
0.9962989999999999
0.995273
0.993425
0.9907790000000001
0.9910200000000001
0.9940899999999999
0.996193
0.997344
0.9977870000000001
0.997552
0.9982489999999999
1.000067
1.001257
1.0015530000000001
1.000969
0.999473
0.996991
0.99556
0.997065
0.999473
1.000923
1.00146
1.001157
0.999948
0.9994870000000001
1.000186
1.000533
1.000367
0.999755
0.9986450000000001
0.996801
0.9961209999999999
0.998143
1.000605
1.001844
1.002118
1.001638
1.000405
1.0001520000000002
1.001205
1.001824
1.001741
1.0010430000000001
0.9997379999999999
0.9976780000000001
0.9973920000000001
1.000105
1.003091
1.005033
1.005949
1.005871
1.0047840000000001
1.0043959999999998
1.004974
1.0048110000000001
1.003752
1.001948
0.99949
0.9963989999999999
0.9955639999999999
0.9979690000000001
1.000553
1.0021870000000002
1.002908
1.002658
1.001261
1.00045
1.0006540000000002
1.000283
0.999189
0.997431
0.9950100000000001
0.991822
0.99119
0.993676
0.995884
0.997395
0.998361
0.998741
0.9983559999999999
0.998873
1.000512
1.0013889999999999
1.001218
1.000124
0.998259
0.995618
0.995599
0.9987540000000001
1.0015319999999999
1.003339
1.004254
1.004317
1.00348
1.003547
1.0049
1.0057969999999998
1.0059690000000001
1.005378
1.0039040000000001
1.001423
1.001544
1.0047110000000001
1.007175
1.008508
1.008893
1.008377
1.006908
1.006394
1.00727
1.007685
1.007287
1.006076
1.004033
1.00105
1.000882
1.003735
1.005734
1.006793
1.007077
1.006512
1.004951
1.004171
1.004504
1.004182
1.003089
1.001419
0.999218
0.996375
0.996656
1.000124
1.002646
1.00394
1.0040950000000002
1.003175
1.0012530000000002
1.000271
1.00064
1.000579
0.999817
0.998334
0.996079
0.993167
0.993403
0.996677
0.999028
1.000391
1.000891
1.0004540000000002
1.00068
1.0018610000000001
1.002405
1.0021209999999998
1.001036
0.999182
0.9965809999999999
0.9952709999999999
0.99702
0.9997469999999999
1.001607
1.002577
1.0026540000000002
1.001785
1.001644
1.0025110000000002
1.0026979999999999
1.002005
1.000615
0.99869
0.9961639999999999
0.995318
0.9974870000000001
1.0000950000000002
1.001627
1.002202
1.002039
1.001236
1.001574
1.003344
1.004738
1.005399
1.005256
1.004206
1.0020879999999999
1.001775
1.00439
1.007047
1.008759
1.00965
1.009724
1.008801
1.0085600000000001
1.0093889999999999
1.009642
1.009133
1.007971
1.006199
1.003692
1.003301
1.0058209999999999
1.0081229999999999
1.009342
1.00959
1.008816
1.006896
1.00568
1.0056200000000002
1.00505
1.0038690000000001
1.002219
1.000041
0.99713
0.996886
0.999724
1.001984
1.003188
1.0034379999999998
1.0027780000000002
1.0012159999999999
1.0005680000000001
1.001159
1.0012159999999999
1.000501
0.9990379999999999
0.996819
0.9938459999999999
0.993727
0.996948
0.99984
1.0019129999999998
1.0031860000000001
1.003525
1.002722
1.002528
1.003398
1.003742
1.003396
1.002383
1.0006549999999999
0.9980629999999999
0.998235
1.001421
1.003822
1.0052729999999999
1.005948
1.005854
1.004905
1.004946
1.006282
1.006967
1.006707
1.005609
1.0036690000000001
1.000911
1.00108
1.004132
1.0061959999999999
1.007255
1.007531
1.007061
1.005692
1.005219
1.005994
1.006175
1.00549
1.003952
1.001516
0.998341
0.998258
1.001147
1.0030459999999999
1.003862
1.0037260000000001
1.002604
1.000435
0.999243
0.9995709999999999
0.999627
0.9991209999999999
0.9980319999999999
0.9962270000000001
0.993764
0.9941549999999999
0.997108
0.998891
0.999609
0.999508
0.998591
0.9985620000000001
0.999699
1.000246
0.9999530000000001
0.9989540000000001
0.9973479999999999
0.9951030000000001
0.994281
0.9965219999999999
0.999561
1.00153
1.0023870000000001
1.002212
1.001082
1.000731
1.001419
1.0014610000000002
1.000721
0.999366
0.9974719999999999
0.9950100000000001
0.9945360000000001
0.9971760000000001
1.0001010000000001
1.001983
1.002925
1.002987
1.002081
1.001947
1.002953
1.003434
1.0031809999999999
1.0022209999999998
1.000544
0.998034
0.9977729999999999
1.000473
1.0029569999999999
1.004648
1.005715
1.006135
1.0057129999999999
1.00606
1.007369
1.007784
1.007048
1.005334
1.0028350000000001
0.999561
0.998777
1.00112
1.0031510000000001
1.0041790000000002
1.004318
1.003636
1.002073
1.001439
1.002106
1.0023
1.0017610000000001
1.000472
0.9983190000000001
0.9951760000000001
0.994907
0.997714
0.999604
1.000451
1.0004790000000001
0.999734
0.9981479999999999
0.997603
0.99851
0.99902
0.9988090000000001
0.9978870000000001
0.9962049999999999
0.9936
0.9937940000000001
0.996936
0.999132
1.0003469999999999
1.000774
1.000364
0.9989959999999999
0.998475
0.9991620000000001
0.9993040000000001
0.998767
0.997706
0.9961120000000001
0.993873
0.994771
0.9987469999999999
1.0016559999999999
1.003349
1.003935
1.003465
1.0019799999999999
1.001443
1.002245
1.002543
1.002056
1.000773
0.998658
0.996052
0.9966149999999999
1.000059
1.00263
1.004269
1.0050629999999998
1.004892
1.003542
1.002902
1.003464
1.003409
1.0024469999999999
1.000624
0.997983
0.994972
0.995107
0.9980180000000001
1.000098
1.001225
1.001439
1.000678
0.998833
0.997807
0.997976
0.997455
0.996052
0.993951
0.991183
0.9882620000000001
0.9884799999999999
0.991207
0.9929129999999999
0.993566
0.9934069999999999
0.992527
0.992662
0.994084
0.9950180000000001
0.9951459999999999
0.994433
0.9928299999999999
0.990267
0.9892350000000001
0.9912120000000001
0.993693
0.9952270000000001
0.995885
0.9957219999999999
0.994657
0.9943870000000001
0.995286
0.9957229999999999
0.995505
0.994733
0.9934290000000001
0.9914350000000001
0.991549
0.9945290000000001
0.9972479999999999
0.998868
0.9995700000000001
0.9993860000000001
0.9982559999999999
0.998028
0.9990760000000001
0.999642
0.999559
0.998933
0.9977010000000001
0.995657
0.9962979999999999
0.9998950000000001
1.002649
1.004211
1.004717
1.004226
1.002732
1.002034
1.002445
1.002197
1.001084
0.999179
0.9965290000000001
0.993157
0.992828
0.995812
0.9982129999999999
0.999705
1.000335
0.999973
0.998397
0.997389
0.9974059999999999
0.9968299999999999
0.9955440000000001
0.993632
0.991084
0.987984
0.987944
0.9908110000000001
0.992815
0.993985
0.994484
0.99429
0.993273
0.993223
0.994424
0.994965
0.9946020000000001
0.993476
0.9915809999999999
0.988981
0.997676
1.052399
1.135768
1.211201
1.2823440000000002
1.349157
1.411533
1.46927
1.5222440000000002
1.570476
1.613999
1.6528049999999999
1.686834
1.7160630000000001
1.740419
1.7620169999999997
1.767611
1.737082
1.691202
1.653132
1.62235
1.6037190000000001
1.594792
1.58956
1.587412
1.587917
1.59056
1.5949870000000002
1.601075
1.608946
1.623945
1.653138
1.704431
1.777923
1.8519439999999998
1.9126189999999998
1.962136
2.0013810000000003
2.03137
2.054642
2.073642
2.087623
2.095925
2.09948
2.09896
2.0941650000000003
2.0824290000000003
2.057052
2.012554
1.956849
1.9109610000000001
1.8827610000000001
1.8667759999999998
1.860903
1.863576
1.8733520000000001
1.888755
1.908252
1.9353310000000001
1.969593
2.005015
2.041096
2.0812049999999997
2.1301650000000003
2.187541
2.24226
2.281491
2.303008
2.3151770000000003
2.321196
2.3184720000000003
2.308219
2.292226
2.272103
2.249321
2.224997
2.202947
2.183302
2.158572
2.124509
2.085756
2.05335
2.035187
2.0303430000000002
2.034802
2.049975
2.073858
2.099812
2.1253830000000002
2.149076
2.16957
2.186153
2.19951
2.212199
2.230856
2.254153
2.271016
2.272997
2.257288
2.2275150000000004
2.188533
2.144053
2.097111
2.049941
2.008263
1.9739970000000002
1.943902
1.9173810000000002
1.893271
1.8696259999999998
1.8457150000000002
1.826152
1.8206040000000001
1.8319009999999998
1.85532
1.8858259999999998
1.9185299999999998
1.9497419999999999
1.980561
2.0095680000000002
2.031643
2.045788
2.052317
2.052398
2.047977
2.040698
2.030057
2.012458
1.985768
1.9493599999999998
1.9030759999999998
1.8505470000000002
1.7965650000000002
1.744716
1.6975689999999999
1.660853
1.635656
1.617318
1.604119
1.594408
1.586268
1.581848
1.5844479999999999
1.5937940000000002
1.6102940000000001
1.63363
1.6598400000000002
1.6837369999999998
1.7012990000000001
1.7099919999999997
1.708525
1.701414
1.6901279999999999
1.6714040000000001
1.64652
1.6178290000000002
1.587204
1.5560829999999999
1.526791
1.495327
1.4560520000000001
1.410959
1.364742
1.321982
1.285727
1.257443
1.241347
1.236987
1.238499
1.2433049999999999
1.249314
1.256065
1.2651649999999999
1.2750059999999999
1.284117
1.2943719999999999
1.305621
1.314871
1.317963
1.3116379999999999
1.294359
1.2706600000000001
1.242257
1.206374
1.164635
1.121109
1.0825879999999999
1.049109
1.016656
0.984655
0.951866
0.917615
0.883259
0.8518530000000001
0.831319
0.8237559999999999
0.823974
0.8337049999999999
0.852916
0.8753489999999999
0.896517
0.914444
0.927737
0.935593
0.9380280000000001
0.936052
0.930924
0.922741
0.909839
0.8943110000000001
0.874993
0.8468540000000001
0.813733
0.780223
0.744793
0.7067720000000001
0.6684060000000001
0.631831
0.5986600000000001
0.569688
0.5445800000000001
0.522044
0.5065270000000001
0.49918500000000005
0.501632
0.5136430000000001
0.52889
0.546512
0.565261
0.583434
0.599064
0.610219
0.615284
0.613116
0.603254
0.586109
0.56818
0.551549
0.5372359999999999
0.525397
0.509156
0.48637700000000006
0.45735299999999995
0.423379
0.386449
0.348887
0.313
0.280618
0.25859699999999997
0.253869
0.260872
0.270887
0.281037
0.29038800000000003
0.298592
0.30618
0.313986
0.32224
0.330205
0.336335
0.338794
0.342062
0.350039
0.357484
0.357975
0.349717
0.334663
0.314753
0.29164
0.266577
0.240046
0.211785
0.181473
0.14937899999999998
0.12453199999999999
0.115031
0.113501
0.11361600000000001
0.116719
0.12376300000000001
0.134135
0.146261
0.15845499999999998
0.169273
0.177587
0.1828
0.18495999999999999
0.191483
0.210009
0.232146
0.24829099999999998
0.257639
0.25974400000000003
0.253632
0.238821
0.21614299999999997
0.187592
0.155578
0.122248
0.089202
0.06722
0.062059
0.062539
0.061689999999999995
0.060096000000000004
0.058885
0.058525
0.059378
0.062202
0.067762
0.076035
0.085861
0.10496199999999999
0.136905
0.169268
0.194088
0.21150100000000002
0.22294099999999997
0.22937800000000003
0.230875
0.22705799999999998
0.21773299999999998
0.203
0.182912
0.1574
0.12668900000000002
0.091777
0.06434400000000001
0.052533
0.048092
0.045716
0.045620999999999995
0.047354
0.049866
0.052586
0.05572100000000001
0.05964
0.064316
0.069392
0.084589
0.11493099999999999
0.14872
0.178202
0.202057
0.219367
0.2291
0.23092800000000002
0.22571100000000002
0.214995
0.200158
0.181881
0.160299
0.13551300000000002
0.116602
0.11063599999999998
0.108831
0.10457799999999999
0.098955
0.09339700000000001
0.08907899999999999
0.08709800000000001
0.088282
0.092599
0.09899
0.105946
0.112246
0.12629500000000002
0.15401900000000002
0.185211
0.212315
0.235343
0.254237
0.268133
0.276252
0.278174
0.273624
0.262471
0.245034
0.222388
0.196158
0.175272
0.168646
0.168998
0.16811700000000002
0.166259
0.163654
0.160301
0.156788
0.154131
0.15315
0.15429
0.15769
0.163117
0.17745
0.20642800000000003
0.23994899999999997
0.268619
0.292123
0.31066900000000003
0.32392600000000005
0.331921
0.335208
0.334127
0.328464
0.317831
0.302078
0.281333
0.255977
0.233145
0.222755
0.22039299999999998
0.218283
0.21641100000000002
0.21518
0.21488200000000002
0.21578699999999998
0.21781399999999998
0.220598
0.22386799999999998
0.22753800000000002
0.23150700000000002
0.241988
0.266318
0.297122
0.324751
0.347787
0.365626
0.377697
0.38409699999999997
0.385296
0.381589
0.373223
0.360648
0.344341
0.324554
0.30140300000000003
0.281456
0.27284400000000003
0.271347
0.269835
0.267602
0.265856
0.26564499999999996
0.26745399999999997
0.271167
0.276373
0.282488
0.288643
0.293819
0.303672
0.324326
0.35020100000000004
0.37369
0.392885
0.40786
0.41834099999999996
0.423997
0.42455299999999996
0.419835
0.410005
0.395547
0.37703400000000004
0.355096
0.33050799999999997
0.310381
0.302423
0.302861
0.304685
0.305821
0.306638
0.307664
0.309444
0.312463
0.31699099999999997
0.322811
0.32911
0.33479699999999996
0.33887
0.34684699999999996
0.363653
0.38459899999999997
0.403156
0.41656099999999996
0.42518199999999995
0.42939399999999994
0.429345
0.42500200000000005
0.416283
0.403115
0.385554
0.364028
0.339418
0.318914
0.309949
0.309408
0.31130399999999997
0.313771
0.317019
0.320865
0.324971
0.329071
0.333045
0.336833
0.340289
0.343145
0.344993
0.351576
0.367741
0.388831
0.40818699999999997
0.422439
0.431253
0.43458900000000006
0.43278599999999995
0.426422
0.41607700000000003
0.402163
0.384885
0.36440500000000003
0.341064
0.315454
0.294742
0.287323
0.289338
0.293485
0.29806900000000003
0.30340700000000004
0.30956300000000003
0.316168
0.322633
0.328355
0.332753
0.335347
0.335867
0.340575
0.355109
0.37472300000000003
0.392364
0.40499
0.41255600000000003
0.41501899999999997
0.4124
0.404856
0.392702
0.37649699999999997
0.356956
0.334828
0.31084
0.285639
0.266158
0.26092
0.264947
0.270171
0.27557800000000005
0.281386
0.287535
0.29384
0.300098
0.306042
0.31116
0.314682
0.315846
0.32058000000000003
0.334911
0.353575
0.369221
0.379736
0.385354
0.38603000000000004
0.381844
0.373157
0.36039
0.343958
0.324319
0.302057
0.277951
0.2592
0.254499
0.25865
0.26358400000000004
0.268638
0.273941
0.279199
0.28429299999999996
0.289286
0.294065
0.298291
0.30152399999999996
0.30328099999999997
0.30307
0.306927
0.321144
0.33987
0.35520300000000005
0.365083
0.36943000000000004
0.368374
0.362504
0.352566
0.339121
0.3226
0.303458
0.28220100000000004
0.259377
0.2419
0.23855
0.24366300000000002
0.248873
0.25392
0.259056
0.26427399999999995
0.26961199999999996
0.274887
0.279643
0.28341900000000003
0.28584899999999996
0.286573
0.285195
0.287756
0.3009
0.318748
0.333266
0.342613
0.346585
0.345227
0.338997
0.32845799999999997
0.314215
0.297013
0.27758499999999997
0.256492
0.23418200000000003
0.217459
0.21537399999999998
0.221565
0.227054
0.23201100000000002
0.23678200000000002
0.241511
0.246375
0.251279
0.255868
0.259713
0.262262
0.262842
0.267314
0.282645
0.30244499999999996
0.318287
0.32931900000000003
0.335909
0.337816
0.335027
0.327957
0.316954
0.302322
0.28458
0.264368
0.242312
0.21906199999999998
0.20211800000000002
0.20056600000000002
0.20779499999999998
0.214806
0.22118800000000002
0.226975
0.232302
0.23744400000000002
0.24244000000000002
0.247069
0.250972
0.253575
0.25413800000000003
0.25848499999999996
0.273702
0.292908
0.307197
0.31587
0.31954
0.31859499999999996
0.313636
0.305298
0.29384699999999997
0.279385
0.26216300000000003
0.24255300000000002
0.220982
0.20464200000000002
0.202513
0.208211
0.213378
0.218552
0.22412100000000001
0.22983299999999998
0.23547600000000002
0.24085700000000002
0.24558899999999997
0.249266
0.251596
0.252231
0.250697
0.25302399999999997
0.26668200000000003
0.284985
0.299103
0.30811900000000003
0.311947
0.310641
0.304829
0.295342
0.282856
0.267911
0.25093899999999997
0.232194
0.211854
0.190224
0.16780899999999999
0.14541199999999999
0.12401500000000001
0.10416199999999999
0.085877
0.06932100000000001
0.054786
0.042098000000000003
0.030621
0.019655000000000002
0.008564
-0.001301
-0.007779
-0.010903
-0.011783
-0.01155
-0.011205
-0.011478
-0.012576
-0.014053
-0.0153
-0.016111
-0.016451
-0.016086000000000003
-0.014797
-0.012648999999999999
-0.009899
-0.0067670000000000004
-0.003418
-5.9999999999999995e-05
0.003107
0.006017
0.008743
0.011362
0.013730000000000001
0.016627
0.01977
0.021501
0.021505
0.020006
0.017262
0.013656999999999999
0.009655
0.005739
0.0021739999999999997
-0.000997
-0.003793
-0.006323
-0.008729
-0.010138
-0.011045999999999999
-0.012574
-0.013921000000000001
-0.014641
-0.014747
-0.014165
-0.012891
-0.011044
-0.008759000000000001
-0.006137
-0.0032909999999999997
-0.00037200000000000004
0.002507
0.005307
0.008013
0.010522
0.012575
0.013896
0.014469
0.014474
0.01401
0.013072
0.011682
0.009917
0.007836
0.005485
0.002935
0.000286
-0.002392
-0.005062
-0.007653
-0.009996
-0.011833
-0.012994
-0.013527
-0.013568
-0.013163999999999999
-0.012304
-0.011016
-0.009358
-0.007376000000000001
-0.005123
-0.002684
-0.000153
0.002408
0.004946
0.007361
0.009473
0.011085
0.012118
0.01264
0.012726000000000001
0.01238
0.011587
0.010376999999999999
0.010076
0.010348
0.008997
0.0058189999999999995
0.001956
-0.001689
-0.004924
-0.007628
-0.0097
-0.011096
-0.011884
-0.012194
-0.012116
-0.011662
-0.010835
-0.009645
-0.008085
-0.006187
-0.004097
-0.001968
0.000152
0.00228
0.0044
0.006409000000000001
0.008154
0.009525
0.010496
0.011081
0.011268
0.011026000000000001
0.010343000000000001
0.00923
0.007712999999999999
0.005882
0.003894
0.0018690000000000002
-0.000165
-0.002215
-0.004234
-0.006115
-0.007731999999999999
-0.009008
-0.009915
-0.010459
-0.010626
-0.010372
-0.009695
-0.008612999999999999
-0.007175
-0.00548
-0.003653
-0.0017620000000000001
0.000182
0.002159
0.004091
0.005857
0.007352
0.008522
0.00936
0.009855
0.009981
0.009719
0.009066
0.008041
0.006698000000000001
0.0051270000000000005
0.0034219999999999997
0.001632
-0.00022200000000000003
-0.002095
-0.003899
-0.0055320000000000005
-0.006919
-0.008024
-0.008829
-0.009308
-0.009426
-0.009161
-0.008517
-0.007528
-0.006257
-0.004793
-0.0032
-0.001511
0.000251
0.002032
0.00374
0.005279
0.006581999999999999
0.007614
0.008351
0.008768000000000001
0.00884
0.00856
0.007943
0.007022
0.005854
0.004497999999999999
0.003875
0.003636
0.002179
-0.00022799999999999999
-0.002656
-0.004732
-0.006359
-0.007529000000000001
-0.008269
-0.008612999999999999
-0.008587000000000001
-0.00822
-0.0075450000000000005
-0.006608
-0.005461
-0.004145
-0.002668
-0.001062
0.000562
0.002085
0.0034549999999999997
0.004665
0.005716
0.006591
0.007253
0.007654
0.007753
0.007534000000000001
0.0070079999999999995
0.006209
0.005179
0.003948
0.002536
0.001008
-0.000523
-0.001961
-0.003264
-0.004419
-0.005417
-0.0062380000000000005
-0.006848000000000001
-0.007209
-0.007292
-0.007084
-0.006593000000000001
-0.005842
-0.004861
-0.003675
-0.0023239999999999997
-0.000891
0.000522
0.001849
0.0030629999999999998
0.004159
0.005124
0.005925
0.006515000000000001
0.006851
0.006906
0.006673
0.0061719999999999995
0.0054340000000000005
0.004488000000000001
0.0033659999999999996
0.002113
0.000802
-0.0004940000000000001
-0.00173
-0.0028870000000000002
-0.003942
-0.0048649999999999995
-0.005613
-0.006145
-0.0064329999999999995
-0.006464
-0.006241
-0.0057799999999999995
-0.005098
-0.004215
-0.003157
-0.001975
-0.000743
0.00047699999999999994
0.001645
0.002739
0.003737
0.004607
0.005313
0.005818
0.006092
0.006117
0.005895
0.005436
0.004763
0.0039020000000000005
0.002893
0.0017920000000000002
0.0006580000000000001
-0.000465
-0.0015550000000000002
-0.002592
-0.003547
-0.004379
-0.005043
-0.0055
-0.005727
-0.00572
-0.005490999999999999
-0.005057
-0.004435000000000001
-0.003647
-0.002722
-0.0017050000000000001
-0.000641
0.00043099999999999996
0.001482
0.00248
0.003385
0.0041600000000000005
0.004767
0.005184
0.0053939999999999995
0.0053939999999999995
0.005185
0.0047740000000000005
0.004174000000000001
0.003409
0.00252
0.001552
0.000551
-0.000452
-0.001433
-0.002364
-0.0032119999999999996
-0.003939
-0.00451
-0.004897
-0.0050810000000000004
-0.005059
-0.004839
-0.004436
-0.00387
-0.003165
-0.002355
-0.00147
-0.000539
0.000412
0.001354
0.002251
0.0030600000000000002
0.0037409999999999995
0.004263
0.004607
0.004767
0.004748
0.004554
0.00419
0.003665
0.002997
0.002216
0.001358
0.00045700000000000005
-0.000454
-0.001341
-0.002169
-0.002908
-0.003529
-0.0040100000000000005
-0.004334
-0.004489
-0.004469
-0.004273
-0.003912
-0.003401
-0.002769
-0.002043
-0.001254
-0.000425
0.00042
0.001253
0.0020399999999999997
0.002745
0.0033380000000000003
0.00379
0.004086
0.004220000000000001
0.004192
0.004009
0.0036799999999999997
0.003215
0.002628
0.0019420000000000001
0.00118
0.000373
-0.00044699999999999997
-0.001242
-0.001978
-0.002624
-0.003159
-0.0035670000000000003
-0.003839
-0.003968
-0.00395
-0.0037799999999999995
-0.0034590000000000003
-0.003001
-0.002427
-0.0017690000000000002
-0.0010539999999999998
-0.00031099999999999997
0.000436
0.00116
0.0018390000000000001
0.002448
0.002963
0.003363
0.003629
0.003749
0.003721
0.003546
0.0032340000000000003
0.002806
0.0023079999999999997
0.001726
0.001047
0.00032599999999999996
-0.000408
-0.001124
-0.0017870000000000002
-0.002368
-0.002844
-0.003198
-0.003425
-0.0035210000000000003
-0.0034869999999999996
-0.0033229999999999996
-0.003034
-0.00263
-0.002124
-0.0015400000000000001
-0.000901
-0.00023500000000000002
0.00043200000000000004
0.001075
0.0016710000000000002
0.002199
0.002643
0.0029850000000000002
0.0032119999999999996
0.003315
0.003286
0.003127
0.002846
0.002459
0.001986
0.001448
0.00086
0.000239
-0.000394
-0.001015
-0.0015970000000000001
-0.002111
-0.002535
-0.00285
-0.003047
-0.003124
-0.003083
-0.002928
-0.002667
-0.00231
-0.0018670000000000002
-0.001351
-0.000778
-0.000175
0.000429
0.001006
0.001531
0.001986
0.002361
0.002647
0.002836
0.0029230000000000003
0.0028989999999999997
0.002761
0.002515
0.00217
0.001743
0.001254
0.000722
0.000168
-0.000389
-0.0009289999999999999
-0.0014320000000000001
-0.0018789999999999998
-0.00225
-0.00253
-0.002708
-0.002777
-0.0027370000000000003
-0.002593
-0.002353
-0.002029
-0.001632
-0.001173
-0.000665
-0.000128
0.000411
0.000925
0.001392
0.0017920000000000002
0.002117
0.002359
0.002515
0.002582
0.002555
0.002433
0.002216
0.0019100000000000002
0.001527
0.001083
0.0006
0.000103
-0.000386
-0.000851
-0.00128
-0.001662
-0.001986
-0.002238
-0.00164
-0.000592
-0.000538
-0.00108
-0.001482
-0.001657
-0.0015890000000000001
-0.0013109999999999999
-0.00088
-0.000359
0.000194
0.00073
0.001212
0.0020629999999999997
0.003009
0.003237
0.0030239999999999998
0.002775
0.00249
0.002153
0.0017850000000000001
0.0014119999999999998
0.0010429999999999999
0.000678
0.00031299999999999996
-5.3e-05
-0.000414
-0.000767
-0.0011
-0.001394
-0.001643
-0.001877
-0.002109
-0.002281
-0.002316
-0.002184
-0.0019190000000000001
-0.00157
-0.00118
-0.000776
-0.00037200000000000004
2.1e-05
0.00040199999999999996
0.000766
0.001102
0.001391
0.001638
0.001859
0.002046
0.002147
0.0021190000000000002
0.001964
0.0033020000000000002
0.005696
0.0064150000000000006
0.005201
0.003107
0.001101
-0.00041900000000000005
-0.001416
-0.001961
-0.002182
-0.0022199999999999998
-0.0021899999999999997
-0.00214
-0.0020570000000000002
-0.000713
0.00145
0.002302
0.0018329999999999998
0.000965
0.000206
-0.00034500000000000004
-0.000616
-0.000589
-0.000309
0.000139
0.000663
0.001184
0.002332
0.003743
0.0040939999999999995
0.0035479999999999995
0.0027660000000000002
0.001941
0.001117
0.000424
-3.3e-05
-0.000272
-0.00038700000000000003
-0.000475
-0.000593
-0.000762
-0.000975
-0.001204
-0.001396
-0.0015140000000000002
-0.001591
-0.001667
-0.001685
-0.001542
-0.001232
-0.0008619999999999999
-0.000528
-0.000246
0.001192
0.003392
0.004266
0.003692
0.002652
0.0018219999999999998
0.001271
0.000987
0.000935
0.001029
0.0011220000000000002
0.001094
0.000941
0.0027660000000000002
0.006065
0.007367
0.006314999999999999
0.003996
0.001537
-0.00041600000000000003
-0.001772
-0.002527
-0.002769
-0.002659
-0.002373
-0.002017
0.000147
0.0035770000000000003
0.005182
0.0047
0.0032270000000000003
0.001686
0.000442
-0.00043200000000000004
-0.000848
-0.000795
-0.000395
0.000168
0.0007379999999999999
0.001221
0.001567
0.001748
0.001794
0.001732
0.0014939999999999999
0.0010019999999999999
0.00034500000000000004
-0.000236
-0.00056
-0.000648
-0.000647
-0.000677
0.0016460000000000001
0.005707
0.007416
0.006325
0.0036450000000000002
0.000817
-0.0012259999999999999
-0.002373
-0.002651
-0.002229
-0.001436
-0.000638
-4.5e-05
0.002489
0.006506999999999999
0.008447
0.007989
0.006193
0.004032
0.00217
0.000799
-5.6000000000000006e-05
-0.000436
-0.000491
-0.00042800000000000005
-0.000375
0.002449
0.007426
0.009893
0.009262000000000001
0.006759
0.003514
0.00047300000000000006
-0.001852
-0.003266
-0.003743
-0.0034770000000000005
-0.002782
-0.001946
0.001075
0.005647999999999999
0.007995
0.007709000000000001
0.005855
0.0034590000000000003
0.001271
-0.00036899999999999997
-0.001248
-0.001318
-0.000801
-6.8e-05
0.000584
0.004314
0.010411
0.013449000000000001
0.012749
0.009785
0.005719
0.0017850000000000001
-0.0010960000000000002
-0.002726
-0.003179
-0.002837
-0.002204
-0.0016420000000000002
0.002355
0.009044
0.012490000000000001
0.012013
0.009253
0.0053950000000000005
0.001623
-0.001155
-0.002738
-0.003167
-0.002762
-0.001972
-0.0011330000000000001
-0.000359
0.003812
0.010669
0.014508000000000002
0.014481
0.011803
0.007506999999999999
0.002964
-0.000495
-0.002402
-0.002951
-0.0026420000000000003
-0.001963
-0.001206
0.003655
0.011655
0.015819999999999997
0.01523
0.011731
0.006762000000000001
0.0018
-0.00182
-0.00374
-0.004102000000000001
-0.0029460000000000003
-0.000663
0.00176
0.007889
0.016557
0.020599
0.019163
0.014296000000000001
0.007834
0.001568
-0.003156
-0.006038
-0.007205
-0.006825
-0.005293
-0.003221
0.0035740000000000004
0.014130000000000002
0.020647
0.021583
0.018786
0.014129
0.008842000000000001
0.003839
-0.000262
-0.003268
-0.005053
-0.005632
-0.005231
0.001127
0.011917
0.017939
0.017854
0.01429
0.00968
0.005414
0.002218
0.000293
-0.000616
-0.000734
-0.000295
0.00042
0.007117
0.018238
0.023568000000000002
0.021778
0.015829
0.008374
0.001552
-0.003
-0.004897
-0.00488
-0.0038
-0.0021190000000000002
-6.6e-05
0.008108
0.020769
0.027487
0.026611000000000003
0.020848
0.012834
0.0047009999999999994
-0.0016690000000000001
-0.005557
-0.007417
-0.007568000000000001
-0.006142
-0.003406
0.006379999999999999
0.021068
0.029383999999999997
0.029481
0.024137
0.016133
0.007698
0.000648
-0.004111999999999999
-0.006695
-0.007358
-0.006455
-0.004543999999999999
0.005031
0.020380000000000002
0.0293
0.02999
0.02543
0.018229
0.010443000000000001
0.00359
-0.0014609999999999998
-0.004625
-0.006143
-0.006247
-0.005251
0.0040030000000000005
0.019625999999999998
0.028719
0.029056
0.0238
0.016193
0.008748
0.0028539999999999998
-0.001169
-0.0035369999999999998
-0.004353
-0.0037840000000000005
-0.002346
0.007347
0.023269
0.031856
0.031091000000000004
0.024612000000000002
0.015479
0.006142
-0.001202
-0.005627
-0.007319
-0.0065980000000000006
-0.004164
-0.001042
0.001912
0.0124
0.028492
0.036446
0.034599
0.027027999999999996
0.016898
0.006522
-0.001945
-0.007306
-0.00957
-0.009254
-0.007125
-0.003928
0.008047
0.02652
0.037117000000000004
0.037646
0.032241000000000006
0.024184999999999998
0.014786
0.005189
-0.002694
-0.0077540000000000005
-0.009931
-0.009478
-0.007162999999999999
0.00455
0.023148
0.034144
0.035459
0.031121
0.024213
0.015959
0.007336
4e-05
-0.004833
-0.0072510000000000005
-0.0074540000000000006
-0.006031
0.005215
0.0239
0.034707999999999996
0.035624
0.031216000000000004
0.024425
0.016212999999999998
0.007661
0.000677
-0.0036969999999999998
-0.005554
-0.005242
-0.003564
0.007856
0.026635000000000002
0.037459
0.039501999999999995
0.037435
0.032968
0.026434
0.017831
0.0074069999999999995
-0.001973
-0.0073620000000000005
-0.008583
-0.006657
0.006117
0.026789999999999998
0.040146
0.04542
0.046810000000000004
0.04562
0.041964999999999995
0.03576
0.026813999999999998
0.015106999999999999
0.002602
-0.006599
-0.010609
-0.001025
0.019099
0.033198000000000005
0.039445999999999995
0.042174
0.042976
0.042013999999999996
0.039004000000000004
0.033431
0.024964
0.013706999999999999
0.001876
-0.006625
-0.000728
0.016524
0.028582999999999997
0.033658999999999994
0.035601999999999995
0.036157
0.035612
0.033607
0.029695999999999997
0.023634
0.015387999999999999
0.005765999999999999
-0.002212
-0.006547
0.001648
0.019484
0.031297000000000005
0.03606
0.037476999999999996
0.036742000000000004
0.033795
0.028541000000000004
0.021352
0.012707
0.004195
-0.001515
-0.00371
0.006236
0.025348
0.039194
0.047295
0.051957
0.053848
0.053176
0.049803
0.043406
0.034016000000000005
0.022406
0.009706000000000001
-0.000606
0.004186
0.021493
0.03592
0.045987
0.053639
0.059274
0.062664
0.063195
0.060171
0.053392999999999996
0.043299000000000004
0.030570999999999997
0.015835
0.012151
0.023266
0.03533
0.043988
0.050266000000000005
0.05508099999999999
0.05873
0.060705999999999996
0.060158
0.056667999999999996
0.050414
0.041736
0.030844999999999997
0.02877
0.039866000000000006
0.051953
0.059455999999999995
0.063059
0.064183
0.06401
0.062845
0.060212
0.055713
0.049405000000000004
0.041599000000000004
0.032633999999999996
0.022622
0.022821
0.036552
0.050504
0.059591
0.064674
0.06669299999999999
0.065952
0.062465999999999994
0.05646
0.048306
0.038435000000000004
0.027492000000000003
0.016146999999999998
0.016801
0.032622000000000005
0.049492
0.062541
0.072523
0.080086
0.085329
0.087714
0.086276
0.080374
0.070299
0.057201999999999996
0.042438
0.037509
0.047205000000000004
0.059782
0.06954199999999999
0.076935
0.082834
0.08770800000000001
0.091347
0.092879
0.091418
0.086637
0.078702
0.067914
0.054434
0.048761
0.055937
0.064897
0.070222
0.07294199999999999
0.074402
0.075053
0.07446799999999999
0.07213
0.067978
0.062278999999999994
0.05533
0.047252999999999996
0.048219
0.062336
0.07750499999999999
0.087545
0.09311
0.095751
0.096467
0.095304
0.091829
0.085886
0.07790599999999999
0.068661
0.058846
0.058876
0.073447
0.090954
0.10496
0.11558399999999999
0.123446
0.128737
0.131102
0.12996300000000002
0.125185
0.117209
0.106806
0.094917
0.082287
0.078975
0.090214
0.104967
0.11671500000000001
0.126038
0.133801
0.13999
0.143817
0.144428
0.141471
0.135105
0.125898
0.114668
0.11081400000000001
0.12039000000000001
0.133508
0.143152
0.15
0.155276
0.159639
0.162975
0.16453399999999999
0.16355799999999998
0.159856
0.153729
0.145514
0.135232
0.131155
0.139929
0.15269000000000002
0.162167
0.16886500000000002
0.173802
0.177257
0.17877200000000001
0.17785499999999999
0.174585
0.169511
0.163222
0.15601600000000002
0.155607
0.16838
0.185074
0.19736700000000001
0.205692
0.211538
0.21587800000000001
0.218781
0.219784
0.218536
0.21511
0.209894
0.203298
0.19545
0.19311199999999998
0.203691
0.21940900000000002
0.231673
0.24083800000000002
0.247617
0.251853
0.252927
0.250651
0.24555
0.23844200000000002
0.230116
0.221121
0.211522
0.207656
0.217259
0.232933
0.245716
0.25582
0.263832
0.269517
0.27214099999999997
0.27121
0.26705
0.260683
0.25301399999999996
0.24419899999999997
0.23386300000000002
0.228055
0.23525500000000002
0.249387
0.261832
0.272696
0.28243
0.29060199999999997
0.29631399999999997
0.29890300000000003
0.29830100000000004
0.294758
0.288378
0.278981
0.26642
0.257333
0.260328
0.270573
0.280277
0.288695
0.295979
0.301752
0.305523
0.307127
0.306799
0.30482
0.30111
0.295185
0.28639000000000003
0.280557
0.284862
0.294329
0.301759
0.306479
0.309272
0.31043699999999996
0.3101
0.30853
0.306082
0.302872
0.29859
0.292693
0.284719
0.28075300000000003
0.287998
0.30121
0.312449
0.320044
0.324187
0.325094
0.323002
0.318285
0.311558
0.30346799999999996
0.294392
0.28444200000000003
0.273671
0.268455
0.276306
0.2915
0.305496
0.316657
0.324908
0.329935
0.33131700000000003
0.328999
0.32349
0.315446
0.305252
0.293119
0.279317
0.27053
0.274706
0.286609
0.298147
0.308111
0.31673
0.323766
0.32860100000000003
0.3306
0.329334
0.324546
0.316206
0.304658
0.29047199999999995
0.280506
0.282602
0.29181799999999997
0.300375
0.307015
0.312197
0.315984
0.318104
0.318304
0.31654
0.312818
0.30699499999999996
0.298775
0.294032
0.29936999999999997
0.31000500000000003
0.318847
0.324563
0.327941
0.329543
0.329596
0.328045
0.32474200000000003
0.31967399999999996
0.312972
0.304774
0.295124
0.290191
0.296712
0.309275
0.319986
0.32724200000000003
0.33168800000000004
0.333631
0.33289
0.329326
0.323228
0.315161
0.305654
0.295092
0.28368000000000004
0.277647
0.283975
0.297014
0.30864899999999995
0.31742800000000004
0.32361
0.32700300000000004
0.327214
0.324254
0.318608
0.310855
0.30139699999999997
0.29041300000000003
0.277907
0.270077
0.274387
0.285562
0.295738
0.303879
0.310371
0.314992
0.31705300000000003
0.315936
0.31146399999999996
0.30394499999999997
0.29397199999999996
0.282067
0.268497
0.25974899999999995
0.263827
0.275129
0.28529699999999997
0.293437
0.299842
0.30430300000000005
0.306347
0.305703
0.302478
0.296925
0.289122
0.278908
0.26614099999999996
0.257342
0.260783
0.27097899999999997
0.27970500000000004
0.286364
0.291482
0.295011
0.296572
0.295923
0.293134
0.28836799999999996
0.28160999999999997
0.272647
0.261206
0.253452
0.257282
0.26692899999999997
0.274253
0.278979
0.281779
0.282744
0.281717
0.278699
0.27398
0.26791
0.260608
0.25192800000000004
0.24784
0.255807
0.269572
0.280444
0.287627
0.291514
0.292346
0.290466
0.28622800000000004
0.27987399999999996
0.271748
0.262316
0.251904
0.24058200000000002
0.234515
0.24166300000000002
0.255538
0.26712199999999997
0.275934
0.282233
0.28568000000000005
0.285615
0.281611
0.273927
0.26344
0.251071
0.23738
0.222675
0.21355
0.218455
0.23059000000000002
0.24077300000000001
0.24898299999999998
0.25560900000000003
0.260386
0.262676
0.26197600000000004
0.258189
0.251429
0.24171399999999998
0.22904699999999997
0.213679
0.20266800000000001
0.2047
0.213283
0.21993400000000002
0.225017
0.22917600000000002
0.23234499999999997
0.234019
0.233737
0.231393
0.227057
0.22064299999999998
0.21182600000000001
0.206771
0.21349899999999997
0.22536599999999998
0.233956
0.23964000000000002
0.24313099999999999
0.24476799999999999
0.244711
0.242943
0.23943499999999998
0.234391
0.228136
0.220818
0.212294
0.20888800000000002
0.21833899999999998
0.233111
0.243973
0.25103400000000003
0.255205
0.256869
0.25588099999999997
0.252195
0.246258
0.23867199999999997
0.229793
0.219761
0.20861500000000002
0.203029
0.210977
0.225169
0.23663499999999998
0.245333
0.251571
0.254986
0.255033
0.251705
0.245608
0.237402
0.2275
0.216077
0.209373
0.215498
0.227857
0.237668
0.245114
0.250847
0.25500100000000003
0.257298
0.257178
0.254107
0.247921
0.23892399999999997
0.22771599999999997
0.21476399999999998
0.20653400000000002
0.211155
0.222
0.230425
0.23670100000000002
0.241446
0.244565
0.245544
0.244013
0.240067
0.234025
0.22607
0.216178
0.204322
0.19733699999999998
0.203416
0.215536
0.22500900000000001
0.23212199999999997
0.237645
0.241585
0.243457
0.242929
0.24013800000000002
0.235411
0.22886199999999998
0.220291
0.20932800000000001
0.202324
0.207406
0.21793600000000002
0.225728
0.231449
0.23589699999999997
0.23905700000000002
0.240506
0.239875
0.237161
0.23261700000000002
0.22641599999999998
0.21845799999999999
0.214842
0.22361399999999998
0.237925
0.24875999999999998
0.256201
0.260804
0.262776
0.262358
0.259792
0.255256
0.24910300000000002
0.24183000000000002
0.23373200000000002
0.224748
0.220842
0.230026
0.24541100000000002
0.257758
0.267058
0.273744
0.277546
0.277827
0.274206
0.267038
0.257294
0.24590399999999998
0.233344
0.21980700000000003
0.211659
0.21724699999999997
0.230044
0.241132
0.250521
0.258521
0.264701
0.268228
0.268452
0.265246
0.258792
0.24919899999999998
0.23654299999999998
0.22113400000000002
0.20970300000000003
0.211152
0.21961399999999998
0.226654
0.232585
0.23794
0.24254099999999998
0.24580100000000002
0.24720799999999998
0.246608
0.243998
0.23917399999999997
0.231669
0.22703800000000002
0.23288899999999998
0.24316500000000002
0.249861
0.25355500000000003
0.255348
0.25571900000000003
0.254838
0.252689
0.24922399999999997
0.24458200000000002
0.238974
0.23242100000000002
0.22467800000000002
0.221572
0.231016
0.24609699999999998
0.257502
0.265205
0.269974
0.272027
0.271041
0.266832
0.25990599999999997
0.251168
0.24133600000000002
0.230762
0.21955100000000002
0.21403200000000003
0.22236399999999998
0.237646
0.250663
0.261194
0.269391
0.274778
0.276738
0.275185
0.27064299999999997
0.263726
0.254816
0.24404499999999998
0.231363
0.222944
0.227356
0.23875700000000002
0.24859499999999998
0.256891
0.26405500000000004
0.269777
0.273311
0.27400399999999997
0.27163899999999996
0.266403
0.25868
0.24875500000000003
0.242731
0.24823299999999998
0.25977
0.269435
0.276835
0.28257600000000005
0.28675500000000004
0.289136
0.2894
0.287381
0.28318499999999996
0.277015
0.268905
0.25866300000000003
0.2522
0.257106
0.268123
0.277406
0.284315
0.289403
0.292622
0.29352399999999995
0.29184899999999997
0.287806
0.281821
0.27415700000000004
0.264835
0.253712
0.24668400000000001
0.25119
0.26149
0.26952800000000005
0.275042
0.278895
0.281173
0.281489
0.279616
0.275723
0.270129
0.262982
0.25417
0.243439
0.236711
0.24186300000000002
0.253136
0.26212399999999997
0.268259
0.271858
0.272899
0.271377
0.267546
0.261889
0.25493299999999997
0.246993
0.23804699999999998
0.22784699999999997
0.22237300000000002
0.22986399999999999
0.243963
0.255646
0.264612
0.271074
0.274753
0.275188
0.272163
0.26600999999999997
0.25749
0.24729600000000002
0.23576399999999997
0.22911700000000002
0.23543699999999998
0.24881599999999998
0.260734
0.270848
0.279511
0.286539
0.291437
0.293626
0.29265399999999997
0.288383
0.280895
0.270291
0.256778
0.24693099999999998
0.24899899999999997
0.257742
0.26519899999999996
0.270954
0.27560999999999997
0.279111
0.280982
0.280866
0.278785
0.274925
0.269301
0.261691
0.251737
0.24511999999999998
0.24910100000000002
0.258002
0.264106
0.267403
0.268854
0.268784
0.26715500000000003
0.263961
0.259445
0.253934
0.24753699999999998
0.240042
0.23105100000000003
0.226228
0.233227
0.245948
0.255743
0.262077
0.265339
0.26574200000000003
0.263341
0.258238
0.250889
0.24199400000000001
0.232077
0.22133200000000003
0.21571700000000002
0.223146
0.237348
0.24954099999999999
0.259465
0.267382
0.273049
0.275943
0.275501
0.271492
0.264323
0.254717
0.243205
0.23008
0.22161599999999998
0.226115
0.23746599999999998
0.24700300000000003
0.254742
0.261183
0.26611399999999996
0.268895
0.268994
0.266301
0.260956
0.253176
0.24330100000000002
0.231604
0.224173
0.22897800000000001
0.23990100000000003
0.24847399999999997
0.254804
0.259561
0.26276700000000003
0.264054
0.263146
0.260151
0.255343
0.24878000000000003
0.240198
0.229175
0.22159299999999998
0.225854
0.23640100000000003
0.24493099999999998
0.25145
0.25653000000000004
0.26007199999999997
0.26155700000000004
0.26065
0.257519
0.252565
0.246006
0.23776399999999998
0.22759400000000002
0.22135300000000002
0.22705300000000003
0.23857399999999998
0.247348
0.25349099999999997
0.25776
0.260253
0.260755
0.259247
0.25601599999999997
0.251377
0.2454
0.237875
0.234402
0.242198
0.255473
0.266154
0.273762
0.27874899999999997
0.281125
0.280791
0.277866
0.27265500000000004
0.265538
0.256912
0.247083
0.23615100000000003
0.230041
0.236423
0.249324
0.26025
0.268665
0.27479499999999996
0.27829299999999996
0.278528
0.27513200000000004
0.268282
0.258602
0.24690900000000002
0.23387
0.21978000000000003
0.210718
0.21494499999999997
0.226252
0.235821
0.243653
0.250162
0.255128
0.257954
0.258152
0.2556
0.250345
0.242294
0.23118899999999998
0.216916
0.20585799999999999
0.20691199999999998
0.21455700000000003
0.220583
0.225373
0.22956300000000002
0.233042
0.235269
0.23577399999999998
0.23443699999999998
0.2313
0.22626999999999997
0.219034
0.21513200000000002
0.22218200000000002
0.234093
0.24272600000000003
0.248513
0.252257
0.254176
0.254345
0.252865
0.249867
0.245612
0.24040599999999998
0.23437
0.22732399999999997
0.224931
0.23468200000000003
0.250064
0.262223
0.27078
0.276215
0.27874899999999997
0.278391
0.27519899999999997
0.269602
0.26224899999999995
0.25358800000000004
0.243769
0.23282399999999998
0.22678600000000002
0.233506
0.246989
0.258691
0.268158
0.27558299999999997
0.280512
0.28216399999999997
0.28013699999999997
0.274839
0.267052
0.25729
0.24574000000000001
0.232481
0.22352199999999997
0.226858
0.23699699999999999
0.245781
0.25288
0.258652
0.26291
0.265112
0.264791
0.261807
0.256201
0.24804
0.237483
0.230444
0.23431999999999997
0.243918
0.251752
0.257583
0.26208400000000004
0.265433
0.26746
0.267835
0.266263
0.26266300000000004
0.25709099999999996
0.249532
0.23981599999999997
0.23354899999999998
0.23811
0.248245
0.256367
0.26219899999999996
0.26629400000000003
0.26865100000000003
0.268918
0.266883
0.262784
0.25707399999999997
0.25004699999999996
0.24172800000000003
0.231956
0.226412
0.232579
0.244389
0.253523
0.26001599999999997
0.264733
0.267744
0.26862600000000003
0.26716100000000004
0.263621
0.258425
0.251755
0.24351399999999998
0.239283
0.246074
0.258538
0.269016
0.276879
0.282614
0.286274
0.287698
0.286788
0.283592
0.278362
0.271521
0.263424
0.254148
0.249367
0.255972
0.268681
0.27989
0.28873000000000004
0.295529
0.300058
0.301752
0.30023299999999997
0.295619
0.28846
0.279485
0.26927399999999996
0.258067
0.251651
0.256902
0.26877399999999996
0.27984899999999996
0.28916
0.29702
0.303142
0.30686599999999997
0.307711
0.305651
0.30088000000000004
0.293456
0.28324
0.275725
0.27723600000000004
0.284331
0.291165
0.29649699999999996
0.301054
0.305103
0.308373
0.310297
0.310354
0.308344
0.304311
0.298263
0.289998
0.28484699999999996
0.288575
0.297131
0.304503
0.309456
0.312632
0.31411500000000003
0.313726
0.31153800000000004
0.307985
0.303583
0.298634
0.293112
0.28668299999999997
0.28457
0.292342
0.30536399999999997
0.316853
0.324971
0.330119
0.332561
0.332348
0.329623
0.324843
0.31858400000000003
0.311183
0.302637
0.292806
0.287383
0.292599
0.304521
0.316648
0.326933
0.335301
0.34122800000000003
0.343916
0.342967
0.338723
0.3319
0.32308600000000004
0.312591
0.306142
0.309303
0.31879
0.328974
0.337602
0.344959
0.351054
0.355605
0.35823
0.35859
0.356489
0.35184099999999996
0.344652
0.335043
0.328704
0.33069499999999996
0.33831100000000003
0.346599
0.35302100000000003
0.35801900000000003
0.361655
0.363593
0.363589
0.361721
0.358205
0.353117
0.346323
0.337567
0.3321
0.33458899999999997
0.342402
0.350725
0.356848
0.361157
0.363738
0.364367
0.36294
0.359674
0.354928
0.34889899999999996
0.341503
0.332472
0.327096
0.330181
0.33878
0.347597
0.353812
0.357876
0.360093
0.36042199999999996
0.358824
0.355459
0.350594
0.344364
0.33669299999999996
0.332838
0.337228
0.347213
0.357964
0.366451
0.372848
0.37716500000000003
0.379261
0.37911500000000004
0.376842
0.372653
0.366779
0.35943600000000003
0.350802
0.346457
0.35082199999999997
0.36130999999999996
0.373051
0.38267199999999996
0.39023
0.395552
0.398169
0.397769
0.394434
0.38860300000000003
0.380859
0.37168
0.361377
0.355605
0.358646
0.368117
0.379319
0.388726
0.396499
0.402619
0.406697
0.40837199999999996
0.407537
0.404239
0.398448
0.39000100000000004
0.37882899999999997
0.370596
0.369658
0.374838
0.382511
0.389054
0.394735
0.39957600000000004
0.403145
0.405005
0.404962
0.402992
0.399045
0.392934
0.38964299999999996
0.391916
0.3985
0.40628600000000004
0.411243
0.413992
0.415192
0.41512299999999996
0.413857
0.411473
0.408104
0.40386700000000003
0.398791
0.392733
0.39068
0.395338
0.405144
0.416487
0.424784
0.430007
0.432228
0.431437
0.42783999999999994
0.42198800000000003
0.41456099999999996
0.406111
0.397003
0.387395
0.38260500000000003
0.38589
0.395635
0.407968
0.41843800000000003
0.42687299999999995
0.432982
0.436184
0.436162
0.433112
0.427516
0.419837
0.41029899999999997
0.398956
0.391297
0.390919
0.396966
0.40620100000000003
0.414365
0.421566
0.42772299999999996
0.43233299999999997
0.43487700000000007
0.43503800000000004
0.43265699999999996
0.427699
0.42019799999999996
0.415455
0.41613999999999995
0.422045
0.43081
0.4377
0.443035
0.447147
0.450029
0.45156
0.451635
0.450201
0.447244
0.442722
0.43645900000000004
0.433389
0.435391
0.44230200000000003
0.45200200000000007
0.45936400000000005
0.464645
0.46803100000000003
0.469383
0.46866199999999997
0.46606400000000003
0.461923
0.456528
0.44999300000000003
0.44226099999999996
0.438366
0.440021
0.44702299999999995
0.457096
0.464692
0.469979
0.473238
0.474467
0.473674
0.47098100000000004
0.466632
0.460837
0.45359700000000003
0.44478
0.439425
0.439416
0.44499099999999997
0.45423199999999997
0.461552
0.466872
0.470163
0.47119799999999995
0.469941
0.4666
0.46155100000000004
0.455113
0.44734300000000005
0.44317799999999996
0.444018
0.450288
0.46041400000000005
0.468663
0.47506800000000005
0.479807
0.48272299999999996
0.48354600000000003
0.482042
0.47807799999999995
0.471767
0.46345600000000003
0.45349700000000004
0.44726000000000005
0.446554
0.4519
0.461635
0.46997700000000003
0.47686000000000006
0.482235
0.485716
0.48698100000000005
0.48594899999999996
0.482725
0.477446
0.47016099999999994
0.46093599999999996
0.455053
0.454179
0.45898100000000003
0.46800600000000003
0.47545699999999996
0.481468
0.48628599999999994
0.489785
0.49176800000000004
0.492142
0.49090100000000003
0.487975
0.483126
0.47601000000000004
0.471454
0.470501
0.47422
0.481811
0.487422
0.49144399999999994
0.494361
0.496146
0.49663599999999997
0.49578999999999995
0.493655
0.49025
0.48547799999999997
0.484109
0.486612
0.49374300000000004
0.5048279999999999
0.513533
0.519492
0.5229729999999999
0.524138
0.523105
0.520126
0.5155569999999999
0.509738
0.502981
0.49549099999999996
0.492195
0.493621
0.500384
0.511912
0.5219520000000001
0.529825
0.535396
0.538251
0.5380510000000001
0.534837
0.529025
0.5211359999999999
0.511664
0.500999
0.494241
0.49219700000000005
0.495871
0.504984
0.513452
0.520717
0.526737
0.531108
0.5333899999999999
0.533296
0.5306810000000001
0.52546
0.517609
0.507203
0.499295
0.494939
0.495559
0.50135
0.506562
0.5108550000000001
0.514425
0.517088
0.5185890000000001
0.518755
0.517461
0.514537
0.509679
0.502512
0.497867
0.496558
0.49981400000000004
0.5074609999999999
0.513488
0.517731
0.520452
0.5216770000000001
0.521489
0.520061
0.5175529999999999
0.5140279999999999
0.509382
0.5082439999999999
0.51102
0.517752
0.528415
0.537554
0.544299
0.548917
0.55152
0.552218
0.551077
0.548122
0.543474
0.5373479999999999
0.529922
0.526159
0.526814
0.531999
0.542062
0.551608
0.559096
0.564311
0.566999
0.5671149999999999
0.564826
0.5605100000000001
0.554663
0.547588
0.539351
0.534796
0.534561
0.538424
0.546956
0.555182
0.561617
0.566314
0.569127
0.5698449999999999
0.568346
0.564675
0.5589970000000001
0.5513859999999999
0.5418970000000001
0.535457
0.53296
0.534392
0.540846
0.54777
0.553487
0.55792
0.560789
0.561771
0.560667
0.557398
0.551934
0.5442319999999999
0.5389520000000001
0.5369520000000001
0.5378
0.543039
0.548894
0.553521
0.55707
0.5595680000000001
0.560882
0.560863
0.559389
0.5563779999999999
0.5517850000000001
0.545533
0.542175
0.542215
0.545129
0.552187
0.5591430000000001
0.56421
0.567632
0.569484
0.569734
0.568488
0.5659810000000001
0.562427
0.557898
0.5523020000000001
0.550254
0.552204
0.557349
0.5665439999999999
0.5751649999999999
0.58127
0.5850609999999999
0.586626
0.586113
0.583919
0.580393
0.5756899999999999
0.569846
0.562792
0.5592090000000001
0.559723
0.563629
0.572234
0.581248
0.588425
0.593584
0.596435
0.5968060000000001
0.594796
0.5905729999999999
0.584393
0.576613
0.5720149999999999
0.571346
0.5732229999999999
0.579893
0.5882609999999999
0.595385
0.601216
0.60563
0.608322
0.609009
0.6074689999999999
0.603561
0.597364
0.589124
0.583497
0.581341
0.58123
0.585846
0.592482
0.597932
0.60213
0.604954
0.606251
0.606002
0.604241
0.600982
0.596168
0.589645
0.585847
0.585468
0.58678
0.592216
0.599114
0.604459
0.608267
0.6105689999999999
0.6114350000000001
0.610995
0.609317
0.6063810000000001
0.602068
0.596146
0.5929770000000001
0.593075
0.594651
0.600194
0.606979
0.611924
0.615118
0.616805
0.617095
0.615991
0.6135229999999999
0.60973
0.604563
0.602405
0.603841
0.606533
0.613364
0.622046
0.6287520000000001
0.633355
0.6359239999999999
0.636509
0.635138
0.631927
0.627179
0.621188
0.614121
0.61055
0.611192
0.613534
0.620529
0.629975
0.637741
0.643492
0.647012
0.6481180000000001
0.6467890000000001
0.643206
0.637716
0.630596
0.622065
0.6168359999999999
0.615762
0.6162810000000001
0.6216689999999999
0.6300819999999999
0.6373479999999999
0.6432479999999999
0.647664
0.650409
0.651334
0.650284
0.647109
0.6417689999999999
0.6343270000000001
0.629215
0.627217
0.625887
0.629185
0.6357649999999999
0.641339
0.64586
0.649367
0.651744
0.652872
0.652604
0.65075
0.64707
0.645583
0.646699
0.6468
0.650354
0.656922
0.661643
0.664787
0.66677
0.667641
0.667421
0.666158
0.663795
0.6602520000000001
0.655509
0.653835
0.6557810000000001
0.657512
0.663161
0.6719189999999999
0.678457
0.682589
0.6843520000000001
0.683837
0.68145
0.677621
0.672655
0.666829
0.660315
0.6573979999999999
0.658605
0.66009
0.6660189999999999
0.675579
0.683308
0.68882
0.6920149999999999
0.69289
0.691634
0.6883520000000001
0.68313
0.676217
0.667822
0.662304
0.660466
0.658776
0.661898
0.669473
0.676146
0.681599
0.685666
0.688086
0.688625
0.687037
0.683215
0.677239
0.673262
0.6719930000000001
0.669616
0.671058
0.676986
0.682183
0.686286
0.689457
0.691643
0.692762
0.692711
0.691278
0.68825
0.6834680000000001
0.6808960000000001
0.681141
0.6801470000000001
0.682523
0.688817
0.693833
0.697171
0.698967
0.699331
0.698448
0.696442
0.6933779999999999
0.689326
0.684262
0.682225
0.68366
0.684126
0.688285
0.696511
0.703141
0.707647
0.7102149999999999
0.7111350000000001
0.710611
0.70867
0.705339
0.700681
0.694689
0.691499
0.691739
0.691168
0.694415
0.7019270000000001
0.708146
0.712503
0.715145
0.716115
0.715442
0.71325
0.709665
0.704676
0.702245
0.703004
0.702961
0.705647
0.712468
0.719212
0.72443
0.728119
0.730172
0.730462
0.728984
0.725796
0.7209260000000001
0.7144659999999999
0.710655
0.710429
0.709935
0.712512
0.7196899999999999
0.727236
0.73321
0.737391
0.739719
0.7401939999999999
0.7388
0.73554
0.730474
0.723747
0.719511
0.718461
0.7166
0.717403
0.72277
0.728741
0.733517
0.737092
0.73952
0.74078
0.740727
0.739121
0.735704
0.730228
0.72654
0.725345
0.722884
0.7226739999999999
0.7266279999999999
0.73102
0.7343149999999999
0.736617
0.737934
0.7382770000000001
0.737625
0.735854
0.732791
0.73215
0.734379
0.735432
0.7374569999999999
0.742846
0.748707
0.752622
0.754696
0.755076
0.754049
0.751981
0.748993
0.745071
0.7402810000000001
0.7385470000000001
0.740448
0.742008
0.745391
0.752961
0.761504
0.768
0.772095
0.773821
0.773421
0.7710640000000001
0.766858
0.761129
0.754326
0.7505890000000001
0.750635
0.750637
0.752771
0.759559
0.767944
0.774899
0.7801279999999999
0.783537
0.78505
0.784532
0.78188
0.777115
0.7702289999999999
0.765066
0.762494
0.7590859999999999
0.757084
0.7597109999999999
0.764638
0.7688149999999999
0.7720899999999999
0.774452
0.7758189999999999
0.7759520000000001
0.7745
0.771125
0.769265
0.76944
0.768113
0.7662640000000001
0.76784
0.7717510000000001
0.7743760000000001
0.7758149999999999
0.776249
0.7758189999999999
0.77463
0.772637
0.769718
0.765779
0.7644
0.7660710000000001
0.7670020000000001
0.768069
0.772986
0.780089
0.7851670000000001
0.787984
0.788927
0.788391
0.786546
0.783493
0.779425
0.774518
0.772564
0.774129
0.775369
0.777311
0.7833
0.791324
0.797516
0.8017880000000001
0.8043060000000001
0.805158
0.8044560000000001
0.802291
0.798623
0.793371
0.79037
0.790374
0.789683
0.789395
0.793362
0.800017
0.805359
0.809096
0.8112159999999999
0.811787
0.810869
0.8083359999999999
0.804002
0.797894
0.794059
0.7933319999999999
0.792006
0.791134
0.794554
0.800657
0.805387
0.808537
0.81018
0.810342
0.8089609999999999
0.805906
0.801163
0.7984
0.798243
0.797182
0.794921
0.79668
0.802624
0.8075859999999999
0.811312
0.813872
0.815222
0.815291
0.813941
0.810978
0.806291
0.803351
0.802934
0.801909
0.7998970000000001
0.801901
0.807924
0.812721
0.8161010000000001
0.8182149999999999
0.819209
0.819217
0.818249
0.816238
0.813106
0.812343
0.814358
0.8153229999999999
0.814908
0.817893
0.8240639999999999
0.828509
0.831111
0.832306
0.832578
0.832126
0.830802
0.8283940000000001
0.828211
0.830675
0.832255
0.832404
0.8350700000000001
0.8412870000000001
0.846873
0.85049
0.852181
0.8521350000000001
0.850463
0.8471190000000001
0.842103
0.835636
0.8314889999999999
0.8305389999999999
0.8296110000000001
0.828249
0.8306399999999999
0.837333
0.843506
0.847886
0.850404
0.8511129999999999
0.850035
0.847218
0.842823
0.836981
0.8331709999999999
0.8320709999999999
0.8305
0.8281360000000001
0.829268
0.834822
0.840418
0.8449559999999999
0.8485219999999999
0.8511770000000001
0.852767
0.852922
0.851239
0.847447
0.844885
0.8443219999999999
0.8425969999999999
0.8392809999999999
0.8384219999999999
0.841619
0.845095
0.8474719999999999
0.8488950000000001
0.849577
0.8495469999999999
0.848617
0.8465520000000001
0.8464940000000001
0.848825
0.85009
0.849756
0.850816
0.8552209999999999
0.8598540000000001
0.862609
0.863777
0.863835
0.863043
0.861426
0.858908
0.8554290000000001
0.8542629999999999
0.855978
0.8573280000000001
0.8577469999999999
0.859984
0.865874
0.872225
0.876725
0.8793799999999999
0.8803340000000001
0.879718
0.877674
0.8743540000000001
0.8698899999999999
0.867713
0.868527
0.869125
0.868926
0.8705370000000001
0.876036
0.8823840000000001
0.886965
0.889735
0.890968
0.890891
0.889445
0.8863979999999999
0.8816360000000001
0.878551
0.877918
0.876626
0.874233
0.873455
0.876807
0.8816200000000001
0.885252
0.887658
0.888915
0.888901
0.887337
0.884022
0.882099
0.8821549999999999
0.881165
0.8788239999999999
0.876541
0.878108
0.8824770000000001
0.8858590000000001
0.8881290000000001
0.889417
0.889747
0.889042
0.887131
0.883826
0.882084
0.8825440000000001
0.8824489999999999
0.881431
0.8805129999999999
0.883179
0.888266
0.892022
0.8944469999999999
0.8957799999999999
0.896177
0.8956780000000001
0.894215
0.891691
0.8911870000000001
0.8931549999999999
0.8943549999999999
0.8941889999999999
0.894185
0.897802
0.90349
0.9076059999999999
0.9101610000000001
0.9115709999999999
0.912125
0.9117870000000001
0.910328
0.9076
0.9067639999999999
0.9083459999999999
0.909151
0.9086620000000001
0.908334
0.911573
0.9167879999999999
0.9202959999999999
0.9221799999999999
0.9227479999999999
0.922062
0.9200379999999999
0.91661
0.9148870000000001
0.9155030000000001
0.915566
0.914732
0.9130780000000001
0.915013
0.920599
0.9250209999999999
0.927852
0.929141
0.9289
0.927182
0.924055
0.919475
0.9162879999999999
0.9151290000000001
0.913467
0.911219
0.908581
0.9097709999999999
0.915035
0.9196790000000001
0.9230280000000001
0.925222
0.926318
0.926201
0.924658
0.921538
0.9198049999999999
0.92014
0.919767
0.918249
0.915617
0.916366
0.920867
0.924532
0.9270809999999999
0.9288790000000001
0.9301020000000001
0.9306180000000001
0.9300790000000001
0.9309270000000001
0.9334120000000001
0.934675
0.934366
0.932708
0.9325399999999999
0.9355620000000001
0.938881
0.940716
0.9413940000000001
0.941262
0.9403959999999999
0.9386700000000001
0.93589
0.934803
0.935953
0.9366459999999999
0.9365020000000001
0.9354610000000001
0.9368290000000001
0.9415
0.9456959999999999
0.9481950000000001
0.949205
0.9489790000000001
0.9476680000000001
0.945357
0.9421
0.940858
0.942225
0.943422
0.943999
0.943859
0.9462149999999999
0.952016
0.9574729999999999
0.9611959999999999
0.963434
0.964482
0.96431
0.962642
0.959283
0.9570870000000001
0.9568059999999999
0.955991
0.954399
0.952117
0.952074
0.9559049999999999
0.9604299999999999
0.9637129999999999
0.965783
0.9666469999999999
0.9661059999999999
0.963958
0.9601770000000001
0.957731
0.9572200000000001
0.955909
0.953461
0.9500270000000001
0.9491059999999999
0.952105
0.95555
0.9580569999999999
0.959802
0.9608530000000001
0.961039
0.9600479999999999
0.957572
0.956313
0.956823
0.95647
0.954917
0.952176
0.9514
0.9541649999999999
0.9572809999999999
0.959231
0.9602139999999999
0.960342
0.9595540000000001
0.957701
0.954651
0.9532430000000001
0.953995
0.954048
0.9528620000000001
0.95042
0.950204
0.9534799999999999
0.956565
0.958026
0.9580870000000001
0.9570270000000001
0.9550219999999999
0.952066
0.950824
0.951775
0.952261
0.951873
0.9505979999999999
0.950371
0.9534969999999999
0.9577479999999999
0.960475
0.961782
0.9618639999999999
0.960728
0.958305
0.954498
0.951996
0.951508
0.950674
0.9492520000000001
0.947334
0.947075
0.9505540000000001
0.955166
0.9582430000000001
0.959778
0.960015
0.959155
0.957202
0.9540040000000001
0.952266
0.952556
0.952324
0.951332
0.9496399999999999
0.949783
0.9535020000000001
0.957935
0.9610549999999999
0.963007
0.963942
0.963765
0.962202
0.9590559999999999
0.9571719999999999
0.957183
0.9564540000000001
0.954675
0.951968
0.9512200000000001
0.954312
0.958292
0.961148
0.962968
0.963834
0.963586
0.9619409999999999
0.9586870000000001
0.956666
0.9564809999999999
0.955499
0.953516
0.9506389999999999
0.949989
0.9529200000000001
0.956041
0.957857
0.9586969999999999
0.958799
0.9581059999999999
0.956426
0.953573
0.95232
0.953152
0.9532229999999999
0.952015
0.9494440000000001
0.948667
0.951293
0.95409
0.955462
0.955599
0.954683
0.952765
0.9498629999999999
0.948584
0.949401
0.94981
0.9494739999999999
0.9483739999999999
0.947716
0.9502860000000001
0.9544870000000001
0.95699
0.9577829999999999
0.9572149999999999
0.955465
0.952533
0.948376
0.945592
0.944808
0.9437709999999999
0.942277
0.940349
0.939765
0.942887
0.9475120000000001
0.9507680000000001
0.952658
0.953318
0.9527100000000001
0.9507629999999999
0.947471
0.9455520000000001
0.9455
0.9447200000000001
0.942881
0.940119
0.939076
0.941792
0.94557
0.9482360000000001
0.949933
0.950802
0.950728
0.949418
0.949103
0.950158
0.9502719999999999
0.949202
0.9469770000000001
0.944268
0.944634
0.947451
0.9490860000000001
0.9495540000000001
0.9490770000000001
0.9477639999999999
0.94563
0.94257
0.9409860000000001
0.941284
0.941005
0.9398129999999999
0.937792
0.936442
0.9384979999999999
0.942207
0.944449
0.945319
0.945159
0.944218
0.9425600000000001
0.940102
0.939435
0.941039
0.942319
0.942838
0.942543
0.942973
0.9465600000000001
0.951433
0.95489
0.9571139999999999
0.958317
0.958483
0.9574219999999999
0.9549479999999999
0.953684
0.95425
0.954225
0.9532860000000001
0.9514799999999999
0.9502290000000001
0.952355
0.956225
0.9586690000000001
0.959684
0.959517
0.9582870000000001
0.9558709999999999
0.952042
0.9494239999999999
0.9485899999999999
0.94706
0.9446129999999999
0.941371
0.9394879999999999
0.9412379999999999
0.944372
0.94645
0.9475319999999999
0.947716
0.9468799999999999
0.944767
0.943642
0.9439870000000001
0.943534
0.9420229999999999
0.939581
0.936306
0.936275
0.9395399999999999
0.941874
0.9431700000000001
0.9436329999999999
0.943312
0.942111
0.939844
0.938673
0.9389709999999999
0.9385049999999999
0.937048
0.934766
0.931932
0.9323100000000001
0.935475
0.9372659999999999
0.9377629999999999
0.9374389999999999
0.936557
0.93511
0.935262
0.937326
0.9389709999999999
0.9397540000000001
0.939601
0.938383
0.939542
0.943732
0.9472659999999999
0.9494020000000001
0.950358
0.9503469999999999
0.949475
0.9477200000000001
0.94719
0.9481879999999999
0.9485680000000001
0.94815
0.947076
0.945283
0.9461780000000001
0.950095
0.9530790000000001
0.9545379999999999
0.954845
0.954202
0.952558
0.9497770000000001
0.94816
0.9481930000000001
0.9477260000000001
0.9465959999999999
0.944917
0.942841
0.9441870000000001
0.9486100000000001
0.95186
0.95391
0.955008
0.9551459999999999
0.954176
0.951937
0.9506760000000001
0.950816
0.9501719999999999
0.94855
0.9461120000000001
0.9429719999999999
0.943325
0.947247
0.9503790000000001
0.9525899999999999
0.954039
0.954627
0.954053
0.9519629999999999
0.9505370000000001
0.950342
0.949385
0.9474950000000001
0.9447129999999999
0.94111
0.940734
0.943522
0.9453450000000001
0.946335
0.946785
0.9467040000000001
0.945909
0.946312
0.948118
0.949119
0.9489489999999999
0.9475979999999999
0.9450770000000001
0.9439049999999999
0.945734
0.948055
0.9492729999999999
0.9495709999999999
0.949092
0.9478700000000001
0.945874
0.9450850000000001
0.9458639999999999
0.9462719999999999
0.9460780000000001
0.9452809999999999
0.9437049999999999
0.943824
0.9467639999999999
0.9496129999999999
0.951081
0.951425
0.950786
0.9491649999999999
0.9464879999999999
0.9449299999999999
0.9450430000000001
0.944873
0.9441510000000001
0.9428549999999999
0.9408770000000001
0.9415479999999999
0.945416
0.948774
0.9508709999999999
0.9518409999999999
0.951735
0.950498
0.947937
0.946119
0.945509
0.9440959999999999
0.941691
0.938493
0.934649
0.9339049999999999
0.936743
0.93926
0.94084
0.9415379999999999
0.94125
0.9397469999999999
0.9389559999999999
0.939349
0.939047
0.9378049999999999
0.9357030000000001
0.9327799999999999
0.930984
0.932312
0.934793
0.936372
0.9370879999999999
0.937059
0.9363
0.934709
0.934156
0.934926
0.935058
0.9343969999999999
0.933162
0.931371
0.9311440000000001
0.934066
0.937694
0.9401959999999999
0.941722
0.942493
0.9425209999999999
0.94166
0.941926
0.9437190000000001
0.944994
0.9454229999999999
0.945
0.9436399999999999
0.9439790000000001
0.9473950000000001
0.9511069999999999
0.9537190000000001
0.955385
0.956169
0.9559139999999999
0.9544290000000001
0.9538209999999999
0.954548
0.95457
0.953622
0.951772
0.9489790000000001
0.948018
0.950058
0.952092
0.952886
0.9527110000000001
0.951691
0.9496829999999999
0.948465
0.9483360000000001
0.947442
0.945652
0.943214
0.9402149999999999
0.9375629999999999
0.93805
0.9406040000000001
0.9421290000000001
0.942541
0.9419350000000001
0.9402809999999999
0.937551
0.935637
0.934975
0.933882
0.932233
0.93015
0.927573
0.9253959999999999
0.9263889999999999
0.929465
0.9316469999999999
0.9329620000000001
0.9335559999999999
0.9333809999999999
0.934003
0.9356270000000001
0.936527
0.936499
0.9357270000000001
0.93429
0.9320950000000001
0.932292
0.93537
0.9379149999999999
0.939412
0.9401780000000001
0.940365
0.939894
