1.007778
1.006987
1.007535
1.0074
1.00645
1.0047469999999998
1.002157
1.0001959999999999
1.001311
1.003781
1.005066
1.0053809999999999
1.00488
1.0035129999999999
1.001207
1.000022
1.000328
1.0000870000000002
0.998975
0.997023
0.994353
0.992675
0.994168
0.996978
0.99872
0.9994270000000001
0.9991629999999999
0.9980040000000001
0.995865
0.9947360000000001
0.9950760000000001
0.99495
0.9940760000000001
0.9924200000000001
0.989907
0.988504
0.99016
0.992871
0.994635
0.995467
0.99551
0.9947229999999999
0.9948440000000001
0.996149
0.996948
0.9970959999999999
0.9965729999999999
0.9953790000000001
0.993725
0.994983
0.9987209999999999
1.0011809999999999
1.002308
1.002324
1.001468
0.999734
0.998926
0.99945
0.9995059999999999
0.998833
0.997583
0.9958879999999999
0.9941049999999999
0.9953059999999999
0.998916
1.001468
1.002865
1.003234
1.002578
1.000772
0.999857
1.000356
1.000332
0.999498
0.9979889999999999
0.995783
0.993757
0.9948889999999999
0.99821
1.000625
1.002153
1.002994
1.002999
1.0017459999999998
1.00106
1.001369
1.0008299999999999
0.999382
0.997181
0.9941469999999999
0.991202
0.991334
0.993539
0.9948290000000001
0.9954540000000001
0.9956010000000001
0.995072
0.9936200000000001
0.993237
0.9942790000000001
0.9946959999999999
0.9942030000000001
0.992728
0.990122
0.988085
0.9891040000000001
0.991542
0.993057
0.993741
0.9935950000000001
0.992549
0.9905780000000001
0.9897950000000001
0.990664
0.991293
0.991411
0.990864
0.9894219999999999
0.988718
0.990909
0.994258
0.996577
0.997791
0.997841
0.9967
0.9942979999999999
0.992828
0.99305
0.9931
0.9925450000000001
0.991275
0.9892280000000001
0.9882139999999999
0.990298
0.993541
0.995698
0.996778
0.9969389999999999
0.99611
0.994052
0.9929450000000001
0.993351
0.993123
0.991884
0.98982
0.987028
0.9856870000000001
0.987836
0.991276
0.993849
0.995417
0.9959620000000001
0.9953190000000001
0.995332
0.996534
0.997172
0.9969399999999999
0.995892
0.993992
0.99108
0.991078
0.9942350000000001
0.996492
0.997635
0.9978469999999999
0.997208
0.9956309999999999
0.994957
0.9955149999999999
0.9953559999999999
0.994207
0.9923
0.989684
0.9864799999999999
0.986284
0.9888520000000001
0.990344
0.990761
0.990401
0.989309
0.9873870000000001
0.9866030000000001
0.9873149999999999
0.9875010000000001
0.986835
0.985351
0.9830840000000001
0.9811639999999999
0.982453
0.9856940000000001
0.98777
0.9887799999999999
0.9889020000000001
0.9881040000000001
0.986355
0.9856299999999999
0.9862639999999999
0.9863370000000001
0.985626
0.984158
0.9818459999999999
0.979857
0.980765
0.9832540000000001
0.984728
0.985326
0.9851719999999999
0.984265
0.982382
0.9813620000000001
0.981633
0.981441
0.980651
0.9792719999999999
0.977282
0.9767129999999999
0.9793200000000001
0.9828129999999999
0.9851700000000001
0.986405
0.9866159999999999
0.985885
0.9860270000000001
0.9872549999999999
0.9878170000000001
0.9876149999999999
0.9867469999999999
0.985309
0.983296
0.9842549999999999
0.988139
0.9910969999999999
0.993031
0.994024
0.9940469999999999
0.9929540000000001
0.992442
0.99298
0.99298
0.9922110000000001
0.990725
0.9885790000000001
0.985556
0.9851120000000001
0.9877469999999999
0.9898969999999999
0.9912700000000001
0.992032
0.992236
0.9916209999999999
0.9917520000000001
0.9929690000000001
0.9935129999999999
0.993152
0.992067
0.99026
0.9877450000000001
0.9881200000000001
0.991301
0.9935299999999999
0.994841
0.9955940000000001
0.9957809999999999
0.995049
0.995149
0.996542
0.9974069999999999
0.99741
0.996547
0.9946290000000001
0.991676
0.991502
0.994122
0.995777
0.9964770000000001
0.996338
0.99518
0.992843
0.9914129999999999
0.9914290000000001
0.9910540000000001
0.990125
0.988671
0.98646
0.9842629999999999
0.9850120000000001
0.9878040000000001
0.989714
0.990763
0.9908620000000001
0.989784
0.987454
0.985941
0.985828
0.9854879999999999
0.984765
0.983541
0.981642
0.980088
0.981685
0.98526
0.987834
0.989331
0.989772
0.989208
0.9875870000000001
0.986874
0.9876370000000001
0.9880459999999999
0.9876450000000001
0.9863069999999999
0.9841200000000001
0.9822770000000001
0.9836969999999999
0.987398
0.990426
0.992591
0.9937950000000001
0.993906
0.9927040000000001
0.9922190000000001
0.993136
0.993583
0.9931610000000001
0.9918950000000001
0.9897819999999999
0.9881719999999999
0.9897540000000001
0.993258
0.9959290000000001
0.997576
0.99826
0.997978
0.9984799999999999
1.000065
1.000925
1.000685
0.999342
0.997075
0.9939020000000001
0.992827
0.99474
0.996483
0.997086
0.996655
0.995383
0.993294
0.9921280000000001
0.9922610000000001
0.991957
0.99085
0.988949
0.9862700000000001
0.9827319999999999
0.981685
0.9838100000000001
0.98554
0.9861120000000001
0.9857450000000001
0.9845700000000001
0.982556
0.98164
0.9823120000000001
0.982735
0.982554
0.9818129999999999
0.980467
0.978426
0.9792709999999999
0.982819
0.98516
0.9864219999999999
0.986907
0.986634
0.98551
0.9853049999999999
0.98625
0.986505
0.9860110000000001
0.9849680000000001
0.9833350000000001
0.981561
0.982965
0.986907
0.98975
0.9914149999999999
0.991992
0.991475
0.989836
0.9889959999999999
0.989332
0.989065
0.988057
0.9863799999999999
0.9840530000000001
0.9823059999999999
0.983748
0.987016
0.989341
0.99079
0.991391
0.991017
0.989439
0.988574
0.988991
0.9889110000000001
0.988044
0.986417
0.984028
0.9817370000000001
0.9823620000000001
0.98506
0.986993
0.98815
0.9885879999999999
0.9882290000000001
0.9886010000000001
0.9898549999999999
0.9903540000000001
0.9899450000000001
0.988733
0.9868620000000001
0.984276
0.9830969999999999
0.984798
0.987094
0.9884379999999999
0.9889290000000001
0.988799
0.988031
0.9881469999999999
0.989461
0.990434
0.9908309999999999
0.990592
0.9895959999999999
0.987525
0.9869629999999999
0.989247
0.9917520000000001
0.9933879999999999
0.9943120000000001
0.9945579999999999
0.993907
0.9940629999999999
0.9955069999999999
0.9965719999999999
0.996974
0.996767
0.995884
0.994009
0.99436
0.997489
0.9999969999999999
1.00152
1.0022010000000001
1.00185
1.000186
0.9990469999999999
0.998959
0.998323
0.9971030000000001
0.9954280000000001
0.993136
0.989952
0.989447
0.992016
0.9938739999999999
0.994632
0.994352
0.9929819999999999
0.990509
0.988848
0.98849
0.987801
0.986555
0.984632
0.981881
0.978606
0.978591
0.981715
0.9842870000000001
0.986225
0.9874620000000001
0.987769
0.986928
0.9867020000000001
0.9875649999999999
0.987973
0.9877440000000001
0.986826
0.985174
0.982872
0.983559
0.9872139999999999
0.9901459999999999
0.992239
0.993466
0.993807
0.993201
0.9934850000000001
0.995077
0.9961190000000001
0.9962540000000001
0.995534
0.9939309999999999
0.9916
0.9920889999999999
0.995291
0.9975790000000001
0.998859
0.999331
0.999043
0.997806
0.997476
0.998517
0.999015
0.998533
0.997057
0.994598
0.991775
0.992124
0.9951639999999999
0.997323
0.998492
0.998735
0.9979040000000001
0.997641
0.998434
0.9988049999999999
0.998539
0.997677
0.9962409999999999
0.994082
0.9929870000000001
0.99467
0.997029
0.998159
0.9982639999999999
0.997549
0.9960190000000001
0.9953780000000001
0.9959290000000001
0.995977
0.9953190000000001
0.9941030000000001
0.992332
0.9897959999999999
0.9887379999999999
0.990743
0.993397
0.995065
0.9957719999999999
0.995618
0.994669
0.99465
0.995771
0.9962629999999999
0.995964
0.994986
0.9933780000000001
0.991167
0.991419
0.994768
0.9979110000000001
1.000065
1.001305
1.001533
1.0005700000000002
1.00011
1.0005709999999999
1.000443
0.9995870000000001
0.998058
0.995908
0.992994
0.992417
0.994777
0.996842
0.998133
0.998782
0.9988020000000001
0.997984
0.997916
0.998856
0.9990319999999999
0.998199
0.996455
0.9939790000000001
0.9907379999999999
0.99056
0.993633
0.995957
0.9973709999999999
0.998014
0.997925
0.996928
0.9967309999999999
0.997799
0.998492
0.9985729999999999
0.9980479999999999
0.9967530000000001
0.994408
0.994758
0.998122
1.0005760000000001
1.001875
1.0022389999999999
1.001716
1.0001959999999999
0.999602
1.000481
1.0010620000000001
1.000996
1.000269
0.9987379999999999
0.996107
0.996044
0.998917
1.001005
1.002245
1.002751
1.0023440000000001
1.000844
1.000083
1.000442
1.000165
0.999179
0.997682
0.995648
0.993116
0.9938440000000001
0.9976940000000001
1.000626
1.0024469999999999
1.0031379999999999
1.0026190000000001
1.0009370000000002
1.000078
1.000533
1.000618
1.00004
0.998661
0.996395
0.993524
0.9937299999999999
0.9967940000000001
0.9989950000000001
1.000319
1.000818
1.000383
1.0006110000000001
1.00177
1.002317
1.00209
1.0010059999999998
0.998985
0.9960629999999999
0.994316
0.9955280000000001
0.99777
0.999281
0.999927
0.9996440000000001
0.9984290000000001
0.9979610000000001
0.9984940000000001
0.998431
0.99764
0.9962469999999999
0.99439
0.9919379999999999
0.991125
0.9932860000000001
0.9958790000000001
0.9973860000000001
0.9978530000000001
0.9975649999999999
0.996662
0.9968799999999999
0.998604
1.0001309999999999
1.001011
1.001052
1.000159
0.99815
0.997866
1.000489
1.003205
1.00506
1.006198
1.006591
1.005931
1.005866
1.006864
1.00727
1.0068219999999999
1.005667
1.0039120000000001
1.001392
1.001084
1.003759
1.006156
1.007466
1.007806
1.007098
1.005157
1.003889
1.00384
1.0033590000000001
1.0023870000000001
1.001041
0.999129
0.996347
0.9962690000000001
0.999231
1.001414
1.002505
1.002665
1.0019280000000002
1.000307
0.999603
1.000126
1.000139
0.999424
0.9979620000000001
0.9956860000000001
0.9926149999999999
0.9924069999999999
0.995583
0.99855
1.00082
1.002278
1.002687
1.001832
1.001441
1.002001
1.002048
1.00147
1.000276
0.998441
0.9957809999999999
0.9958100000000001
0.998864
1.001283
1.0028350000000001
1.0036
1.003592
1.002751
1.00288
1.004332
1.005195
1.005083
1.004035
1.00204
0.999107
0.9989879999999999
1.0017909999999999
1.0037639999999999
1.004861
1.005301
1.005087
1.003933
1.0035610000000001
1.004409
1.004691
1.004075
1.002569
1.00016
0.9970600000000001
0.997072
1.000035
1.0020069999999999
1.002867
1.002723
1.001494
1.000859
1.00135
1.001564
1.001335
1.000699
0.9996010000000001
0.9977739999999999
0.996762
0.998382
1.000743
1.001894
1.002073
1.001492
1.000148
0.9997360000000001
1.000517
1.000761
1.000258
0.9991690000000001
0.9975379999999999
0.995194
0.9943270000000001
0.9965959999999999
0.9996709999999999
1.001843
1.003072
1.003371
1.0027270000000001
1.0028540000000001
1.004026
1.004558
1.004343
1.003495
1.002034
0.99995
1.000002
1.003067
1.006138
1.008184
1.009298
1.009417
1.0083719999999998
1.007875
1.008361
1.008308
1.007535
1.006029
1.003785
1.000657
0.999549
1.001398
1.0033020000000001
1.004527
1.0051510000000001
1.0051430000000001
1.004263
1.004077
1.0048350000000001
1.004789
1.0037280000000002
1.001784
0.99915
0.995809
0.9953049999999999
0.9980979999999999
1.0004790000000001
1.001945
1.0025600000000001
1.002353
1.001199
1.0008549999999998
1.001815
1.002445
1.002471
1.001845
1.000385
0.997822
0.997693
1.0005709999999999
1.0028290000000002
1.004029
1.0043879999999998
1.003958
1.0026190000000001
1.002265
1.0033940000000001
1.0041719999999998
1.0041930000000001
1.003422
1.001762
0.9990020000000001
0.998833
1.0016690000000001
1.003795
1.005077
1.0056180000000001
1.0052459999999999
1.003807
1.003148
1.00366
1.003586
1.002836
1.001598
0.999833
0.9975129999999999
0.9984139999999999
1.002402
1.0053459999999999
1.0070540000000001
1.007687
1.0073809999999999
1.006118
1.00573
1.006653
1.0071700000000001
1.006969
1.0059719999999999
1.004211
1.0017770000000001
1.002405
1.005997
1.008646
1.0103280000000001
1.011107
1.01088
1.009456
1.0086870000000001
1.009111
1.00896
1.007967
1.006253
1.003851
1.000901
1.001052
1.00425
1.006723
1.008235
1.008848
1.008551
1.0071459999999999
1.006433
1.006867
1.006665
1.005627
1.003945
1.001614
0.998865
0.9991629999999999
1.0021120000000001
1.004008
1.00484
1.004872
1.0041360000000001
1.0043
1.00569
1.00661
1.0067030000000001
1.00591
1.00421
1.00158
1.000168
1.0017200000000002
1.004061
1.005407
1.005857
1.005466
1.004152
1.003693
1.0044600000000001
1.004764
1.004424
1.003587
1.002275
1.00026
0.9999379999999999
1.0024520000000001
1.005091
1.006681
1.007391
1.007288
1.006356
1.006369
1.007627
1.008422
1.008689
1.008533
1.007839
1.0064030000000002
1.0072729999999999
1.011026
1.0143
1.016417
1.0174889999999999
1.017541
1.016556
1.016274
1.01699
1.017021
1.016182
1.014515
1.012062
1.0088030000000001
1.008037
1.010432
1.012644
1.014029
1.014572
1.0141440000000002
1.012477
1.0112299999999999
1.010868
1.009892
1.008202
1.005833
1.002791
0.9989030000000001
0.997842
0.999869
1.001214
1.001816
1.001826
1.001224
0.999816
0.9973620000000001
0.9938239999999999
0.9892299999999999
0.9835719999999999
0.979944
0.9788610000000001
0.9770770000000001
0.973952
0.96975
0.9694290000000001
0.973359
0.976698
0.979032
0.980282
0.9802569999999999
0.9789760000000001
0.9765030000000001
0.972727
0.970493
0.9700639999999999
0.9683729999999999
0.9653780000000001
0.961609
0.961198
0.965098
0.96893
0.971088
0.9714139999999999
0.9701690000000001
0.967512
0.9632700000000001
0.957411
0.9530059999999999
0.9506190000000001
0.9474309999999999
0.943234
0.9383309999999999
0.936795
0.939423
0.941686
0.942234
0.9413450000000001
0.939472
0.9368299999999999
0.9334049999999999
0.9290959999999999
0.926695
0.926617
0.926127
0.924933
0.922902
0.92416
0.928894
0.93235
0.9340809999999999
0.9345479999999999
0.934126
0.932967
0.9309270000000001
0.927645
0.92574
0.925958
0.925852
0.925006
0.923243
0.9240280000000001
0.927924
0.930707
0.9314
0.930415
0.928053
0.924464
0.91953
0.9130520000000001
0.908084
0.9053969999999999
0.902332
0.898689
0.895072
0.8953969999999999
0.898825
0.9008700000000001
0.901515
0.900984
0.8992290000000001
0.895999
0.8908950000000001
0.8866729999999999
0.884225
0.881181
0.8774040000000001
0.873078
0.872503
0.8756
0.8776700000000001
0.878424
0.8780399999999999
0.876711
0.874484
0.8711030000000001
0.8662129999999999
0.86261
0.861083
0.859202
0.856743
0.853981
0.854541
0.857555
0.8585870000000001
0.8578709999999999
0.8561219999999999
0.853808
0.8509200000000001
0.8472
0.842619
0.8402959999999999
0.84078
0.841073
0.8405610000000001
0.840615
0.843774
0.848233
0.851044
0.8524120000000001
0.8528040000000001
0.852352
0.850776
0.8477370000000001
0.843232
0.8406290000000001
0.840802
0.8409030000000001
0.840268
0.8405469999999999
0.844249
0.8492649999999999
0.8526520000000001
0.854513
0.8552870000000001
0.8549479999999999
0.853083
0.8494430000000001
0.84406
0.8403149999999999
0.8391430000000001
0.8375969999999999
0.834935
0.833141
0.834749
0.8377020000000001
0.839542
0.840376
0.8402569999999999
0.838894
0.836059
0.8317709999999999
0.828924
0.828053
0.8264879999999999
0.8237969999999999
0.820692
0.820774
0.823361
0.824831
0.8252290000000001
0.82476
0.823341
0.8207469999999999
0.8168569999999999
0.8117300000000001
0.808345
0.807537
0.806656
0.804872
0.8029430000000001
0.804149
0.807395
0.809207
0.809717
0.809243
0.807871
0.805615
0.802467
0.798465
0.796536
0.7970619999999999
0.7968689999999999
0.7952229999999999
0.794319
0.796763
0.800509
0.8031510000000001
0.804796
0.8055869999999999
0.805552
0.8045760000000001
0.802421
0.801758
0.80309
0.803625
0.80282
0.801668
0.803491
0.807348
0.809936
0.811311
0.811546
0.810566
0.80837
0.804936
0.8003279999999999
0.797608
0.797388
0.796808
0.7953279999999999
0.794515
0.79704
0.801068
0.803523
0.804354
0.80372
0.801786
0.798701
0.7944859999999999
0.789209
0.78581
0.7847189999999999
0.7831100000000001
0.780687
0.779435
0.781972
0.786438
0.790013
0.792499
0.793942
0.79427
0.793201
0.790399
0.785809
0.7823680000000001
0.780683
0.778126
0.774379
0.771419
0.772191
0.775113
0.777335
0.778737
0.779563
0.7798579999999999
0.779385
0.777827
0.777539
0.778683
0.778555
0.7768970000000001
0.774812
0.775486
0.778064
0.779504
0.780021
0.779983
0.779569
0.778698
0.777193
0.7748729999999999
0.7741640000000001
0.775362
0.775867
0.775295
0.775025
0.7779729999999999
0.78268
0.785852
0.7873319999999999
0.7874479999999999
0.786401
0.784199
0.780898
0.776688
0.7744270000000001
0.77467
0.774762
0.774134
0.7743939999999999
0.778105
0.783243
0.786679
0.788463
0.789094
0.788723
0.7871670000000001
0.784188
0.782068
0.781275
0.779651
0.777034
0.773641
0.773587
0.7770229999999999
0.779872
0.7819050000000001
0.783166
0.783572
0.782894
0.7808970000000001
0.777395
0.774698
0.773345
0.7712829999999999
0.76839
0.765369
0.765957
0.769493
0.771971
0.773382
0.774046
0.774021
0.7731680000000001
0.771316
0.768374
0.7669229999999999
0.7675569999999999
0.767792
0.7670710000000001
0.7662439999999999
0.768573
0.773115
0.776508
0.778881
0.780512
0.781421
0.7813899999999999
0.77998
0.7792520000000001
0.779701
0.779211
0.777541
0.774848
0.774946
0.778593
0.7820739999999999
0.784654
0.786374
0.787254
0.7872520000000001
0.786149
0.783622
0.782029
0.7820520000000001
0.78156
0.780267
0.7782979999999999
0.779452
0.783374
0.785887
0.787203
0.7877460000000001
0.787654
0.786931
0.7854180000000001
0.783013
0.7822279999999999
0.783492
0.784317
0.784265
0.7833720000000001
0.785465
0.790354
0.793851
0.795908
0.796767
0.796552
0.79519
0.7923520000000001
0.787916
0.7845439999999999
0.782981
0.781159
0.7789149999999999
0.776275
0.7773260000000001
0.782068
0.785948
0.788601
0.7901020000000001
0.790392
0.789196
0.7863
0.781864
0.778632
0.7772180000000001
0.775334
0.772642
0.769703
0.770357
0.774334
0.7778189999999999
0.7806489999999999
0.782978
0.784717
0.785552
0.785097
0.785363
0.786667
0.786907
0.786033
0.784134
0.7839520000000001
0.786881
0.790172
0.7924939999999999
0.793982
0.794718
0.794567
0.7934399999999999
0.7913279999999999
0.788237
0.786762
0.787501
0.787971
0.787518
0.786816
0.789226
0.793704
0.796542
0.797846
0.797891
0.79676
0.7946270000000001
0.7916529999999999
0.790324
0.791126
0.791636
0.7913359999999999
0.790155
0.79159
0.796233
0.800489
0.803766
0.8061020000000001
0.807287
0.807053
0.8051520000000001
0.8013899999999999
0.7982020000000001
0.796456
0.7942520000000001
0.7913720000000001
0.787999
0.787374
0.790459
0.793786
0.795981
0.79694
0.796743
0.795547
0.793334
0.790087
0.788365
0.788666
0.788578
0.787725
0.786042
0.787221
0.791564
0.795138
0.797613
0.799167
0.799946
0.799964
0.798975
0.796783
0.795837
0.796613
0.796798
0.796107
0.794517
0.7957420000000001
0.800429
0.804616
0.807477
0.80909
0.809512
0.808597
0.806184
0.802307
0.799575
0.798651
0.797439
0.795676
0.793194
0.793967
0.7979930000000001
0.80088
0.802599
0.803502
0.803664
0.802994
0.801367
0.798608
0.797074
0.797183
0.796491
0.794535
0.791391
0.791513
0.795117
0.797816
0.7995329999999999
0.80052
0.800788
0.800261
0.798794
0.796276
0.795243
0.7962819999999999
0.796987
0.79683
0.795647
0.7972090000000001
0.8015770000000001
0.804532
0.8058850000000001
0.805937
0.80486
0.802848
0.799921
0.796085
0.794091
0.794555
0.794925
0.79462
0.793545
0.795654
0.800871
0.8048350000000001
0.807292
0.8084319999999999
0.808484
0.8074100000000001
0.8048770000000001
0.800723
0.79767
0.79647
0.794954
0.792959
0.790758
0.792246
0.7972279999999999
0.801447
0.804534
0.806459
0.807125
0.806338
0.803984
0.800185
0.797601
0.796748
0.7952859999999999
0.792842
0.789628
0.7896810000000001
0.792942
0.795342
0.796851
0.797776
0.798143
0.7977390000000001
0.796307
0.796024
0.797146
0.797309
0.796289
0.79414
0.793718
0.7963180000000001
0.799004
0.800502
0.801081
0.800955
0.8000510000000001
0.798269
0.795516
0.794085
0.794525
0.7946949999999999
0.794193
0.792916
0.7941199999999999
0.798512
0.802327
0.8044640000000001
0.805197
0.804864
0.803674
0.801678
0.798801
0.797393
0.797985
0.7982640000000001
0.797706
0.7961590000000001
0.797128
0.801091
0.80433
0.8064720000000001
0.807823
0.808429
0.8082
0.806816
0.803959
0.8020619999999999
0.8017770000000001
0.800926
0.799251
0.796796
0.797236
0.801017
0.804201
0.806153
0.807071
0.80718
0.806441
0.804525
0.801271
0.799331
0.799404
0.799247
0.798475
0.796852
0.798185
0.802667
0.806129
0.808341
0.809545
0.809821
0.8090149999999999
0.806921
0.8035770000000001
0.80157
0.801426
0.800878
0.799575
0.797434
0.798524
0.803286
0.807537
0.810851
0.813307
0.814742
0.8148310000000001
0.813304
0.81011
0.807828
0.8071619999999999
0.806026
0.80409
0.801227
0.801451
0.8051510000000001
0.80816
0.810234
0.8116399999999999
0.812349
0.812237
0.81112
0.808818
0.807763
0.808351
0.807975
0.806148
0.802999
0.8028890000000001
0.806117
0.8084140000000001
0.809679
0.810215
0.8101470000000001
0.809408
0.807726
0.8048930000000001
0.8034939999999999
0.804091
0.804182
0.803286
0.801392
0.802613
0.806982
0.810171
0.811933
0.8123319999999999
0.811497
0.8095
0.806337
0.8021590000000001
0.799732
0.79964
0.799439
0.798673
0.797509
0.799706
0.804908
0.808876
0.811417
0.812821
0.813188
0.812334
0.810034
0.806251
0.803693
0.803038
0.801963
0.800147
0.7981779999999999
0.7999390000000001
0.804968
0.809138
0.8121550000000001
0.81405
0.8146899999999999
0.8139310000000001
0.81177
0.8082090000000001
0.8058930000000001
0.805458
0.804475
0.802579
0.800477
0.801952
0.80638
0.809771
0.8119930000000001
0.813224
0.813491
0.812723
0.810756
0.8074100000000001
0.80534
0.8052229999999999
0.8045260000000001
0.802751
0.800595
0.801796
0.805759
0.8086979999999999
0.810541
0.811408
0.811331
0.810217
0.8078569999999999
0.804125
0.801712
0.801177
0.800082
0.798234
0.796502
0.798261
0.802563
0.805612
0.807325
0.807963
0.807661
0.8063319999999999
0.803805
0.80255
0.803117
0.803122
0.802183
0.800269
0.8006800000000001
0.804124
0.807176
0.809028
0.809768
0.809609
0.808609
0.80666
0.803664
0.802053
0.802373
0.802384
0.80178
0.8004640000000001
0.8021020000000001
0.806888
0.8105859999999999
0.8127270000000001
0.813713
0.813776
0.812797
0.810621
0.807342
0.805717
0.806412
0.807066
0.807212
0.806713
0.809519
0.815444
0.819958
0.822893
0.824515
0.8248989999999999
0.823981
0.8217120000000001
0.818032
0.815525
0.81487
0.813763
0.8118449999999999
0.809154
0.81002
0.8145859999999999
0.818358
0.821117
0.8229780000000001
0.8238530000000001
0.8234870000000001
0.821527
0.817766
0.81495
0.81393
0.812368
0.80984
0.8065100000000001
0.806497
0.809782
0.81226
0.8139149999999999
0.814901
0.815243
0.814864
0.8135399999999999
0.8110890000000001
0.810041
0.810808
0.81086
0.809843
0.807706
0.8084899999999999
0.812249
0.81475
0.816064
0.816578
0.816442
0.8155399999999999
0.813692
0.810916
0.8098770000000001
0.810992
0.8116329999999999
0.811257
0.809852
0.811499
0.816239
0.8197450000000001
0.8218049999999999
0.8226709999999999
0.822416
0.82099
0.818408
0.814778
0.8128850000000001
0.813315
0.813481
0.812818
0.811645
0.813832
0.8189649999999999
0.8228190000000001
0.8252120000000001
0.826466
0.82665
0.825624
0.823259
0.81945
0.816901
0.816349
0.815321
0.813346
0.810924
0.812067
0.816404
0.8197559999999999
0.8218709999999999
0.8227760000000001
0.822492
0.8211379999999999
0.818657
0.814822
0.812204
0.811425
0.810091
0.80792
0.8054899999999999
0.806558
0.810577
0.813543
0.8153199999999999
0.8160109999999999
0.815652
0.8142020000000001
0.8114939999999999
0.807488
0.805008
0.804583
0.803584
0.801685
0.799763
0.801381
0.805793
0.809243
0.811616
0.8131109999999999
0.813756
0.813346
0.8115859999999999
0.8083600000000001
0.8063859999999999
0.806142
0.805103
0.803103
0.801305
0.803076
0.807387
0.810565
0.812479
0.8135060000000001
0.8137810000000001
0.813105
0.811231
0.8080350000000001
0.806272
0.8064859999999999
0.805976
0.804198
0.802454
0.80412
0.807967
0.8104859999999999
0.811562
0.811549
0.810688
0.809014
0.8063939999999999
0.802614
0.8003939999999999
0.800399
0.8000109999999999
0.798672
0.797762
0.800154
0.8042090000000001
0.806774
0.807947
0.80794
0.806746
0.80438
0.800801
0.798543
0.798242
0.7976439999999999
0.7965180000000001
0.794945
0.7969470000000001
0.802348
0.806614
0.809474
0.8110430000000001
0.81128
0.810142
0.807671
0.803797
0.801022
0.800032
0.798578
0.79642
0.794045
0.795469
0.800245
0.803986
0.806556
0.8082090000000001
0.809032
0.80885
0.807299
0.804262
0.8025979999999999
0.80293
0.802593
0.801092
0.79924
0.80075
0.8049609999999999
0.808094
0.810066
0.811136
0.8115060000000001
0.811081
0.8117
0.813501
0.814291
0.813813
0.8122699999999999
0.811157
0.812872
0.81597
0.8178949999999999
0.818645
0.818354
0.817185
0.817
0.8181189999999999
0.8187369999999999
0.818559
0.8177180000000001
0.816369
0.816142
0.818988
0.822924
0.8254040000000001
0.826475
0.826456
0.8255889999999999
0.825616
0.8268190000000001
0.827715
0.8283309999999999
0.8288700000000001
0.829303
0.829578
0.8329120000000001
0.838959
0.843749
0.8469700000000001
0.8488190000000001
0.8496819999999999
0.8500469999999999
0.851542
0.8541120000000001
0.855967
0.856891
0.8571540000000001
0.8569959999999999
0.856349
0.8582139999999999
0.8625229999999999
0.8658459999999999
0.8681469999999999
0.869685
0.870613
0.8708540000000001
0.871653
0.873091
0.873669
0.8731969999999999
0.871817
0.869784
0.867719
0.868309
0.8708540000000001
0.87249
0.873526
0.874396
0.8751690000000001
0.875395
0.8762340000000001
0.877872
0.878717
0.878656
0.878025
0.8769290000000001
0.875682
0.8769049999999999
0.8800450000000001
0.882316
0.8840040000000001
0.8855280000000001
0.886849
0.888943
0.891725
0.8938379999999999
0.895301
0.8963620000000001
0.8970600000000001
0.897033
0.8967280000000001
0.898676
0.9022110000000001
0.904869
0.906848
0.9083620000000001
0.9092620000000001
0.9107069999999999
0.913018
0.915099
0.916949
0.9187209999999999
0.920259
0.920982
0.920855
0.922803
0.926765
0.930212
0.9333370000000001
0.936039
0.9379639999999999
0.938882
0.94037
0.9429290000000001
0.945274
0.947155
0.948297
0.948365
0.9471809999999999
0.9476190000000001
0.951116
0.95514
0.958493
0.960907
0.962134
0.96199
0.9621280000000001
0.963218
0.963915
0.9637959999999999
0.9626959999999999
0.9606620000000001
0.9577709999999999
0.956181
0.957966
0.9611709999999999
0.963649
0.9649840000000001
0.9649620000000001
0.963514
0.9623809999999999
0.9622790000000001
0.961873
0.960728
0.958692
0.955757
0.952016
0.949684
0.951048
0.9541290000000001
0.956564
0.9581360000000001
0.958834
0.958635
0.9591129999999999
0.9605819999999999
0.961515
0.9616450000000001
0.9609540000000001
0.959441
0.957189
0.9561620000000001
0.958457
0.962159
0.9650790000000001
0.96716
0.968458
0.969096
0.9707110000000001
0.9734799999999999
0.975628
0.976706
0.9766819999999999
0.9757299999999999
0.974126
0.973751
0.976506
0.9804729999999999
0.9834709999999999
0.985395
0.9863790000000001
0.9866219999999999
0.98779
0.9900370000000001
0.99167
0.9924200000000001
0.9923639999999999
0.9916889999999999
0.9904719999999999
0.9907940000000001
0.994236
0.9984430000000001
1.001487
1.003355
1.004227
1.004075
1.004426
1.005684
1.0063790000000001
1.0063
1.005596
1.004504
1.002987
1.002457
1.0046899999999999
1.00775
1.0095180000000001
1.010274
1.010271
1.009395
1.0090729999999999
1.009568
1.009357
1.008385
1.00705
1.005491
1.003456
1.002006
1.003511
1.006573
1.008583
1.009595
1.0096829999999999
1.008712
1.0082360000000001
1.00863
1.0085
1.0078719999999999
1.006937
1.005593
1.0035690000000002
1.002046
1.003439
1.0064739999999999
1.0088
1.010426
1.01122
1.010936
1.011059
1.011982
1.012421
1.012381
1.011886
1.010787
1.0088840000000001
1.007682
1.009331
1.012413
1.01491
1.016684
1.017542
1.017297
1.017601
1.018872
1.019659
1.019808
1.019319
1.0182120000000001
1.016324
1.0154459999999998
1.017482
1.02052
1.022593
1.0236120000000002
1.02367
1.022797
1.0209629999999998
1.020367
1.021648
1.022805
1.023236
1.022693
1.021047
1.018851
1.01979
1.023465
1.026161
1.027784
1.028397
1.027917
1.02642
1.026174
1.027639
1.028681
1.0288540000000002
1.0281049999999998
1.026369
1.023711
1.024051
1.027411
1.029767
1.03092
1.03091
1.029831
1.02776
1.0266520000000001
1.026932
1.026852
1.026157
1.024772
1.0226950000000001
1.019939
1.0201049999999998
1.023324
1.025608
1.026641
1.0267700000000002
1.026218
1.0249469999999998
1.024816
1.026166
1.026982
1.02688
1.026036
1.024622
1.022491
1.023304
1.027251
1.0303309999999999
1.032229
1.033057
1.0329110000000001
1.031783
1.031616
1.0327549999999999
1.0332700000000001
1.032952
1.031933
1.0301639999999999
1.027458
1.027662
1.031032
1.033517
1.034951
1.0356239999999999
1.035523
1.0343799999999999
1.034019
1.034766
1.034678
1.033628
1.031806
1.029221
1.025987
1.025755
1.028308
1.0298610000000001
1.030594
1.030748
1.030229
1.028831
1.028397
1.029181
1.029203
1.028241
1.026435
1.0238690000000001
1.020834
1.020765
1.023253
1.024678
1.02511
1.0247709999999999
1.0237610000000001
1.021945
1.0211459999999999
1.02178
1.022047
1.021694
1.020629
1.018665
1.016065
1.01623
1.0188959999999998
1.0206620000000002
1.02155
1.021729
1.021116
1.019412
1.018561
1.019208
1.0195809999999998
1.01941
1.018718
1.0173780000000001
1.016049
1.017707
1.021482
1.02417
1.025749
1.026412
1.0260610000000001
1.024422
1.023608
1.0241930000000001
1.024203
1.0234020000000001
1.021919
1.019695
1.017814
1.0191629999999998
1.022599
1.02515
1.026724
1.027259
1.02659
1.024648
1.023617
1.023945
1.023572
1.022253
1.0200069999999999
1.016794
1.014153
1.014956
1.017778
1.0197559999999999
1.020861
1.0210700000000001
1.020153
1.017907
1.016441
1.01633
1.0157459999999998
1.014414
1.01226
1.009266
1.006996
1.007937
1.0105030000000002
1.012207
1.013103
1.013182
1.012413
1.0106899999999999
1.010044
1.010858
1.011025
1.0101360000000001
1.0081950000000002
1.005351
1.0036049999999999
1.0051860000000001
1.008181
1.010229
1.011201
1.011177
1.010256
1.01035
1.011711
1.0124870000000001
1.0124540000000002
1.011579
1.009838
1.007299
1.0077530000000001
1.011185
1.0136
1.014773
1.014765
1.013691
1.011584
1.010428
1.010784
1.010861
1.010299
1.009112
1.007363
1.005422
1.0064520000000001
1.009809
1.011854
1.0125879999999998
1.012386
1.011421
1.009583
1.008839
1.009599
1.0098260000000001
1.009232
1.008081
1.006486
1.005312
1.007418
1.011682
1.01484
1.0167709999999999
1.017611
1.017268
1.015511
1.014435
1.0146
1.014111
1.012831
1.010913
1.0082790000000001
1.0058850000000001
1.006743
1.0097530000000001
1.011752
1.012816
1.013118
1.012502
1.0106700000000002
1.009585
1.0097040000000002
1.009166
1.00783
1.005692
1.002612
1.00026
1.0010270000000001
1.003265
1.004777
1.0057180000000001
1.006042
1.0055319999999999
1.003983
1.003407
1.004186
1.004329
1.003603
1.0020799999999999
0.9998090000000001
0.998398
1.000048
1.003031
1.004982
1.005868
1.005741
1.004697
1.0027110000000001
1.0019280000000002
1.002981
1.0039049999999998
1.004216
1.003694
1.002124
1.001139
1.00295
1.005909
1.0078690000000001
1.008879
1.0090459999999999
1.008248
1.006192
1.005102
1.0057
1.005929
1.005362
1.004027
1.001893
1.001144
1.0036370000000001
1.006996
1.0092370000000002
1.01045
1.0106760000000001
1.009686
1.0072530000000002
1.005706
1.005694
1.005215
1.004132
1.002465
0.9999530000000001
0.998762
1.000793
1.003644
1.00527
1.005681
1.004941
1.0030569999999999
1.000116
0.998426
0.9984350000000001
0.9980020000000001
0.996749
0.9945350000000001
0.991282
0.9896780000000001
0.991554
0.9943219999999999
0.9962559999999999
0.9973620000000001
0.997492
0.996441
0.996159
0.996986
0.9970129999999999
0.9961909999999999
0.994685
0.9924850000000001
0.9902219999999999
0.991186
0.9946
0.996936
0.9982559999999999
0.998653
0.998073
0.9965799999999999
0.996217
0.997303
0.9978879999999999
0.9976450000000001
0.996423
0.994138
0.991891
0.992598
0.995137
0.996541
0.996924
0.996442
0.995251
0.9934209999999999
0.9929209999999999
0.99405
0.994776
0.9947010000000001
0.993718
0.9918049999999999
0.990598
0.992316
0.995326
0.997318
0.998185
0.99795
0.996657
0.994149
0.9924639999999999
0.992289
0.9918020000000001
0.990684
0.9889879999999999
0.9867290000000001
0.985542
0.9873649999999999
0.990209
0.991728
0.9919879999999999
0.9913350000000001
0.9898170000000001
0.98718
0.9856010000000001
0.985606
0.984992
0.983453
0.981268
0.978475
0.977442
0.979809
0.983066
0.9854870000000001
0.987084
0.98788
0.987608
0.9880040000000001
0.989491
0.9902110000000001
0.98992
0.9888450000000001
0.987078
0.9848030000000001
0.9855149999999999
0.988999
0.991526
0.992977
0.993619
0.993518
0.9924790000000001
0.992284
0.9932840000000001
0.9935860000000001
0.992983
0.991707
0.9896790000000001
0.9870059999999999
0.9870469999999999
0.989402
0.9905010000000001
0.990567
0.9900629999999999
0.989072
0.9874350000000001
0.9870459999999999
0.988188
0.9888
0.988569
0.9874790000000001
0.9854639999999999
0.9836229999999999
0.9848399999999999
0.987949
0.9899889999999999
0.9911139999999999
0.991433
0.990785
0.9890459999999999
0.988152
0.9884930000000001
0.988289
0.9874360000000001
0.985978
0.983758
0.981668
0.9824120000000001
0.984893
0.986366
0.986944
0.9866809999999999
0.9855309999999999
0.9833
0.981894
0.9818370000000001
0.981442
0.9805010000000001
0.9788979999999999
0.976526
0.975196
0.97696
0.9798950000000001
0.981878
0.9829180000000001
0.983052
0.982284
0.982366
0.9834940000000001
0.9839530000000001
0.9836469999999999
0.9826290000000001
0.980951
0.9786370000000001
0.979289
0.982993
0.9859690000000001
0.988022
0.989118
0.9891469999999999
0.9879549999999999
0.987188
0.9872799999999999
0.986842
0.985816
0.9842139999999999
0.9820139999999999
0.9789459999999999
0.978558
0.9811110000000001
0.982929
0.983993
0.984492
0.984469
0.9836950000000001
0.9837959999999999
0.9851209999999999
0.985822
0.9855659999999999
0.9844719999999999
0.982555
0.980109
0.980466
0.983397
0.9855790000000001
0.9870190000000001
0.987942
0.988258
0.9875370000000001
0.987454
0.98851
0.98898
0.9885790000000001
0.9873190000000001
0.985057
0.982176
0.9822190000000001
0.984833
0.9864850000000001
0.9871549999999999
0.986958
0.985706
0.9832299999999999
0.9817309999999999
0.9818709999999999
0.981773
0.9811559999999999
0.9799709999999999
0.977934
0.9760489999999999
0.9770459999999999
0.979734
0.9813860000000001
0.982181
0.9821989999999999
0.98124
0.9810399999999999
0.9819319999999999
0.9821540000000001
0.981582
0.980448
0.978765
0.976397
0.9762870000000001
0.9793850000000001
0.982561
0.98474
0.9858790000000001
0.985901
0.984816
0.9843860000000001
0.984949
0.984958
0.984366
0.9832290000000001
0.98144
0.9789260000000001
0.9786440000000001
0.981408
0.9841270000000001
0.985974
0.987049
0.9873190000000001
0.986693
0.9868899999999999
0.9882700000000001
0.989231
0.989509
0.9889819999999999
0.987612
0.9853149999999999
0.985664
0.9890479999999999
0.9919610000000001
0.9942219999999999
0.99582
0.996653
0.996495
0.99692
0.998217
0.998691
0.9981030000000001
0.9965709999999999
0.994323
0.991315
0.991075
0.994
0.996294
0.997433
0.99749
0.9965780000000001
0.994605
0.9933850000000001
0.9934940000000001
0.9932540000000001
0.9923040000000001
0.990583
0.987978
0.984561
0.984116
0.9866379999999999
0.988276
0.9889190000000001
0.988784
0.987866
0.985999
0.9851110000000001
0.9856870000000001
0.985843
0.985246
0.9839950000000001
0.982058
0.979504
0.9799370000000001
0.983175
0.98544
0.986757
0.987259
0.986841
0.9854200000000001
0.984874
0.985606
0.985875
0.985583
0.9848530000000001
0.9835649999999999
0.981992
0.9835360000000001
0.987685
0.9907100000000001
0.99255
0.993303
0.992967
0.9916149999999999
0.991233
0.9922030000000001
0.992693
0.992395
0.991242
0.9892340000000001
0.9873049999999999
0.988605
0.992274
0.995123
0.9971190000000001
0.998225
0.9982709999999999
0.997017
0.9962260000000001
0.99634
0.9957379999999999
0.994289
0.992042
0.989073
0.986238
0.986469
0.9888600000000001
0.990293
0.990749
0.9903290000000001
0.989051
0.988597
0.989195
0.9891770000000001
0.9883350000000001
0.986725
0.98446
0.981476
0.9799209999999999
0.981028
0.9824299999999999
0.982801
0.9822559999999999
0.9810530000000001
0.979301
0.978564
0.979051
0.9791690000000001
0.978723
0.977721
0.976115
0.973666
0.9731219999999999
0.975569
0.978102
0.979715
0.980556
0.980683
0.979865
0.9797680000000001
0.980965
0.981935
0.9824360000000001
0.9825219999999999
0.982176
0.9810760000000001
0.982677
0.987029
0.990324
0.9926299999999999
0.994182
0.994848
0.994351
0.99451
0.995764
0.9963620000000001
0.996216
0.995484
0.994007
0.991598
0.992035
0.9954059999999999
0.9977879999999999
0.999078
0.999374
0.99861
0.996655
0.995375
0.99526
0.9946719999999999
0.993453
0.991566
0.9889
0.985926
0.986131
0.9890909999999999
0.9913
0.9927299999999999
0.993345
0.992907
0.991237
0.990196
0.990325
0.9900969999999999
0.989344
0.9880059999999999
0.985949
0.982985
0.98287
0.98582
0.988084
0.989614
0.990432
0.9904870000000001
0.991331
0.99315
0.9943489999999999
0.9946889999999999
0.994144
0.992728
0.990403
0.9885440000000001
0.98944
0.9917940000000001
0.993367
0.994159
0.9943040000000001
0.993776
0.994107
0.9955629999999999
0.9966200000000001
0.9970610000000001
0.996783
0.995674
0.9935309999999999
0.992484
0.9943270000000001
0.99692
0.9985959999999999
0.999408
0.9994370000000001
0.9985879999999999
0.9985850000000001
0.9999629999999999
1.001184
1.001946
1.0021870000000002
1.001787
1.000453
1.00061
1.003468
1.006321
1.007947
1.008574
1.0082870000000002
1.0069190000000001
1.006213
1.0066
1.006393
1.005364
1.003671
1.001368
0.9983110000000001
0.997185
0.999275
1.001747
1.0032370000000002
1.003682
1.0030569999999999
1.001352
1.000377
1.0004899999999999
0.999985
0.99872
0.9967790000000001
0.994137
0.990825
0.990082
0.9926510000000001
0.9952209999999999
0.997006
0.9980700000000001
0.9983120000000001
0.9975569999999999
0.997484
0.9984850000000001
0.9989899999999999
0.998778
0.9978239999999999
0.996133
0.993608
0.9931690000000001
0.995751
0.9984299999999999
1.000412
1.001717
1.002327
1.002119
1.00271
1.004361
1.005321
1.005301
1.004364
1.002666
1.00017
1.0001229999999999
1.0032459999999999
1.00611
1.007947
1.008823
1.008816
1.007849
1.007693
1.008786
1.009415
1.009253
1.008278
1.006429
1.003579
1.003507
1.0066110000000001
1.008993
1.0102959999999999
1.0106959999999998
1.010199
1.0086549999999999
1.007954
1.008575
1.0086899999999999
1.007957
1.006435
1.004118
1.000818
1.000118
1.002418
1.004005
1.004666
1.004567
1.003638
1.001767
1.000734
1.000887
1.0005
0.999483
0.9979979999999999
0.995973
0.9932489999999999
0.9935860000000001
0.997066
0.999589
1.00091
1.001127
1.0002719999999998
1.00014
1.001097
1.0015479999999999
1.001374
1.000643
0.9992770000000001
0.9971909999999999
0.996041
0.9979049999999999
1.001033
1.003265
1.00464
1.00515
1.004682
1.00479
1.005731
1.006031
1.0056129999999999
1.004522
1.002757
1.000276
0.9991329999999999
1.000969
1.0037129999999999
1.005729
1.006975
1.007422
1.006992
1.0073459999999999
1.00874
1.009487
1.009378
1.008493
1.0069700000000001
1.0046959999999998
1.0041200000000001
1.006438
1.008979
1.010483
1.011036
1.010825
1.009827
1.009674
1.010758
1.011462
1.011464
1.010678
1.00902
1.006265
1.004995
1.006675
1.008731
1.009883
1.010229
1.0097450000000001
1.008146
1.0071379999999999
1.007284
1.007023
1.00615
1.004773
1.002888
1.000261
0.999898
1.0025629999999999
1.005033
1.0066
1.007349
1.007128
1.005728
1.0050059999999998
1.005466
1.005455
1.004894
1.003909
1.002318
0.999835
0.9996389999999999
1.002535
1.005197
1.00686
1.007565
1.007299
1.0060799999999999
1.005733
1.006638
1.00712
1.006902
1.005857
1.003857
1.000921
1.0006389999999998
1.0036399999999999
1.006436
1.008477
1.009691
1.009875
1.008859
1.0084600000000001
1.009172
1.009434
1.009044
1.007953
1.0061440000000001
1.00348
1.003619
1.006838
1.009321
1.01083
1.0114040000000002
1.011069
1.009808
1.009448
1.010371
1.010737
1.010212
1.008861
1.006682
1.003484
1.003081
1.0057989999999999
1.007694
1.0085629999999999
1.008644
1.0080200000000001
1.006498
1.005827
1.006434
1.0065110000000002
1.00568
1.003935
1.001277
0.997669
0.9971690000000001
0.999923
1.001774
1.002599
1.002529
1.001501
0.999417
0.998334
0.998841
0.999123
0.9988889999999999
0.9981459999999999
0.996714
0.994575
0.99525
0.998474
1.000477
1.001377
1.001436
1.000661
0.9990040000000001
0.998358
0.999044
0.999181
0.998583
0.997343
0.995417
0.993411
0.9946229999999999
0.9983479999999999
1.0010629999999998
1.002632
1.003117
1.002549
1.002672
1.003674
1.003798
1.002985
1.0014319999999999
0.999246
0.9965450000000001
0.9958670000000001
0.9982840000000001
1.001005
1.002683
1.00339
1.003132
1.00185
1.001234
1.001609
1.001454
1.000653
0.999236
0.9972120000000001
0.9944120000000001
0.9934040000000001
0.995194
0.9971059999999999
0.9983049999999999
0.998969
0.9992129999999999
0.998923
0.999602
1.001377
1.002438
1.0026190000000001
1.002134
1.0010379999999999
0.9991040000000001
0.9993860000000001
1.002605
1.005493
1.007412
1.008616
1.009155
1.0087030000000001
1.008833
1.01001
1.010656
1.010546
1.009707
1.00803
1.0052530000000002
1.004743
1.0071729999999999
1.0091219999999999
1.010142
1.010402
1.009798
1.0081229999999999
1.00734
1.007973
1.00821
1.007818
1.00682
1.004992
1.002034
1.001809
1.004518
1.0063
1.0072889999999999
1.007641
1.007159
1.005619
1.004821
1.005195
1.005092
1.00443
1.00328
1.001509
0.9989389999999999
0.999287
1.002746
1.005372
1.006858
1.007259
1.006616
1.0049059999999999
1.0039879999999999
1.004383
1.004484
1.0040120000000001
1.00285
1.000949
0.9982049999999999
0.9984649999999999
1.0019360000000002
1.0046760000000001
1.006541
1.00752
1.00749
1.006262
1.005716
1.006453
1.006715
1.006138
1.004743
1.002551
0.99982
1.000245
1.0038040000000001
1.006821
1.009045
1.010435
1.010879
1.010146
1.010084
1.0111459999999999
1.01146
1.010758
1.009233
1.0069290000000002
1.004154
1.0044680000000001
1.007508
1.009498
1.01034
1.010269
1.009355
1.007507
1.0067540000000001
1.00756
1.007888
1.007274
1.0056479999999999
1.003005
1.000069
1.000262
1.002928
1.004536
1.005087
1.0047190000000001
1.003411
1.003024
1.003941
1.004359
1.0039879999999999
1.002923
1.001221
0.9988020000000001
0.9979690000000001
1.00006
1.002543
1.003967
1.004407
1.00391
1.002535
1.002026
1.0026110000000001
1.002628
1.002071
1.001132
0.999782
0.997876
0.998008
1.001123
1.0042440000000001
1.006199
1.007103
1.0071139999999998
1.006364
1.006642
1.008174
1.009169
1.009348
1.008689
1.007257
1.005072
1.0055180000000001
1.0090059999999998
1.012018
1.014125
1.015388
1.015723
1.014869
1.014404
1.014677
1.014149
1.012748
1.010606
1.007836
1.004281
1.003364
1.005434
1.0068270000000001
1.007252
1.006883
1.0057690000000001
1.003701
1.002369
1.0021879999999999
1.001416
1.039868
1.118386
1.1946219999999999
1.266184
1.334302
1.401546
1.438772
1.4364540000000001
1.4265510000000001
1.4197870000000001
1.416316
1.415812
1.438373
1.4927469999999998
1.555377
1.611017
1.6568200000000002
1.693483
1.7074049999999998
1.689803
1.66265
1.6435549999999999
1.633031
1.630095
1.643959
1.684996
1.745163
1.805448
1.853852
1.889947
1.908478
1.903091
1.882266
1.861268
1.849146
1.84732
1.859113
1.8892759999999997
1.9362979999999999
1.9871740000000002
2.0272069999999998
2.05285
2.062284
2.052307
2.027295
1.999809
1.980867
1.978576
1.99375
2.023284
2.0632
2.102741
2.131375
2.144768
2.142544
2.1246270000000003
2.097413
2.071158
2.053665
2.049686
2.059621
2.082394
2.114378
2.147119
2.170788
2.18439
2.188111
2.178969
2.159873
2.138305
2.123278
2.119995
2.128705
2.151821
2.18602
2.220012
2.245061
2.256144
2.252834
2.237482
2.214235
2.189269
2.174681
2.174774
2.1841209999999998
2.200223
2.219602
2.2369369999999997
2.246312
2.243686
2.22856
2.202977
2.174629
2.149194
2.1281939999999997
2.115242
2.111398
2.1149009999999997
2.122637
2.1300529999999998
2.135536
2.136535
2.127716
2.1088419999999997
2.083127
2.0550450000000002
2.029815
2.011701
2.00228
2.004602
2.015948
2.027285
2.0328150000000003
2.028686
2.013582
1.988849
1.95806
1.928348
1.906685
1.893832
1.888466
1.8891919999999998
1.89263
1.8944590000000001
1.8939840000000001
1.8882130000000001
1.872205
1.8467099999999999
1.8152580000000003
1.782686
1.753696
1.7318650000000002
1.71897
1.717091
1.72187
1.724778
1.721396
1.708747
1.6860439999999999
1.6589669999999999
1.631468
1.6039729999999999
1.580187
1.563032
1.553392
1.549866
1.553384
1.560091
1.561508
1.554349
1.5380639999999999
1.514086
1.485433
1.456181
1.434434
1.423015
1.4180409999999999
1.4176549999999999
1.419139
1.4186940000000001
1.416248
1.41062
1.397433
1.376627
1.351056
1.32445
1.3004930000000001
1.281603
1.268071
1.2633729999999999
1.2655370000000001
1.26595
1.260299
1.246724
1.230286
1.2118959999999999
1.1886430000000001
1.16418
1.1422860000000001
1.125343
1.113864
1.106709
1.101317
1.09894
1.096484
1.08655
1.068087
1.047825
1.0288979999999999
1.0090709999999998
0.990984
0.976984
0.967521
0.9615889999999999
0.957205
0.951317
0.940458
0.92753
0.912982
0.892726
0.870771
0.853239
0.840031
0.829274
0.821343
0.815651
0.810673
0.8043939999999999
0.794565
0.7794800000000001
0.758779
0.7380399999999999
0.719249
0.700569
0.688593
0.6834819999999999
0.679871
0.677087
0.67427
0.6698310000000001
0.662153
0.650212
0.6337649999999999
0.613197
0.5893649999999999
0.569325
0.5556220000000001
0.549361
0.55085
0.553443
0.5547270000000001
0.553355
0.54799
0.538071
0.523927
0.50637
0.486357
0.465179
0.449949
0.44373100000000004
0.445416
0.451241
0.45452600000000004
0.454024
0.44886099999999995
0.43902700000000006
0.425462
0.409381
0.39189
0.37400500000000003
0.356652
0.340049
0.32953699999999997
0.32984
0.33578
0.33958699999999997
0.337681
0.330243
0.31848699999999996
0.304166
0.289123
0.274875
0.262207
0.25106100000000003
0.246731
0.25517199999999995
0.268388
0.27616
0.276886
0.27122199999999996
0.260569
0.247304
0.23395
0.22227199999999997
0.212929
0.20556100000000002
0.199005
0.198079
0.208416
0.220892
0.225742
0.223212
0.21497600000000003
0.20313499999999998
0.19055899999999998
0.179823
0.17213900000000001
0.167168
0.163672
0.15981199999999998
0.16106600000000001
0.172296
0.183636
0.18703
0.183698
0.175782
0.165932
0.15734700000000001
0.152142
0.15043
0.15081
0.151384
0.14978
0.151424
0.161396
0.17057999999999998
0.172201
0.168192
0.161267
0.15453599999999998
0.15074200000000001
0.150778
0.15356
0.156944
0.158563
0.155763
0.154363
0.160719
0.166971
0.166972
0.16306600000000002
0.15823800000000002
0.155176
0.155425
0.15887
0.16389600000000001
0.16805699999999998
0.168843
0.163981
0.152202
0.14218499999999998
0.14263199999999998
0.146616
0.148205
0.149477
0.152197
0.156636
0.162374
0.16824
0.17216900000000002
0.172086
0.166653
0.155697
0.147919
0.151698
0.16009400000000001
0.166752
0.17285799999999998
0.179089
0.185304
0.191234
0.195888
0.197708
0.19553900000000002
0.18904300000000002
0.178562
0.164666
0.156347
0.16234300000000002
0.175097
0.18648499999999998
0.196027
0.203545
0.20847399999999996
0.210331
0.209206
0.20529899999999998
0.198831
0.190349
0.180549
0.177586
0.18918
0.206894
0.221673
0.232839
0.240195
0.243644
0.243937
0.242242
0.23909299999999997
0.234832
0.230044
0.224973
0.21915199999999999
0.218302
0.230233
0.24731999999999998
0.259552
0.266548
0.269206
0.26873600000000003
0.26653000000000004
0.263843
0.26159699999999997
0.259975
0.258353
0.255734
0.25096
0.24948
0.258405
0.271061
0.27902899999999997
0.282516
0.283157
0.282379
0.281654
0.282134
0.28365799999999997
0.285184
0.285521
0.28336999999999996
0.277481
0.273318
0.27824
0.287435
0.293838
0.297335
0.29954200000000003
0.301694
0.304451
0.307764
0.311001
0.312942
0.312134
0.307504
0.298523
0.291655
0.294456
0.30280300000000004
0.310173
0.315758
0.320454
0.32456999999999997
0.328202
0.331251
0.332887
0.332099
0.328293
0.321198
0.310803
0.303694
0.307395
0.317732
0.32755500000000004
0.335079
0.340677
0.344553
0.3468
0.34745
0.346536
0.343846
0.339046
0.332024
0.32277
0.317728
0.323463
0.335301
0.346033
0.353414
0.357766
0.35946
0.359198
0.35782600000000003
0.355597
0.352436
0.348254
0.34273000000000003
0.33528600000000003
0.331606
0.337596
0.34882199999999997
0.35831399999999997
0.363702
0.365798
0.365637
0.364236
0.36242800000000003
0.360737
0.358975
0.356364
0.352018
0.345061
0.341158
0.345887
0.355213
0.36301100000000003
0.367213
0.368886
0.369059
0.368751
0.368711
0.368759
0.368136
0.365973
0.361323
0.35332800000000003
0.341491
0.332447
0.333214
0.34008299999999997
0.34670300000000004
0.351213
0.354354
0.35631799999999997
0.357089
0.35684299999999997
0.355312
0.351674
0.34528200000000003
0.33595
0.330043
0.33371300000000004
0.343034
0.35186100000000003
0.358097
0.362171
0.36436399999999997
0.3652
0.365135
0.363815
0.360608
0.355214
0.347457
0.33707600000000004
0.32392
0.314825
0.317128
0.32609499999999997
0.33415900000000004
0.33931500000000003
0.342043
0.342468
0.340796
0.33773400000000003
0.33367399999999997
0.328343
0.321377
0.31261300000000003
0.308317
0.31475
0.326546
0.336294
0.342265
0.345024
0.34519
0.343857
0.342109
0.340035
0.33715100000000003
0.333029
0.32714899999999997
0.318721
0.307021
0.298489
0.300608
0.308363
0.314159
0.316842
0.31745999999999996
0.31654099999999996
0.31446999999999997
0.311879
0.308859
0.304709
0.298606
0.290038
0.285188
0.29096900000000003
0.30162100000000003
0.30943000000000004
0.313619
0.31514699999999995
0.314811
0.313712
0.312767
0.311744
0.309781
0.30615
0.300184
0.291108
0.28475100000000003
0.288609
0.297797
0.304724
0.308404
0.309859
0.30999299999999996
0.309408
0.308324
0.30661900000000003
0.303735
0.298879
0.29138000000000003
0.280804
0.273613
0.27765500000000004
0.28737399999999996
0.294721
0.299004
0.301089
0.30153
0.30093200000000003
0.299809
0.29793200000000003
0.294674
0.28947399999999995
0.28186
0.271439
0.264414
0.268714
0.278837
0.28660399999999997
0.29130700000000004
0.293705
0.294356
0.29373499999999997
0.29215399999999997
0.289581
0.285559
0.27956
0.271254
0.260392
0.253323
0.258044
0.26860700000000004
0.276482
0.281037
0.282941
0.28270500000000004
0.281003
0.278463
0.27508499999999997
0.270566
0.2646
0.256775
0.24661999999999998
0.24017399999999997
0.245567
0.256447
0.263913
0.267768
0.268959
0.268261
0.266442
0.264137
0.261492
0.25801999999999997
0.25301
0.245865
0.242403
0.250179
0.262614
0.27107
0.275515
0.276963
0.276357
0.274895
0.27355799999999997
0.272364
0.270545
0.267379
0.262187
0.25403000000000003
0.24864899999999998
0.25405900000000003
0.264335
0.271027
0.274075
0.27483
0.274447
0.273838
0.27344
0.272994
0.271823
0.268903
0.263156
0.25386
0.247243
0.251684
0.261299
0.267845
0.271586
0.273723
0.27494
0.27574099999999996
0.276415
0.276514
0.274966
0.270888
0.263785
0.253311
0.24579299999999998
0.249678
0.25947800000000004
0.266943
0.271778
0.274726
0.276223
0.276631
0.276084
0.274267
0.27074699999999996
0.265083
0.25690599999999997
0.246044
0.238934
0.244089
0.255303
0.26366799999999996
0.268904
0.27167199999999997
0.272396
0.271611
0.269908
0.267391
0.26364499999999996
0.258303
0.251091
0.241585
0.229436
0.21466500000000002
0.197668
0.178837
0.15851099999999999
0.13716099999999998
0.11523800000000001
0.09288400000000001
0.069884
0.045973
0.021023
-0.002928
-0.019918
-0.027202999999999998
-0.027320999999999998
-0.023056
-0.016956
-0.010771
-0.0052640000000000004
-0.000625
0.0030629999999999998
0.005696
0.007287999999999999
0.007861
0.007281
0.005574
0.003064
0.00021899999999999998
-0.002454
-0.004517
-0.005539
-0.005299
-0.0039369999999999995
-0.001848
0.00046100000000000004
0.00251
0.005227000000000001
0.00792
0.008211
0.005988
0.0026190000000000002
-0.000516
-0.002724
-0.003658
-0.0034189999999999997
-0.002388
-0.000985
0.000404
0.001464
0.0019440000000000002
0.001927
0.001442
0.000546
-0.000368
-0.001049
-0.001375
-0.0013
-0.0009109999999999999
-0.000321
0.000306
0.0008029999999999999
0.001065
0.001036
0.000755
0.000306
-0.000192
-0.000573
-0.000793
-0.000843
-0.000681
-0.000352
4.7e-05
0.000379
0.000586
0.000657
0.0005650000000000001
0.000341
5.3e-05
-0.000206
-0.000381
-0.000496
-0.000481
-0.000307
-7.900000000000001e-05
0.000123
0.000259
0.000352
0.000364
0.000261
9.7e-05
-6.3e-05
-0.000183
0.00048499999999999997
0.001615
0.00187
0.001387
0.000784
0.000317
5.6000000000000006e-05
-9e-06
-2.2e-05
-6.7e-05
-0.000132
-0.000212
-0.000302
-0.000394
-0.000188
8.3e-05
0.00010800000000000001
0.000166
0.00028
0.00037999999999999997
0.000414
0.00035099999999999997
0.000233
7.4e-05
-0.00011899999999999999
-0.00029
-0.00039
-0.000389
-0.000312
-0.000184
9e-06
0.000182
0.000266
0.000293
0.00027400000000000005
0.00021
8e-05
-6.7e-05
-0.000166
-0.000217
-0.000225
-0.00018899999999999999
-9.8e-05
1.9e-05
8.499999999999999e-05
0.00013000000000000002
0.000177
0.000167
9.499999999999999e-05
-5e-06
-6.2e-05
-8.8e-05
-0.00011399999999999999
-0.00011
-6.500000000000001e-05
1e-06
4.2e-05
5.6000000000000006e-05
9.300000000000001e-05
9.6e-05
3.4e-05
-2.4e-05
-4.9e-05
-5.2000000000000004e-05
-7.7e-05
-8.9e-05
-4.9e-05
7.000000000000001e-06
4.5e-05
6.2e-05
8.499999999999999e-05
0.000101
5.3e-05
-0.0
-1e-05
-2.7000000000000002e-05
-6.4e-05
-9.6e-05
-7.3e-05
-2.7000000000000002e-05
-1.1e-05
-0.0
2.6000000000000002e-05
5.9999999999999995e-05
6.1e-05
3.7e-05
4.5e-05
4e-05
-1.1e-05
-4.8e-05
-4.8e-05
-2.6000000000000002e-05
-3.2e-05
-4e-05
-1.3000000000000001e-05
1.9e-05
2.6000000000000002e-05
1.2e-05
1.2e-05
2.8000000000000003e-05
5e-06
-9e-06
1.6e-05
2.8999999999999997e-05
1.4999999999999999e-05
-1.3000000000000001e-05
-9e-06
4e-06
-1.2e-05
-2.9999999999999997e-05
-2.8999999999999997e-05
-1.1e-05
-8e-06
-2.2e-05
-2e-06
1.3000000000000001e-05
-2e-06
-2e-06
2.1e-05
4.9e-05
3.9e-05
1.7e-05
1.4999999999999999e-05
1.2e-05
-7.000000000000001e-06
-3.6e-05
-4.1e-05
-2.5e-05
-3.5e-05
-3.2e-05
1e-06
1.9e-05
1.7e-05
9e-06
2.7000000000000002e-05
4.2e-05
2.7000000000000002e-05
8e-06
-0.0
-1e-06
-1.4999999999999999e-05
-3.6e-05
-2.1e-05
-1.3000000000000001e-05
-2.8000000000000003e-05
-2.4e-05
-4e-06
1.4000000000000001e-05
4e-06
-2e-06
1.9e-05
3.5e-05
3.3e-05
2e-05
2e-05
2.2e-05
-1e-05
-2.7000000000000002e-05
-1.4000000000000001e-05
-1.6e-05
-2.9999999999999997e-05
-3.6e-05
-1.2e-05
5e-06
-6e-06
-1e-05
5e-06
0.000126
0.000204
0.000144
0.00010800000000000001
6.2e-05
-3e-06
-3.5e-05
-3.3e-05
-2.5e-05
-4.2e-05
-4.9e-05
-2.6000000000000002e-05
-9e-06
-1.4000000000000001e-05
-2.3e-05
-5e-06
2.6000000000000002e-05
2.1e-05
2.4e-05
5.1e-05
5.2000000000000004e-05
2.6000000000000002e-05
-6e-06
-1.1e-05
-1.8e-05
-4.6e-05
-5.9999999999999995e-05
-4.5e-05
-1.6e-05
-8e-06
-1.1e-05
1.8e-05
3.7e-05
2.7000000000000002e-05
2.7000000000000002e-05
3.7e-05
4.1e-05
1.4999999999999999e-05
-9e-06
-9e-06
-1.1e-05
-2.6000000000000002e-05
-4.1e-05
-2.9999999999999997e-05
-5e-06
-1.1e-05
-1.1e-05
8e-06
1.1e-05
5e-06
2e-06
2.1e-05
3.2e-05
1.8e-05
7.000000000000001e-06
7.000000000000001e-06
9e-06
-9e-06
-3.2e-05
-2.1e-05
-1.4999999999999999e-05
-2.5e-05
-1.8e-05
-2e-06
1e-05
5e-06
9e-06
2.9999999999999997e-05
3.8e-05
2.8000000000000003e-05
1.2e-05
9e-06
8e-06
-2.1e-05
-3.5e-05
-2.5e-05
-2.7000000000000002e-05
-2.9999999999999997e-05
-2.5e-05
-2e-06
7.000000000000001e-06
-1e-06
4e-06
2.4e-05
3.9e-05
3.2e-05
1.8e-05
2.7000000000000002e-05
1.9e-05
-1.1e-05
-2e-05
-2e-05
-2.1e-05
-3.4e-05
-2.8999999999999997e-05
-5e-06
3e-06
-6e-06
-1.1e-05
7.000000000000001e-06
2.8000000000000003e-05
1.8e-05
1.8e-05
3.3e-05
2.5e-05
4e-06
-1.2e-05
-1e-05
-1.8e-05
-3.7e-05
-3.6e-05
4.4e-05
0.00010800000000000001
7.4e-05
3.5e-05
3.3e-05
2.7000000000000002e-05
9e-06
1.1e-05
2.2e-05
2.2e-05
-1e-06
-1.7e-05
-1.6e-05
-2.6000000000000002e-05
-4.6e-05
-5.3e-05
-2.8999999999999997e-05
-1e-06
-5e-06
0.0
2.2e-05
2.8999999999999997e-05
2.6000000000000002e-05
2.3e-05
3.1e-05
2.7000000000000002e-05
5e-06
-7.000000000000001e-06
-5e-06
-4e-06
-2.2e-05
-3.6e-05
-1.7e-05
-5e-06
-1.2e-05
-9e-06
-3e-06
2e-06
-3e-06
6e-06
2.6000000000000002e-05
2.9999999999999997e-05
2e-05
1e-05
1.3000000000000001e-05
1.2e-05
-1.6e-05
-3.1e-05
-2.4e-05
-2.4e-05
-2.2e-05
-1.4999999999999999e-05
1e-06
3e-06
-4e-06
6e-06
2.7000000000000002e-05
3.8e-05
2.7000000000000002e-05
1.4999999999999999e-05
2.4e-05
1.4000000000000001e-05
-1.3000000000000001e-05
-2.6000000000000002e-05
-3.1e-05
-3.4e-05
-3.8e-05
-2.4e-05
3e-06
1e-05
6e-06
9e-06
2.9999999999999997e-05
4.2e-05
2.1e-05
1.1e-05
1.7e-05
6e-06
-1e-05
-2e-05
-1.6e-05
-2.3e-05
-3.6e-05
-2.7000000000000002e-05
-6e-06
4e-06
-7.000000000000001e-06
-1.1e-05
1.7e-05
3.1e-05
2.3e-05
2.4e-05
2.7000000000000002e-05
2.2e-05
1e-06
-8e-06
-5e-06
-1.6e-05
-3.4e-05
-3.6e-05
-1.4999999999999999e-05
2e-06
-1.2e-05
-1.4000000000000001e-05
4e-06
1.4000000000000001e-05
2e-05
2.4e-05
3.4e-05
2.8999999999999997e-05
8e-06
4.2e-05
7.4e-05
4.3e-05
-3e-06
-3.2e-05
-2.2e-05
-1.4000000000000001e-05
-1.4000000000000001e-05
-6e-06
4e-06
1.3000000000000001e-05
1.4000000000000001e-05
2e-05
2.8999999999999997e-05
1.9e-05
4e-06
-6e-06
-1e-06
-2e-06
-2.5e-05
-3.1e-05
-2.1e-05
-1.4999999999999999e-05
-1e-05
-7.000000000000001e-06
-0.0
-2e-06
-3e-06
1.4000000000000001e-05
3.1e-05
3.5e-05
2.3e-05
1.4000000000000001e-05
2.1e-05
1e-05
-1.4000000000000001e-05
-2.5e-05
-3.2e-05
-3.2e-05
-2.9999999999999997e-05
-1.4999999999999999e-05
0.0
-2e-06
-4e-06
8e-06
3.1e-05
3.9e-05
2.1e-05
1.6e-05
1.8e-05
5e-06
0.001094
0.002878
0.0033799999999999998
0.002562
0.0013859999999999999
0.000453
-0.000134
-0.000367
-0.00035499999999999996
-0.00025699999999999996
-0.000177
-0.000171
-0.00022200000000000003
0.00116
0.0035259999999999996
0.004385
0.0035759999999999998
0.0021620000000000003
0.0009519999999999999
0.00018700000000000002
-9.300000000000001e-05
-7.099999999999999e-05
-2.3e-05
-0.00010800000000000001
-0.00031099999999999997
-0.000542
-0.0007740000000000001
-0.000933
-0.0008849999999999999
-0.000603
-0.000182
0.000251
0.000637
0.00091
0.0009599999999999999
0.00075
0.000371
-4e-05
-0.00040300000000000004
-0.0006889999999999999
-0.0008119999999999999
-0.000711
-0.00044500000000000003
-0.00010800000000000001
0.000225
0.0005059999999999999
0.000655
0.000614
0.000426
0.000174
-8.7e-05
-0.000331
0.001145
0.003908
0.005078
0.004345
0.002775
0.001306
0.000322
-0.000149
-0.000259
-0.000252
-0.000305
-0.00045
-0.000641
-0.0008210000000000001
0.000611
0.0032270000000000003
0.004405
0.003904
0.0026920000000000004
0.001584
0.0008320000000000001
0.00042800000000000005
0.000198
-5.3e-05
-0.000377
-0.000722
-0.0010220000000000001
-0.000677
4.3e-05
0.000269
0.000303
0.00046100000000000004
0.000682
0.0008960000000000001
0.001025
0.000947
0.0006259999999999999
0.000149
-0.000361
-0.0008
-0.001078
-0.001094
-0.000824
-0.000386
9.7e-05
0.000535
0.0008380000000000001
0.000935
0.000791
0.00046699999999999997
6.3e-05
-0.000328
-0.0006190000000000001
0.0008619999999999999
0.003633
0.004850999999999999
0.004222999999999999
0.002806
0.001475
0.000544
5.5e-05
-0.000134
-0.000242
-0.000407
-0.000618
-0.000813
0.0009109999999999999
0.004056000000000001
0.005469
0.004893
0.00337
0.0018390000000000001
0.0008210000000000001
0.000376
0.000262
0.000143
-0.000143
-0.000539
-0.0009630000000000001
0.000575
0.0036409999999999997
0.005065
0.004573
0.003181
0.0018399999999999998
0.001062
0.000811
0.0007570000000000001
0.000556
9.7e-05
-0.000509
-0.001145
-0.001695
-0.001967
-0.001796
-0.001198
-0.000361
0.000523
0.001297
0.00176
0.0017739999999999998
0.0013599999999999999
0.000672
-0.000101
-0.000816
0.000962
0.0047420000000000006
0.006653
0.006222
0.00446
0.002523
0.001178
0.000475
0.000195
-1.1e-05
-0.000346
-0.0008
-0.001285
0.000743
0.004775
0.006811
0.00644
0.004748
0.0028640000000000002
0.00159
0.001024
0.000831
0.000559
2.7000000000000002e-05
-0.000685
-0.0014449999999999999
0.0004940000000000001
0.004646
0.006790000000000001
0.006495999999999999
0.004898
0.0031149999999999997
0.0019440000000000002
0.001465
0.001276
0.0009220000000000001
0.00025
-0.000653
-0.0016300000000000002
-0.000333
0.002878
0.00454
0.00434
0.003285
0.00231
0.0018800000000000002
0.00186
0.001848
0.001463
0.000625
-0.000503
-0.001663
0.000571
0.005677000000000001
0.008515
0.008447
0.006765
0.004556
0.002806
0.0019089999999999999
0.001449
0.000897
2.8000000000000003e-05
-0.001059
-0.002163
0.00031600000000000004
0.005829
0.008921
0.008953000000000001
0.007319
0.00509
0.0033060000000000003
0.00243
0.001974
0.001352
0.000335
-0.0009599999999999999
-0.002329
-0.003536
-0.000822
0.005339
0.009299
0.010125
0.009046
0.007047
0.004952000000000001
0.003268
0.001889
0.000522
-0.0009429999999999999
-0.0023989999999999997
-0.0035960000000000002
-0.000522
0.006125
0.010158
0.010751
0.009085
0.006494
0.004599
0.003089
0.000499
-0.002584
-0.003971
-0.002542
0.000625
0.007541
0.014736
0.017077000000000002
0.015989
0.012626
0.008226
0.003165
-0.00164
-0.005313
-0.007358
-0.007483
-0.006072
-0.003629
0.004071
0.015413
0.021552
0.020829
0.016477000000000002
0.011655
0.007587000000000001
0.004034
-0.000393
-0.004485
-0.006074
-0.005602
-0.00402
0.002571
0.012489
0.017293
0.016186000000000002
0.012168
0.007756
0.00435
0.002671
0.002193
0.001452
4.8e-05
-0.0009310000000000001
-0.000484
0.007006
0.018930000000000002
0.023627000000000002
0.020356
0.013859999999999999
0.00695
0.001242
-0.0024980000000000002
-0.0043479999999999994
-0.00481
-0.004309
-0.0028539999999999998
-0.00048499999999999997
0.008206
0.021535
0.029039
0.028248000000000002
0.021483000000000002
0.012185
0.0036659999999999996
-0.002012
-0.005149
-0.007461
-0.008829
-0.007840999999999999
-0.0044210000000000005
0.006314
0.021435
0.029675999999999998
0.029363
0.023504
0.015276
0.0072239999999999995
0.001024
-0.002872
-0.004994
-0.005986
-0.006209
-0.005461
0.003746
0.019604
0.029223000000000002
0.029794
0.024332
0.016596
0.009344
0.003692
-0.000524
-0.0036439999999999997
-0.005608
-0.006301
-0.005695
0.0035789999999999997
0.019575
0.029169
0.029845
0.024436000000000003
0.016119
0.007998
0.002137
-0.0012980000000000001
-0.003172
-0.004154
-0.0043159999999999995
-0.0033060000000000003
0.006681
0.023319
0.03242
0.031527
0.024446000000000002
0.014668
0.005032
-0.0020109999999999998
-0.005818
-0.007011
-0.005978
-0.003624
-0.001018
0.0015550000000000002
0.012179
0.028657
0.036847000000000005
0.034763999999999996
0.0265
0.015897
0.005854
-0.0018059999999999999
-0.006684999999999999
-0.009115999999999999
-0.009309999999999999
-0.007670000000000001
-0.004618
0.007665000000000001
0.026535000000000003
0.037342
0.038015
0.032559
0.024074
0.014361
0.005039
-0.002426
-0.0074540000000000006
-0.009998
-0.0101
-0.008008
0.004097
0.023321
0.034629
0.035813
0.031027999999999997
0.023497
0.014891
0.006645999999999999
-6e-06
-0.004604
-0.006963
-0.007184
-0.005947999999999999
0.005189
0.024099000000000002
0.035132
0.035930000000000004
0.031056
0.023503
0.014719999999999999
0.006509
0.000349
-0.003632
-0.005503
-0.005305
-0.003743
0.007726
0.026906
0.038130000000000004
0.040145
0.037814
0.033081
0.026289999999999997
0.017555
0.0072120000000000005
-0.002092
-0.007608
-0.009045000000000001
-0.007312999999999999
0.005508
0.026756
0.040749
0.046100999999999996
0.047169
0.045588
0.041596
0.035230000000000004
0.026348000000000003
0.014725
0.0021850000000000003
-0.007069
-0.011064000000000001
-0.001366
0.01906
0.033492
0.039757
0.042165
0.042533999999999995
0.041197000000000004
0.038015
0.032632
0.024524
0.013359000000000001
0.001395
-0.007164
-0.001186
0.016307
0.028610000000000003
0.03368
0.035355000000000004
0.035594
0.034829
0.0327
0.028797000000000003
0.022862999999999998
0.014653999999999999
0.005027
-0.002796
-0.006834000000000001
0.001738
0.019954
0.032038
0.036782999999999996
0.037920999999999996
0.036927
0.033831
0.028412
0.021092
0.012284999999999999
0.0036229999999999995
-0.001977
-0.003833
0.006461
0.025797000000000004
0.039804
0.047954000000000004
0.052457000000000004
0.054116
0.053389
0.050154000000000004
0.043868
0.034394
0.022498
0.00948
-0.0008990000000000001
0.004013
0.021297
0.035607
0.045569
0.053061000000000004
0.058632000000000004
0.062280999999999996
0.06325599999999999
0.060502
0.053775
0.043598000000000005
0.030637
0.015647
0.011904000000000001
0.023145
0.035299000000000004
0.043787
0.04965
0.054153
0.057908
0.06021
0.059741999999999996
0.056114
0.049759
0.041035
0.030227999999999998
0.028564999999999997
0.040237
0.052613
0.060039
0.06334
0.064059
0.063694
0.06267
0.060222000000000005
0.055759
0.049255
0.041054
0.031856999999999996
0.022129
0.022941
0.037018
0.050907
0.059821000000000006
0.06478300000000001
0.06690700000000001
0.0666
0.063581
0.05772000000000001
0.04931
0.038889
0.027347000000000003
0.015780000000000002
0.016738999999999997
0.032955
0.049944
0.062814
0.072438
0.079825
0.0855
0.088765
0.08784700000000001
0.08178400000000001
0.071225
0.057687
0.042855000000000004
0.038255000000000004
0.048299
0.060912
0.070306
0.077033
0.082262
0.087014
0.091225
0.09338300000000001
0.09210499999999999
0.087114
0.078808
0.067858
0.054812
0.04997
0.057601
0.06629199999999999
0.070879
0.072862
0.074152
0.075288
0.07521900000000001
0.072931
0.068378
0.062027
0.05450700000000001
0.046466
0.048241
0.063264
0.078779
0.08856900000000001
0.093598
0.095942
0.097054
0.096755
0.093716
0.08734299999999999
0.07841000000000001
0.068256
0.058191
0.058788
0.07407799999999999
0.091792
0.10546199999999999
0.11548299999999999
0.12286400000000001
0.128358
0.131717
0.13156500000000002
0.12707000000000002
0.118648
0.107432
0.09499500000000001
0.082603
0.080083
0.09176000000000001
0.10606099999999999
0.11676900000000001
0.125119
0.132694
0.13967000000000002
0.144479
0.145453
0.142193
0.135182
0.125424
0.114347
0.11145899999999999
0.121975
0.13525299999999998
0.144266
0.150104
0.154658
0.1592
0.163468
0.165674
0.164347
0.159615
0.152549
0.144228
0.134829
0.131853
0.141101
0.153584
0.16234300000000002
0.168356
0.173351
0.177807
0.180344
0.179554
0.175525
0.169343
0.162295
0.155282
0.155926
0.169587
0.18615299999999999
0.19749
0.204812
0.210456
0.21567600000000003
0.219817
0.22143000000000002
0.21989499999999998
0.215652
0.20965999999999999
0.20302
0.19609200000000002
0.19478800000000002
0.205531
0.220458
0.231553
0.239927
0.24693600000000002
0.252349
0.254448
0.252103
0.24599899999999997
0.23774699999999999
0.22903
0.220795
0.212468
0.20931100000000002
0.218648
0.23344299999999998
0.24535700000000002
0.255295
0.264144
0.271002
0.274021
0.272327
0.26685
0.259567
0.252087
0.244446
0.23517
0.22933699999999999
0.23549
0.248381
0.260322
0.271832
0.282896
0.292098
0.29786399999999996
0.299646
0.298108
0.29430300000000004
0.288664
0.280416
0.268288
0.258411
0.25991
0.269029
0.278794
0.288329
0.296781
0.30282600000000004
0.30585999999999997
0.306344
0.305463
0.30406
0.30171
0.296985
0.288451
0.28189000000000003
0.285092
0.29397
0.301813
0.30745
0.310634
0.31115
0.30950300000000003
0.306852
0.30438699999999996
0.302261
0.299268
0.2939
0.28544400000000003
0.280475
0.287097
0.300719
0.313191
0.321942
0.326374
0.326652
0.323515
0.318017
0.31132
0.303874
0.29517600000000005
0.284754
0.272888
0.26671300000000003
0.274563
0.29082800000000003
0.306175
0.318048
0.32607600000000003
0.330391
0.331273
0.329167
0.324563
0.317443
0.307422
0.294587
0.279658
0.269922
0.273861
0.286202
0.298136
0.307859
0.315739
0.32223
0.327322
0.330415
0.330487
0.326453
0.31793000000000005
0.305665
0.290864
0.280805
0.28337399999999996
0.29317
0.30176
0.307684
0.311818
0.314843
0.316864
0.31751799999999997
0.316234
0.31252800000000003
0.306312
0.297847
0.293479
0.299802
0.311551
0.32095100000000004
0.326336
0.328833
0.329685
0.329577
0.328404
0.325531
0.320424
0.313076
0.30398600000000003
0.293754
0.28886300000000004
0.295953
0.309125
0.32000700000000004
0.32702800000000004
0.331368
0.333795
0.33397899999999997
0.331262
0.325435
0.316852
0.306344
0.29493400000000003
0.283288
0.277579
0.28431100000000004
0.297348
0.30846399999999996
0.316548
0.322405
0.326125
0.327049
0.32468600000000003
0.319189
0.311178
0.30154200000000003
0.29091500000000003
0.279156
0.271931
0.27622199999999997
0.286673
0.295777
0.303054
0.309374
0.31450500000000003
0.317186
0.31621
0.31130599999999997
0.303153
0.29291
0.281375
0.268509
0.260288
0.264421
0.27539
0.285294
0.293652
0.30071
0.305796
0.30790500000000004
0.306568
0.302261
0.295879
0.287978
0.278361
0.266295
0.257708
0.260746
0.270287
0.278697
0.285684
0.291551
0.29576199999999997
0.297529
0.296572
0.293419
0.288723
0.282493
0.2741
0.262736
0.254324
0.25704099999999996
0.26578
0.272949
0.27824699999999997
0.281802
0.28315799999999997
0.281926
0.278314
0.273204
0.267366
0.260781
0.252826
0.24902
0.256686
0.269977
0.28075100000000003
0.288294
0.292622
0.293488
0.291073
0.285901
0.27863699999999997
0.27020500000000003
0.26124
0.25161100000000003
0.240813
0.23470700000000003
0.241364
0.254835
0.26657600000000004
0.27605799999999997
0.283147
0.287083
0.286932
0.282422
0.274333
0.263875
0.251733
0.237986
0.22276700000000002
0.212819
0.216919
0.22875700000000002
0.239385
0.24844699999999997
0.255816
0.260919
0.26305500000000004
0.26203000000000004
0.258272
0.252044
0.243027
0.230777
0.215271
0.203601
0.204907
0.213162
0.21982
0.22483699999999998
0.22866199999999998
0.23137
0.232607
0.23217
0.23025199999999998
0.22678800000000002
0.221237
0.212928
0.207827
0.214139
0.225777
0.23461300000000002
0.240758
0.244454
0.245836
0.245194
0.242752
0.238758
0.233564
0.227289
0.219873
0.21122
0.20774
0.21726900000000002
0.232488
0.244146
0.25198000000000004
0.256654
0.258431
0.257089
0.25290999999999997
0.24683200000000002
0.239425
0.230611
0.22029899999999997
0.20863600000000002
0.202476
0.209983
0.224032
0.23558400000000002
0.244423
0.250879
0.254608
0.254946
0.25196799999999997
0.246402
0.23870500000000003
0.229096
0.21768200000000001
0.210546
0.215993
0.227931
0.23767800000000003
0.24509899999999998
0.250598
0.25440799999999997
0.25645
0.256181
0.25307399999999997
0.246993
0.238183
0.227289
0.214783
0.206882
0.211675
0.22273099999999998
0.231371
0.23772800000000002
0.242412
0.24527100000000002
0.245747
0.243709
0.23952600000000002
0.233425
0.225361
0.21531999999999998
0.20339000000000002
0.196444
0.202624
0.21485900000000002
0.224462
0.23183099999999998
0.23783800000000002
0.24228400000000003
0.24441500000000002
0.243914
0.241064
0.23624299999999998
0.22958299999999998
0.22083200000000003
0.20950100000000002
0.202031
0.20678000000000002
0.21713600000000002
0.224818
0.23049
0.23501799999999998
0.23843699999999998
0.24019000000000001
0.239723
0.237066
0.23269
0.22691799999999998
0.21948099999999998
0.21611
0.224764
0.238788
0.24933000000000002
0.256556
0.260955
0.262613
0.261869
0.25905900000000004
0.25428
0.247935
0.24065799999999998
0.232792
0.22424699999999997
0.2208
0.230223
0.24561999999999998
0.25801399999999997
0.26761399999999996
0.274789
0.278977
0.27924499999999997
0.275179
0.26741
0.257218
0.24555300000000002
0.23271799999999998
0.21892899999999998
0.210643
0.21608200000000002
0.228733
0.239889
0.24964899999999998
0.258301
0.265235
0.26923600000000003
0.269478
0.266152
0.259804
0.250539
0.238129
0.222588
0.210524
0.211085
0.21884499999999998
0.22551999999999997
0.231273
0.23660100000000003
0.241382
0.24481999999999998
0.246268
0.245808
0.243653
0.239585
0.232929
0.228831
0.234573
0.24436599999999997
0.250752
0.25442600000000004
0.256201
0.256302
0.254875
0.251973
0.24779099999999998
0.242781
0.23716500000000001
0.23087
0.223615
0.220987
0.230692
0.24597199999999997
0.257757
0.266067
0.271572
0.274186
0.273124
0.268189
0.26049
0.251359
0.24133800000000002
0.23049699999999998
0.218871
0.21282199999999998
0.22064
0.235697
0.24890500000000002
0.259963
0.268959
0.27517600000000003
0.277406
0.275183
0.269356
0.26112399999999997
0.251161
0.239452
0.22546100000000002
0.215173
0.21779899999999996
0.22793200000000002
0.23687399999999997
0.244509
0.251155
0.256511
0.259786
0.26040599999999997
0.258309
0.253688
0.246879
0.237927
0.232325
0.23749
0.248065
0.25658000000000003
0.263232
0.26857
0.272285
0.273912
0.273373
0.270911
0.266801
0.26109499999999997
0.253662
0.244202
0.23848899999999998
0.244455
0.25666500000000003
0.266987
0.275104
0.28147
0.285556
0.28639899999999996
0.283877
0.278911
0.272455
0.26478
0.25555100000000003
0.24434899999999998
0.23720300000000002
0.242162
0.253374
0.262383
0.269061
0.274188
0.27764
0.278854
0.277642
0.274343
0.269401
0.26292
0.254418
0.243157
0.23511300000000002
0.23889499999999997
0.24930700000000003
0.257967
0.26404
0.26754
0.268428
0.266846
0.26312399999999997
0.257759
0.251294
0.244004
0.23565500000000003
0.225742
0.22018600000000002
0.22741399999999998
0.241285
0.252825
0.261486
0.26710300000000003
0.269405
0.268368
0.26424000000000003
0.257577
0.24903000000000003
0.239002
0.22766999999999998
0.22124899999999997
0.22797199999999998
0.24184099999999997
0.254281
0.265092
0.274439
0.281893
0.286908
0.288962
0.287727
0.28324
0.275493
0.26426
0.249678
0.238668
0.240065
0.24867199999999998
0.256313
0.262536
0.267783
0.271953
0.274462
0.27484200000000003
0.27323800000000004
0.269956
0.264877
0.257558
0.247558
0.24060399999999998
0.24418099999999998
0.25264699999999995
0.258225
0.260856
0.261418
0.26053000000000004
0.258424
0.255133
0.250923
0.24604499999999999
0.24044400000000002
0.23379699999999998
0.225529
0.221178
0.22866799999999998
0.24191999999999997
0.25208
0.258738
0.26259899999999997
0.263996
0.262558
0.258069
0.25114200000000003
0.24258600000000002
0.23290300000000003
0.222462
0.217425
0.22568600000000003
0.24094899999999997
0.254407
0.26566
0.27483
0.281521
0.285087
0.285105
0.281802
0.275805
0.267592
0.257581
0.24610100000000001
0.23913299999999998
0.244261
0.25581
0.26574000000000003
0.2738
0.280638
0.286199
0.289688
0.29039299999999996
0.288259
0.283437
0.276023
0.266271
0.254388
0.246446
0.250172
0.260278
0.268816
0.275262
0.28024899999999997
0.28360599999999997
0.28455
0.282737
0.278618
0.272756
0.265401
0.256385
0.24505300000000002
0.23691700000000002
0.23998699999999998
0.24930100000000002
0.25698899999999997
0.26261599999999996
0.26674699999999996
0.269314
0.26984600000000003
0.26814499999999997
0.264498
0.259317
0.252794
0.244655
0.234233
0.22714600000000001
0.231481
0.24172399999999997
0.24976500000000001
0.255632
0.259872
0.262278
0.262561
0.260788
0.257314
0.25249099999999997
0.246428
0.238907
0.235454
0.24328899999999998
0.256761
0.2679
0.27620900000000004
0.281954
0.28478200000000004
0.284413
0.281143
0.275554
0.268302
0.259973
0.250749
0.240407
0.234727
0.24139699999999997
0.254565
0.265846
0.27471599999999996
0.281423
0.285549
0.286302
0.283279
0.276814
0.267644
0.25650300000000004
0.24376799999999998
0.229521
0.219984
0.22356900000000002
0.234492
0.244272
0.25267
0.259839
0.265356
0.26847600000000005
0.2687
0.266117
0.260981
0.253254
0.24255500000000002
0.22852199999999998
0.217371
0.21797199999999997
0.225275
0.2313
0.236042
0.23994899999999997
0.242982
0.24472199999999997
0.244842
0.24347800000000003
0.240745
0.236339
0.229699
0.226083
0.23263499999999998
0.24359
0.251145
0.25556999999999996
0.257858
0.258275
0.256932
0.25401599999999996
0.24972399999999997
0.24443099999999998
0.238416
0.231647
0.223919
0.22086
0.229992
0.245029
0.257263
0.266189
0.272038
0.274861
0.274445
0.270685
0.264121
0.2557
0.246081
0.23543000000000003
0.223779
0.217169
0.22366399999999997
0.23717
0.24896100000000002
0.258679
0.266489
0.271929
0.27405999999999997
0.272462
0.26779000000000003
0.260855
0.251943
0.24106
0.22807800000000003
0.218875
0.22179000000000001
0.23150500000000002
0.23989899999999997
0.246817
0.25264000000000003
0.257213
0.259864
0.26003899999999996
0.257709
0.252916
0.24565599999999999
0.236048
0.229875
0.23450500000000002
0.244817
0.25338499999999997
0.259932
0.264961
0.26850999999999997
0.270304
0.270014
0.26759099999999997
0.263337
0.25746199999999997
0.24993800000000002
0.240567
0.23474099999999998
0.23959899999999998
0.25001599999999996
0.258561
0.264888
0.269549
0.27243
0.272883
0.270708
0.26645399999999997
0.260691
0.253587
0.245035
0.23477800000000001
0.228411
0.233442
0.244279
0.25295700000000004
0.259483
0.264703
0.268438
0.269859
0.26869499999999996
0.265465
0.260691
0.25454499999999997
0.24681
0.242716
0.24900999999999998
0.260782
0.270794
0.278289
0.283625
0.286769
0.287526
0.285851
0.281964
0.276353
0.2696
0.26208000000000004
0.25359299999999996
0.249324
0.255988
0.268561
0.27968699999999996
0.288566
0.29546500000000003
0.29992199999999997
0.301131
0.298821
0.29341300000000003
0.285593
0.276067
0.265343
0.25357199999999996
0.246545
0.251416
0.263202
0.2745
0.284527
0.2934
0.300385
0.304467
0.305239
0.303021
0.298232
0.290933
0.280744
0.272883
0.273816
0.280303
0.286602
0.29162899999999997
0.296094
0.300199
0.303614
0.305696
0.305971
0.304476
0.30141399999999996
0.296636
0.289512
0.284974
0.28873899999999997
0.297055
0.304286
0.30933499999999997
0.312668
0.31406
0.313224
0.310435
0.306429
0.30190900000000004
0.297192
0.292163
0.286369
0.284862
0.293126
0.306721
0.319104
0.328337
0.334472
0.337424
0.337049
0.333661
0.32819499999999996
0.321558
0.31400700000000004
0.305217
0.300365
0.30491999999999997
0.315776
0.327489
0.33787399999999995
0.34703
0.354655
0.35995
0.361908
0.360113
0.355097
0.347597
0.338005
0.326419
0.31843699999999997
0.31954499999999997
0.327129
0.336148
0.344093
0.350894
0.356133
0.359246
0.360039
0.358786
0.355786
0.350984
0.344175
0.335189
0.32932100000000003
0.331406
0.338993
0.347403
0.354009
0.359087
0.362566
0.364103
0.363728
0.361887
0.35886
0.35441
0.34797100000000003
0.338993
0.332743
0.334298
0.341625
0.350117
0.35688600000000004
0.362097
0.3655
0.366596
0.365361
0.362263
0.357738
0.351887
0.344477
0.340606
0.344567
0.354088
0.36456900000000003
0.372544
0.37798899999999996
0.38113600000000003
0.38219000000000003
0.381416
0.37912199999999996
0.375526
0.370764
0.364829
0.357425
0.35362899999999997
0.357548
0.367113
0.377988
0.38666799999999996
0.393108
0.397002
0.39781500000000003
0.395544
0.39082
0.384282
0.376323
0.36715
0.356873
0.351082
0.354164
0.363796
0.375259
0.38490599999999997
0.392588
0.397938
0.400422
0.399879
0.396532
0.39082
0.383179
0.373765
0.362555
0.355075
0.35586799999999996
0.363198
0.372797
0.381143
0.388385
0.394524
0.399134
0.40175700000000003
0.402173
0.400298
0.395914
0.3886
0.378151
0.37038000000000004
0.36989299999999997
0.375628
0.38392
0.390955
0.39678
0.40136900000000003
0.404483
0.405989
0.40591900000000003
0.404346
0.401237
0.396378
0.394715
0.398835
0.40733800000000003
0.41703900000000005
0.42371800000000004
0.427726
0.429608
0.429742
0.428317
0.42558100000000004
0.42177299999999995
0.416959
0.411075
0.403964
0.400769
0.40429
0.41332399999999997
0.424493
0.433018
0.438796
0.44176899999999997
0.441708
0.43862700000000004
0.43305
0.425687
0.416984
0.407256
0.39676100000000003
0.390878
0.392766
0.401172
0.41248999999999997
0.42202799999999996
0.429633
0.435108
0.437921
0.437648
0.43434700000000004
0.42850299999999997
0.420597
0.41091400000000006
0.399464
0.391439
0.390223
0.395225
0.403401
0.410416
0.41648
0.421599
0.42529799999999995
0.427098
0.42668900000000004
0.42389099999999996
0.41871400000000003
0.41123000000000004
0.40663299999999997
0.407592
0.413679
0.42243100000000006
0.429367
0.43486499999999995
0.43920699999999996
0.44220600000000004
0.44363400000000003
0.443432
0.44158100000000006
0.43813500000000005
0.433208
0.42670699999999995
0.423573
0.42598400000000003
0.43349399999999993
0.44362799999999997
0.451578
0.45769399999999993
0.462037
0.464267
0.464192
0.46199700000000005
0.458163
0.453122
0.446978
0.439529
0.43576499999999996
0.43762700000000004
0.44476899999999997
0.454762
0.46233900000000006
0.46781999999999996
0.47138800000000003
0.472912
0.472361
0.469825
0.465686
0.460304
0.453583
0.445166
0.439971
0.439913
0.44533599999999995
0.45446499999999995
0.461775
0.46711
0.470293
0.471026
0.46930900000000003
0.46539899999999995
0.459905
0.45336899999999997
0.44576099999999996
0.441824
0.44281800000000004
0.44913100000000006
0.45935299999999996
0.467937
0.47486000000000006
0.4801
0.483308
0.484137
0.482479
0.478354
0.471995
0.46378
0.45389399999999996
0.447549
0.446453
0.451254
0.460621
0.46896499999999997
0.47617600000000004
0.481998
0.485854
0.48732299999999995
0.48637700000000006
0.483328
0.478372
0.47137799999999996
0.462218
0.45609399999999994
0.454716
0.458952
0.467529
0.474681
0.480459
0.48500600000000005
0.48815
0.489678
0.489629
0.488252
0.485551
0.48108500000000004
0.474263
0.46979
0.46879099999999996
0.472443
0.480005
0.48555699999999996
0.48937299999999995
0.49190500000000004
0.493117
0.49295600000000006
0.49150699999999997
0.488928
0.485253
0.480293
0.47875100000000004
0.481034
0.48812700000000003
0.499406
0.508448
0.514882
0.5187689999999999
0.520123
0.518968
0.515713
0.510916
0.504898
0.497943
0.49025100000000005
0.48672200000000004
0.487911
0.494658
0.50636
0.516658
0.524976
0.531072
0.534387
0.534552
0.531733
0.52652
0.51936
0.510562
0.500401
0.49385500000000004
0.491821
0.49550600000000006
0.504678
0.513247
0.5206970000000001
0.526935
0.5314939999999999
0.53396
0.534095
0.5318350000000001
0.527118
0.5198149999999999
0.509848
0.502149
0.49784399999999995
0.49849399999999994
0.504369
0.509684
0.51398
0.5173439999999999
0.519605
0.520684
0.52046
0.518845
0.5157579999999999
0.5108520000000001
0.508421
0.508895
0.512652
0.520208
0.52658
0.531025
0.5338890000000001
0.535188
0.534976
0.533535
0.5309560000000001
0.527233
0.522465
0.516575
0.5142359999999999
0.515999
0.521928
0.5320229999999999
0.540886
0.54755
0.551934
0.5538649999999999
0.553537
0.5512199999999999
0.5472600000000001
0.542072
0.535856
0.528546
0.524957
0.525872
0.531371
0.541668
0.551379
0.559094
0.564606
0.56772
0.568458
0.566864
0.5632739999999999
0.558221
0.55171
0.5434859999999999
0.538396
0.537255
0.540058
0.547814
0.555782
0.562277
0.567184
0.570293
0.571341
0.57006
0.566503
0.560963
0.553453
0.548622
0.547419
0.549072
0.555234
0.562404
0.568369
0.5730390000000001
0.576335
0.578052
0.578038
0.5762079999999999
0.572492
0.566847
0.5591619999999999
0.554083
0.552492
0.5535220000000001
0.558934
0.565361
0.570555
0.574371
0.576696
0.577381
0.576411
0.574037
0.570429
0.5654939999999999
0.559034
0.555491
0.555333
0.557755
0.564431
0.571471
0.576693
0.5803550000000001
0.582562
0.583184
0.582259
0.580099
0.576865
0.572371
0.56634
0.563264
0.563685
0.56681
0.574202
0.581749
0.587164
0.590611
0.592023
0.591498
0.589508
0.586314
0.581951
0.576449
0.574325
0.576016
0.579862
0.588067
0.597553
0.605313
0.611208
0.615045
0.6164649999999999
0.615484
0.61237
0.607187
0.600202
0.591959
0.5871890000000001
0.586605
0.588677
0.595881
0.605214
0.6132989999999999
0.619815
0.624297
0.6264
0.626123
0.623592
0.618891
0.6121840000000001
0.6036630000000001
0.597776
0.595355
0.594932
0.599384
0.606179
0.612042
0.6168899999999999
0.6204890000000001
0.622777
0.623724
0.623152
0.620923
0.616779
0.610234
0.605412
0.603086
0.601596
0.604125
0.6086159999999999
0.611935
0.614128
0.615124
0.615123
0.614201
0.6122310000000001
0.609252
0.605132
0.6038680000000001
0.6058640000000001
0.60842
0.614498
0.622107
0.627322
0.63022
0.630834
0.629267
0.6261359999999999
0.621818
0.616387
0.610156
0.603247
0.599943
0.600951
0.603962
0.611632
0.621582
0.629822
0.635782
0.639185
0.640135
0.638699
0.634965
0.6294420000000001
0.62262
0.614529
0.609633
0.608962
0.610414
0.616904
0.626243
0.634495
0.6412439999999999
0.646243
0.649303
0.650188
0.64887
0.645583
0.6402220000000001
0.632631
0.627607
0.626078
0.6254
0.629261
0.6362300000000001
0.642103
0.646646
0.649948
0.652065
0.6528579999999999
0.6521520000000001
0.6497930000000001
0.645436
0.6431399999999999
0.643634
0.6433220000000001
0.64653
0.6531319999999999
0.658353
0.662063
0.66455
0.665821
0.665725
0.6642640000000001
0.661456
0.6572560000000001
0.651572
0.6486109999999999
0.649042
0.6490319999999999
0.652907
0.66033
0.665953
0.669413
0.6709430000000001
0.670711
0.668824
0.665587
0.661284
0.656003
0.6498
0.6468229999999999
0.64748
0.648048
0.65269
0.660614
0.666673
0.6708729999999999
0.673322
0.67401
0.673197
0.671135
0.667787
0.66298
0.656674
0.653162
0.653065
0.652939
0.657208
0.665204
0.671786
0.676619
0.679425
0.680182
0.6791699999999999
0.6763779999999999
0.671842
0.665952
0.663079
0.663773
0.663917
0.668434
0.67732
0.684762
0.690585
0.694904
0.6975140000000001
0.698343
0.6973659999999999
0.694357
0.6893739999999999
0.682713
0.678504
0.677459
0.675855
0.678711
0.686371
0.693361
0.699218
0.703661
0.706527
0.7078220000000001
0.707377
0.7050770000000001
0.7010109999999999
0.695184
0.691526
0.690701
0.688805
0.690279
0.69584
0.7006479999999999
0.7041310000000001
0.706275
0.70735
0.707575
0.706803
0.704997
0.702083
0.697641
0.695433
0.695944
0.694811
0.696168
0.7011149999999999
0.705054
0.707144
0.707422
0.706371
0.704353
0.701339
0.697437
0.692675
0.690769
0.692274
0.6932189999999999
0.696909
0.704589
0.711991
0.717445
0.720847
0.7222770000000001
0.721723
0.7191029999999999
0.714607
0.708773
0.701866
0.697839
0.6976
0.697405
0.700799
0.708987
0.717439
0.724344
0.7293350000000001
0.7323149999999999
0.733159
0.7318560000000001
0.728707
0.723858
0.717305
0.713314
0.712778
0.711629
0.7135520000000001
0.720197
0.727248
0.733024
0.7374539999999999
0.740682
0.742664
0.743175
0.7419979999999999
0.7388
0.733354
0.729825
0.7288819999999999
0.726444
0.72626
0.730546
0.735421
0.7391260000000001
0.741665
0.7430399999999999
0.743256
0.742336
0.740214
0.736635
0.735204
0.73642
0.736284
0.736843
0.7409789999999999
0.746034
0.749208
0.750765
0.751019
0.750045
0.748027
0.745074
0.741123
0.736147
0.733889
0.734879
0.735265
0.737023
0.7427729999999999
0.749746
0.755025
0.758379
0.759714
0.759232
0.757364
0.75427
0.749948
0.744594
0.742165
0.74322
0.7439060000000001
0.746352
0.753051
0.7610140000000001
0.767199
0.771246
0.773279
0.7737109999999999
0.7726350000000001
0.769892
0.765592
0.763597
0.764426
0.764369
0.764538
0.768763
0.775556
0.781133
0.785429
0.788366
0.789891
0.789971
0.7883060000000001
0.784702
0.77927
0.775704
0.774633
0.772788
0.771644
0.7749560000000001
0.781107
0.7862020000000001
0.789855
0.792037
0.792954
0.79262
0.7908270000000001
0.78757
0.78289
0.780299
0.780361
0.779593
0.778759
0.7815979999999999
0.786957
0.790991
0.793554
0.7949689999999999
0.7956300000000001
0.795484
0.794273
0.791842
0.787937
0.7859520000000001
0.786488
0.785882
0.7844720000000001
0.7866029999999999
0.791654
0.795247
0.79701
0.7973060000000001
0.796562
0.7948109999999999
0.79198
0.788087
0.786583
0.78803
0.789038
0.789313
0.793327
0.8006979999999999
0.8063739999999999
0.809945
0.811561
0.8115319999999999
0.809971
0.806851
0.802339
0.796667
0.793431
0.7933979999999999
0.7933319999999999
0.7930119999999999
0.797027
0.804978
0.811615
0.816421
0.819498
0.82091
0.8206120000000001
0.8186439999999999
0.815046
0.8097300000000001
0.806319
0.805819
0.8049810000000001
0.803531
0.806327
0.813208
0.8190069999999999
0.8233889999999999
0.826577
0.828683
0.829521
0.828744
0.8260219999999999
0.82125
0.8182189999999999
0.817674
0.816005
0.812933
0.8138569999999999
0.818955
0.8230149999999999
0.8259139999999999
0.827938
0.829159
0.829449
0.828556
0.826213
0.825643
0.827324
0.8278340000000001
0.826685
0.827785
0.8323530000000001
0.836477
0.839038
0.840354
0.840616
0.839952
0.8384149999999999
0.835852
0.8321270000000001
0.830633
0.832039
0.833044
0.832981
0.835268
0.841002
0.846217
0.849413
0.850727
0.850354
0.8484950000000001
0.845297
0.840959
0.8357690000000001
0.8332639999999999
0.833994
0.834549
0.834307
0.836987
0.84351
0.849625
0.8538819999999999
0.856296
0.8571030000000001
0.856483
0.85426
0.8501850000000001
0.844303
0.840252
0.8388969999999999
0.8370569999999999
0.83424
0.8345969999999999
0.839443
0.844614
0.848633
0.8514139999999999
0.852992
0.853147
0.8515870000000001
0.848289
0.846518
0.846707
0.845715
0.843424
0.842822
0.8460780000000001
0.8504639999999999
0.853792
0.8561200000000001
0.8575459999999999
0.8580700000000001
0.8575780000000001
0.8558899999999999
0.852841
0.8514870000000001
0.852406
0.852708
0.8519459999999999
0.85264
0.8570030000000001
0.8623
0.866078
0.8683770000000001
0.8695719999999999
0.869872
0.869138
0.867257
0.864308
0.863609
0.8656360000000001
0.8670120000000001
0.867043
0.86836
0.873359
0.879151
0.8830540000000001
0.8852270000000001
0.886127
0.8859819999999999
0.8847510000000001
0.8822909999999999
0.87849
0.8765700000000001
0.877181
0.877141
0.8757879999999999
0.8755
0.8788520000000001
0.883275
0.8860290000000001
0.887267
0.887238
0.8859239999999999
0.883238
0.879086
0.876603
0.8764700000000001
0.8758040000000001
0.874275
0.8730190000000001
0.8755299999999999
0.8806450000000001
0.8845049999999999
0.8868969999999999
0.887891
0.887547
0.885971
0.8831399999999999
0.878858
0.876051
0.8755620000000001
0.874908
0.873798
0.8731979999999999
0.87661
0.8827799999999999
0.8876280000000001
0.891001
0.8931209999999999
0.894028
0.8935540000000001
0.891491
0.887892
0.8861319999999999
0.886863
0.8869940000000001
0.8860629999999999
0.885602
0.8891319999999999
0.895115
0.899855
0.903481
0.906308
0.9083129999999999
0.909208
0.9085989999999999
0.9091879999999999
0.911401
0.9123100000000001
0.911588
0.909465
0.9102819999999999
0.91443
0.9175540000000001
0.9193180000000001
0.920091
0.920155
0.919565
0.918167
0.9156129999999999
0.914651
0.91591
0.916615
0.916264
0.914652
0.9159579999999999
0.9202459999999999
0.9229
0.923747
0.9231590000000001
0.9214479999999999
0.918734
0.915115
0.910776
0.908759
0.909624
0.9105129999999999
0.910918
0.910661
0.9137700000000001
0.920155
0.925035
0.928026
0.9294450000000001
0.9295479999999999
0.9282100000000001
0.925109
0.920226
0.9166920000000001
0.9154190000000001
0.913954
0.911949
0.9094059999999999
0.9106360000000001
0.9160290000000001
0.9209200000000001
0.9246129999999999
0.9272040000000001
0.9286120000000001
0.928594
0.9269120000000001
0.926259
0.927106
0.926781
0.9251229999999999
0.9223979999999999
0.921697
0.9245680000000001
0.9280010000000001
0.930549
0.932458
0.93385
0.934636
0.9346209999999999
0.9334290000000001
0.933514
0.9353889999999999
0.9365829999999999
0.9367840000000001
0.935859
0.9367
0.940699
0.9446620000000001
0.947124
0.9484450000000001
0.948925
0.948558
0.947198
0.9448129999999999
0.94432
0.9463
0.9479120000000001
0.9485370000000001
0.948101
0.9495379999999999
0.9542069999999999
0.9587829999999999
0.96165
0.963123
0.9634809999999999
0.962785
0.960829
0.957442
0.955509
0.955709
0.9553969999999999
0.9540879999999999
0.9516709999999999
0.950924
0.9536709999999999
0.9570569999999999
0.959311
0.9605389999999999
0.960767
0.9598690000000001
0.957499
0.9534959999999999
0.950936
0.950577
0.9497620000000001
0.948091
0.945486
0.944839
0.9477979999999999
0.951254
0.953415
0.954282
0.953941
0.9525319999999999
0.9499879999999999
0.946168
0.9439549999999999
0.943926
0.9434299999999999
0.9421950000000001
0.9401379999999999
0.940212
0.9440069999999999
0.948283
0.9512950000000001
0.953067
0.953569
0.952633
0.9500649999999999
0.948521
0.9487610000000001
0.948356
0.9469270000000001
0.944631
0.943083
0.9451510000000001
0.949382
0.952724
0.955037
0.956471
0.9569469999999999
0.9562299999999999
0.9541370000000001
0.953204
0.953886
0.9537469999999999
0.952636
0.950628
0.9495889999999999
0.951883
0.9554290000000001
0.95773
0.959075
0.9598030000000001
0.959907
0.9592209999999999
0.957641
0.957802
0.960053
0.9616180000000001
0.961938
0.960824
0.960461
0.963291
0.967008
0.9691850000000001
0.9700840000000001
0.9699709999999999
0.968891
0.9668030000000001
0.963615
0.962067
0.9628049999999999
0.9632700000000001
0.962973
0.9617690000000001
0.961642
0.9648620000000001
0.968992
0.9714200000000001
0.972376
0.9720219999999999
0.9703069999999999
0.9671540000000001
0.962435
0.959073
0.9580219999999999
0.956834
0.955098
0.952801
0.952371
0.955767
0.960275
0.9635870000000001
0.965616
0.966274
0.9655219999999999
0.9633360000000001
0.95952
0.9567959999999999
0.955889
0.9542440000000001
0.9515950000000001
0.948225
0.946717
0.9490850000000001
0.952767
0.955572
0.957464
0.9584370000000001
0.9583389999999999
0.956888
0.956398
0.957374
0.957535
0.9565319999999999
0.954376
0.951883
0.95247
0.955354
0.957058
0.957676
0.957466
0.956617
0.9551040000000001
0.9526879999999999
0.9517899999999999
0.952867
0.953375
0.952833
0.951256
0.950105
0.952217
0.9559280000000001
0.958102
0.9587979999999999
0.958313
0.956966
0.954757
0.951499
0.949924
0.950657
0.9511200000000001
0.950925
0.949995
0.949994
0.9531430000000001
0.9573219999999999
0.959989
0.961267
0.9613219999999999
0.960217
0.957734
0.9536530000000001
0.950815
0.9499489999999999
0.94858
0.9464670000000001
0.943629
0.941926
0.943733
0.946876
0.948675
0.949293
0.9490799999999999
0.947966
0.945536
0.944026
0.94396
0.943108
0.941378
0.9390200000000001
0.936684
0.937652
0.94121
0.9437270000000001
0.945104
0.9455629999999999
0.9451219999999999
0.94358
0.940815
0.93937
0.9397989999999999
0.939866
0.939421
0.938451
0.937585
0.9400219999999999
0.9447690000000001
0.948253
0.9505870000000001
0.95209
0.952734
0.952257
0.9504870000000001
0.949961
0.951169
0.951772
0.951584
0.950564
0.949731
0.9521209999999999
0.956393
0.9593430000000001
0.961332
0.962691
0.963267
0.962716
0.9607110000000001
0.959743
0.9603959999999999
0.9602299999999999
0.95878
0.955868
0.9528540000000001
0.953058
0.9552129999999999
0.956182
0.956161
0.955318
0.9535969999999999
0.9509290000000001
0.947134
0.944785
0.944586
0.944101
0.9427719999999999
0.940364
0.9383290000000001
0.939298
0.941565
0.9424290000000001
0.942148
0.94086
0.9385209999999999
0.9351299999999999
0.93294
0.9324479999999999
0.931702
0.930541
0.928953
0.926834
0.927959
0.9323790000000001
0.9359049999999999
0.9382159999999999
0.939308
0.939001
0.9372149999999999
0.9340299999999999
0.931794
0.9310959999999999
0.9299780000000001
0.928167
0.9256909999999999
0.923084
0.924135
0.9282889999999999
0.931573
0.934016
0.9357540000000001
0.9367479999999999
0.9367719999999999
0.937774
0.9401430000000001
0.941874
0.942614
0.942153
0.9403530000000001
0.940585
0.943692
0.946358
0.948034
0.9489879999999999
0.9492879999999999
0.948996
0.947943
0.9479770000000001
0.9493969999999999
0.950111
0.949766
0.948422
0.9461370000000001
0.9461209999999999
0.948943
0.951151
0.952023
0.9516969999999999
0.9503959999999999
0.948274
0.9452219999999999
0.9435469999999999
0.943876
0.943995
0.943466
0.9422809999999999
0.9402959999999999
0.9411780000000001
0.9449700000000001
0.947736
0.9494540000000001
0.9503209999999999
0.9503969999999999
0.949407
0.9469700000000001
0.945433
0.945473
0.944924
0.943527
0.9414379999999999
0.93861
0.93866
0.942069
0.9449350000000001
0.946626
0.947325
0.9471950000000001
0.945958
0.943219
0.941358
0.941025
0.940082
0.9383520000000001
0.9358879999999999
0.932586
0.9325469999999999
0.93585
0.938207
0.9395469999999999
0.9400950000000001
0.9398200000000001
0.938476
0.938049
0.939033
0.939399
0.938842
0.9375020000000001
0.935261
0.9343389999999999
0.936426
0.939233
0.941191
0.942421
0.942968
0.942634
0.941212
0.940607
0.94115
0.940901
0.9397530000000001
0.937968
0.9355020000000001
0.934826
0.937234
0.939888
0.9413459999999999
0.941916
0.941815
0.940891
0.938984
0.938318
0.9393610000000001
0.939989
0.939766
0.938514
0.936156
0.936111
0.9391579999999999
0.941792
0.9433090000000001
0.944032
0.9440440000000001
0.9432
0.943313
0.944633
0.945213
0.944892
0.9438110000000001
0.9418780000000001
0.940056
0.9411200000000001
0.9439110000000001
0.9455540000000001
0.946191
0.9459219999999999
0.9446899999999999
0.942435
0.940944
0.940549
0.939651
0.938365
0.9368709999999999
0.93504
0.9343459999999999
0.93674
0.9402959999999999
0.9427270000000001
0.9441200000000001
0.944493
0.943832
0.9422020000000001
0.941593
0.9424020000000001
0.942796
0.9424879999999999
0.941458
0.9397559999999999
0.9394530000000001
0.94229
0.94614
0.949249
0.951714
0.9534440000000001
0.9541200000000001
0.9532870000000001
0.952676
0.9528469999999999
0.952232
0.950664
0.948176
0.9448479999999999
0.942722
0.9436610000000001
0.945667
0.9469290000000001
0.94752
0.9474819999999999
0.946664
0.9466190000000001
0.9475629999999999
0.9478049999999999
0.9471440000000001
0.9455120000000001
0.942844
0.9396680000000001
0.939199
0.940991
0.941893
0.9419790000000001
0.941358
0.9401129999999999
0.938249
0.9374129999999999
0.9379149999999999
0.93815
0.937918
0.9372309999999999
0.9359629999999999
0.934321
0.935268
0.9383549999999999
0.940467
0.9416059999999999
0.941815
0.9410850000000001
0.9392659999999999
0.938102
0.938224
0.9381940000000001
0.9378059999999999
0.937052
0.9358420000000001
0.9349930000000001
0.937061
0.9409290000000001
0.943709
0.9454670000000001
0.946459
0.9465610000000001
0.94711
0.948324
0.9487629999999999
0.948299
0.946984
0.944951
0.94219
0.941575
0.9439360000000001
0.9463219999999999
0.947932
0.948799
0.948867
0.947891
0.9474030000000001
0.947844
0.947723
0.9469209999999999
0.945626
0.943789
0.9410270000000001
0.94073
0.943413
0.9455680000000001
0.9469040000000001
0.947575
0.9475950000000001
0.9467450000000001
0.946626
0.9476549999999999
0.948213
0.9481219999999999
0.9475690000000001
0.9464879999999999
0.944559
0.945321
0.94899
0.9518200000000001
0.95373
0.954916
0.9552309999999999
0.9543790000000001
