1.0123790000000001
1.011579
1.011995
1.011592
1.0102200000000001
1.008037
1.0050430000000001
1.002756
1.003638
1.0060149999999999
1.007276
1.007564
1.007064
1.005732
1.003433
1.002216
1.002467
1.002105
1.0008139999999999
0.9986940000000001
0.9958379999999999
0.9937889999999999
0.9949110000000001
0.9974930000000001
0.998933
0.999309
0.9988040000000001
0.9974790000000001
0.9952770000000001
0.994245
0.9947590000000001
0.994764
0.9939600000000001
0.992351
0.989843
0.9883129999999999
0.9898959999999999
0.9926440000000001
0.9944049999999999
0.99524
0.995238
0.9943209999999999
0.994345
0.9956459999999999
0.996397
0.996424
0.995818
0.994583
0.992973
0.9944379999999999
0.998508
1.001277
1.002622
1.0027840000000001
1.001957
1.0001959999999999
0.9994569999999999
1.000106
1.000238
0.9996149999999999
0.998361
0.9965370000000001
0.9947520000000001
0.996124
0.999806
1.002305
1.003594
1.003831
1.003034
1.001191
1.00042
1.0011370000000002
1.001295
1.000584
0.99908
0.9967940000000001
0.9948020000000001
0.996028
0.9993479999999999
1.001688
1.003045
1.003557
1.003167
1.001668
1.0009059999999999
1.001201
1.000666
0.9992110000000001
0.997017
0.9940899999999999
0.991359
0.991772
0.994275
0.995777
0.996423
0.9964350000000001
0.995761
0.994225
0.993807
0.9948319999999999
0.995186
0.994517
0.99284
0.9901780000000001
0.9881719999999999
0.9893360000000001
0.9920540000000001
0.993784
0.9945930000000001
0.9945780000000001
0.993712
0.9919450000000001
0.991397
0.9924639999999999
0.993087
0.9929889999999999
0.9921780000000001
0.990525
0.989662
0.991801
0.9951399999999999
0.9973350000000001
0.998384
0.9983569999999999
0.99724
0.9949790000000001
0.993768
0.994185
0.9942690000000001
0.9936940000000001
0.992424
0.9903780000000001
0.98939
0.991508
0.994635
0.996497
0.997225
0.99705
0.995978
0.993859
0.9927819999999999
0.9931479999999999
0.992834
0.991576
0.9895520000000001
0.986865
0.9857440000000001
0.988065
0.991482
0.993934
0.995394
0.9958370000000001
0.9951260000000001
0.995159
0.9963620000000001
0.996892
0.9964959999999999
0.995259
0.99321
0.9903139999999999
0.990434
0.993654
0.995934
0.997152
0.9974870000000001
0.9969950000000001
0.995609
0.9951399999999999
0.9958629999999999
0.9959319999999999
0.995209
0.993814
0.9916719999999999
0.988908
0.9891110000000001
0.9920030000000001
0.9938239999999999
0.9946780000000001
0.9948319999999999
0.994293
0.992943
0.992712
0.993924
0.994561
0.9942770000000001
0.993091
0.9910399999999999
0.989101
0.9903219999999999
0.993699
0.9960200000000001
0.997289
0.997627
0.9970389999999999
0.995502
0.995023
0.995972
0.996408
0.9960559999999999
0.994925
0.992916
0.9909459999999999
0.991872
0.9946379999999999
0.99631
0.9969899999999999
0.996817
0.995743
0.993618
0.99245
0.9926719999999999
0.992368
0.991344
0.98967
0.987331
0.985993
0.987893
0.99115
0.993245
0.994143
0.9939459999999999
0.9926940000000001
0.990325
0.9889
0.9888610000000001
0.9882479999999999
0.986841
0.984768
0.9821110000000001
0.9806219999999999
0.9825
0.9858370000000001
0.9881840000000001
0.9895200000000001
0.989859
0.989087
0.9871200000000001
0.9861040000000001
0.98651
0.986303
0.985158
0.98313
0.9802299999999999
0.9782540000000001
0.979575
0.9824360000000001
0.984468
0.9856950000000001
0.986181
0.98582
0.986351
0.987973
0.988727
0.9883770000000001
0.9871219999999999
0.985081
0.98226
0.982512
0.9858459999999999
0.9881629999999999
0.989394
0.989835
0.989608
0.988649
0.988777
0.990288
0.9912770000000001
0.9914350000000001
0.9907729999999999
0.9892290000000001
0.987015
0.987771
0.9912059999999999
0.9934780000000001
0.994563
0.994693
0.993935
0.992283
0.9917600000000001
0.992777
0.99339
0.9933
0.9925350000000001
0.9910120000000001
0.9892850000000001
0.990418
0.9936440000000001
0.995706
0.996658
0.9966149999999999
0.9955209999999999
0.993265
0.991768
0.991482
0.9906719999999999
0.9892059999999999
0.9871610000000001
0.9845010000000001
0.9819979999999999
0.9826739999999999
0.985553
0.987295
0.9878370000000001
0.987353
0.985931
0.983519
0.982082
0.982042
0.981484
0.980151
0.978141
0.9755520000000001
0.97382
0.975477
0.979025
0.9817450000000001
0.983593
0.9845719999999999
0.984524
0.9851489999999999
0.9867600000000001
0.9876520000000001
0.987682
0.986967
0.9855700000000001
0.983454
0.983667
0.9868969999999999
0.989916
0.99198
0.993194
0.9935879999999999
0.993093
0.9934370000000001
0.9948809999999999
0.9955940000000001
0.995302
0.9941200000000001
0.9921549999999999
0.989332
0.989009
0.9916229999999999
0.993582
0.9944379999999999
0.9944459999999999
0.9937870000000001
0.9924799999999999
0.992341
0.993649
0.9944940000000001
0.994517
0.9936719999999999
0.9918790000000001
0.989117
0.98929
0.992453
0.994584
0.9956209999999999
0.995768
0.995043
0.993352
0.992519
0.9929469999999999
0.992866
0.9920190000000001
0.990476
0.9882270000000001
0.9851190000000001
0.98488
0.9875649999999999
0.989192
0.989757
0.989498
0.9884059999999999
0.9863700000000001
0.9852489999999999
0.985406
0.985042
0.984029
0.982506
0.9804450000000001
0.9783870000000001
0.979525
0.9831469999999999
0.985766
0.987291
0.987815
0.987355
0.9859120000000001
0.9854510000000001
0.9863360000000001
0.9866879999999999
0.986275
0.985145
0.983281
0.9814870000000001
0.982893
0.986634
0.989408
0.991167
0.991983
0.9917549999999999
0.990324
0.9896659999999999
0.990311
0.9904430000000001
0.9897549999999999
0.988252
0.985909
0.983555
0.984274
0.987246
0.9893379999999999
0.9905459999999999
0.990952
0.9904860000000001
0.9908450000000001
0.992274
0.992942
0.992553
0.9912270000000001
0.989137
0.98634
0.985434
0.98761
0.990132
0.9916879999999999
0.992367
0.99231
0.991542
0.9917370000000001
0.99316
0.994087
0.9942540000000001
0.9936790000000001
0.992293
0.989928
0.9892290000000001
0.9914629999999999
0.993907
0.99535
0.995917
0.995698
0.99464
0.994524
0.9957590000000001
0.996624
0.99682
0.996344
0.995142
0.9930479999999999
0.9931969999999999
0.996149
0.998541
0.9998520000000001
1.000269
0.9997510000000001
0.9981530000000001
0.997239
0.9973860000000001
0.996907
0.995693
0.9939120000000001
0.991568
0.9885219999999999
0.98831
0.991237
0.9934620000000001
0.994525
0.9945
0.993418
0.9912979999999999
0.990041
0.990034
0.989502
0.988225
0.986252
0.9835950000000001
0.9805280000000001
0.9807620000000001
0.984108
0.9867469999999999
0.988591
0.989716
0.9899969999999999
0.9892209999999999
0.9891549999999999
0.99019
0.9906159999999999
0.990268
0.9892139999999999
0.987448
0.9851610000000001
0.985936
0.9895370000000001
0.9922340000000001
0.994028
0.9950629999999999
0.9952979999999999
0.994616
0.9948549999999999
0.996339
0.997165
0.997086
0.9962270000000001
0.994582
0.992361
0.993044
0.9963049999999999
0.998468
0.999555
0.999817
0.999317
0.997935
0.9975149999999999
0.9984049999999999
0.9987090000000001
0.998123
0.996647
0.994237
0.991401
0.991685
0.994662
0.996726
0.9978030000000001
0.997984
0.997184
0.9952850000000001
0.9942700000000001
0.9946459999999999
0.994619
0.993942
0.992655
0.9906809999999999
0.988346
0.988966
0.9920030000000001
0.993886
0.9946950000000001
0.994641
0.99371
0.9935959999999999
0.994608
0.995027
0.994618
0.9935120000000001
0.991784
0.989373
0.9884809999999999
0.990592
0.993282
0.9948620000000001
0.995339
0.994828
0.993417
0.992856
0.99341
0.993367
0.992549
0.9911049999999999
0.989116
0.986564
0.986298
0.989195
0.992116
0.993978
0.994885
0.994873
0.9938549999999999
0.9935889999999999
0.9944709999999999
0.994857
0.994566
0.9936510000000001
0.992092
0.989759
0.9900049999999999
0.993244
0.9959479999999999
0.997778
0.9989299999999999
0.999391
0.9989879999999999
0.999381
1.000781
1.001307
1.000687
0.99908
0.9966649999999999
0.9934639999999999
0.9930399999999999
0.995765
0.997898
0.999026
0.9992850000000001
0.9987229999999999
0.997275
0.9967799999999999
0.9975959999999999
0.997901
0.9974430000000001
0.9962280000000001
0.994172
0.9913290000000001
0.991476
0.9945299999999999
0.99654
0.99744
0.997441
0.996599
0.9948809999999999
0.994224
0.9950540000000001
0.995525
0.9953200000000001
0.9944440000000001
0.992835
0.990347
0.990734
0.9939889999999999
0.996137
0.997242
0.997525
0.996956
0.9954149999999999
0.9947229999999999
0.9952409999999999
0.9952040000000001
0.9944729999999999
0.993209
0.9914280000000001
0.98913
0.990015
0.99393
0.996819
0.998526
0.9991479999999999
0.9987159999999999
0.9990209999999999
1.0004309999999998
1.0012590000000001
1.001257
1.0004819999999999
0.9989309999999999
0.9965649999999999
0.995358
0.997194
1.000053
1.002002
1.0030940000000002
1.003396
1.0028139999999999
1.0029270000000001
1.0040229999999999
1.004518
1.004226
1.003183
1.001371
0.9987030000000001
0.99734
0.998935
1.00128
1.00275
1.003409
1.003301
1.002373
1.002341
1.0035020000000001
1.004082
1.003786
1.0027059999999999
1.0009430000000001
0.9984370000000001
0.997711
0.999949
1.002413
1.003819
1.004285
1.003955
1.0028489999999999
1.002688
1.003775
1.004367
1.0041639999999998
1.0031450000000002
1.0012450000000002
0.99834
0.997224
0.999173
1.0014040000000002
1.002746
1.003265
1.0029540000000001
1.0016639999999999
1.001144
1.0018049999999998
1.0019639999999999
1.0014100000000001
1.000211
0.9983719999999999
0.9957799999999999
0.9957030000000001
0.998634
1.001085
1.0025700000000002
1.0032379999999999
1.003036
1.001833
1.001454
1.002289
1.002599
1.002229
1.001307
0.999799
0.9975229999999999
0.997818
1.001163
1.003948
1.005586
1.00616
1.005729
1.004329
1.003824
1.004576
1.004825
1.004315
1.00306
1.001042
0.99825
0.998273
1.001601
1.0045520000000001
1.006609
1.007816
1.008058
1.0071299999999999
1.0067979999999999
1.007479
1.007515
1.0067469999999998
1.005249
1.003032
1.000027
0.999926
1.003001
1.005423
1.006967
1.0077559999999999
1.007741
1.00679
1.006693
1.007739
1.008031
1.007325
1.005774
1.003418
1.000125
0.9997229999999999
1.002401
1.004169
1.0049299999999999
1.004928
1.004222
1.0026899999999999
1.0021209999999998
1.002848
1.003015
1.002322
1.000758
0.9982700000000001
0.994978
0.994761
0.997561
0.99939
1.00016
1.000017
0.9989319999999999
0.998602
0.99944
0.9998940000000001
0.999782
0.9991690000000001
0.998049
0.996295
0.995662
0.997842
1.000717
1.0023520000000001
1.002923
1.002622
1.001462
1.001135
1.001957
1.002253
1.001814
1.000799
0.999296
0.9972
0.996777
0.9994280000000001
1.002616
1.004738
1.005826
1.005983
1.005262
1.005444
1.006786
1.007482
1.007303
1.0063600000000001
1.004723
1.002389
1.002289
1.005309
1.008312
1.010281
1.011308
1.011377
1.010326
1.009837
1.01029
1.01009
1.009105
1.007427
1.005075
1.001944
1.000916
1.002904
1.0049
1.006038
1.0064540000000002
1.006138
1.004943
1.00458
1.005318
1.005312
1.004301
1.002429
0.9998520000000001
0.996567
0.995984
0.9986
1.000838
1.0021579999999999
1.0026680000000001
1.002409
1.001322
1.001197
1.002367
1.003041
1.0029549999999998
1.002106
1.000408
0.9977600000000001
0.9977229999999999
1.000774
1.00321
1.0045600000000001
1.004995
1.004566
1.0032370000000002
1.002905
1.0040120000000001
1.0047469999999998
1.0047620000000002
1.004024
1.002457
0.999901
1.000009
1.002999
1.0050459999999999
1.006059
1.006273
1.00568
1.004175
1.003602
1.004297
1.004415
1.00378
1.0025549999999999
1.000773
0.998448
0.9993129999999999
1.003213
1.006055
1.007657
1.0081069999999999
1.007442
1.005711
1.0048860000000002
1.005374
1.0053590000000001
1.0046
1.003125
1.0009059999999999
0.998059
0.998381
1.001743
1.004152
1.005527
1.005997
1.005493
1.0038610000000001
1.00301
1.003422
1.00327
1.0022389999999999
1.0003520000000001
0.9976309999999999
0.994392
0.994287
0.9970979999999999
0.9991030000000001
1.000209
1.000483
0.9998610000000001
1.0000209999999998
1.0012159999999999
1.001668
1.001112
0.9996889999999999
0.997583
0.9948309999999999
0.993492
0.9951700000000001
0.9975930000000001
0.998936
0.99926
0.9987659999999999
0.997567
0.9974139999999999
0.998609
0.9994290000000001
0.9995780000000001
0.9990379999999999
0.997718
0.995442
0.994705
0.996909
0.999481
1.0010780000000001
1.001831
1.001837
1.001025
1.001154
1.0025879999999998
1.003577
1.003853
1.003458
1.00239
1.000528
1.000946
1.004245
1.007091
1.0088629999999998
1.0097209999999999
1.00962
1.0084110000000002
1.007874
1.008381
1.008229
1.007308
1.005788
1.003665
1.000775
1.000369
1.002991
1.005108
1.0060559999999998
1.00594
1.00483
1.002753
1.001588
1.001685
1.0012370000000002
0.999999
0.998008
0.9952700000000001
0.9917870000000001
0.991432
0.9944290000000001
0.996828
0.998426
0.9992989999999999
0.999324
0.998282
0.9979110000000001
0.998612
0.9987299999999999
0.998123
0.996872
0.994966
0.992288
0.992511
0.9958379999999999
0.9984059999999999
1.000053
1.000933
1.0010290000000002
1.000238
0.9984190000000001
0.995449
0.991258
0.98585
0.9823540000000001
0.9813559999999999
0.979736
0.9768879999999999
0.972908
0.972917
0.9771489999999999
0.9805229999999999
0.9828379999999999
0.9841129999999999
0.9841549999999999
0.9828040000000001
0.979994
0.97564
0.9726889999999999
0.9715590000000001
0.969306
0.965838
0.9616030000000001
0.960865
0.9643700000000001
0.9676319999999999
0.969368
0.9694530000000001
0.967909
0.964756
0.9599780000000001
0.953615
0.9486620000000001
0.945774
0.94226
0.93779
0.9325120000000001
0.930226
0.931896
0.9334180000000001
0.9334600000000001
0.9321969999999999
0.929939
0.926874
0.923068
0.9212549999999999
0.9218770000000001
0.9221729999999999
0.9216780000000001
0.9203959999999999
0.920726
0.9244379999999999
0.928774
0.9315700000000001
0.932969
0.933265
0.9326190000000001
0.9310879999999999
0.9286059999999999
0.92505
0.923213
0.923783
0.9241540000000001
0.9238149999999999
0.922567
0.924414
0.929444
0.932894
0.93419
0.9336459999999999
0.9315559999999999
0.928125
0.923416
0.9174100000000001
0.913219
0.911422
0.909019
0.905647
0.9022889999999999
0.902861
0.906409
0.908689
0.9095489999999999
0.9091040000000001
0.9072600000000001
0.90374
0.898241
0.8907010000000001
0.8844780000000001
0.8804700000000001
0.875923
0.8705780000000001
0.86611
0.8658459999999999
0.8681479999999999
0.869343
0.8692059999999999
0.8678389999999999
0.8653120000000001
0.861605
0.856641
0.853305
0.852153
0.85045
0.8478959999999999
0.8450700000000001
0.8455870000000001
0.848625
0.850039
0.849849
0.848526
0.846442
0.84377
0.840512
0.836577
0.8347600000000001
0.8355040000000001
0.835899
0.835383
0.835067
0.8381360000000001
0.843219
0.846707
0.8485370000000001
0.8490120000000001
0.8483430000000001
0.8466
0.8438200000000001
0.840065
0.838492
0.839717
0.840724
0.840932
0.8422540000000001
0.8470559999999999
0.8529260000000001
0.85693
0.8591489999999999
0.859999
0.859692
0.858138
0.8551129999999999
0.850447
0.8472620000000001
0.846247
0.8444510000000001
0.841411
0.839261
0.8407180000000001
0.8436790000000001
0.8453309999999999
0.8456629999999999
0.844793
0.8426620000000001
0.8391200000000001
0.83406
0.830314
0.8283659999999999
0.825456
0.821325
0.8171470000000001
0.816505
0.818433
0.8192229999999999
0.818766
0.817257
0.814806
0.811431
0.807068
0.8016409999999999
0.79795
0.796654
0.795129
0.792824
0.7909229999999999
0.792354
0.7956479999999999
0.797539
0.7980649999999999
0.797564
0.796295
0.7943680000000001
0.7917350000000001
0.790938
0.792317
0.793117
0.7928029999999999
0.79193
0.794227
0.7991590000000001
0.802798
0.8050390000000001
0.806172
0.806459
0.80604
0.804836
0.8026220000000001
0.801986
0.8033640000000001
0.804046
0.8035899999999999
0.803312
0.806243
0.810867
0.8138310000000001
0.815239
0.8154779999999999
0.814746
0.813072
0.810388
0.806653
0.8048420000000001
0.805465
0.805558
0.8045979999999999
0.80447
0.807625
0.811922
0.8145600000000001
0.815567
0.815204
0.8136479999999999
0.810942
0.806956
0.801519
0.797401
0.795212
0.792415
0.788798
0.786022
0.7870560000000001
0.790335
0.792684
0.793962
0.794233
0.793408
0.791248
0.787486
0.784593
0.783157
0.7808649999999999
0.777472
0.773345
0.772518
0.774958
0.776717
0.777775
0.778375
0.778638
0.778524
0.777803
0.776131
0.775749
0.776944
0.777215
0.7762600000000001
0.774911
0.7766029999999999
0.780516
0.7830520000000001
0.7843899999999999
0.785031
0.785225
0.784938
0.783998
0.7822319999999999
0.782216
0.78432
0.7857649999999999
0.785975
0.786319
0.789687
0.794586
0.797928
0.799723
0.800259
0.799715
0.7981090000000001
0.795354
0.791352
0.788856
0.788449
0.787505
0.78559
0.784461
0.786841
0.790871
0.793571
0.7949189999999999
0.795157
0.794319
0.792201
0.788556
0.783276
0.7792100000000001
0.777099
0.7744810000000001
0.771062
0.768826
0.770438
0.773979
0.776621
0.778242
0.77886
0.778362
0.776602
0.7734989999999999
0.771478
0.770975
0.769659
0.767306
0.764211
0.764536
0.7683300000000001
0.771396
0.773543
0.77489
0.775432
0.77505
0.7735390000000001
0.770698
0.768935
0.768889
0.76836
0.766992
0.765342
0.767111
0.771803
0.775558
0.778242
0.7800050000000001
0.780899
0.780859
0.779717
0.779728
0.781257
0.781924
0.781377
0.7797390000000001
0.780974
0.785542
0.789443
0.7921819999999999
0.793945
0.79489
0.795058
0.794299
0.7923439999999999
0.788991
0.786833
0.78645
0.785361
0.783173
0.7814909999999999
0.783126
0.786401
0.7883760000000001
0.789153
0.788944
0.7877770000000001
0.785564
0.7822479999999999
0.780389
0.7804800000000001
0.780047
0.7787109999999999
0.776775
0.778061
0.782301
0.785405
0.7871600000000001
0.787663
0.786983
0.785154
0.7820550000000001
0.7774979999999999
0.7738
0.771632
0.769084
0.7661220000000001
0.762955
0.763695
0.768242
0.772058
0.7747569999999999
0.776342
0.7767470000000001
0.7758550000000001
0.773619
0.770145
0.768043
0.767868
0.767285
0.765976
0.764742
0.767139
0.772421
0.776799
0.7801600000000001
0.7827390000000001
0.784609
0.785626
0.7854979999999999
0.786245
0.788154
0.789038
0.78872
0.787354
0.78788
0.791516
0.79528
0.797898
0.799512
0.800257
0.800117
0.798971
0.796651
0.793043
0.790778
0.790497
0.789774
0.78815
0.786705
0.7886029999999999
0.792555
0.79504
0.796033
0.7958189999999999
0.7945810000000001
0.792421
0.789361
0.787845
0.788315
0.788366
0.7876029999999999
0.7860060000000001
0.786961
0.79099
0.7945
0.79689
0.798284
0.798625
0.79774
0.795438
0.791633
0.788654
0.78718
0.785324
0.78294
0.78014
0.779924
0.783219
0.7866270000000001
0.788734
0.789533
0.789161
0.78776
0.7853859999999999
0.782054
0.780275
0.7806029999999999
0.780724
0.780271
0.779234
0.7815380000000001
0.787088
0.79157
0.794858
0.7972
0.798704
0.799295
0.79876
0.796926
0.796218
0.797157
0.79743
0.7967
0.795017
0.796348
0.801092
0.805139
0.807983
0.809717
0.81035
0.809762
0.807772
0.804275
0.80181
0.801045
0.799788
0.7977380000000001
0.794871
0.7952060000000001
0.798679
0.800982
0.8021189999999999
0.802407
0.801955
0.800723
0.7986
0.7954640000000001
0.793736
0.793816
0.793199
0.791445
0.788597
0.78894
0.79265
0.795378
0.796975
0.797658
0.7975369999999999
0.7966300000000001
0.7948689999999999
0.79218
0.790998
0.791834
0.792333
0.792022
0.790766
0.792262
0.796705
0.799994
0.801779
0.802345
0.801851
0.800347
0.797821
0.794304
0.792429
0.7927609999999999
0.792833
0.792166
0.790858
0.79285
0.797936
0.801801
0.804239
0.8054680000000001
0.805658
0.804779
0.8026220000000001
0.801379
0.801505
0.800896
0.799462
0.797396
0.79745
0.800918
0.804918
0.8079109999999999
0.8098380000000001
0.810675
0.810335
0.808688
0.805659
0.803604
0.803106
0.8020729999999999
0.80023
0.7976
0.796914
0.799473
0.802353
0.804122
0.804979
0.805154
0.8046760000000001
0.803431
0.8012560000000001
0.8003939999999999
0.801271
0.801652
0.801161
0.7997029999999999
0.800294
0.803922
0.807434
0.809917
0.811631
0.812685
0.812984
0.8123279999999999
0.8105140000000001
0.809789
0.810593
0.810654
0.809611
0.807524
0.807635
0.811034
0.814412
0.816589
0.817705
0.817914
0.8172590000000001
0.815649
0.812956
0.811595
0.8120609999999999
0.811979
0.810914
0.808806
0.809052
0.8123670000000001
0.8151970000000001
0.816864
0.817627
0.817587
0.8166800000000001
0.814754
0.811699
0.80996
0.810092
0.809819
0.808791
0.807002
0.8078
0.8119069999999999
0.815647
0.8180149999999999
0.819159
0.8192780000000001
0.818385
0.816333
0.813017
0.8108770000000001
0.810558
0.809954
0.808761
0.8069109999999999
0.8076979999999999
0.811874
0.8158310000000001
0.8185979999999999
0.8202709999999999
0.8208850000000001
0.82034
0.818526
0.8154239999999999
0.813499
0.813245
0.8123560000000001
0.810525
0.807863
0.8082020000000001
0.812245
0.81615
0.819194
0.821465
0.822908
0.823305
0.8223809999999999
0.819944
0.818491
0.818684
0.8182689999999999
0.816883
0.814528
0.8150149999999999
0.8189529999999999
0.822469
0.824947
0.826492
0.827139
0.82683
0.82544
0.822842
0.8214670000000001
0.821759
0.821262
0.819627
0.816974
0.8172149999999999
0.8208190000000001
0.823738
0.8253959999999999
0.826023
0.825807
0.82476
0.8227620000000001
0.819707
0.818087
0.818384
0.818157
0.817005
0.8149
0.8157810000000001
0.81996
0.8232709999999999
0.825276
0.826101
0.8258110000000001
0.824385
0.82178
0.818036
0.815779
0.81558
0.815063
0.8138569999999999
0.811925
0.813292
0.818014
0.8216129999999999
0.8237680000000001
0.8247620000000001
0.8247209999999999
0.8235399999999999
0.821045
0.8171649999999999
0.8145720000000001
0.813974
0.813045
0.8114210000000001
0.809222
0.810624
0.815521
0.8194
0.821983
0.823355
0.8235040000000001
0.822384
0.819976
0.8162590000000001
0.813863
0.813379
0.812393
0.810608
0.808521
0.810117
0.814984
0.81886
0.8215379999999999
0.8231360000000001
0.8236549999999999
0.8229850000000001
0.82096
0.817454
0.8151609999999999
0.814758
0.813811
0.811926
0.8095939999999999
0.810664
0.8146770000000001
0.81762
0.819421
0.820276
0.820248
0.8192659999999999
0.8171649999999999
0.8137949999999999
0.81175
0.811523
0.810603
0.808713
0.806558
0.807783
0.811667
0.814262
0.815554
0.8158890000000001
0.815411
0.8140430000000001
0.811643
0.808138
0.806213
0.8063819999999999
0.8060109999999999
0.804604
0.8028689999999999
0.8043710000000001
0.808393
0.8111619999999999
0.812558
0.8127909999999999
0.8119850000000001
0.810171
0.807357
0.8035479999999999
0.801478
0.8017029999999999
0.801609
0.8006989999999999
0.799876
0.8024
0.807158
0.810555
0.8125899999999999
0.813488
0.8132699999999999
0.8118489999999999
0.809164
0.80528
0.803108
0.803265
0.8030729999999999
0.802066
0.801452
0.8043779999999999
0.809487
0.8132550000000001
0.815498
0.8163279999999999
0.815843
0.81412
0.811146
0.806874
0.804114
0.803469
0.802344
0.800413
0.7991229999999999
0.801525
0.8061510000000001
0.809658
0.8118890000000001
0.812937
0.812802
0.81137
0.808485
0.804111
0.801146
0.800215
0.798647
0.79604
0.793921
0.795392
0.7990659999999999
0.801764
0.803401
0.804127
0.803976
0.80283
0.800495
0.799371
0.799826
0.799388
0.797828
0.795262
0.795814
0.799534
0.802109
0.803475
0.80394
0.803649
0.802596
0.800697
0.797838
0.796484
0.797079
0.797139
0.7962279999999999
0.794596
0.796141
0.800562
0.8036439999999999
0.805222
0.805573
0.80494
0.803473
0.801225
0.798192
0.797027
0.798208
0.799077
0.799103
0.798976
0.80205
0.807347
0.811044
0.813104
0.813912
0.813673
0.812329
0.809706
0.805682
0.802971
0.802243
0.801054
0.7990520000000001
0.797158
0.79886
0.803217
0.806427
0.808293
0.8089189999999999
0.808369
0.806647
0.803624
0.79913
0.7958569999999999
0.79446
0.792534
0.7898569999999999
0.787751
0.789324
0.7932739999999999
0.796262
0.798233
0.799338
0.799565
0.79874
0.796628
0.793126
0.791007
0.7908649999999999
0.790101
0.7883180000000001
0.78676
0.788702
0.793034
0.79642
0.7988069999999999
0.800377
0.801141
0.800932
0.7995270000000001
0.796771
0.795313
0.795655
0.7952199999999999
0.7937
0.792463
0.794628
0.798847
0.801802
0.803515
0.804296
0.804268
0.8033399999999999
0.801347
0.798161
0.796506
0.7968609999999999
0.796449
0.794778
0.793543
0.7957569999999999
0.799817
0.80262
0.804082
0.8044180000000001
0.803794
0.802227
0.799579
0.798262
0.798711
0.7984939999999999
0.7973020000000001
0.79518
0.796268
0.800563
0.8036
0.805185
0.805559
0.80485
0.80305
0.8001010000000001
0.795968
0.793209
0.792474
0.791524
0.790063
0.7883140000000001
0.790184
0.795277
0.7991159999999999
0.801437
0.802413
0.802149
0.80071
0.798154
0.7944979999999999
0.792335
0.792177
0.791563
0.790192
0.788942
0.791376
0.796647
0.8009029999999999
0.804006
0.806118
0.807243
0.807181
0.8056260000000001
0.8024060000000001
0.800227
0.799719
0.798405
0.7959510000000001
0.79338
0.794407
0.7983020000000001
0.801337
0.803343
0.804461
0.804717
0.803967
0.804265
0.805833
0.80634
0.8054720000000001
0.803424
0.802334
0.8042560000000001
0.80719
0.809026
0.809801
0.809716
0.810546
0.812713
0.814643
0.8159689999999999
0.816646
0.816715
0.816232
0.818096
0.8226629999999999
0.8266610000000001
0.8292790000000001
0.8305239999999999
0.83055
0.829542
0.8291350000000001
0.829816
0.8304010000000001
0.8308719999999999
0.8314030000000001
0.831988
0.832421
0.8355739999999999
0.841513
0.846606
0.8502069999999999
0.8524639999999999
0.8536950000000001
0.854234
0.8557739999999999
0.858532
0.860799
0.862173
0.8626799999999999
0.862397
0.861425
0.863094
0.8672989999999999
0.8705620000000001
0.872941
0.8746870000000001
0.8758090000000001
0.8760819999999999
0.8767729999999999
0.877994
0.8781770000000001
0.877117
0.874942
0.8718030000000001
0.868181
0.86739
0.869194
0.870344
0.870871
0.870973
0.870635
0.871183
0.872735
0.873711
0.873827
0.8732260000000001
0.872124
0.8705620000000001
0.870556
0.8731959999999999
0.876208
0.8783860000000001
0.8799889999999999
0.881244
0.882151
0.883975
0.886876
0.8894489999999999
0.891488
0.8930450000000001
0.894076
0.894375
0.8947719999999999
0.8977629999999999
0.9024559999999999
0.9063459999999999
0.909479
0.9119879999999999
0.913839
0.916351
0.919868
0.9231459999999999
0.92596
0.9282590000000001
0.929891
0.9305969999999999
0.930873
0.9334889999999999
0.9378479999999999
0.9412360000000001
0.94385
0.94589
0.947262
0.947759
0.9488549999999999
0.950816
0.952092
0.9524940000000001
0.9520559999999999
0.950724
0.948442
0.948169
0.951011
0.9540639999999999
0.956247
0.957528
0.957865
0.957109
0.956729
0.9570649999999999
0.9566790000000001
0.955442
0.953518
0.951048
0.948047
0.946583
0.948307
0.951045
0.9529629999999999
0.9538979999999999
0.9537329999999999
0.952357
0.951318
0.951145
0.950574
0.949407
0.947667
0.945351
0.9424049999999999
0.94058
0.9420950000000001
0.9452940000000001
0.9479690000000001
0.9500040000000001
0.951349
0.9532139999999999
0.955779
0.957727
0.958887
0.959393
0.959307
0.9585799999999999
0.9571559999999999
0.9582440000000001
0.9623790000000001
0.966275
0.9694149999999999
0.9718889999999999
0.9736530000000001
0.974599
0.976253
0.978928
0.981059
0.9823270000000001
0.982706
0.9822139999999999
0.9808819999999999
0.981123
0.984467
0.988474
0.991532
0.993612
0.994743
0.994942
0.9959389999999999
0.998085
0.999725
1.0005870000000001
1.000687
1.000011
0.998495
0.998432
1.0014530000000001
1.005188
1.007851
1.009317
1.009556
1.008518
1.00786
1.008099
1.007871
1.007019
1.0056260000000001
1.003735
1.00127
0.9994639999999999
1.000566
1.003048
1.0043790000000001
1.004627
1.003953
1.002361
1.001469
1.001676
1.00149
1.000718
0.999502
0.9979180000000001
0.9958819999999999
0.994719
0.996692
1.000282
1.0029620000000001
1.004625
1.00529
1.004959
1.0053
1.006722
1.0077260000000001
1.0080870000000002
1.007858
1.007023
1.005498
1.00455
1.006657
1.010477
1.01338
1.015292
1.0162309999999999
1.016103
1.016523
1.017919
1.01884
1.019094
1.0186620000000002
1.01749
1.015487
1.0144229999999999
1.016275
1.01922
1.0212450000000002
1.022361
1.0225950000000001
1.021898
1.0220120000000001
1.0232809999999999
1.0239770000000001
1.023815
1.022893
1.021334
1.019108
1.0181559999999998
1.020192
1.023047
1.0247959999999998
1.0254780000000001
1.025274
1.024292
1.022525
1.021943
1.0229700000000002
1.023684
1.023679
1.022849
1.021113
1.018591
1.019131
1.022621
1.025069
1.026437
1.0269059999999999
1.026501
1.025218
1.025111
1.026565
1.0275370000000001
1.027636
1.026859
1.025173
1.02247
1.022567
1.025675
1.027883
1.029056
1.029296
1.028585
1.0268469999999998
1.0260129999999998
1.026514
1.026572
1.026014
1.0248950000000001
1.0231709999999998
1.020702
1.02116
1.024649
1.027116
1.028351
1.028669
1.028199
1.026869
1.026624
1.0278530000000001
1.028605
1.028585
1.027878
1.026511
1.024354
1.025197
1.02915
1.032147
1.0340120000000002
1.03485
1.03463
1.03331
1.0329270000000002
1.033902
1.034299
1.033844
1.032594
1.030518
1.027544
1.027612
1.030996
1.033648
1.035328
1.036167
1.036117
1.034997
1.034673
1.03546
1.035435
1.034437
1.0325950000000002
1.029908
1.026457
1.0261069999999999
1.0287819999999999
1.0304959999999999
1.031293
1.031412
1.030836
1.029412
1.0290489999999999
1.030023
1.030243
1.0293649999999999
1.0274969999999999
1.0247709999999999
1.021508
1.02134
1.023947
1.0254889999999999
1.0259530000000001
1.025559
1.024408
1.022473
1.0217100000000001
1.0224540000000002
1.02272
1.022219
1.020956
1.01883
1.0162799999999999
1.016731
1.0196969999999999
1.02165
1.022575
1.0226389999999999
1.021838
1.020041
1.019283
1.020057
1.020449
1.020195
1.0193299999999998
1.017803
1.016476
1.018291
1.02213
1.024731
1.026133
1.026577
1.026083
1.024499
1.0238639999999999
1.024575
1.024576
1.0236370000000001
1.021936
1.019558
1.017755
1.01929
1.022794
1.025264
1.02663
1.0269270000000001
1.026116
1.024165
1.0231940000000002
1.023565
1.023189
1.021831
1.0196120000000002
1.016604
1.014286
1.015382
1.018374
1.020367
1.021353
1.0214159999999999
1.020457
1.018281
1.0169290000000002
1.016875
1.016217
1.014777
1.012622
1.0097399999999999
1.0076049999999999
1.008716
1.011468
1.013252
1.014178
1.0143520000000001
1.013692
1.012031
1.011409
1.012169
1.012169
1.011103
1.009099
1.006291
1.004629
1.006306
1.009298
1.011232
1.012126
1.012089
1.0111459999999999
1.011262
1.012734
1.013575
1.0135239999999999
1.012643
1.0109059999999999
1.008342
1.00875
1.0120799999999999
1.014307
1.0152780000000001
1.015149
1.014002
1.0118479999999999
1.01071
1.0110649999999999
1.011059
1.0104309999999999
1.0092370000000002
1.007448
1.005451
1.00652
1.0099360000000002
1.011975
1.012683
1.012419
1.011335
1.0093809999999999
1.0085680000000001
1.009268
1.009462
1.008921
1.007833
1.0062659999999999
1.005156
1.007333
1.011601
1.014744
1.016691
1.017512
1.0171290000000002
1.0154450000000002
1.0145540000000002
1.014928
1.014623
1.013435
1.011483
1.008766
1.006332
1.007182
1.010213
1.012292
1.013411
1.013684
1.013008
1.011151
1.010122
1.010363
1.009931
1.008623
1.00647
1.003428
1.001176
1.002086
1.004457
1.005958
1.006718
1.0068
1.006086
1.004413
1.003846
1.004751
1.005
1.004285
1.002709
1.000348
0.998872
1.0005680000000001
1.0036260000000001
1.005541
1.006341
1.0061719999999998
1.005125
1.003209
1.002579
1.003692
1.004474
1.004538
1.003787
1.002054
1.000998
1.002902
1.006008
1.0080149999999999
1.009
1.009079
1.0081959999999999
1.006204
1.0052889999999999
1.005981
1.006202
1.005629
1.004291
1.002169
1.001442
1.003925
1.007197
1.009266
1.010293
1.010378
1.009388
1.007154
1.005875
1.006045
1.005629
1.0044680000000001
1.0026620000000002
1.000122
0.999025
1.001144
1.004017
1.005641
1.006045
1.005303
1.003443
1.000513
0.9987870000000001
0.998705
0.998115
0.9966889999999999
0.9944219999999999
0.991308
0.9899110000000001
0.991957
0.994818
0.9967020000000001
0.997664
0.997708
0.9966790000000001
0.9964649999999999
0.997366
0.99745
0.99661
0.9950399999999999
0.9927860000000001
0.990431
0.991267
0.9945950000000001
0.996866
0.9980979999999999
0.9985
0.9980870000000001
0.9967959999999999
0.996598
0.9978030000000001
0.9983690000000001
0.9979600000000001
0.9965799999999999
0.994223
0.991927
0.992661
0.9953139999999999
0.996776
0.997138
0.996635
0.9953870000000001
0.9934360000000001
0.9928889999999999
0.994058
0.994793
0.994733
0.9938530000000001
0.9920399999999999
0.990883
0.99267
0.995685
0.9975459999999999
0.998287
0.9980020000000001
0.9966700000000001
0.994189
0.992667
0.992632
0.9921540000000001
0.9909899999999999
0.9892
0.9867610000000001
0.985432
0.987273
0.9901969999999999
0.991807
0.9922049999999999
0.991626
0.990094
0.9874709999999999
0.9858889999999999
0.9857809999999999
0.9850409999999999
0.983449
0.981211
0.978405
0.977497
0.9800409999999999
0.9833799999999999
0.985785
0.9872879999999999
0.98788
0.9874059999999999
0.987766
0.989334
0.990175
0.990029
0.9890120000000001
0.987183
0.984857
0.985562
0.9890129999999999
0.991518
0.993007
0.993662
0.993527
0.992505
0.992395
0.993448
0.993732
0.993034
0.991539
0.989273
0.9865510000000001
0.9867389999999999
0.989326
0.9906809999999999
0.9909110000000001
0.990397
0.9893069999999999
0.9875809999999999
0.987135
0.9882629999999999
0.988901
0.98866
0.9875149999999999
0.985468
0.9836459999999999
0.984917
0.988092
0.9901530000000001
0.991167
0.9913120000000001
0.9905940000000001
0.988935
0.9882569999999999
0.9888809999999999
0.988864
0.9879889999999999
0.986355
0.9839319999999999
0.981714
0.9824709999999999
0.9850610000000001
0.9865940000000001
0.9871530000000001
0.9868549999999999
0.9856379999999999
0.98335
0.981993
0.982028
0.9815879999999999
0.980499
0.978815
0.9764799999999999
0.9753209999999999
0.977355
0.9804940000000001
0.9824649999999999
0.983319
0.9832110000000001
0.9822040000000001
0.982191
0.9834370000000001
0.984034
0.9837610000000001
0.9827229999999999
0.9809979999999999
0.978615
0.979295
0.983138
0.9861639999999999
0.988117
0.989107
0.989087
0.9879129999999999
0.987295
0.9876
0.987215
0.9860540000000001
0.9842549999999999
0.981834
0.978649
0.978405
0.981215
0.9831700000000001
0.984246
0.9846860000000001
0.9845219999999999
0.9836299999999999
0.983777
0.985183
0.985873
0.9855790000000001
0.984453
0.982524
0.980195
0.980794
0.9838709999999999
0.986001
0.987284
0.987984
0.988094
0.987373
0.9875079999999999
0.9887739999999999
0.9893049999999999
0.9888459999999999
0.987433
0.98503
0.9821770000000001
0.9823430000000001
0.985042
0.9867379999999999
0.987395
0.987131
0.985873
0.983525
0.9821610000000001
0.982309
0.9821040000000001
0.98129
0.9798889999999999
0.977785
0.976057
0.977281
0.980102
0.9817520000000001
0.982398
0.9822350000000001
0.981215
0.9810610000000001
0.98205
0.9823870000000001
0.981874
0.9807020000000001
0.978985
0.976684
0.976659
0.979759
0.982842
0.9848319999999999
0.9857600000000001
0.9856870000000001
0.984656
0.9843770000000001
0.9851280000000001
0.985251
0.9846
0.983316
0.9814440000000001
0.978927
0.978719
0.9816219999999999
0.984439
0.986266
0.987265
0.987489
0.9868299999999999
0.987014
0.9883930000000001
0.9892709999999999
0.9894200000000001
0.988849
0.987519
0.9853139999999999
0.985834
0.9893879999999999
0.9923040000000001
0.9944280000000001
0.9959100000000001
0.9966700000000001
0.99649
0.9970120000000001
0.998461
0.998991
0.998376
0.996808
0.9944799999999999
0.991399
0.9911629999999999
0.994067
0.996273
0.997368
0.9974559999999999
0.9965790000000001
0.994684
0.9936379999999999
0.99385
0.993547
0.992483
0.990658
0.987992
0.9846229999999999
0.9842989999999999
0.986894
0.9885299999999999
0.989139
0.988909
0.987865
0.985952
0.985083
0.985665
0.9858459999999999
0.9853190000000001
0.984116
0.9822040000000001
0.979718
0.980215
0.983439
0.9856290000000001
0.986836
0.9872549999999999
0.9868459999999999
0.9854950000000001
0.985033
0.985834
0.986137
0.985792
0.984936
0.983559
0.98195
0.9834940000000001
0.987691
0.990793
0.992677
0.993448
0.9931479999999999
0.9918100000000001
0.991433
0.992409
0.992841
0.992453
0.9912690000000001
0.989289
0.98739
0.9887389999999999
0.9924799999999999
0.995323
0.9972120000000001
0.9982030000000001
0.9981610000000001
0.996876
0.996291
0.9969020000000001
0.9968670000000001
0.9959129999999999
0.9941040000000001
0.991475
0.9888899999999999
0.989456
0.992332
0.994295
0.9952799999999999
0.995347
0.994451
0.9943049999999999
0.995201
0.99539
0.994605
0.992966
0.990619
0.987569
0.9860680000000001
0.9875120000000001
0.9894270000000001
0.990243
0.990085
0.98918
0.9876379999999999
0.9871719999999999
0.9880770000000001
0.9886510000000001
0.988598
0.9878969999999999
0.986452
0.984089
0.9834709999999999
0.985834
0.988411
0.9900129999999999
0.990762
0.9907389999999999
0.9898819999999999
0.9899629999999999
0.9913879999999999
0.99245
0.9928870000000001
0.992734
0.9919610000000001
0.9904040000000001
0.991326
0.995088
0.998116
1.000016
1.000968
1.0009290000000002
0.999761
0.999276
0.999858
0.999783
0.9989319999999999
0.997474
0.9954049999999999
0.9925729999999999
0.992625
0.995749
0.9979899999999999
0.999042
0.999006
0.997922
0.995799
0.9945719999999999
0.9946149999999999
0.994107
0.992826
0.990835
0.9881479999999999
0.9850770000000001
0.985274
0.9884850000000001
0.9909319999999999
0.9925299999999999
0.993359
0.993309
0.9921840000000001
0.991767
0.992477
0.9926360000000001
0.992091
0.990898
0.989023
0.986427
0.9868319999999999
0.990207
0.99267
0.994236
0.995073
0.9951540000000001
0.994361
0.9944959999999999
0.995862
0.9965639999999999
0.996333
0.995286
0.9934209999999999
0.9907809999999999
0.991049
0.994138
0.996237
0.9973700000000001
0.997785
0.997519
0.998201
1.000032
1.001244
1.001551
1.0009700000000001
0.999475
0.9969969999999999
0.9955790000000001
0.9970959999999999
0.9995120000000001
1.000958
1.00148
1.001157
0.9999379999999999
0.9994879999999999
1.000207
1.000567
1.0003950000000001
0.999761
0.998617
0.9967450000000001
0.996067
0.998114
1.000604
1.0018639999999999
1.0021440000000001
1.001663
1.0004309999999998
1.0001799999999998
1.001239
1.001862
1.001774
1.0010620000000001
0.999742
0.9976790000000001
0.9974059999999999
1.000134
1.003119
1.005041
1.005929
1.0058280000000002
1.004729
1.0043540000000002
1.004969
1.004844
1.0038040000000001
1.002
0.9995350000000001
0.9964350000000001
0.9955950000000001
0.9980030000000001
1.0005879999999998
1.002214
1.002918
1.00265
1.0012450000000002
1.000441
1.000657
1.000281
0.9991690000000001
0.997396
0.994965
0.9917809999999999
0.991182
0.9937159999999999
0.995957
0.997475
0.9984290000000001
0.9987860000000001
0.998373
0.998875
1.0005110000000002
1.001385
1.001206
1.000103
0.9982280000000001
0.9955870000000001
0.995585
0.9987520000000001
1.001527
1.003325
1.004238
1.004304
1.003482
1.003586
1.0049780000000001
1.005888
1.006042
1.005414
1.003902
1.0013969999999999
1.001511
1.004681
1.0071510000000001
1.0084899999999999
1.008875
1.008356
1.006891
1.006392
1.007277
1.007692
1.007295
1.006086
1.004049
1.001082
1.000936
1.0038049999999998
1.0057969999999998
1.006823
1.007067
1.006473
1.004893
1.0041149999999999
1.004467
1.004169
1.00309
1.001425
0.999225
0.9963870000000001
0.996674
1.000148
1.0026700000000002
1.003963
1.004122
1.003209
1.00129
1.000316
1.000689
1.000609
0.999812
0.998297
0.996027
0.993116
0.993375
0.996684
0.9990620000000001
1.000435
1.0009299999999999
1.0004790000000001
1.000692
1.001876
1.002426
1.002145
1.001066
0.999218
0.9966149999999999
0.995301
0.997051
0.9997719999999999
1.001608
1.002552
1.002615
1.001743
1.0016100000000001
1.0025030000000001
1.002722
1.002049
1.00066
0.9987159999999999
0.996166
0.995317
0.997497
1.0001149999999999
1.001654
1.002238
1.002073
1.001256
1.001582
1.003348
1.00473
1.005371
1.005213
1.004153
1.00204
1.001754
1.004406
1.007091
1.0088139999999999
1.009692
1.009735
1.008791
1.008553
1.0094
1.009671
1.009174
1.008011
1.006218
1.003685
1.0032780000000001
1.005795
1.008099
1.009311
1.0095530000000001
1.008782
1.00688
1.005696
1.005671
1.005121
1.003934
1.002254
1.0000440000000002
0.997122
0.996892
0.9997520000000001
1.002024
1.003224
1.003456
1.002769
1.001179
1.000523
1.001127
1.001196
1.0004819999999999
0.999023
0.99682
0.993872
0.993783
0.997026
0.9999170000000001
1.001961
1.003196
1.003506
1.002692
1.002514
1.0034100000000001
1.003762
1.0034049999999999
1.002372
1.0006190000000001
0.9980120000000001
0.9981959999999999
1.001409
1.003831
1.005292
1.005981
1.0059
1.00496
1.0050059999999998
1.006338
1.007002
1.0067110000000001
1.005581
1.003622
1.000872
1.0010700000000001
1.004146
1.006214
1.007263
1.007522
1.007031
1.005657
1.005205
1.006011
1.006212
1.005535
1.003998
1.00156
0.998381
0.998289
1.0011649999999999
1.0030459999999999
1.00384
1.003686
1.002561
1.00041
0.9992469999999999
0.9995950000000001
0.999654
0.999137
0.998027
0.9962040000000001
0.9937450000000001
0.994158
0.9971409999999999
0.998943
0.999664
0.999554
0.9986229999999999
0.998574
0.9996950000000001
1.000234
0.999935
0.9989309999999999
0.997323
0.9950899999999999
0.99429
0.9965510000000001
0.999598
1.001557
1.002397
1.002209
1.001068
1.000718
1.001431
1.0015049999999999
1.00078
0.999418
0.997506
0.9950180000000001
0.9945219999999999
0.997159
1.000091
1.001978
1.002923
1.002985
1.002081
1.0019559999999998
1.0029780000000001
1.003462
1.003201
1.0022309999999999
1.00054
0.9980190000000001
0.9977719999999999
1.000507
1.003018
1.00471
1.005758
1.006145
1.005687
1.006017
1.007333
1.007762
1.007039
1.005334
1.002834
0.999559
0.9987879999999999
1.0011459999999999
1.0031780000000001
1.004199
1.004329
1.003634
1.002067
1.001455
1.002153
1.002357
1.0018
1.000473
0.998281
0.9951200000000001
0.994858
0.9976870000000001
0.999605
1.0004709999999999
1.000504
0.9997530000000001
0.9981639999999999
0.9976280000000001
0.9985430000000001
0.9990530000000001
0.998835
0.9979
0.9962049999999999
0.9936010000000001
0.9938110000000001
0.9969709999999999
0.9991639999999999
1.000351
1.000744
1.000314
0.998941
0.998439
0.9991610000000001
0.999337
0.998815
0.997749
0.996144
0.993899
0.9947969999999999
0.9987719999999999
1.001675
1.0033530000000002
1.0039280000000002
1.0034530000000002
1.00197
1.0014450000000001
1.00226
1.00255
1.002038
1.000734
0.9986149999999999
0.996025
0.9966219999999999
1.000104
1.0026979999999999
1.004335
1.005108
1.004909
1.003539
1.002897
1.003459
1.003399
1.002432
1.00061
0.99797
0.994965
0.995115
0.998035
1.000104
1.001217
1.001426
1.0006700000000002
0.9988389999999999
0.99784
0.9980319999999999
0.997516
0.9961
0.9939690000000001
0.991173
0.988242
0.9884639999999999
0.9911969999999999
0.992907
0.9935700000000001
0.993418
0.9925370000000001
0.992674
0.9941030000000001
0.9950370000000001
0.9951540000000001
0.994431
0.992825
0.9902690000000001
0.9892559999999999
0.991252
0.9937450000000001
0.995275
0.9959120000000001
0.995719
0.9946299999999999
0.994352
0.9952620000000001
0.995717
0.995517
0.994757
0.993448
0.99144
0.991547
0.994532
0.997257
0.998875
0.9995709999999999
0.999387
0.9982639999999999
0.9980479999999999
0.9991120000000001
0.9996870000000001
0.9995950000000001
0.998942
0.9976799999999999
0.9956209999999999
0.9962690000000001
0.9998889999999999
1.002665
1.004237
1.0047409999999999
1.0042360000000001
1.002723
1.002022
1.002448
1.002212
1.001098
0.9991909999999999
0.9965430000000001
0.9931760000000001
0.992858
0.995856
0.9982559999999999
0.999726
1.0003229999999999
0.9999319999999999
0.998343
0.997353
0.9974059999999999
0.9968540000000001
0.9955729999999999
0.9936530000000001
0.991087
0.987974
0.987944
0.990834
0.992851
0.994022
0.9945200000000001
0.9943200000000001
0.993294
0.993243
0.9944430000000001
0.994973
1.007267
1.062117
1.1421299999999999
1.214804
1.2843790000000002
1.35314
1.418925
1.4722790000000001
1.497193
1.4899930000000001
1.4735639999999999
1.462697
1.455159
1.451518
1.4557790000000002
1.4768700000000001
1.5206709999999999
1.577294
1.634307
1.6863849999999998
1.7294720000000001
1.7608009999999998
1.7753
1.768204
1.748478
1.730651
1.720594
1.7194040000000002
1.72732
1.747084
1.78181
1.8302189999999998
1.883603
1.930678
1.965396
1.9871169999999998
1.995416
1.9888599999999999
1.9723709999999999
1.952335
1.933989
1.9243740000000003
1.926094
1.938939
1.9628310000000002
1.997021
2.040179
2.08639
2.124791
2.148974
2.158363
2.153902
2.1370810000000002
2.1114479999999998
2.083545
2.061109
2.053034
2.061547
2.082115
2.111691
2.146487
2.180701
2.207323
2.220806
2.219335
2.208684
2.1932009999999997
2.172514
2.150277
2.1322099999999997
2.1231419999999996
2.125084
2.136828
2.15964
2.190328
2.220159
2.2439240000000003
2.257694
2.259312
2.249181
2.229867
2.2053979999999997
2.184593
2.170709
2.1618779999999997
2.1604490000000003
2.167121
2.1802919999999997
2.196825
2.212965
2.224879
2.228903
2.2264060000000003
2.21692
2.197459
2.17077
2.141283
2.113386
2.090851
2.0764549999999997
2.074123
2.084845
2.1019349999999997
2.118168
2.129264
2.131954
2.124181
2.105482
2.077355
2.047304
2.0199830000000003
1.9950330000000003
1.975053
1.962078
1.956538
1.957137
1.961095
1.967067
1.9736799999999999
1.9754209999999999
1.967877
1.9507009999999998
1.9251060000000002
1.8935220000000001
1.862791
1.836802
1.8147970000000002
1.798156
1.78757
1.782388
1.780721
1.779809
1.777347
1.773787
1.766189
1.7501810000000002
1.7262990000000002
1.6965189999999999
1.663613
1.634516
1.612631
1.596186
1.585553
1.580324
1.5788200000000001
1.578497
1.578757
1.578993
1.574784
1.562875
1.543567
1.5185170000000001
1.490192
1.461414
1.438833
1.4249399999999999
1.416534
1.412735
1.4121780000000002
1.412534
1.414548
1.4168120000000002
1.413589
1.402577
1.384213
1.360003
1.332274
1.303777
1.277142
1.258735
1.2498120000000001
1.245223
1.2428549999999998
1.240988
1.242325
1.243853
1.238141
1.224666
1.204487
1.1792280000000002
1.15094
1.122026
1.0948799999999999
1.07121
1.056502
1.050773
1.047502
1.044578
1.045439
1.047158
1.041884
1.0288
1.008909
0.9840049999999999
0.9561370000000001
0.927527
0.9004969999999999
0.881755
0.872582
0.8673620000000001
0.867183
0.872511
0.877469
0.8770100000000001
0.869482
0.854519
0.83296
0.806517
0.777483
0.7483310000000001
0.721242
0.702631
0.693765
0.690407
0.694924
0.703539
0.7085520000000001
0.707641
0.6996220000000001
0.6844
0.663048
0.63753
0.610354
0.584008
0.5604210000000001
0.546057
0.541684
0.546672
0.558818
0.569368
0.5750930000000001
0.574396
0.566534
0.5519109999999999
0.531967
0.508735
0.484385
0.460826
0.44510500000000003
0.440457
0.44585600000000003
0.457056
0.466732
0.47293199999999996
0.474099
0.469091
0.457661
0.44049399999999994
0.418904
0.394522
0.369082
0.34428200000000003
0.327561
0.325384
0.333045
0.342463
0.349371
0.352375
0.350199
0.341994
0.327942
0.309223
0.28741
0.26404099999999997
0.246864
0.244996
0.25290799999999997
0.261629
0.269492
0.275535
0.278485
0.27731100000000003
0.27161399999999997
0.26155300000000004
0.24746100000000001
0.22988499999999998
0.20987600000000003
0.19528299999999998
0.195298
0.20345
0.210642
0.21632600000000002
0.22033000000000003
0.22193200000000002
0.220254
0.21491500000000002
0.206155
0.194352
0.179843
0.163161
0.152811
0.156775
0.167148
0.175645
0.181785
0.185565
0.186717
0.18498900000000001
0.180527
0.173797
0.165153
0.15478599999999998
0.142942
0.138255
0.147669
0.161947
0.172835
0.179983
0.18370699999999998
0.18415499999999999
0.181578
0.176675
0.170343
0.163079
0.154927
0.145802
0.135622
0.132852
0.14369200000000001
0.158026
0.167562
0.172224
0.17268699999999998
0.16942000000000002
0.16303900000000002
0.154693
0.145755
0.137033
0.128558
0.12001400000000001
0.120151
0.13478900000000002
0.153083
0.166459
0.174147
0.176465
0.17399900000000001
0.167657
0.158852
0.149205
0.13992000000000002
0.13159300000000002
0.12434300000000001
0.12673099999999998
0.144375
0.16634300000000002
0.183661
0.195129
0.20055
0.20005799999999999
0.194415
0.185245
0.174584
0.164081
0.15476099999999998
0.14715799999999998
0.141297
0.144994
0.163681
0.186357
0.203456
0.21385900000000002
0.217572
0.214912
0.2069
0.19556500000000002
0.183447
0.172558
0.163905
0.157749
0.161727
0.18196700000000002
0.208137
0.22991399999999998
0.24530500000000002
0.253655
0.25493299999999997
0.24987600000000001
0.240186
0.228217
0.216204
0.20581300000000002
0.19803900000000002
0.193107
0.197577
0.21781599999999998
0.243943
0.264912
0.278951
0.285585
0.284848
0.277665
0.266098
0.252891
0.24045999999999998
0.23034000000000002
0.223282
0.21933899999999998
0.224307
0.244792
0.27121100000000004
0.29181399999999996
0.304892
0.31026
0.308214
0.299844
0.287366
0.27370300000000003
0.261395
0.251927
0.245846
0.24297600000000003
0.248848
0.269452
0.295717
0.316335
0.32902600000000004
0.33364
0.330635
0.321253
0.30782
0.293378
0.280624
0.27115900000000004
0.265505
0.263325
0.269945
0.290769
0.31705900000000004
0.337836
0.350261
0.354145
0.350093
0.339568
0.32509699999999997
0.309868
0.296688
0.28722800000000004
0.28199
0.280503
0.28791
0.309143
0.33569699999999997
0.35685300000000003
0.369346
0.37294099999999997
0.368305
0.35701900000000003
0.34175300000000003
0.325813
0.312101
0.302367
0.297149
0.295958
0.30385
0.325331
0.352124
0.373719
0.386374
0.389729
0.384436
0.372152
0.355684
0.338511
0.32371300000000003
0.313195
0.307584
0.3064
0.3146
0.336301
0.36336
0.38540399999999997
0.3983
0.401563
0.395816
0.382753
0.365284
0.347032
0.331248
0.319999
0.31402800000000003
0.312894
0.32150100000000004
0.343684
0.371356
0.394183
0.407686
0.411228
0.40536500000000003
0.391806
0.373544
0.35434099999999996
0.337623
0.325635
0.319259
0.318123
0.32710100000000003
0.34976999999999997
0.378021
0.401508
0.415463
0.419121
0.41298999999999997
0.39881
0.379671
0.35947399999999996
0.3418
0.329042
0.322182
0.320895
0.32364899999999996
0.334341
0.355748
0.379533
0.39602600000000004
0.401633
0.396899
0.383533
0.364325
0.34313699999999997
0.324081
0.310184
0.302684
0.301215
0.310635
0.33484899999999995
0.365266
0.390825
0.406562
0.411312
0.405465
0.39079200000000003
0.370406
0.348249
0.328117
0.312859
0.303973
0.301446
0.303813
0.314965
0.337984
0.363683
0.38140799999999997
0.387561
0.382422
0.367685
0.346357
0.322633
0.301012
0.284927
0.275986
0.274059
0.284123
0.310577
0.343592
0.370847
0.387728
0.392901
0.386653
0.370845
0.348878
0.325071
0.303532
0.287312
0.27804
0.27576300000000004
0.285485
0.311513
0.343934
0.37045100000000003
0.38655500000000004
0.390867
0.38347
0.366141
0.342434
0.31697800000000004
0.294152
0.277106
0.267479
0.265336
0.275737
0.3031
0.33674699999999996
0.363721
0.379756
0.38366300000000003
0.375731
0.35791799999999996
0.333964
0.308673
0.286497
0.270485
0.26206
0.261063
0.272318
0.300058
0.333719
0.360523
0.376252
0.379789
0.371481
0.35327600000000003
0.328861
0.303016
0.28023400000000004
0.26364299999999996
0.25471900000000003
0.253317
0.26424200000000003
0.29184299999999996
0.325347
0.35173000000000004
0.366852
0.36958
0.360319
0.341143
0.31588
0.28942199999999996
0.266336
0.24977199999999997
0.241166
0.24025700000000003
0.251707
0.279972
0.313913
0.340253
0.355213
0.35778899999999997
0.348479
0.329431
0.30449899999999996
0.278546
0.25605100000000003
0.24006100000000002
0.231933
0.231364
0.242975
0.271353
0.305239
0.331246
0.345792
0.347901
0.33807600000000004
0.31848200000000004
0.293012
0.266573
0.24367199999999997
0.22735300000000003
0.21895
0.218123
0.229506
0.25788099999999997
0.291595
0.31698000000000004
0.330798
0.33219099999999996
0.321756
0.30173099999999997
0.276052
0.24962800000000002
0.22691999999999998
0.21088400000000002
0.202757
0.202124
0.213968
0.24275700000000003
0.276463
0.30178299999999997
0.315556
0.31695300000000004
0.306585
0.28668699999999997
0.26118
0.234945
0.212403
0.196489
0.188433
0.187819
0.199928
0.22891799999999998
0.26242600000000005
0.287455
0.300861
0.30182
0.29096700000000003
0.27058000000000004
0.244635
0.21804400000000002
0.19523
0.17910399999999999
0.170856
0.177656
0.204657
0.240042
0.27112600000000003
0.293623
0.304996
0.304175
0.29191300000000003
0.270922
0.245298
0.219425
0.19715
0.1813
0.173183
0.180007
0.206798
0.241466
0.271368
0.292616
0.302921
0.301202
0.288217
0.266837
0.241379
0.21625100000000003
0.19503299999999998
0.18020899999999998
0.172913
0.172597
0.17691500000000002
0.182115
0.184024
0.179106
0.165027
0.140869
0.107272
0.066463
0.021943999999999998
-0.016101
-0.035072000000000006
-0.033927
-0.020256
-0.002179
0.013461
0.022094
0.021939
0.014075999999999998
0.001707
-0.011349
-0.021915
-0.027882
-0.028213
-0.022948
-0.013274000000000001
-0.001374
0.0102
0.019324
0.024663
0.025613999999999998
0.022203999999999998
0.015132
0.005796
-0.003974
-0.01243
-0.016977000000000003
-0.0179
-0.017175
-0.014078
-0.008440999999999999
-0.0013830000000000001
0.005707
0.0116
0.015429
0.016652
0.015061000000000001
0.010956
0.005177
-0.0011359999999999999
-0.006513
-0.010539
-0.013036
-0.013257
-0.011201000000000001
-0.007316
-0.002409
0.0026030000000000003
0.006911
0.009892
0.011127
0.010459999999999999
0.008075
0.004483
0.000384
-0.00352
-0.006639
-0.00853
-0.008935
-0.007843000000000001
-0.005519
-0.002441
0.000831
0.003776
0.005961999999999999
0.007079
0.0069819999999999995
0.0057399999999999994
0.003632
0.001066
-0.001517
-0.003714
-0.0051990000000000005
-0.005758
-0.005337
-0.004063000000000001
-0.002209
-0.00011899999999999999
0.001866
0.0034409999999999996
0.004378
0.004553
0.005409000000000001
0.006659999999999999
0.0060090000000000005
0.003426
0.000291
-0.00223
-0.003752
-0.004178
-0.0036009999999999996
-0.002306
-0.000725
0.000743
0.0018579999999999998
0.002513
0.003001
0.003059
0.002254
0.0010429999999999999
-0.000145
-0.001109
-0.001757
-0.002049
-0.001963
-0.001533
-0.0008710000000000001
-0.000135
0.000537
0.001058
0.001377
0.001457
0.001282
0.0008939999999999999
0.000389
-0.000125
-0.00057
-0.0008990000000000001
-0.001076
-0.001072
-0.000886
-0.00056
-0.000168
0.00022
0.000551
0.0007830000000000001
0.000878
0.000816
0.00061
0.000314
-7.000000000000001e-06
-0.000298
-0.000522
-0.000651
-0.000668
-0.00057
-0.000383
-0.00015
8.7e-05
0.000297
0.000454
0.000534
0.000519
0.00041
0.00023500000000000002
2.9999999999999997e-05
-0.000167
-0.000324
-0.000417
-0.00043099999999999996
-0.000367
-0.000245
-9.2e-05
6.2e-05
0.000196
0.000292
0.000339
0.00033
0.000267
0.000161
2.9999999999999997e-05
-0.000102
-0.00021600000000000002
-0.00029
-0.00031099999999999997
-0.000272
-0.000184
-6.9e-05
4.9e-05
0.00015
0.00021899999999999998
0.00025
0.00023799999999999998
0.00018999999999999998
0.00011599999999999999
2.8000000000000003e-05
-6.1e-05
-0.00014099999999999998
-0.00020099999999999998
-0.00022799999999999999
-0.00021400000000000002
-0.00015900000000000002
-7.5e-05
1.9e-05
0.000105
0.000168
0.000199
0.000194
0.000155
9.300000000000001e-05
2.3e-05
-4.4e-05
-0.000101
-0.000145
-0.00016999999999999999
-0.000171
-0.000143
-9.1e-05
-2.1e-05
5.4000000000000005e-05
0.00011999999999999999
0.000165
0.00017900000000000001
0.000161
0.00011499999999999999
5.3e-05
-1.1e-05
-6.7e-05
-0.00010800000000000001
-0.000133
-0.00014099999999999998
-0.000131
-0.00010400000000000001
-6.1e-05
-5e-06
5.3e-05
0.000105
0.000138
0.000147
0.000129
8.9e-05
3.5e-05
-2.1e-05
-6.7e-05
-9.7e-05
-0.00011
-0.00011
-9.9e-05
-7.8e-05
-4.7e-05
-8e-06
3.5e-05
7.7e-05
0.00010800000000000001
0.000121
0.000113
8.499999999999999e-05
4.2e-05
-6e-06
-4.8e-05
-7.6e-05
-8.9e-05
-8.8e-05
-8e-05
-6.500000000000001e-05
-4.5e-05
-2.1e-05
8e-06
4e-05
0.000147
0.000227
0.000193
0.000139
7.5e-05
1.4000000000000001e-05
-3.6e-05
-6.8e-05
-8e-05
-7.6e-05
-6.500000000000001e-05
-5.5e-05
-4.6e-05
-3.4e-05
-1.7e-05
6e-06
3.3e-05
5.7999999999999994e-05
7.5e-05
7.900000000000001e-05
6.8e-05
4.3e-05
1.1e-05
-2.1e-05
-4.3e-05
-5.5e-05
-5.9e-05
-5.7999999999999994e-05
-5.5e-05
-4.9e-05
-3.6e-05
-1.6e-05
1.1e-05
4.2e-05
6.9e-05
8.499999999999999e-05
8.499999999999999e-05
6.9e-05
4e-05
6e-06
-2.5e-05
-4.6e-05
-5.6999999999999996e-05
-6.1e-05
-6.1e-05
-5.6999999999999996e-05
-5e-05
-3.6e-05
-1.4999999999999999e-05
1.4000000000000001e-05
4.5e-05
7.099999999999999e-05
8.4e-05
8e-05
5.9999999999999995e-05
3.1e-05
-0.0
-2.7000000000000002e-05
-4.6e-05
-5.4000000000000005e-05
-5.6000000000000006e-05
-5.4000000000000005e-05
-5e-05
-4.3e-05
-2.8000000000000003e-05
-3e-06
2.8999999999999997e-05
5.6999999999999996e-05
7.5e-05
8e-05
6.9e-05
4.5e-05
1.3000000000000001e-05
-2e-05
-4.4e-05
-5.6000000000000006e-05
-5.9e-05
-5.6999999999999996e-05
-5.4000000000000005e-05
-4.9e-05
-3.6e-05
-1.6e-05
1.2e-05
4.3e-05
6.9e-05
8.499999999999999e-05
8.6e-05
7e-05
4e-05
5e-06
-2.6000000000000002e-05
-4.7e-05
-5.7999999999999994e-05
-6.2e-05
-6.1e-05
-5.6999999999999996e-05
-4.9e-05
-3.5e-05
-1.4000000000000001e-05
1.4000000000000001e-05
4.6e-05
7.2e-05
8.499999999999999e-05
8e-05
5.9999999999999995e-05
3.1e-05
-1e-06
-2.8000000000000003e-05
-4.6e-05
-5.5e-05
-5.6000000000000006e-05
-0.0
4.6e-05
2.6000000000000002e-05
1.1e-05
1.2e-05
2.7000000000000002e-05
4.6e-05
6.2e-05
7e-05
6.500000000000001e-05
4.5e-05
1.3000000000000001e-05
-2.2e-05
-4.8e-05
-6.1e-05
-6.500000000000001e-05
-6.4e-05
-6.1e-05
-5.2000000000000004e-05
-3.6e-05
-1.1e-05
1.9e-05
5.1e-05
7.7e-05
9.300000000000001e-05
9.1e-05
7.099999999999999e-05
3.7e-05
-1e-06
-3.3e-05
-5.5e-05
-6.500000000000001e-05
-6.7e-05
-6.4e-05
-5.6999999999999996e-05
-4.6e-05
-2.9999999999999997e-05
-8e-06
2.1e-05
5.2000000000000004e-05
7.6e-05
8.7e-05
8e-05
5.6999999999999996e-05
2.6000000000000002e-05
-6e-06
-3.3e-05
-5.1e-05
-5.7999999999999994e-05
-5.6999999999999996e-05
-5.3e-05
-4.7e-05
-3.9e-05
-2.6000000000000002e-05
-5e-06
2.3e-05
5.2000000000000004e-05
7.2e-05
7.900000000000001e-05
7e-05
4.7e-05
1.7e-05
-1.3000000000000001e-05
-3.8e-05
-5.2000000000000004e-05
-5.5e-05
-5.3e-05
-4.8e-05
-4.2e-05
-3.3e-05
-1.7e-05
9e-06
3.8e-05
6.3e-05
7.7e-05
7.6e-05
6.2e-05
3.5e-05
2e-06
-2.8999999999999997e-05
-5.1e-05
-5.9999999999999995e-05
-5.9999999999999995e-05
-5.6000000000000006e-05
-5.1e-05
-4.3e-05
-2.8999999999999997e-05
-7.000000000000001e-06
2e-05
4.9e-05
7.2e-05
8.499999999999999e-05
8.1e-05
6.2e-05
3.1e-05
-3e-06
-3.2e-05
-5e-05
-5.9e-05
-6.1e-05
-5.9e-05
-5.3e-05
-4.3e-05
-2.8999999999999997e-05
-8e-06
2e-05
5e-05
7.3e-05
8.2e-05
7.4e-05
5.2000000000000004e-05
5.6999999999999996e-05
5.4000000000000005e-05
1.1e-05
-2.4e-05
-4.6e-05
-5.6000000000000006e-05
-5.7999999999999994e-05
-5.4000000000000005e-05
-4.3e-05
-2.3e-05
4e-06
3.5e-05
5.9999999999999995e-05
7.3e-05
7.3e-05
5.7999999999999994e-05
3.2e-05
1e-06
-2.8999999999999997e-05
-4.9e-05
-5.6000000000000006e-05
-5.5e-05
-5.1e-05
-4.6e-05
-3.9e-05
-2.6000000000000002e-05
-6e-06
1.9e-05
4.6e-05
6.8e-05
8e-05
7.7e-05
5.9e-05
2.9999999999999997e-05
-3e-06
-3.1e-05
-4.9e-05
-5.6999999999999996e-05
-5.9e-05
-5.6999999999999996e-05
-5.2000000000000004e-05
-4.3e-05
-2.8000000000000003e-05
-8e-06
1.9e-05
4.8e-05
7.099999999999999e-05
8.1e-05
7.4e-05
5.3e-05
2.4e-05
0.001092
0.002848
0.003324
0.002509
0.001347
0.00041
-0.00021099999999999998
-0.000505
-0.0005059999999999999
-0.000314
-9.499999999999999e-05
2.5e-05
3.3e-05
0.001396
0.003684
0.004409000000000001
0.003394
0.001782
0.000481
-0.000303
-0.000604
-0.000523
-0.000217
0.000103
0.000272
0.00024300000000000002
7.099999999999999e-05
-0.000156
-0.000377
-0.0005610000000000001
-0.000659
-0.00062
-0.00043499999999999995
-0.00015800000000000002
0.000133
0.000383
0.000562
0.000654
0.000629
0.000479
0.00023799999999999998
-2.8999999999999997e-05
-0.000262
-0.00042800000000000005
-0.000518
-0.000524
-0.00044100000000000004
-0.000281
-8.3e-05
0.00010800000000000001
0.000266
0.000375
0.00209
0.004899000000000001
0.005912
0.004871
0.002893
0.0010119999999999999
-0.00032
-0.001038
-0.0011769999999999999
-0.0009
-0.000482
-0.000156
-1e-06
2.1e-05
0.001524
0.0040420000000000005
0.004872
0.003843
0.002147
0.000734
-0.00015
-0.000539
-0.000504
-0.00018700000000000002
0.000169
0.000339
0.000261
0.0006929999999999999
0.001392
0.001149
0.000339
-0.000332
-0.0006889999999999999
-0.000687
-0.000413
-1.2e-05
0.000381
0.000665
0.00079
0.00074
0.000524
0.0002
-0.000146
-0.00044
-0.000638
-0.000717
-0.000676
-0.000519
-0.000271
1.4999999999999999e-05
0.00028
0.000478
0.000584
0.002235
0.004936
0.005836
0.004704
0.002689
0.0008269999999999999
-0.000465
-0.001134
-0.0012259999999999999
-0.000908
-0.00045599999999999997
-0.00010400000000000001
7.3e-05
0.00203
0.00528
0.006534999999999999
0.0054600000000000004
0.003243
0.001121
-0.00027400000000000005
-0.0009199999999999999
-0.0009339999999999999
-0.000535
-3.4e-05
0.000304
0.000368
0.002206
0.005361
0.006462000000000001
0.005209
0.002855
0.000685
-0.00065
-0.001141
-0.000941
-0.000332
0.000319
0.000729
0.000795
0.000559
0.000136
-0.000365
-0.0008439999999999999
-0.001182
-0.001267
-0.001073
-0.000669
-0.000167
0.000334
0.000763
0.001058
0.001155
0.003386
0.00719
0.008643000000000001
0.007345
0.004487
0.001485
-0.000671
-0.0018059999999999999
-0.001971
-0.0014449999999999999
-0.000677
-3.9e-05
0.000322
0.002928
0.007213
0.008969
0.00773
0.004817
0.001782
-0.00032
-0.001344
-0.001433
-0.000884
-0.000131
0.00043499999999999995
0.000618
0.0031309999999999997
0.007456
0.00916
0.007768000000000001
0.004664
0.00146
-0.0007059999999999999
-0.0016359999999999999
-0.001507
-0.000709
0.00024300000000000002
0.000923
0.001137
0.003389
0.007187000000000001
0.008447
0.006795999999999999
0.0036060000000000003
0.000535
-0.001359
-0.002036
-0.0016920000000000001
-0.000715
0.000383
0.0011710000000000002
0.001451
0.004635
0.010115
0.012361
0.010723
0.006887999999999999
0.002598
-0.000666
-0.0023
-0.002448
-0.001558
-0.000301
0.000731
0.0012230000000000001
0.004839
0.010921
0.01347
0.011783
0.007702
0.00305
-0.000546
-0.002338
-0.00249
-0.001508
-0.000136
0.000974
0.001478
0.001334
0.0045119999999999995
0.010369
0.012715
0.010926
0.006977
0.002686
-0.00046699999999999997
-0.0018800000000000002
-0.00176
-0.000618
0.000768
0.0016940000000000002
0.001847
0.005503
0.012186
0.015666
0.015297
0.012384000000000001
0.0077599999999999995
0.0024100000000000002
-0.002436
-0.005804999999999999
-0.006966
-0.005675
-0.002669
0.000638
0.007494
0.016717
0.021337000000000002
0.020592
0.016385
0.010295
0.003766
-0.001782
-0.005533
-0.007201999999999999
-0.006801000000000001
-0.0049689999999999995
-0.002719
0.0039299999999999995
0.013909
0.019516
0.01968
0.016594
0.012121999999999999
0.0073030000000000005
0.002947
-0.00045
-0.002815
-0.004051
-0.00427
-0.003814
0.002441
0.013068999999999999
0.018823
0.01854
0.014977
0.010461
0.006117
0.002512
-0.000105
-0.001775
-0.002404
-0.002038
-0.001021
0.006024
0.01741
0.023105
0.021805
0.016384
0.009373999999999999
0.002725
-0.001977
-0.0042
-0.004507
-0.003597
-0.0019199999999999998
0.000176
0.008364
0.020904
0.027232
0.025791
0.019527000000000003
0.011302
0.0033950000000000004
-0.0024460000000000003
-0.005765999999999999
-0.0071319999999999995
-0.006925
-0.005301
-0.002545
0.007234
0.021929
0.03013
0.030031
0.024528
0.016434999999999998
0.007914000000000001
0.000715
-0.00424
-0.007031
-0.007905
-0.007155
-0.005266
0.004319
0.019684
0.028741000000000003
0.029669
0.025394
0.018466999999999997
0.010862
0.004044
-0.001067
-0.004315
-0.005921
-0.006072999999999999
-0.005072999999999999
0.004247
0.019937
0.028995999999999997
0.029194
0.023734
0.0159
0.008237999999999999
0.002259
-0.001644
-0.0037719999999999997
-0.004351
-0.00361
-0.002073
0.007678
0.023627000000000002
0.032195999999999995
0.031412
0.024933
0.015782
0.0064
-0.001011
-0.005501
-0.007248
-0.00662
-0.004307
-0.001301
0.001537
0.011917
0.027982999999999997
0.036059
0.034371
0.026904
0.016863999999999997
0.006562
-0.001857
-0.007176
-0.009408
-0.009079
-0.006947
-0.0037649999999999997
0.008213
0.026736000000000003
0.037369
0.037895
0.032451
0.024285
0.014678
0.00489
-0.003009
-0.00792
-0.009904999999999999
-0.00933
-0.006998999999999999
0.004654999999999999
0.023197
0.034185
0.035507
0.031202999999999998
0.024386
0.016206
0.007551
0.000171
-0.004751
-0.007217
-0.007511
-0.0061990000000000005
0.004952000000000001
0.023594999999999998
0.034451999999999997
0.035479000000000004
0.031181999999999998
0.024479
0.016291
0.007689
0.000681
-0.0036409999999999997
-0.005449
-0.005144
-0.0035020000000000003
0.007876000000000001
0.026611000000000003
0.037443000000000004
0.039588
0.037656
0.033277
0.026735000000000002
0.018038
0.0075
-0.001936
-0.007311
-0.00851
-0.006593000000000001
0.006136
0.026726
0.040021
0.04532
0.046789
0.04567
0.042043000000000004
0.035831
0.026889
0.015224000000000001
0.002751
-0.00646
-0.010514
-0.00101
0.019
0.033014
0.039273
0.042088
0.042981
0.042053
0.039018000000000004
0.033407
0.024926
0.013691
0.0019100000000000002
-0.006558
-0.0006730000000000001
0.016546
0.028605000000000002
0.033757
0.035809
0.036433999999999994
0.0359
0.033855
0.029873
0.023743
0.015472
0.005857
-0.002132
-0.0065260000000000006
0.001594
0.01939
0.031224000000000002
0.036045
0.037519
0.036795
0.033826
0.028566
0.021397
0.012802000000000001
0.004324000000000001
-0.001431
-0.003732
0.00611
0.025169999999999998
0.039008
0.047133999999999995
0.05184400000000001
0.053770000000000005
0.053075
0.049632
0.043194
0.033842000000000004
0.022313999999999997
0.009669
-0.000634
0.004158
0.021502
0.036005
0.046155
0.053872
0.059515
0.062819
0.063201
0.06005800000000001
0.053230999999999994
0.04313
0.030418999999999998
0.0157
0.012028
0.023153999999999997
0.035237
0.04398
0.05039
0.055282000000000005
0.058897000000000005
0.060783000000000004
0.060195000000000005
0.056727
0.050498
0.041812
0.030864
0.028689
0.039675999999999996
0.0517
0.059224
0.06292
0.06415
0.064013
0.062815
0.060157
0.055679
0.049434
0.041708999999999996
0.032777
0.022698
0.022775
0.036427999999999995
0.050386
0.059516999999999994
0.064621
0.06658700000000001
0.065733
0.062141999999999996
0.056089
0.047973
0.03822
0.027408
0.01612
0.016748
0.032538
0.049429
0.062543
0.072585
0.08014199999999999
0.085259
0.087435
0.085838
0.079914
0.06992000000000001
0.056915
0.042174
0.037219999999999996
0.046911
0.059534000000000004
0.06940199999999999
0.07695199999999999
0.082987
0.087882
0.091407
0.092801
0.091278
0.086505
0.07858899999999999
0.067774
0.054192
0.048395
0.055517
0.064538
0.070029
0.072929
0.07445700000000001
0.075043
0.074374
0.072019
0.06791900000000001
0.062304
0.055412
0.047298
0.048125
0.062091999999999994
0.077192
0.08727
0.09292
0.095593
0.096231
0.094941
0.091407
0.085536
0.077722
0.068641
0.058891
0.058868
0.07335
0.09082799999999999
0.10488299999999999
0.115586
0.123485
0.128699
0.130884
0.129581
0.12474600000000001
0.11682999999999999
0.106554
0.094752
0.082105
0.07871900000000001
0.089936
0.10478
0.11670499999999999
0.126186
0.13398
0.140049
0.143708
0.144223
0.141268
0.134961
0.125803
0.114532
0.11055899999999999
0.12004400000000001
0.133175
0.142938
0.149945
0.15533
0.159671
0.162879
0.16433699999999998
0.163393
0.159823
0.15382
0.14562
0.135236
0.13103199999999998
0.139742
0.152525
0.162088
0.16886400000000001
0.173777
0.177089
0.178464
0.177531
0.174369
0.16944800000000002
0.16326300000000002
0.15605
0.15553599999999998
0.168213
0.184919
0.197332
0.205792
0.21166999999999997
0.21589699999999998
0.218619
0.21949200000000002
0.218227
0.21486599999999997
0.209723
0.203128
0.195196
0.192775
0.203373
0.219221
0.23165300000000003
0.240923
0.24766799999999997
0.25175
0.252685
0.250391
0.24538600000000002
0.238411
0.230148
0.221088
0.211344
0.207373
0.216977
0.232738
0.24561799999999998
0.255752
0.263694
0.26926
0.271834
0.270992
0.267004
0.260755
0.25306300000000004
0.24411999999999998
0.23367600000000002
0.227875
0.235188
0.24945799999999999
0.26197
0.272781
0.282358
0.290356
0.295984
0.298618
0.298113
0.294621
0.28820300000000004
0.278729
0.266156
0.257182
0.260365
0.27074699999999996
0.280443
0.288736
0.29587600000000003
0.301575
0.305379
0.307085
0.306836
0.304831
0.300992
0.294906
0.286017
0.28020700000000004
0.284618
0.29418099999999997
0.301626
0.30630999999999997
0.30909699999999996
0.31033099999999997
0.31012199999999995
0.308667
0.306239
0.302939
0.298527
0.292545
0.284574
0.280677
0.287978
0.301158
0.312264
0.319698
0.323738
0.32463800000000004
0.322628
0.318048
0.31144
0.30341599999999996
0.29438600000000004
0.284508
0.273834
0.26869299999999996
0.276528
0.291603
0.30543200000000004
0.316452
0.324629
0.32963400000000004
0.331022
0.32870900000000003
0.323166
0.315062
0.304848
0.292772
0.279097
0.270473
0.274794
0.286779
0.298346
0.30832
0.31693699999999997
0.323928
0.32866100000000004
0.330517
0.329094
0.324183
0.315793
0.30425599999999997
0.290116
0.280211
0.282362
0.291606
0.30019
0.306899
0.312188
0.31608200000000003
0.318286
0.318542
0.316789
0.31303000000000003
0.30713
0.298791
0.293902
0.299103
0.309629
0.31840999999999997
0.32413800000000004
0.327592
0.329291
0.329424
0.327937
0.324698
0.319696
0.31306100000000003
0.304923
0.295313
0.290387
0.29688200000000003
0.309393
0.320031
0.32719899999999996
0.331527
0.333329
0.332482
0.32889
0.322837
0.314861
0.305471
0.295016
0.283672
0.277675
0.284029
0.2971
0.308763
0.31755500000000003
0.323716
0.32705100000000004
0.327207
0.324211
0.318535
0.310738
0.30120399999999997
0.290119
0.277532
0.269696
0.274093
0.285402
0.295711
0.303958
0.3105
0.315107
0.317137
0.31601599999999996
0.311567
0.30406500000000003
0.294065
0.282094
0.268457
0.259676
0.26375
0.275041
0.285172
0.29325500000000004
0.29961
0.304058
0.306158
0.305636
0.30254699999999995
0.297081
0.289287
0.279021
0.26619499999999996
0.257374
0.260833
0.27105999999999997
0.27979
0.28641
0.291462
0.294921
0.296439
0.295777
0.292976
0.28817600000000004
0.281375
0.272393
0.26099
0.253339
0.257307
0.26707
0.274434
0.279131
0.281876
0.282789
0.28173899999999996
0.278729
0.274014
0.267906
0.26052800000000004
0.251764
0.247621
0.25558600000000004
0.269378
0.28026799999999996
0.287456
0.291364
0.292254
0.290454
0.28630700000000003
0.280048
0.271975
0.262518
0.25202600000000003
0.240619
0.2345
0.241642
0.255531
0.267108
0.275875
0.282096
0.285458
0.285348
0.281369
0.273753
0.263327
0.25100500000000003
0.23737399999999997
0.222744
0.213696
0.21867399999999998
0.230857
0.24103000000000002
0.249167
0.255684
0.260346
0.262559
0.261836
0.25804099999999996
0.25124
0.24145500000000003
0.228729
0.213348
0.202404
0.204571
0.213294
0.220052
0.22520900000000002
0.22941
0.23258099999999998
0.23423899999999998
0.23394600000000002
0.231564
0.227135
0.22058200000000003
0.211621
0.206481
0.21321700000000002
0.22513200000000003
0.23375
0.23943699999999998
0.242939
0.24461
0.244606
0.24293
0.239552
0.23462600000000003
0.22842800000000002
0.221104
0.212524
0.20904099999999998
0.218428
0.23314400000000002
0.24393
0.250894
0.25495100000000004
0.256513
0.255506
0.251894
0.246052
0.238529
0.229698
0.21971999999999997
0.208637
0.20313299999999998
0.211186
0.22547199999999998
0.236969
0.245612
0.251719
0.254967
0.254884
0.251492
0.245358
0.23711500000000002
0.22716999999999998
0.215714
0.209042
0.215285
0.22779499999999997
0.237731
0.245257
0.25103600000000004
0.255203
0.257484
0.257352
0.254291
0.24810300000000002
0.239052
0.22772399999999998
0.214623
0.206296
0.210909
0.221796
0.230264
0.236562
0.24130500000000002
0.244425
0.245456
0.24404299999999998
0.24022
0.23425
0.226307
0.21638800000000002
0.204493
0.197469
0.203524
0.21563800000000002
0.225088
0.23212800000000003
0.23752600000000001
0.241339
0.243162
0.242682
0.23997600000000002
0.23530500000000001
0.228771
0.22019899999999998
0.209265
0.202349
0.207548
0.218171
0.225992
0.23167800000000002
0.236052
0.239119
0.24048699999999998
0.239823
0.2371
0.23251999999999998
0.22623600000000002
0.218185
0.21454099999999998
0.223377
0.237796
0.248718
0.25619200000000003
0.260798
0.262786
0.26240399999999997
0.259903
0.255457
0.24936799999999998
0.24208200000000002
0.2339
0.224804
0.22079899999999997
0.22993400000000003
0.245311
0.257644
0.266891
0.273491
0.277221
0.277507
0.273991
0.26697
0.257333
0.245996
0.233474
0.21998099999999998
0.211883
0.217525
0.23035799999999998
0.241414
0.25069
0.258522
0.264524
0.26793
0.268124
0.264935
0.258481
0.248865
0.236206
0.220858
0.20957199999999998
0.211213
0.219834
0.226954
0.23289899999999997
0.238231
0.24278400000000003
0.245997
0.247375
0.24672199999999997
0.24399400000000002
0.238998
0.231318
0.22657399999999997
0.232429
0.24280100000000002
0.249596
0.25335599999999997
0.255213
0.25567199999999995
0.254902
0.25288299999999997
0.249552
0.24499
0.23937399999999998
0.232744
0.224888
0.221671
0.231025
0.246023
0.257327
0.264908
0.269546
0.271495
0.270514
0.266449
0.259725
0.251153
0.241436
0.23095300000000002
0.21982100000000002
0.21436799999999998
0.222752
0.23805
0.25100700000000004
0.261402
0.269413
0.27461199999999997
0.276443
0.274838
0.27027199999999996
0.263325
0.25437600000000005
0.243579
0.23094699999999999
0.222694
0.227345
0.23895500000000003
0.248917
0.257271
0.264437
0.270115
0.27359
0.274228
0.271787
0.26643
0.25854499999999997
0.248455
0.24233400000000002
0.24784
0.259438
0.269156
0.276589
0.282364
0.286611
0.289115
0.289556
0.287722
0.28365
0.277504
0.269328
0.258972
0.252395
0.257206
0.268138
0.277331
0.28413099999999997
0.289096
0.292221
0.293117
0.291532
0.287615
0.28173200000000004
0.274142
0.264888
0.253852
0.246935
0.251551
0.26192
0.269958
0.275383
0.279079
0.281186
0.281373
0.279431
0.275497
0.269851
0.26263800000000004
0.253778
0.243065
0.23644400000000002
0.24175500000000003
0.25316900000000003
0.262245
0.268435
0.27207600000000004
0.273158
0.27168200000000003
0.267892
0.262238
0.255206
0.247113
0.237988
0.22765
0.222115
0.229607
0.24371900000000002
0.2554
0.264369
0.270865
0.27462
0.27516799999999997
0.272279
0.266248
0.257798
0.247625
0.23609699999999997
0.22945700000000002
0.23577800000000002
0.24913200000000002
0.260974
0.270948
0.279442
0.286323
0.291125
0.293285
0.29234299999999996
0.28812
0.280671
0.27011599999999997
0.256688
0.24695799999999998
0.24916300000000002
0.258035
0.265575
0.271348
0.275963
0.279385
0.28118000000000004
0.281004
0.27884699999999996
0.274862
0.26908200000000004
0.261327
0.251277
0.244637
0.24869000000000002
0.257721
0.263952
0.267362
0.268921
0.268952
0.267421
0.264327
0.25987899999999997
0.254362
0.247877
0.240247
0.231123
0.22619899999999998
0.233118
0.245747
0.255432
0.26167399999999996
0.264894
0.265308
0.262989
0.258054
0.250907
0.242175
0.232364
0.221683
0.216113
0.223573
0.23778200000000002
0.24993
0.259733
0.26748
0.272964
0.275694
0.27513899999999997
0.271083
0.263897
0.254284
0.242799
0.22974699999999998
0.221412
0.22610500000000003
0.23767199999999997
0.247379
0.255206
0.26164699999999996
0.26651199999999997
0.26920900000000003
0.269239
0.266459
0.260984
0.25304899999999997
0.243015
0.23118200000000003
0.223683
0.22852600000000003
0.23955100000000001
0.24822800000000003
0.254658
0.25951399999999997
0.262822
0.264235
0.263484
0.260621
0.255853
0.249223
0.240502
0.22933800000000001
0.22166
0.225854
0.23632399999999998
0.244767
0.2512
0.256196
0.25968
0.26119000000000003
0.260403
0.257429
0.252608
0.246142
0.237967
0.22786599999999999
0.22171300000000002
0.227479
0.238999
0.247698
0.253702
0.25781
0.260169
0.260588
0.25903899999999996
0.255778
0.251098
0.245073
0.23752199999999998
0.234091
0.242025
0.255485
0.266318
0.274015
0.279037
0.281423
0.281093
0.278165
0.272934
0.265757
0.257021
0.24705100000000002
0.23599299999999998
0.229812
0.23618699999999998
0.24911399999999997
0.26005500000000004
0.26847
0.274592
0.27810300000000004
0.278418
0.275173
0.268486
0.258922
0.24727600000000002
0.23423000000000002
0.22011599999999998
0.211027
0.215216
0.226463
0.23594
0.24365
0.250031
0.254889
0.257666
0.257886
0.255384
0.250161
0.24212199999999998
0.231046
0.216865
0.20596799999999998
0.207197
0.21497600000000003
0.22105999999999998
0.225825
0.22992800000000002
0.23328600000000002
0.235394
0.23580700000000002
0.234384
0.23114400000000002
0.22599899999999998
0.21866799999999997
0.214729
0.221835
0.23386300000000002
0.2426
0.24845100000000003
0.252253
0.254261
0.25454499999999997
0.253184
0.250287
0.246075
0.24082199999999998
0.234661
0.22745100000000001
0.224904
0.234542
0.24985100000000002
0.261945
0.270439
0.275827
0.278343
0.278036
0.274985
0.269558
0.262332
0.253751
0.244006
0.233141
0.227179
0.23394299999999998
0.247417
0.25903899999999996
0.268348
0.275559
0.280267
0.281765
0.279692
0.27441
0.26664699999999997
0.256914
0.245416
0.232254
0.22345399999999999
0.226979
0.23726599999999998
0.24613000000000002
0.253262
0.259035
0.263257
0.26540199999999997
0.26501399999999997
0.261928
0.25616500000000003
0.24781799999999998
0.237085
0.22994
0.233839
0.243554
0.25151100000000004
0.257444
0.26203899999999997
0.265484
0.267615
0.26810300000000004
0.26663600000000004
0.26309699999999997
0.257519
0.24989499999999998
0.24007699999999998
0.233702
0.23817399999999997
0.24822399999999997
0.256239
0.261949
0.26592899999999997
0.26821
0.268497
0.266598
0.262681
0.257128
0.250211
0.24196900000000002
0.232251
0.226752
0.23294499999999999
0.244759
0.253863
0.260268
0.26484
0.26769
0.268455
0.266937
0.263364
0.25811999999999996
0.251399
0.243137
0.238959
0.245903
0.258567
0.26921100000000003
0.277174
0.282943
0.286591
0.287976
0.287026
0.283808
0.278558
0.271652
0.26343099999999997
0.254008
0.24911999999999998
0.2557
0.268434
0.279667
0.288515
0.295319
0.29988000000000004
0.30167
0.300313
0.295871
0.28883000000000003
0.279891
0.26964699999999997
0.258373
0.251893
0.257096
0.268931
0.279949
0.289157
0.29687600000000003
0.30287
0.306537
0.30741599999999997
0.30542800000000003
0.300712
0.293319
0.283144
0.275727
0.277393
0.28465300000000004
0.291608
0.296976
0.301481
0.30541
0.308535
0.310341
0.310332
0.308272
0.304159
0.29799499999999995
0.28962
0.284423
0.28821199999999997
0.296902
0.304397
0.309431
0.312664
0.314218
0.313942
0.311894
0.308448
0.304068
0.29904200000000003
0.293365
0.28675
0.284477
0.292155
0.305132
0.316577
0.32464
0.32973800000000003
0.33216799999999996
0.332024
0.32946
0.324866
0.318742
0.31141199999999997
0.302912
0.298686
0.304155
0.315792
0.327777
0.3379
0.346382
0.353098
0.357494
0.358879
0.35684699999999997
0.351583
0.34368899999999997
0.333794
0.32233
0.31514899999999996
0.317731
0.326844
0.336855
0.34528600000000004
0.35235
0.35790500000000003
0.36148600000000003
0.362742
0.361632
0.358272
0.352719
0.344989
0.335154
0.328855
0.331048
0.338949
0.347565
0.354333
0.35975
0.363942
0.366616
0.36749299999999996
0.366526
0.36378
0.359204
0.352553
0.343492
0.337283
0.33863899999999997
0.345379
0.353053
0.35887199999999997
0.363186
0.366025
0.367101
0.366236
0.363545
0.359311
0.353721
0.346729
0.338125
0.33327399999999996
0.336902
0.346
0.355229
0.361628
0.365614
0.36754699999999996
0.367555
0.36579
0.362526
0.358038
0.352423
0.345547
0.34262
0.347785
0.358505
0.37009200000000003
0.379259
0.38615900000000003
0.390793
0.39287
0.39215300000000003
0.388694
0.382812
0.374967
0.365578
0.354939
0.348695
0.351299
0.360388
0.371186
0.380155
0.387259
0.392277
0.39471999999999996
0.39424499999999996
0.390877
0.384993
0.377133
0.367739
0.357034
0.350526
0.352517
0.360677
0.37045500000000003
0.378596
0.38540100000000005
0.390942
0.394902
0.396937
0.396858
0.394561
0.389876
0.38255500000000003
0.377722
0.378815
0.384937
0.393111
0.399609
0.404896
0.40929299999999996
0.41266400000000003
0.41462899999999997
0.414836
0.413131
0.409558
0.404213
0.397092
0.39338
0.395972
0.403434
0.412328
0.418416
0.42213100000000003
0.423897
0.423795
0.421912
0.41856400000000005
0.414178
0.409043
0.403196
0.396437
0.393789
0.398015
0.407551
0.41880500000000004
0.427259
0.432983
0.436105
0.43659499999999996
0.43455600000000005
0.43034300000000003
0.424393
0.417022
0.408401
0.398592
0.392901
0.39448099999999997
0.402335
0.413159
0.422335
0.42967799999999995
0.43489799999999995
0.437411
0.43678900000000004
0.43306999999999995
0.426683
0.41815699999999995
0.407921
0.39622399999999997
0.388538
0.388365
0.394599
0.40378200000000003
0.411609
0.418151
0.423401
0.42704
0.42876400000000003
0.428403
0.425853
0.42105600000000004
0.41400299999999995
0.409916
0.41139899999999996
0.418075
0.42747799999999997
0.43495900000000004
0.44091099999999994
0.44572799999999996
0.44937200000000005
0.451603
0.452176
0.45092299999999996
0.44776800000000005
0.442676
0.43556999999999996
0.43154899999999996
0.432733
0.439082
0.44847200000000004
0.455754
0.46111
0.46467200000000003
0.466254
0.46576599999999996
0.46337
0.45939300000000005
0.45415200000000006
0.447798
0.440267
0.43659799999999993
0.43858100000000005
0.445766
0.45567399999999997
0.46289399999999997
0.46771
0.470563
0.47160100000000005
0.470913
0.46862600000000004
0.464894
0.459804
0.45327799999999996
0.445136
0.440404
0.44091800000000003
0.446912
0.45649799999999996
0.46408900000000003
0.469587
0.472916
0.473789
0.47211899999999996
0.46813299999999997
0.462264
0.454929
0.446338
0.44155
0.44204399999999994
0.44826499999999997
0.458574
0.467131
0.473864
0.478879
0.481983
0.48289899999999997
0.481404
0.47739899999999996
0.47101499999999996
0.462599
0.452503
0.44607299999999994
0.44511300000000004
0.45016300000000004
0.459589
0.467678
0.47444
0.47991000000000006
0.48375799999999997
0.485645
0.485412
0.48303900000000005
0.47853900000000005
0.47188900000000006
0.463128
0.457524
0.456708
0.461449
0.470372
0.47762299999999996
0.483324
0.487734
0.490755
0.492234
0.49213100000000004
0.490475
0.487231
0.482209
0.47509700000000005
0.470728
0.470134
0.47422700000000007
0.482049
0.487731
0.491654
0.494316
0.49573999999999996
0.49581899999999995
0.494539
0.49195200000000006
0.48806700000000003
0.482804
0.480987
0.483138
0.490166
0.501307
0.510092
0.516274
0.52012
0.521748
0.521225
0.5187149999999999
0.514491
0.50885
0.502093
0.49445900000000004
0.49093000000000003
0.492101
0.49863999999999997
0.5099600000000001
0.51978
0.527423
0.532779
0.535479
0.535233
0.532115
0.5265350000000001
0.519004
0.509993
0.499849
0.493629
0.492072
0.49611000000000005
0.505408
0.513864
0.5209590000000001
0.526716
0.530814
0.5328729999999999
0.5326350000000001
0.529944
0.5247
0.516886
0.5066
0.49894399999999994
0.494976
0.496093
0.5024270000000001
0.508157
0.512908
0.516839
0.519733
0.521303
0.521363
0.5197930000000001
0.51645
0.511096
0.508263
0.508498
0.512155
0.5196689999999999
0.525968
0.530325
0.533187
0.534729
0.534994
0.53403
0.5318689999999999
0.5285340000000001
0.5240600000000001
0.518422
0.516347
0.518285
0.524225
0.534199
0.542756
0.548888
0.552778
0.5544640000000001
0.554082
0.551875
0.548117
0.543099
0.537045
0.530037
0.52694
0.528359
0.5342319999999999
0.5448069999999999
0.5546770000000001
0.562366
0.567769
0.5707260000000001
0.571216
0.569384
0.5655180000000001
0.5599770000000001
0.552959
0.54447
0.53933
0.5383060000000001
0.541269
0.549127
0.5571550000000001
0.5636869999999999
0.5686760000000001
0.571862
0.572915
0.571633
0.568018
0.562229
0.554397
0.544664
0.538089
0.535621
0.537288
0.544049
0.551167
0.556998
0.5614939999999999
0.564455
0.565673
0.565045
0.562519
0.558008
0.551389
0.547221
0.5462640000000001
0.547773
0.55348
0.559855
0.564836
0.568587
0.571166
0.572479
0.572392
0.5707800000000001
0.567554
0.562671
0.556082
0.552353
0.5520689999999999
0.554495
0.561178
0.56815
0.573228
0.576561
0.578213
0.57817
0.576559
0.573626
0.5695979999999999
0.564566
0.55847
0.555929
0.557405
0.561956
0.570581
0.578835
0.584671
0.588337
0.590002
0.589834
0.588164
0.585237
0.581091
0.5756640000000001
0.5734060000000001
0.574867
0.5783739999999999
0.58612
0.595113
0.602374
0.607884
0.6115470000000001
0.6130680000000001
0.612255
0.609097
0.60368
0.5962770000000001
0.587363
0.581875
0.580677
0.582274
0.58892
0.597459
0.6046229999999999
0.610158
0.6138359999999999
0.6154310000000001
0.614865
0.61217
0.607429
0.600816
0.592534
0.587213
0.585591
0.586116
0.59137
0.5985779999999999
0.604625
0.609561
0.613359
0.615854
0.6169060000000001
0.616359
0.614007
0.609599
0.602871
0.598143
0.5961569999999999
0.595244
0.598427
0.6034649999999999
0.607197
0.609775
0.611208
0.611426
0.6104539999999999
0.60831
0.6049640000000001
0.6003189999999999
0.598641
0.600353
0.602873
0.6089829999999999
0.616536
0.621896
0.625166
0.6265930000000001
0.626444
0.624983
0.6223420000000001
0.618578
0.613798
0.608102
0.6059359999999999
0.607858
0.6113430000000001
0.6192340000000001
0.629209
0.637167
0.642774
0.645936
0.64668
0.645146
0.6416
0.6364920000000001
0.630221
0.622961
0.619239
0.619765
0.621903
0.628794
0.638423
0.646543
0.652892
0.657303
0.659555
0.659529
0.6572600000000001
0.652879
0.646457
0.638063
0.632352
0.630274
0.629205
0.632919
0.640026
0.646185
0.6512220000000001
0.655045
0.657452
0.6582520000000001
0.657239
0.654187
0.648896
0.645529
0.644809
0.643189
0.645274
0.6509659999999999
0.655396
0.658587
0.6607430000000001
0.661888
0.661982
0.6609550000000001
0.6586890000000001
0.655068
0.6500020000000001
0.6475770000000001
0.648277
0.648255
0.6518689999999999
0.6587310000000001
0.663601
0.666323
0.66718
0.666445
0.6643600000000001
0.661145
0.6570010000000001
0.652053
0.6462979999999999
0.643918
0.6453979999999999
0.647092
0.652887
0.661744
0.668605
0.673375
0.6761590000000001
0.676988
0.676082
0.6736840000000001
0.669862
0.664602
0.657914
0.654185
0.654158
0.6544
0.659177
0.667704
0.674802
0.680131
0.683566
0.685028
0.6845939999999999
0.682296
0.67815
0.672327
0.669195
0.669455
0.66894
0.672578
0.680625
0.687415
0.692708
0.696643
0.69916
0.700132
0.699401
0.696774
0.692209
0.685866
0.682008
0.681389
0.680089
0.682892
0.690381
0.697116
0.702391
0.7061569999999999
0.708328
0.708888
0.7078409999999999
0.705191
0.700956
0.695114
0.6916869999999999
0.6913060000000001
0.689913
0.691833
0.697864
0.70308
0.70685
0.7093510000000001
0.710674
0.710912
0.710054
0.707955
0.704421
0.699235
0.696298
0.6961109999999999
0.694465
0.695638
0.700651
0.704723
0.707101
0.707922
0.7074090000000001
0.7058180000000001
0.70322
0.699547
0.6947439999999999
0.6927369999999999
0.694056
0.694617
0.697897
0.7051069999999999
0.711824
0.716531
0.719283
0.720216
0.719396
0.716855
0.712737
0.707318
0.700846
0.697439
0.697832
0.6981
0.7019029999999999
0.7103470000000001
0.718738
0.72542
0.730142
0.732738
0.7331479999999999
0.731457
0.727876
0.7226020000000001
0.715795
0.7117359999999999
0.711336
0.710648
0.71335
0.720773
0.7284390000000001
0.734811
0.7398100000000001
0.7434069999999999
0.745552
0.746085
0.744733
0.7412380000000001
0.735494
0.7316050000000001
0.730316
0.7277060000000001
0.727387
0.7315550000000001
0.736471
0.740367
0.743268
0.745216
0.746159
0.745946
0.744352
0.741146
0.739957
0.74119
0.7408680000000001
0.741006
0.744575
0.749132
0.751865
0.752957
0.752789
0.751577
0.749417
0.746346
0.74236
0.737444
0.735346
0.7366159999999999
0.737366
0.7393770000000001
0.745197
0.751961
0.756559
0.758896
0.759109
0.757363
0.753967
0.749306
0.7436689999999999
0.73722
0.733881
0.734305
0.734604
0.736967
0.743727
0.751683
0.75794
0.762242
0.764654
0.76535
0.764353
0.761501
0.7567649999999999
0.753998
0.7539560000000001
0.753059
0.752545
0.756159
0.762408
0.767671
0.771831
0.774896
0.776744
0.77718
0.775939
0.772838
0.767893
0.764911
0.764572
0.76336
0.762936
0.766829
0.7730100000000001
0.777834
0.781169
0.78314
0.783864
0.783424
0.781825
0.779025
0.774943
0.773225
0.774411
0.7747470000000001
0.775308
0.779616
0.7860189999999999
0.7909069999999999
0.794295
0.7963859999999999
0.797327
0.797142
0.795686
0.792779
0.788303
0.785859
0.7860159999999999
0.785108
0.78377
0.786231
0.791525
0.795391
0.797569
0.798236
0.7976770000000001
0.796031
0.7932359999999999
0.7892170000000001
0.787483
0.78857
0.788924
0.7882319999999999
0.791188
0.797521
0.802211
0.805127
0.806592
0.806775
0.80571
0.80345
0.8001149999999999
0.79579
0.79394
0.795137
0.7959729999999999
0.796103
0.800351
0.808449
0.815033
0.819651
0.8223159999999999
0.8230850000000001
0.822092
0.8195110000000001
0.815469
0.8100689999999999
0.8070470000000001
0.8072600000000001
0.807338
0.806998
0.811044
0.8191430000000001
0.8260040000000001
0.8312299999999999
0.8349040000000001
0.837103
0.8377760000000001
0.836693
0.8335959999999999
0.828418
0.824874
0.823707
0.821462
0.817941
0.818619
0.823767
0.8281790000000001
0.8316309999999999
0.834257
0.8360540000000001
0.8368479999999999
0.836317
0.834119
0.830001
0.827434
0.826987
0.825191
0.8217549999999999
0.82201
0.826075
0.828681
0.829829
0.829942
0.829284
0.827966
0.825952
0.823124
0.8227120000000001
0.8251069999999999
0.826802
0.8271379999999999
0.829408
0.8348629999999999
0.839844
0.8428479999999999
0.8439979999999999
0.843441
0.8413809999999999
0.8380700000000001
0.8336790000000001
0.828311
0.8254
0.8256899999999999
0.826045
0.825931
0.829008
0.83625
0.843327
0.848458
0.8514950000000001
0.852565
0.8518629999999999
0.849454
0.845318
0.839565
0.835887
0.8351350000000001
0.8340629999999999
0.832199
0.833887
0.83995
0.845815
0.850397
0.853776
0.8560030000000001
0.856957
0.856425
0.8542120000000001
0.8533459999999999
0.8541629999999999
0.8534579999999999
0.851037
0.849725
0.852182
0.8560110000000001
0.8586950000000001
0.8603059999999999
0.861007
0.860826
0.8596389999999999
0.857196
0.8532559999999999
0.850967
0.851002
0.850391
0.848751
0.848899
0.852791
0.857369
0.8603629999999999
0.861848
0.8621059999999999
0.8613770000000001
0.8597530000000001
0.8572110000000001
0.853723
0.8525790000000001
0.854289
0.8554709999999999
0.855475
0.857124
0.8624879999999999
0.868517
0.872876
0.8756360000000001
0.877141
0.877625
0.8770399999999999
0.875172
0.8718670000000001
0.8703219999999999
0.871133
0.8711629999999999
0.869943
0.869986
0.873712
0.878443
0.8815
0.8830030000000001
0.883201
0.882109
0.8796280000000001
0.875735
0.8736809999999999
0.8740979999999999
0.873935
0.872785
0.872117
0.8751469999999999
0.8803139999999999
0.884044
0.886194
0.8869100000000001
0.886374
0.884754
0.8820120000000001
0.8779530000000001
0.875542
0.8755069999999999
0.875194
0.874323
0.874094
0.8778870000000001
0.884286
0.8893770000000001
0.8929520000000001
0.8951370000000001
0.8959540000000001
0.8952959999999999
0.893026
0.889176
0.8870290000000001
0.887293
0.886999
0.8857229999999999
0.8848520000000001
0.8880100000000001
0.893855
0.8985479999999999
0.9020469999999999
0.904615
0.906284
0.906852
0.906013
0.9064540000000001
0.908495
0.909143
0.908056
0.905501
0.9058950000000001
0.909703
0.9125639999999999
0.9141450000000001
0.9148629999999999
0.9149790000000001
0.9145049999999999
0.9132790000000001
0.9110440000000001
0.910525
0.9121670000000001
0.9130959999999999
0.9128459999999999
0.9113180000000001
0.912808
0.917376
0.9202899999999999
0.921316
0.9207850000000001
0.91899
0.916175
0.9125459999999999
0.9082459999999999
0.906306
0.9072870000000001
0.908275
0.908725
0.908466
0.9117350000000001
0.918357
0.9233530000000001
0.926494
0.9281879999999999
0.928622
0.927657
0.925075
0.920853
0.918119
0.9176639999999999
0.9168290000000001
0.9152959999999999
0.913198
0.914982
0.920909
0.9262
0.930248
0.933089
0.934635
0.9347200000000001
0.933199
0.93279
0.933945
0.933974
0.9326700000000001
0.930318
0.9300309999999999
0.933449
0.9375600000000001
0.9407040000000001
0.942998
0.9445680000000001
0.945399
0.945327
0.944067
0.9441430000000001
0.946002
0.947058
0.946994
0.945782
0.946031
0.949507
0.95339
0.955822
0.9570629999999999
0.957391
0.956892
0.955518
0.9531850000000001
0.95262
0.954263
0.9552930000000001
0.9551879999999999
0.953933
0.9541459999999999
0.95768
0.9616520000000001
0.963944
0.964791
0.964543
0.963339
0.961093
0.9576549999999999
0.955742
0.955892
0.9554459999999999
0.953996
0.9515469999999999
0.950641
0.953202
0.9565319999999999
0.958599
0.959551
0.959483
0.958289
0.955794
0.95191
0.9495309999999999
0.94931
0.9486120000000001
0.9470930000000001
0.9448030000000001
0.944717
0.948324
0.9523440000000001
0.9549340000000001
0.9561360000000001
0.9561069999999999
0.954943
0.9525870000000001
0.9489040000000001
0.946707
0.9465959999999999
0.9459639999999999
0.944567
0.9424959999999999
0.9429790000000001
0.9472860000000001
0.9518629999999999
0.955102
0.957053
0.957759
0.957095
0.9548719999999999
0.951031
0.9485899999999999
0.948233
0.947241
0.945248
0.9423389999999999
0.942192
0.9459930000000001
0.9499569999999999
0.952787
0.954609
0.955501
0.9553370000000001
0.9538690000000001
0.9535790000000001
0.954808
0.954865
0.953467
0.950874
0.948995
0.950498
0.9535459999999999
0.955319
0.9559200000000001
0.955694
0.954791
0.9531360000000001
0.950556
0.9495370000000001
0.9504889999999999
0.950831
0.95016
0.9484520000000001
0.947558
0.9500129999999999
0.953727
0.9558270000000001
0.956363
0.955666
0.954011
0.951571
0.948358
0.947031
0.948075
0.9488620000000001
0.948975
0.94834
0.9491280000000001
0.953198
0.957843
0.9607610000000001
0.9622
0.9624459999999999
0.961498
0.9592120000000001
0.955451
0.9529850000000001
0.952526
0.9516290000000001
0.9500290000000001
0.947836
0.947642
0.951249
0.9557200000000001
0.958792
0.960457
0.9607690000000001
0.9596879999999999
0.957153
0.9530790000000001
0.950277
0.949365
0.947732
0.945148
0.941832
0.941061
0.944176
0.947735
0.950167
0.9516020000000001
0.9521290000000001
0.951623
0.949815
0.9490870000000001
0.9498549999999999
0.949701
0.948414
0.9461
0.9439780000000001
0.9451219999999999
0.948312
0.9503590000000001
0.951325
0.9514319999999999
0.9507620000000001
0.9492659999999999
0.946782
0.945687
0.9464020000000001
0.946492
0.9456030000000001
0.943786
0.9423729999999999
0.944264
0.947868
0.9498840000000001
0.95042
0.949867
0.948508
0.94644
0.943606
0.9426100000000001
0.9439200000000001
0.944888
0.945009
0.944166
0.944232
0.9474959999999999
0.9518620000000001
0.9548479999999999
0.9565370000000001
0.9571049999999999
0.956566
0.9548459999999999
0.951873
0.9502799999999999
0.950567
0.950209
0.94891
0.9467639999999999
0.945868
0.948466
0.95219
0.9544159999999999
0.9552309999999999
0.9549110000000001
0.9534940000000001
0.9508200000000001
0.949298
0.949385
0.948741
0.947233
0.945058
0.94299
0.94442
0.948472
0.951358
0.9529350000000001
0.953376
0.9527399999999999
0.950976
0.9480270000000001
0.946392
0.946574
0.9462309999999999
0.9450959999999999
0.9432530000000001
0.9414450000000001
0.9431430000000001
0.947478
0.9506610000000001
0.952674
0.9537770000000001
0.954032
0.9533290000000001
0.9514889999999999
0.950868
0.951858
0.952076
0.9513
0.949624
0.947931
0.949451
0.9531229999999999
0.955485
0.9567559999999999
0.957327
0.957259
0.9563790000000001
0.954425
0.9537479999999999
0.954716
0.9547889999999999
0.9535399999999999
0.9509569999999999
0.94832
0.948894
0.951498
0.9528709999999999
0.953092
0.952406
0.950851
0.9483530000000001
0.947217
0.9478190000000001
0.94784
0.947008
0.9454020000000001
0.9429719999999999
0.943586
0.9472430000000001
0.949594
0.950411
0.9500299999999999
0.948627
0.9461950000000001
0.942657
0.940284
0.939576
0.938516
0.9370149999999999
0.9351879999999999
0.932976
0.9343030000000001
0.9389209999999999
0.942311
0.9443229999999999
0.945152
0.944842
0.9433799999999999
0.940767
0.9393879999999999
0.939685
0.939368
0.9381309999999999
0.9360440000000001
0.933744
0.934916
0.938952
0.94201
0.9441299999999999
0.945556
0.946248
0.9459360000000001
0.9442729999999999
0.943542
0.94427
0.944166
0.9428540000000001
0.9403530000000001
0.9376
0.9380870000000001
0.94104
0.9430209999999999
0.944095
0.944456
0.9440799999999999
0.942793
0.942684
0.944018
0.944478
0.943742
0.9419549999999999
0.939256
0.939149
0.942199
0.9447139999999999
0.945992
0.9462440000000001
0.9456629999999999
0.9443229999999999
0.9421579999999999
0.9412959999999999
0.9421219999999999
0.9425100000000001
0.9421940000000001
0.941203
0.939406
0.940066
0.943752
0.9468709999999999
0.94875
0.9495979999999999
0.9495180000000001
0.9484790000000001
0.946393
0.9455450000000001
0.9464670000000001
0.9470219999999999
0.946876
0.9460280000000001
0.944368
0.945462
0.949616
0.952838
0.954626
0.955268
0.9549559999999999
0.953636
0.9510799999999999
0.9494299999999999
0.949124
0.94804
0.9459989999999999
0.9431870000000001
0.939649
0.939436
0.9427110000000001
0.9451940000000001
0.9466200000000001
0.947105
0.9465520000000001
0.9447200000000001
0.943573
0.943536
0.9426399999999999
0.940685
0.937844
0.93422
0.932267
0.933615
0.935808
0.93719
0.9378350000000001
0.9378200000000001
0.937075
0.9354030000000001
0.934682
0.935199
0.9350280000000001
0.9341
0.9325690000000001
0.9303319999999999
0.929934
0.932591
0.9354450000000001
0.937207
0.938168
0.9385020000000001
0.938156
0.9369940000000001
0.9371010000000001
0.93886
0.940125
0.940508
0.9399549999999999
0.938409
0.939177
0.943061
0.946575
0.9488969999999999
0.9502520000000001
0.9507200000000001
0.9502430000000001
0.9507459999999999
0.952551
0.9537040000000001
0.9539569999999999
0.953392
0.951996
0.9509059999999999
0.9527100000000001
0.956076
0.958201
0.959217
0.9593430000000001
0.958562
0.956734
0.955702
0.9557979999999999
0.9552299999999999
0.953945
0.952134
0.949786
0.948298
0.949959
0.9530870000000001
0.9550850000000001
0.955958
0.9558040000000001
0.9546450000000001
0.952493
0.95134
0.9515549999999999
0.9512370000000001
0.950159
0.9483959999999999
0.945974
0.944478
0.946209
0.9494799999999999
0.951839
0.953325
0.953975
0.9536190000000001
0.951994
0.9508909999999999
0.9507459999999999
0.9498770000000001
0.948159
0.945682
0.942448
0.9401290000000001
0.9409770000000001
0.943267
0.9447209999999999
0.9454459999999999
0.9455100000000001
0.9447840000000001
0.9449489999999999
0.946224
0.946735
0.946175
0.944578
0.94201
0.939053
0.9390940000000001
0.94166
0.9432860000000001
0.94396
0.9438620000000001
0.9430540000000001
0.9415469999999999
0.941159
0.9421809999999999
0.9428
0.942785
0.94219
0.9409219999999999
0.9395680000000001
0.9409860000000001
0.9443090000000001
0.9464229999999999
0.947411
0.947465
0.9466399999999999
0.944895
0.9440780000000001
0.944607
0.94479
0.944465
0.943678
0.9423450000000001
0.941456
0.9435620000000001
0.9473440000000001
0.94988
0.951161
0.951362
0.9505450000000001
0.94862
0.9473809999999999
0.947205
0.9463219999999999
0.9445319999999999
0.9419569999999999
0.938701
0.936177
0.93695
0.939608
0.941466
0.9424889999999999
0.9426770000000001
0.941866
0.9416700000000001
0.942436
0.942517
0.941659
0.9399360000000001
0.9374239999999999
0.9341200000000001
0.933268
0.9354520000000001
0.937356
0.9384110000000001
0.93873
0.9383459999999999
0.937198
0.936887
0.9376540000000001
0.9378200000000001
0.9372290000000001
0.9360870000000001
0.934444
0.932125
0.932517
0.935839
0.9383610000000001
0.9397979999999999
0.940428
0.9403959999999999
0.939666
