1.014147
1.0132450000000002
1.013679
1.013584
1.012732
1.011079
1.00854
1.006424
1.007421
1.01019
1.01205
1.013061
1.0132139999999998
1.012385
1.0104520000000001
1.0094889999999999
1.009927
1.009754
1.0086629999999999
1.006725
1.004037
1.002037
1.003242
1.006165
1.008109
1.009009
1.008966
1.008086
1.006306
1.005693
1.006718
1.007321
1.0070700000000001
1.005863
1.003596
1.00195
1.0032969999999999
1.006008
1.007755
1.008557
1.008524
1.007586
1.00553
1.00454
1.005228
1.00553
1.0050780000000001
1.003908
1.001967
1.0012780000000001
1.003673
1.006787
1.008445
1.008701
1.007815
1.0058479999999999
1.002702
1.0006549999999999
1.000258
0.999387
0.9977799999999999
0.995577
0.992742
0.9916290000000001
0.993859
0.996785
0.998541
0.9991479999999999
0.998642
0.996994
0.994202
0.9924959999999999
0.992257
0.9913200000000001
0.9894620000000001
0.9867969999999999
0.9833700000000001
0.9820110000000001
0.9842350000000001
0.9871280000000001
0.98908
0.990174
0.9904280000000001
0.989665
0.9897299999999999
0.990877
0.9911639999999999
0.9905129999999999
0.989087
0.9868899999999999
0.984726
0.9856530000000001
0.9886860000000001
0.9905370000000001
0.991391
0.991541
0.991025
0.9898049999999999
0.9898299999999999
0.991344
0.9922719999999999
0.9923059999999999
0.9914540000000001
0.9896959999999999
0.988318
0.98992
0.993066
0.9949889999999999
0.995801
0.995668
0.994692
0.992907
0.992353
0.9933700000000001
0.993964
0.993892
0.9931469999999999
0.99161
0.990924
0.9931270000000001
0.996351
0.9983870000000001
0.9992700000000001
0.999094
0.9978360000000001
0.9953069999999999
0.9935729999999999
0.9932770000000001
0.992548
0.991082
0.988916
0.986036
0.9841780000000001
0.9853559999999999
0.987593
0.988657
0.9887030000000001
0.987994
0.9864719999999999
0.983851
0.9822190000000001
0.9820639999999999
0.981295
0.979684
0.9774430000000001
0.974576
0.973447
0.9756879999999999
0.978771
0.9809540000000001
0.982245
0.982641
0.981951
0.9820059999999999
0.9832629999999999
0.98393
0.98382
0.9830700000000001
0.981657
0.979771
0.980815
0.9844950000000001
0.987193
0.988848
0.989663
0.989661
0.9886870000000001
0.9885440000000001
0.989549
0.989799
0.989099
0.987668
0.985497
0.983032
0.983468
0.9861700000000001
0.9877739999999999
0.988419
0.988439
0.98787
0.9865299999999999
0.9863290000000001
0.987608
0.988332
0.9881530000000001
0.9870329999999999
0.9849389999999999
0.9831850000000001
0.984459
0.987392
0.989203
0.990036
0.9900479999999999
0.989181
0.987346
0.986507
0.987051
0.987088
0.9863879999999999
0.9849549999999999
0.9826379999999999
0.9804299999999999
0.981023
0.9832850000000001
0.9845200000000001
0.984833
0.9843139999999999
0.9829209999999999
0.980468
0.9788959999999999
0.978723
0.9782040000000001
0.9771540000000001
0.975549
0.97331
0.97225
0.974404
0.977759
0.9800690000000001
0.9813040000000001
0.9815200000000001
0.980734
0.980769
0.9818959999999999
0.982352
0.9819979999999999
0.9809110000000001
0.9791549999999999
0.9767540000000001
0.9773649999999999
0.981095
0.984093
0.986143
0.987296
0.987466
0.986503
0.986189
0.987008
0.9873059999999999
0.986814
0.98555
0.983509
0.9805209999999999
0.9803940000000001
0.9833940000000001
0.985643
0.987066
0.987826
0.9879680000000001
0.987332
0.9876280000000001
0.989144
0.989976
0.9898530000000001
0.9889209999999999
0.987203
0.985101
0.9859979999999999
0.9894569999999999
0.9919540000000001
0.993506
0.994392
0.994611
0.9939049999999999
0.994041
0.9954139999999999
0.9961629999999999
0.995964
0.994826
0.9926729999999999
0.989825
0.98993
0.992726
0.994553
0.9953770000000001
0.995308
0.994233
0.992029
0.9907370000000001
0.9908459999999999
0.9904799999999999
0.9894129999999999
0.987692
0.985203
0.982733
0.983232
0.985822
0.987532
0.9883850000000001
0.9883719999999999
0.9873620000000001
0.985243
0.9839700000000001
0.9840479999999999
0.9837870000000001
0.9830209999999999
0.981716
0.9797629999999999
0.978132
0.979672
0.983234
0.985718
0.9870450000000001
0.987326
0.9866459999999999
0.9849469999999999
0.984168
0.9848299999999999
0.9851
0.984607
0.9833299999999999
0.981339
0.979825
0.9815879999999999
0.985477
0.9885520000000001
0.990693
0.9918600000000001
0.9919180000000001
0.9925440000000001
0.994057
0.994851
0.9947870000000001
0.993916
0.992297
0.9899100000000001
0.9898389999999999
0.992851
0.9957790000000001
0.9978299999999999
0.9990100000000001
0.9993219999999999
0.998705
0.996986
0.996117
0.996516
0.9961969999999999
0.9949129999999999
0.9928379999999999
0.989916
0.987751
0.988699
0.991007
0.99224
0.9924860000000001
0.9919819999999999
0.990718
0.990476
0.991611
0.992267
0.9920540000000001
0.990907
0.988775
0.9856600000000001
0.985245
0.987894
0.9897950000000001
0.9905149999999999
0.9902190000000001
0.9889100000000001
0.9864879999999999
0.984786
0.9842790000000001
0.983323
0.9817440000000001
0.9797040000000001
0.977217
0.9740559999999999
0.973721
0.976382
0.978175
0.978916
0.978825
0.9779610000000001
0.976319
0.9757959999999999
0.9767049999999999
0.9771920000000001
0.97714
0.9766549999999999
0.975648
0.9750049999999999
0.977525
0.982082
0.985597
0.9880549999999999
0.9895450000000001
0.9900479999999999
0.9895200000000001
0.989818
0.991273
0.992072
0.992008
0.991142
0.989498
0.987769
0.9890959999999999
0.992693
0.995218
0.996656
0.997064
0.9963350000000001
0.9942770000000001
0.992899
0.9928389999999999
0.992311
0.9909899999999999
0.988865
0.985909
0.9832299999999999
0.9835440000000001
0.9857610000000001
0.9871610000000001
0.9877729999999999
0.9876809999999999
0.986819
0.9868239999999999
0.987857
0.98811
0.9873649999999999
0.985771
0.983516
0.980608
0.979626
0.981698
0.984081
0.985534
0.986124
0.986017
0.985218
0.985291
0.9865450000000001
0.987441
0.987772
0.987513
0.986535
0.9845309999999999
0.983822
0.985864
0.988215
0.98956
0.990087
0.9899180000000001
0.988967
0.9890190000000001
0.990539
0.9918020000000001
0.992459
0.992475
0.991758
0.990052
0.990798
0.9943110000000001
0.9969709999999999
0.99864
0.999495
0.999387
0.9980760000000001
0.9973639999999999
0.9976809999999999
0.997358
0.996358
0.994869
0.992834
0.990043
0.9902209999999999
0.993502
0.995834
0.996958
0.9969389999999999
0.995778
0.9934879999999999
0.991979
0.991717
0.991031
0.9897
0.987656
0.9848129999999999
0.981389
0.9811469999999999
0.984009
0.986238
0.9877950000000001
0.988716
0.988826
0.987883
0.987613
0.9884299999999999
0.9886940000000001
0.9882219999999999
0.987031
0.985109
0.9825370000000001
0.9829709999999999
0.986376
0.989032
0.99087
0.9919319999999999
0.9921780000000001
0.99324
0.9953690000000001
0.9969180000000001
0.997632
0.997542
0.996712
0.995057
0.994064
0.995711
0.998361
0.999964
1.00061
1.000521
0.999768
0.998195
0.9975940000000001
0.998373
0.9986940000000001
0.998186
0.9967940000000001
0.994396
0.991647
0.992036
0.9950479999999999
0.997283
0.998698
0.99935
0.9990450000000001
0.999423
1.000915
1.001926
1.002227
1.001849
1.000795
0.9989469999999999
0.9985129999999999
1.0008540000000001
1.0034889999999999
1.004931
1.005369
1.004895
1.003425
1.002621
1.002825
1.002423
1.001252
0.999482
0.9971260000000001
0.993984
0.992215
0.993506
0.9955579999999999
0.996635
0.9967370000000001
0.9959690000000001
0.994403
0.993821
0.9944870000000001
0.9946389999999999
0.994088
0.992899
0.991084
0.988658
0.988959
0.992501
0.9957719999999999
0.9981540000000001
0.9997020000000001
1.000298
0.999748
0.999713
1.000612
1.000946
1.000574
0.999556
0.9979180000000001
0.995511
0.9951049999999999
0.997663
1.000285
1.002083
1.003148
1.003482
1.0029290000000002
1.0031299999999999
1.004357
1.004815
1.004198
1.0025709999999999
1.000091
0.996771
0.9962799999999999
0.999051
1.00134
1.002769
1.003433
1.00334
1.0023469999999999
1.002213
1.003323
1.003915
1.003752
1.00286
1.001163
0.9985229999999999
0.9988
1.002203
1.0046680000000001
1.005944
1.006199
1.00548
1.003745
1.002925
1.003547
1.003868
1.003554
1.002581
1.000843
0.998099
0.9977879999999999
1.000337
1.002163
1.003021
1.003082
1.002289
1.00052
0.9995620000000001
0.9997530000000001
0.9993270000000001
0.998168
0.996474
0.9942790000000001
0.991577
0.992186
0.996031
0.998975
1.0007979999999999
1.0015100000000001
1.001085
0.999548
0.9988379999999999
0.9994040000000001
0.999532
0.9989819999999999
0.9977229999999999
0.995705
0.993238
0.993907
0.9973770000000001
0.999916
1.001499
1.0022309999999999
1.002039
1.002523
1.003955
1.004756
1.004723
1.0038120000000001
1.001997
0.9992969999999999
0.997778
0.999183
1.001501
1.003003
1.003651
1.003419
1.002256
1.001826
1.002381
1.002267
1.00134
0.9997950000000001
0.997813
0.995288
0.9944719999999999
0.9966510000000001
0.9992120000000001
1.00064
1.00102
1.000612
0.9995450000000001
0.9995809999999999
1.001079
1.002346
1.003021
1.002969
1.002046
1.000031
0.9996700000000001
1.002169
1.004766
1.006473
1.007456
1.0077129999999999
1.00699
1.006905
1.00786
1.008208
1.0077200000000002
1.006514
1.004664
1.002041
1.001477
1.003863
1.006146
1.007425
1.007775
1.007091
1.005204
1.00399
1.003955
1.003469
1.0024790000000001
1.001115
0.999233
0.9965430000000001
0.996561
0.99959
1.001831
1.0029540000000001
1.003097
1.002327
1.000678
0.999986
1.0005959999999998
1.000761
1.000222
0.998934
0.9968370000000001
0.993923
0.993878
0.997172
1.000138
1.002348
1.003755
1.004153
1.0033020000000001
1.0029370000000002
1.003552
1.003636
1.003058
1.001851
0.999994
0.997323
0.997394
1.000515
1.00296
1.0044870000000001
1.00521
1.005139
1.004212
1.004273
1.005665
1.0064620000000002
1.006313
1.00527
1.00329
1.0003360000000001
1.0002030000000002
1.002994
1.0048979999999998
1.005903
1.00625
1.005963
1.004816
1.0045389999999998
1.005494
1.005844
1.00527
1.0037719999999999
1.0013290000000001
0.9980899999999999
0.9979520000000001
1.0008540000000001
1.002796
1.0036559999999999
1.003527
1.0023309999999999
1.0000040000000001
0.998627
0.9988229999999999
0.9988309999999999
0.998367
0.997402
0.9957450000000001
0.993424
0.9939040000000001
0.996876
0.998647
0.999342
0.999209
0.998267
0.998251
0.999416
0.999975
0.999677
0.998641
0.9969319999999999
0.994508
0.993534
0.9956719999999999
0.9986440000000001
1.000653
1.001637
1.001629
1.0006680000000001
1.000441
1.001157
1.001157
1.000368
0.998966
0.997031
0.994555
0.994058
0.9966379999999999
0.999482
1.001279
1.002129
1.00209
1.001099
1.000903
1.001893
1.002459
1.0023739999999999
1.001606
1.0001229999999999
0.997768
0.9975360000000001
1.000162
1.002579
1.0042440000000001
1.00532
1.005795
1.005443
1.005803
1.007052
1.007383
1.006566
1.004783
1.002271
0.9990319999999999
0.9982979999999999
1.0007629999999998
1.003011
1.004274
1.0046190000000002
1.004092
1.002565
1.0018040000000001
1.002265
1.002286
1.0016450000000001
1.000326
0.998185
0.995031
0.994691
0.997411
0.999238
1.000045
1.000089
0.999408
0.997883
0.997394
0.9983719999999999
0.9989540000000001
0.998785
0.997869
0.996134
0.993375
0.993366
0.996338
0.998442
0.9996729999999999
1.000167
0.9998090000000001
0.998445
0.997862
0.998444
0.998489
0.997916
0.996893
0.9953709999999999
0.993238
0.994246
0.998301
1.0012780000000001
1.003025
1.003732
1.003547
1.00243
1.002219
1.003336
1.004009
1.003935
1.003084
1.001484
0.9994430000000001
1.000508
1.004371
1.007335
1.009374
1.010543
1.0106950000000001
1.009588
1.009089
1.009724
1.009719
1.008833
1.007197
1.004837
1.0020280000000001
1.0023389999999999
1.005562
1.008025
1.009551
1.0101879999999999
1.009878
1.008432
1.007688
1.008075
1.007776
1.006597
1.004713
1.0021120000000001
0.999015
0.99895
1.001578
1.0031700000000001
1.0037129999999999
1.003457
1.002446
1.002362
1.0035120000000002
1.0042010000000001
1.004111
1.003188
1.001374
0.998648
0.9971770000000001
0.998714
1.001056
1.0023879999999998
1.0027840000000001
1.002304
1.000913
1.000397
1.0011370000000002
1.001468
1.0011860000000001
1.000406
0.999136
0.997174
0.99692
0.999516
1.0022659999999999
1.0039870000000002
1.004825
1.004843
1.004034
1.004184
1.00558
1.006476
1.006764
1.006556
1.005794
1.004312
1.005303
1.009254
1.01265
1.014864
1.015996
1.016081
1.015111
1.0148709999999999
1.015678
1.015798
1.0150299999999999
1.013431
1.0110540000000001
1.007893
1.007426
1.0101280000000001
1.0124
1.013743
1.0142
1.013673
1.01193
1.010683
1.01037
1.009417
1.007711
1.005318
1.00225
0.9983629999999999
0.9974040000000001
0.999548
1.0009350000000001
1.0015399999999999
1.001526
1.000873
0.999411
0.9969110000000001
0.993282
0.9885280000000001
0.9826879999999999
0.978875
0.977641
0.975809
0.972735
0.9685889999999999
0.9682639999999999
0.9721690000000001
0.97549
0.9778129999999999
0.9791059999999999
0.979174
0.977967
0.975513
0.971716
0.9694290000000001
0.968952
0.967252
0.964241
0.9604159999999999
0.9599340000000001
0.9637530000000001
0.967533
0.9697469999999999
0.970234
0.9691350000000001
0.9665360000000001
0.9623200000000001
0.95647
0.9520549999999999
0.9496950000000001
0.946593
0.9424790000000001
0.9376059999999999
0.936074
0.9386469999999999
0.9408190000000001
0.9413290000000001
0.9404049999999999
0.938442
0.9356700000000001
0.932118
0.9277340000000001
0.9253790000000001
0.925475
0.925149
0.9240079999999999
0.921967
0.923266
0.92801
0.931419
0.933167
0.9336700000000001
0.9332450000000001
0.932025
0.9298850000000001
0.9265389999999999
0.9246610000000001
0.924932
0.9248139999999999
0.9238930000000001
0.9220430000000001
0.9228219999999999
0.926803
0.92974
0.930599
0.929689
0.927328
0.923701
0.918725
0.912269
0.9073959999999999
0.904819
0.901816
0.8981469999999999
0.8944409999999999
0.8946930000000001
0.898124
0.900208
0.9008459999999999
0.90025
0.8984129999999999
0.895136
0.8900969999999999
0.8860899999999999
0.8838879999999999
0.880993
0.877259
0.872892
0.872251
0.8753340000000001
0.877448
0.878265
0.8779100000000001
0.8765229999999999
0.8741559999999999
0.870649
0.8657469999999999
0.862209
0.860725
0.858826
0.8563
0.8534719999999999
0.8540559999999999
0.857231
0.858469
0.8578690000000001
0.856109
0.853664
0.8506090000000001
0.846799
0.84221
0.839908
0.8403889999999999
0.8405950000000001
0.839902
0.839783
0.842885
0.8473719999999999
0.850224
0.8515959999999999
0.851932
0.8513959999999999
0.8498100000000001
0.84691
0.842615
0.8401489999999999
0.8403139999999999
0.840253
0.8394010000000001
0.839566
0.843259
0.8482940000000001
0.8517110000000001
0.853561
0.854231
0.853774
0.851901
0.8483649999999999
0.843118
0.8394739999999999
0.8383149999999999
0.8367129999999999
0.83404
0.8323959999999999
0.8342360000000001
0.8373389999999999
0.839198
0.8399129999999999
0.839609
0.8381379999999999
0.835318
0.8311040000000001
0.8283510000000001
0.8275370000000001
0.825917
0.823118
0.820018
0.8202209999999999
0.8229479999999999
0.8245309999999999
0.8249620000000001
0.8244549999999999
0.8230200000000001
0.820525
0.81682
0.811847
0.808496
0.8075600000000001
0.806453
0.804496
0.802539
0.8038
0.8071119999999999
0.808971
0.809445
0.808878
0.807475
0.805291
0.80228
0.7984
0.796504
0.796968
0.796701
0.795068
0.794251
0.796769
0.8004939999999999
0.802976
0.8043779999999999
0.804978
0.804876
0.803929
0.801855
0.801268
0.8025939999999999
0.803053
0.802201
0.801087
0.8030189999999999
0.806984
0.809604
0.810921
0.811086
0.810106
0.807966
0.8045899999999999
0.799977
0.797131
0.796702
0.795953
0.794421
0.79367
0.7963210000000001
0.800475
0.802999
0.803833
0.803203
0.801322
0.798334
0.794225
0.788992
0.785537
0.784365
0.782733
0.780335
0.779135
0.781691
0.786067
0.789489
0.791866
0.793292
0.7936810000000001
0.792722
0.790047
0.7880729999999999
0.787413
0.785756
0.782842
0.778979
0.778319
0.780994
0.7830229999999999
0.784295
0.7849649999999999
0.785165
0.784855
0.783764
0.781552
0.780557
0.781098
0.7806489999999999
0.778937
0.7770239999999999
0.7780600000000001
0.7809619999999999
0.782451
0.782833
0.782667
0.782215
0.781395
0.779982
0.777824
0.777506
0.779329
0.780487
0.780449
0.7807069999999999
0.784017
0.788802
0.792092
0.7938689999999999
0.794434
0.79392
0.792253
0.7893060000000001
0.7850659999999999
0.782361
0.781881
0.781099
0.779513
0.778579
0.78113
0.785469
0.788357
0.789744
0.78998
0.789143
0.787029
0.783428
0.780792
0.7796850000000001
0.777886
0.775203
0.7720899999999999
0.772374
0.775822
0.778575
0.780536
0.7818109999999999
0.782313
0.781806
0.7800739999999999
0.777003
0.774954
0.774407
0.773188
0.7711020000000001
0.7685960000000001
0.769616
0.773821
0.777034
0.779147
0.780407
0.780852
0.780327
0.778637
0.775722
0.774211
0.77476
0.77494
0.774183
0.773057
0.775108
0.7797189999999999
0.7832399999999999
0.785684
0.787289
0.788097
0.787936
0.786455
0.783373
0.781269
0.780717
0.779245
0.776572
0.774199
0.775518
0.779407
0.782557
0.784827
0.7862859999999999
0.7868930000000001
0.786419
0.784547
0.783611
0.784126
0.783806
0.782389
0.779942
0.780458
0.7840239999999999
0.786501
0.7878470000000001
0.788288
0.787871
0.7866
0.784401
0.7812020000000001
0.7794409999999999
0.779648
0.779537
0.778744
0.7771859999999999
0.778749
0.7834260000000001
0.7868189999999999
0.788623
0.789044
0.788276
0.7864220000000001
0.783397
0.779181
0.77635
0.775516
0.77449
0.773071
0.7715770000000001
0.773814
0.779421
0.784105
0.787566
0.789892
0.791057
0.7908430000000001
0.789025
0.785619
0.783188
0.782299
0.7807270000000001
0.7782180000000001
0.775279
0.775995
0.780185
0.7837189999999999
0.786393
0.7883819999999999
0.7896770000000001
0.790009
0.788988
0.786326
0.784479
0.7840560000000001
0.782838
0.7805449999999999
0.777965
0.7787069999999999
0.7821100000000001
0.784532
0.785981
0.786679
0.78665
0.785822
0.784045
0.78357
0.784827
0.785575
0.785502
0.7845340000000001
0.785749
0.7900020000000001
0.7938810000000001
0.796265
0.7972319999999999
0.796888
0.795315
0.792656
0.788975
0.786613
0.78622
0.785792
0.7850199999999999
0.7838189999999999
0.7851899999999999
0.78972
0.793845
0.796625
0.798255
0.798763
0.798039
0.795981
0.7926380000000001
0.790566
0.790385
0.789848
0.788604
0.78671
0.7877890000000001
0.792266
0.796251
0.799108
0.800972
0.801963
0.802085
0.801076
0.798657
0.797216
0.797334
0.7968149999999999
0.795397
0.7931199999999999
0.793616
0.797493
0.800933
0.8032060000000001
0.804422
0.804663
0.8038350000000001
0.801689
0.798147
0.79589
0.795564
0.7948350000000001
0.793327
0.790927
0.791633
0.7956850000000001
0.798836
0.800806
0.801762
0.801764
0.8007380000000001
0.798539
0.795061
0.792764
0.792267
0.791453
0.790021
0.7878069999999999
0.788808
0.793138
0.796501
0.798788
0.800229
0.80081
0.800395
0.798871
0.796205
0.794846
0.795254
0.795027
0.793683
0.7912020000000001
0.791722
0.79552
0.798366
0.80006
0.800888
0.800963
0.8003100000000001
0.79885
0.796489
0.7957350000000001
0.797037
0.797824
0.7975220000000001
0.796026
0.7974859999999999
0.801941
0.805038
0.806774
0.80743
0.807099
0.80579
0.803385
0.799856
0.797938
0.798273
0.7984
0.797855
0.796612
0.7987029999999999
0.804014
0.808021
0.810373
0.811217
0.810783
0.809133
0.8061149999999999
0.801671
0.798463
0.797197
0.795675
0.793602
0.7910149999999999
0.791941
0.796334
0.799842
0.802181
0.803415
0.8035180000000001
0.802344
0.79976
0.7981189999999999
0.79789
0.796841
0.7947609999999999
0.791787
0.790615
0.7927850000000001
0.795676
0.797782
0.799189
0.800009
0.800167
0.799465
0.797672
0.796934
0.797635
0.797612
0.796676
0.7948529999999999
0.795018
0.7982
0.801179
0.802774
0.80338
0.803342
0.802705
0.801385
0.799295
0.798771
0.800203
0.8011590000000001
0.801114
0.799995
0.801337
0.805769
0.8094819999999999
0.8116949999999999
0.812706
0.8127939999999999
0.812049
0.810308
0.8073130000000001
0.8054100000000001
0.805215
0.804557
0.803088
0.800755
0.801071
0.804612
0.807623
0.809469
0.810341
0.810283
0.809226
0.8069470000000001
0.803288
0.80081
0.80019
0.799201
0.7975270000000001
0.7951060000000001
0.795629
0.799415
0.802463
0.804342
0.80534
0.8057
0.805381
0.804079
0.801566
0.800279
0.8008149999999999
0.800987
0.8004600000000001
0.7990970000000001
0.8004819999999999
0.805135
0.809189
0.812045
0.8138489999999999
0.814606
0.814126
0.8122510000000001
0.809084
0.807245
0.8073170000000001
0.8070350000000001
0.8060039999999999
0.80415
0.805354
0.810084
0.814261
0.8173590000000001
0.819515
0.820681
0.8206399999999999
0.819152
0.816091
0.813966
0.8134020000000001
0.8122010000000001
0.8100390000000001
0.8068890000000001
0.8068569999999999
0.8104
0.813393
0.81553
0.816997
0.817739
0.8175720000000001
0.816244
0.813561
0.8119689999999999
0.811945
0.81104
0.808894
0.805667
0.805459
0.808605
0.810906
0.811988
0.81213
0.8115399999999999
0.810242
0.808074
0.804913
0.803298
0.8037350000000001
0.803723
0.802742
0.800651
0.801589
0.80567
0.808555
0.810094
0.810451
0.809761
0.808037
0.805208
0.801337
0.7991090000000001
0.7991060000000001
0.798944
0.798236
0.797269
0.799819
0.8054359999999999
0.809841
0.812817
0.814608
0.815268
0.814619
0.812462
0.808787
0.806381
0.806
0.8053060000000001
0.803922
0.80237
0.804455
0.809647
0.81383
0.816768
0.8185520000000001
0.8191229999999999
0.818381
0.816283
0.812778
0.8105
0.8100470000000001
0.808945
0.806856
0.804503
0.805742
0.810027
0.813371
0.815624
0.81691
0.817203
0.816376
0.814235
0.810635
0.808283
0.8078960000000001
0.807013
0.805179
0.8029430000000001
0.804055
0.80798
0.810802
0.812435
0.813041
0.812706
0.811388
0.808936
0.805255
0.802977
0.802593
0.801612
0.799769
0.797763
0.799135
0.803148
0.805934
0.807465
0.808046
0.807782
0.8065439999999999
0.80414
0.800525
0.7984289999999999
0.7983779999999999
0.797773
0.796154
0.794457
0.796084
0.800157
0.803085
0.804713
0.8052630000000001
0.8048310000000001
0.803376
0.800856
0.7997850000000001
0.8006770000000001
0.8011590000000001
0.800867
0.799717
0.801355
0.806072
0.809811
0.812076
0.813146
0.813194
0.812174
0.809992
0.806616
0.804646
0.804775
0.8047529999999999
0.8042020000000001
0.803025
0.8051729999999999
0.8106369999999999
0.814901
0.817585
0.81887
0.818833
0.8175
0.8149609999999999
0.811301
0.809153
0.809099
0.80872
0.807668
0.806085
0.808046
0.8133859999999999
0.8176800000000001
0.820773
0.822857
0.8239629999999999
0.823932
0.822458
0.8193030000000001
0.817055
0.816437
0.815116
0.812699
0.809238
0.80894
0.81213
0.814629
0.8162229999999999
0.817106
0.817339
0.816768
0.81508
0.812056
0.810245
0.810117
0.8092060000000001
0.807244
0.804475
0.804814
0.808067
0.810126
0.81106
0.811258
0.810884
0.80986
0.808006
0.805239
0.8041729999999999
0.805257
0.805876
0.805477
0.804225
0.806001
0.810617
0.8139689999999999
0.815909
0.8167
0.8164520000000001
0.815146
0.812779
0.809404
0.807743
0.808377
0.808763
0.80837
0.807539
0.8100109999999999
0.8152510000000001
0.8190890000000001
0.821407
0.8225379999999999
0.822575
0.8214
0.818891
0.814978
0.8124180000000001
0.811933
0.811034
0.809268
0.807346
0.809013
0.8136220000000001
0.817239
0.819665
0.820974
0.821199
0.820365
0.8183159999999999
0.814824
0.812492
0.811923
0.810707
0.8085829999999999
0.806213
0.807357
0.811449
0.814531
0.816477
0.817403
0.8173020000000001
0.81606
0.8134859999999999
0.809542
0.807034
0.806528
0.805441
0.803388
0.801087
0.802248
0.80628
0.8093229999999999
0.8112560000000001
0.812279
0.8124319999999999
0.811558
0.809424
0.805918
0.8037340000000001
0.803365
0.802275
0.8002319999999999
0.798403
0.800146
0.804393
0.8075180000000001
0.809422
0.810405
0.810557
0.809729
0.807719
0.804412
0.802543
0.802649
0.802045
0.80023
0.798597
0.8004479999999999
0.804474
0.807235
0.8085979999999999
0.8088350000000001
0.808156
0.806603
0.804035
0.800275
0.798075
0.798042
0.797513
0.795991
0.795022
0.797412
0.801423
0.803992
0.8052010000000001
0.8052699999999999
0.8042239999999999
0.80204
0.7986409999999999
0.796608
0.79656
0.7961550000000001
0.795137
0.793783
0.795994
0.801454
0.805801
0.8087300000000001
0.810297
0.810488
0.809305
0.8068
0.802922
0.800191
0.7992600000000001
0.79788
0.795849
0.7936840000000001
0.79532
0.800261
0.80416
0.806823
0.808462
0.809163
0.808783
0.80704
0.803852
0.8020229999999999
0.802132
0.801556
0.7998529999999999
0.797846
0.799266
0.803457
0.806605
0.8086220000000001
0.809779
0.810238
0.809883
0.810589
0.8124899999999999
0.813341
0.812842
0.811188
0.8098920000000001
0.811461
0.8144979999999999
0.8163819999999999
0.817076
0.8167439999999999
0.815571
0.815408
0.816588
0.817331
0.817314
0.816642
0.815467
0.815361
0.8182619999999999
0.8222649999999999
0.824842
0.825968
0.825908
0.82489
0.824666
0.825633
0.826391
0.8269059999999999
0.827341
0.8276950000000001
0.827996
0.8313969999999999
0.8375
0.842417
0.8458
0.847806
0.8487899999999999
0.849174
0.8505879999999999
0.8530760000000001
0.8548979999999999
0.855785
0.8559530000000001
0.855621
0.854733
0.8565299999999999
0.860927
0.864301
0.866654
0.868253
0.869231
0.869495
0.870348
0.8719110000000001
0.8726360000000001
0.8723049999999999
0.871033
0.869006
0.866885
0.867439
0.869991
0.87166
0.872685
0.873451
0.874022
0.874072
0.8748870000000001
0.876611
0.877569
0.8776290000000001
0.8770889999999999
0.876036
0.874898
0.876315
0.879642
0.882085
0.8838940000000001
0.885417
0.886611
0.888584
0.891358
0.893531
0.895026
0.8960229999999999
0.8965489999999999
0.896357
0.896071
0.898176
0.9018780000000001
0.904694
0.9067700000000001
0.908293
0.909191
0.9107
0.9131290000000001
0.915322
0.917216
0.9188930000000001
0.9201940000000001
0.9206790000000001
0.9204629999999999
0.922428
0.9262670000000001
0.929248
0.931651
0.933642
0.9350440000000001
0.935631
0.936883
0.9391280000000001
0.94094
0.942161
0.9427030000000001
0.9423309999999999
0.9408639999999999
0.941207
0.9446040000000001
0.948326
0.951282
0.953341
0.9543790000000001
0.954204
0.9542959999999999
0.9551069999999999
0.9553020000000001
0.954673
0.9532280000000001
0.951033
0.94809
0.9465680000000001
0.948235
0.9510040000000001
0.953058
0.954117
0.953974
0.952493
0.95134
0.951145
0.950559
0.949274
0.947261
0.94452
0.941034
0.939166
0.940833
0.943868
0.946414
0.9483010000000001
0.94944
0.951076
0.9534299999999999
0.955199
0.956232
0.9566399999999999
0.9564229999999999
0.9555049999999999
0.9538690000000001
0.954816
0.9588549999999999
0.962616
0.9655879999999999
0.967843
0.9693430000000001
0.971403
0.974397
0.977066
0.9790409999999999
0.980173
0.9803620000000001
0.9795940000000001
0.9779399999999999
0.9787100000000001
0.982511
0.9860540000000001
0.988705
0.9904639999999999
0.991389
0.991568
0.9926370000000001
0.99485
0.9965620000000001
0.9974870000000001
0.997626
0.996974
0.9954850000000001
0.9957600000000001
0.9993040000000001
1.003473
1.006638
1.008677
1.0095809999999998
1.009258
1.009332
1.010313
1.010759
1.01043
1.009415
1.007855
1.0057
1.0044629999999999
1.006102
1.008757
1.0101870000000002
1.0104819999999999
1.009763
1.007996
1.006786
1.00651
1.0056530000000001
1.004069
1.002024
0.9996510000000001
0.9968440000000001
0.9949870000000001
0.9963489999999999
0.999324
1.001377
1.002435
1.002518
1.001596
1.001355
1.002211
1.002687
1.002642
1.0021579999999999
1.001201
0.9996510000000001
0.9990049999999999
1.001447
1.005354
1.008436
1.010675
1.012053
1.012445
1.0133729999999999
1.0152079999999999
1.0165799999999998
1.0173370000000002
1.0174370000000001
1.016797
1.01531
1.014402
1.0163280000000001
1.019662
1.02216
1.023775
1.024481
1.024186
1.024558
1.02594
1.026716
1.026657
1.025858
1.024457
1.022389
1.02149
1.023578
1.026589
1.028502
1.02929
1.029117
1.028065
1.026098
1.025264
1.026101
1.0266979999999999
1.0266309999999998
1.025764
1.023988
1.021558
1.0222149999999999
1.025701
1.028129
1.029461
1.029833
1.029213
1.027627
1.027183
1.028298
1.028948
1.028764
1.027743
1.0258200000000002
1.022872
1.0225959999999998
1.02532
1.0272700000000001
1.0281559999999998
1.028036
1.0269469999999998
1.024859
1.023676
1.0238610000000001
1.023727
1.023079
1.021888
1.0200870000000002
1.017566
1.017978
1.0214020000000001
1.0238
1.024991
1.0253219999999998
1.024931
1.0237209999999999
1.023621
1.0250540000000001
1.026063
1.0262930000000001
1.0258450000000001
1.0247870000000001
1.022986
1.0242149999999999
1.028525
1.031855
1.034043
1.03516
1.035187
1.0340790000000002
1.033867
1.034977
1.0355020000000001
1.035228
1.034231
1.032424
1.029665
1.029947
1.033483
1.036142
1.037769
1.038554
1.038462
1.037281
1.036899
1.0376729999999998
1.037674
1.03673
1.034938
1.032263
1.028814
1.028365
1.0307879999999998
1.032246
1.032858
1.03285
1.032175
1.0306799999999998
1.030248
1.031143
1.031309
1.030411
1.028541
1.025817
1.0224209999999998
1.0220069999999999
1.024381
1.025717
1.026009
1.025461
1.024202
1.0221790000000002
1.021275
1.021874
1.022097
1.021647
1.020462
1.0184010000000001
1.015701
1.015883
1.0186979999999999
1.020553
1.0214290000000001
1.021518
1.020804
1.019076
1.018317
1.019096
1.019548
1.019376
1.0186110000000002
1.017191
1.0158989999999999
1.017687
1.021552
1.02426
1.0258200000000002
1.026461
1.026153
1.024683
1.024114
1.024901
1.025003
1.02419
1.022638
1.020367
1.018576
1.020047
1.023479
1.0259209999999999
1.027305
1.027644
1.0268680000000001
1.024936
1.023976
1.02437
1.02404
1.022749
1.020564
1.017496
1.01504
1.015963
1.018785
1.0206620000000002
1.0216100000000001
1.021692
1.020746
1.018543
1.017116
1.016988
1.0163149999999999
1.01488
1.012702
1.009779
1.007551
1.008534
1.011211
1.0130059999999999
1.0140049999999998
1.014253
1.013665
1.0120639999999999
1.011447
1.0121870000000002
1.012207
1.0113
1.009674
1.007354
1.006009
1.0079200000000001
1.011279
1.013649
1.015069
1.015736
1.0156040000000002
1.014375
1.014109
1.015309
1.0159
1.015533
1.01419
1.011789
1.0105600000000001
1.0125469999999999
1.015463
1.017279
1.018099
1.017992
1.016807
1.014428
1.0132649999999999
1.013893
1.014126
1.013665
1.0125170000000001
1.0104950000000001
1.009975
1.012461
1.015203
1.0165540000000002
1.0167680000000001
1.015993
1.014143
1.013199
1.0135370000000001
1.013211
1.0120879999999999
1.010415
1.008234
1.00585
1.0067540000000001
1.010448
1.0130649999999999
1.0144389999999999
1.014633
1.0135399999999999
1.0110729999999999
1.009299
1.0087139999999999
1.007525
1.0056370000000001
1.003208
1.0001950000000002
0.997195
0.9975379999999999
1.000517
1.002629
1.0038850000000001
1.004423
1.004178
1.002976
1.0027270000000001
1.003832
1.004445
1.004315
1.00334
1.00139
0.999785
1.001127
1.00407
1.006101
1.007384
1.007971
1.007735
1.006486
1.006205
1.0072649999999999
1.007619
1.0069489999999999
1.0053459999999999
1.0029219999999999
1.001378
1.002909
1.005691
1.0073
1.007688
1.006958
1.005232
1.0024600000000001
1.0008629999999998
1.001045
1.0009649999999999
1.000256
0.9988379999999999
0.9965579999999999
0.9957379999999999
0.9979549999999999
1.0007489999999999
1.002497
1.0032780000000001
1.003192
1.002139
0.999871
0.998612
0.9990110000000001
0.999001
0.9982489999999999
0.996822
0.9946719999999999
0.9939790000000001
0.996449
0.9996229999999999
1.001647
1.0027030000000001
1.002883
1.001995
0.999826
0.998619
0.998942
0.998785
0.9979790000000001
0.996553
0.99429
0.993311
0.9954649999999999
0.998397
1.000145
1.00078
1.0003799999999998
0.998941
0.998553
0.9996299999999999
1.0002010000000001
1.000005
0.999052
0.9972129999999999
0.994886
0.995683
0.999251
1.001949
1.003741
1.004736
1.004796
1.00371
1.0033379999999998
1.003999
1.003868
1.0029350000000001
1.001399
0.999237
0.9969979999999999
0.9978670000000001
1.001066
1.003162
1.004282
1.004594
1.004071
1.00268
1.002464
1.003773
1.004537
1.00435
1.0030649999999999
1.000591
0.998207
0.9986870000000001
1.000774
1.001733
1.0017260000000001
1.000917
0.999352
0.9969899999999999
0.995798
0.9961260000000001
0.9959969999999999
0.99508
0.993317
0.9906200000000001
0.988376
0.989099
0.991389
0.992669
0.992851
0.991972
0.990032
0.9869180000000001
0.9847809999999999
0.984309
0.9836540000000001
0.982517
0.9808889999999999
0.9787020000000001
0.97793
0.980324
0.983591
0.985676
0.98667
0.986809
0.986082
0.986311
0.987814
0.988677
0.988576
0.987612
0.986002
0.983972
0.985142
0.9893799999999999
0.9928620000000001
0.995452
0.997193
0.998
0.997668
0.9980020000000001
0.999459
1.000269
1.00021
0.999417
0.9978870000000001
0.9956860000000001
0.996376
0.9997969999999999
1.0021930000000001
1.003552
1.004154
1.0041
1.003236
1.001319
1.000527
1.001255
1.001275
1.000318
0.9983709999999999
0.995245
0.993898
0.995674
0.9975729999999999
0.998476
0.998668
0.998172
0.996711
0.996094
0.99664
0.996367
0.994986
0.992557
0.9891639999999999
0.985476
0.985015
0.987225
0.988458
0.988641
0.9878450000000001
0.986002
0.983087
0.9810409999999999
0.9802629999999999
0.9789959999999999
0.9771290000000001
0.974749
0.9717290000000001
0.968865
0.9690120000000001
0.971202
0.97252
0.9730639999999999
0.9729629999999999
0.9722709999999999
0.9728370000000001
0.974841
0.9763940000000001
0.977382
0.9779059999999999
0.977881
0.977181
0.979215
0.9841479999999999
0.98819
0.990978
0.992661
0.993311
0.9930040000000001
0.991647
0.9911760000000001
0.9921120000000001
0.99264
0.9924790000000001
0.9916659999999999
0.9901469999999999
0.989611
0.9921639999999999
0.995885
0.9984790000000001
0.999951
1.000337
0.9994649999999999
0.997028
0.995274
0.994916
0.9938899999999999
0.9918440000000001
0.988858
0.984965
0.982875
0.98414
0.9861610000000001
0.987527
0.988265
0.9882709999999999
0.9872129999999999
0.98667
0.986844
0.985878
0.9836950000000001
0.98067
0.9769760000000001
0.972507
0.971001
0.972693
0.973663
0.9737100000000001
0.9730530000000001
0.97175
0.969665
0.968549
0.9688450000000001
0.968901
0.968467
0.967484
0.9657319999999999
0.963349
0.963828
0.966879
0.9689059999999999
0.970007
0.9704209999999999
0.9701290000000001
0.970864
0.9730559999999999
0.975075
0.976642
0.977757
0.978361
0.978247
0.9798520000000001
0.9841530000000001
0.988316
0.991217
0.993102
0.994041
0.9938950000000001
0.9925069999999999
0.991758
0.992101
0.991848
0.9909290000000001
0.9894280000000001
0.987201
0.9857020000000001
0.9873799999999999
0.990575
0.992682
0.993692
0.99372
0.992764
0.990626
0.989352
0.9894
0.9887239999999999
0.987
0.9842860000000001
0.9807170000000001
0.9785229999999999
0.979614
0.981824
0.98324
0.983878
0.9836309999999999
0.982241
0.9813139999999999
0.9812040000000001
0.9803959999999999
0.97885
0.976707
0.974033
0.970728
0.9696
0.9714780000000001
0.973368
0.974359
0.974469
0.973748
0.972191
0.971504
0.9720559999999999
0.972248
0.9718690000000001
0.970959
0.9695389999999999
0.9674200000000001
0.968023
0.971683
0.97472
0.976814
0.978153
0.978859
0.978873
0.979957
0.982448
0.984491
0.9857090000000001
0.9860450000000001
0.9854200000000001
0.984034
0.98559
0.989949
0.9933299999999999
0.9956309999999999
0.996984
0.9973280000000001
0.9965
0.9964200000000001
0.997585
0.998175
0.9978790000000001
0.996732
0.9946940000000001
0.991975
0.9920129999999999
0.994433
0.9956209999999999
0.995711
0.9949309999999999
0.993253
0.990577
0.9888399999999999
0.9884219999999999
0.9874639999999999
0.985842
0.98369
0.980965
0.978469
0.9791989999999999
0.982202
0.984216
0.985124
0.984957
0.9837
0.983131
0.9835940000000001
0.9834719999999999
0.982685
0.981384
0.979565
0.9771780000000001
0.9762559999999999
0.978426
0.981475
0.9836090000000001
0.984867
0.9852709999999999
0.9847389999999999
0.984819
0.985849
0.9864120000000001
0.986348
0.9856020000000001
0.984081
0.981657
0.9805959999999999
0.982408
0.984884
0.986708
0.9879700000000001
0.988698
0.988801
0.989916
0.9922190000000001
0.99385
0.994477
0.9941549999999999
0.9930129999999999
0.9909969999999999
0.9913540000000001
0.994707
0.997654
0.9995639999999999
1.000543
1.000702
0.999993
1.000135
1.001519
1.002472
1.002717
1.002214
1.0008629999999998
0.9984219999999999
0.998
1.0004520000000001
1.002546
1.003543
1.003591
1.002705
1.0007139999999999
0.9994209999999999
0.999365
0.9988969999999999
0.9977659999999999
0.9960319999999999
0.9936879999999999
0.990562
0.9900680000000001
0.9926309999999999
0.9946709999999999
0.995857
0.996296
0.995834
0.9942559999999999
0.993344
0.9935379999999999
0.9932110000000001
0.9923
0.9909479999999999
0.989049
0.9863790000000001
0.9863
0.989361
0.9919819999999999
0.993568
0.994183
0.993871
0.992676
0.9924040000000001
0.9934350000000001
0.9940829999999999
0.994042
0.993182
0.9913870000000001
0.98864
0.9886520000000001
0.991928
0.9948459999999999
0.9970209999999999
0.998442
0.9989290000000001
0.9982549999999999
0.998187
0.999159
0.9995290000000001
0.9991180000000001
0.997975
0.996149
0.9937790000000001
0.9945209999999999
0.9982469999999999
1.001131
1.003056
1.004038
1.004017
1.002917
1.002622
1.0035319999999999
1.003789
1.00314
1.001725
0.999547
0.99675
0.996883
0.999734
1.001578
1.002394
1.002451
1.001819
1.000314
0.999693
1.0003309999999999
1.000367
0.9994350000000001
0.9975069999999999
0.9945649999999999
0.9909
0.9903430000000001
0.9927590000000001
0.994315
0.9949469999999999
0.994767
0.993676
0.993293
0.9940379999999999
0.9944200000000001
0.9942700000000001
0.9936590000000001
0.992583
0.990864
0.990193
0.992244
0.994934
0.996366
0.996749
0.996287
0.995022
0.9946709999999999
0.99554
0.9959620000000001
0.995741
0.995028
0.993848
0.992016
0.991819
0.994667
0.998036
1.000402
1.0017690000000001
1.002191
1.001675
1.001938
1.0032020000000001
1.0037129999999999
1.0033370000000001
1.0022280000000001
1.0004899999999999
0.9981639999999999
0.9983420000000001
1.001685
1.004859
1.007031
1.008264
1.008473
1.007452
1.006894
1.007243
1.006982
1.005984
1.004299
1.001929
0.998704
0.997675
0.999549
1.001169
1.0019959999999999
1.002204
1.001822
1.000677
1.000392
1.00121
1.001317
1.000437
0.998663
0.996131
0.9927969999999999
0.9922110000000001
0.994826
0.996974
0.9982340000000001
0.998698
0.9983850000000001
0.997165
0.9967729999999999
0.9976520000000001
0.99816
0.998082
0.9974129999999999
0.9960110000000001
0.993668
0.993958
0.997301
0.999935
1.001447
1.0020120000000001
1.0016610000000001
1.000325
0.9999389999999999
1.001024
1.001783
1.001844
1.001158
0.9996149999999999
0.9970049999999999
0.997099
1.000146
1.00232
1.003629
1.004224
1.0039850000000001
1.002749
1.002332
1.0030709999999998
1.00315
1.002442
1.0011299999999999
0.9992260000000001
0.9968469999999999
0.9976780000000001
1.001491
1.004273
1.005826
1.0061879999999999
1.005377
1.003476
1.002489
1.002898
1.002968
1.00241
1.001126
0.9990180000000001
0.996273
0.996569
0.999691
1.001836
1.002985
1.003262
1.0026059999999999
1.002622
1.003591
1.00395
1.0035020000000001
1.002203
1.00004
0.9970549999999999
0.9951530000000001
0.9962709999999999
0.998607
1.000229
1.00104
1.000985
1.0000040000000001
0.9997290000000001
1.000401
1.000381
0.9995139999999999
0.9979790000000001
0.9959549999999999
0.993348
0.99224
0.994137
0.996674
0.998165
0.998691
0.998516
0.997768
0.998199
1.000134
1.0018129999999998
1.00282
1.002993
1.002194
1.00023
0.999907
1.0024389999999999
1.005047
1.006757
1.007728
1.007954
1.007193
1.007098
1.0080719999999999
1.0084440000000001
1.007996
1.00686
1.005125
1.002658
1.002448
1.0051889999999999
1.007606
1.008932
1.009259
1.008501
1.006507
1.0051700000000001
1.004992
1.004335
1.003141
1.001551
0.999441
0.996542
0.996394
0.999309
1.00149
1.002626
1.002859
1.0022440000000001
1.0007780000000002
1.0002280000000001
1.000891
1.001011
1.000333
0.9988360000000001
0.996492
0.993326
0.9929549999999999
0.9959610000000001
0.9987950000000001
1.0009430000000001
1.002359
1.002838
1.00213
1.0019360000000002
1.00273
1.00301
1.002635
1.001627
0.9999459999999999
0.9974069999999999
0.9974860000000001
1.0005620000000002
1.002992
1.0044870000000001
1.0051700000000001
1.0050629999999998
1.004105
1.0041309999999999
1.005486
1.006257
1.006109
1.005111
1.0032219999999998
1.0003950000000001
1.000434
1.003434
1.005542
1.006717
1.007166
1.006887
1.005647
1.005184
1.005891
1.005968
1.0051370000000002
1.0034299999999998
1.000837
0.9975629999999999
0.9974569999999999
1.000391
1.002386
1.0033159999999999
1.003264
1.002141
0.999873
0.998533
0.9987389999999999
0.998725
0.9982030000000001
0.997135
0.9953360000000001
0.9928739999999999
0.9932129999999999
0.996035
0.9976879999999999
0.9983110000000001
0.99815
0.997215
0.9972190000000001
0.998411
0.9990100000000001
0.998768
0.997806
0.996192
0.993877
0.993022
0.9952709999999999
0.998334
1.000398
1.0013889999999999
1.0013299999999998
1.00027
0.9999100000000001
1.000491
1.00039
0.999556
0.9981760000000001
0.9963270000000001
0.9939899999999999
0.993698
0.9965069999999999
0.999559
1.001555
1.002581
1.002678
1.001774
1.0016100000000001
1.002581
1.003081
1.002894
1.001999
1.000386
0.997919
0.997649
1.0002870000000001
1.002728
1.004453
1.0056100000000001
1.006168
1.005889
1.0063090000000001
1.007607
1.007976
1.0071809999999999
1.005401
1.002867
0.9995719999999999
0.998775
1.001139
1.003211
1.004269
1.004404
1.003686
1.002014
1.001167
1.0016120000000002
1.001685
1.001144
0.999948
0.9979309999999999
0.9948819999999999
0.994642
0.997418
0.9992260000000001
0.9999709999999999
0.999915
0.9991040000000001
0.997434
0.9967940000000001
0.997632
0.998102
0.997865
0.9969370000000001
0.9952489999999999
0.9925930000000001
0.9927450000000001
0.9958950000000001
0.9981540000000001
0.999516
1.000105
0.9998
0.9984540000000001
0.9978670000000001
0.998434
0.998458
0.9978610000000001
0.996814
0.995268
0.9931260000000001
0.994123
0.998149
1.001105
1.002844
1.0034530000000002
1.0029649999999999
1.001447
1.000883
1.001716
1.002147
1.001849
1.000723
0.99869
0.996125
0.9966459999999999
0.999957
1.002429
1.004041
1.004852
1.0047190000000001
1.0034020000000001
1.002768
1.003344
1.003334
1.002414
1.00061
0.9979870000000001
0.995023
0.995189
0.998129
1.000277
1.0014450000000001
1.001624
1.000769
1.0005899999999999
1.001376
1.0014610000000002
1.000657
0.9990879999999999
0.9968959999999999
0.9940389999999999
0.9924780000000001
0.99385
0.99597
0.9970180000000001
0.9970559999999999
0.9963290000000001
0.994967
0.994662
0.9957010000000001
0.996403
0.996442
0.9957379999999999
0.9942059999999999
0.9916790000000001
0.990642
0.9926020000000001
0.995074
0.996699
0.9975879999999999
0.997783
0.997128
0.997325
0.9987799999999999
0.999813
1.0001639999999998
0.9999
0.9990450000000001
0.997425
0.9980530000000001
1.001499
1.004436
1.006273
1.007164
1.0070540000000001
1.005796
1.0052159999999999
1.005742
1.0056889999999998
1.004958
1.003685
1.001782
0.999015
0.998763
1.0015180000000001
1.00366
1.0046700000000002
1.00466
1.003674
1.001692
1.000531
1.00054
0.999985
0.99866
0.996585
0.993761
0.990291
0.9901110000000001
0.9932719999999999
0.995799
0.9975860000000001
0.998635
0.998756
0.997705
0.997218
0.9977600000000001
0.9977809999999999
0.9971559999999999
0.995933
0.99408
0.991395
0.9915219999999999
0.994683
0.997078
0.9985930000000001
0.999358
0.9993860000000001
0.9985860000000001
0.9987219999999999
1.00013
1.0009549999999998
1.000883
0.999984
0.9982049999999999
0.995381
0.9953649999999999
1.0340989999999999
1.110933
1.187616
1.2594290000000001
1.327293
1.390937
1.449908
1.5040069999999999
1.5530540000000002
1.597259
1.636971
1.6721979999999999
1.702955
1.7291509999999999
1.756114
1.785107
1.788857
1.756313
1.712275
1.6732049999999998
1.646796
1.63085
1.618723
1.6099350000000001
1.604301
1.601453
1.600955
1.602562
1.606178
1.611652
1.62279
1.6400810000000001
1.6732599999999997
1.733222
1.80605
1.8743470000000002
1.9317549999999999
1.9781389999999999
2.014514
2.044773
2.070131
2.088549
2.1007290000000003
2.107617
2.1097919999999997
2.1075939999999997
2.10138
2.0916580000000002
2.0705310000000003
2.0283900000000004
1.9753169999999998
1.927441
1.89095
1.866966
1.854155
1.850771
1.8551389999999999
1.8666310000000002
1.888468
1.9179130000000002
1.948452
1.9791290000000001
2.00947
2.0388479999999998
2.0718080000000003
2.120526
2.183185
2.243005
2.289192
2.318865
2.333556
2.335842
2.328057
2.31224
2.294002
2.2760580000000004
2.2554950000000002
2.23175
2.205814
2.178845
2.148739
2.110232
2.063659
2.0177240000000003
1.9859189999999998
1.972953
1.973825
1.984837
2.002844
2.025101
2.0492779999999997
2.073645
2.102004
2.132934
2.159739
2.181331
2.199146
2.217371
2.237418
2.253936
2.259057
2.248557
2.223128
2.190577
2.155234
2.115703
2.073917
2.032016
1.991746
1.954579
1.9222869999999999
1.9001860000000002
1.8862580000000002
1.8718569999999999
1.854573
1.8373220000000001
1.826198
1.8292220000000001
1.846797
1.8719580000000002
1.900432
1.9290610000000001
1.955313
1.97724
1.9932860000000001
2.002129
2.003488
1.999909
1.9914310000000002
1.9775900000000002
1.961055
1.9413330000000002
1.914549
1.8772669999999998
1.829446
1.7781200000000001
1.7275740000000002
1.6769319999999999
1.628384
1.584163
1.545839
1.51665
1.5004549999999999
1.4947110000000001
1.494592
1.497359
1.4999850000000001
1.501698
1.509377
1.52654
1.549212
1.574843
1.6005049999999998
1.623207
1.64032
1.6524560000000001
1.659345
1.657172
1.6443310000000002
1.621494
1.590196
1.553216
1.513983
1.474377
1.4335040000000001
1.389158
1.3443370000000001
1.300664
1.256434
1.213841
1.175482
1.1483379999999999
1.134255
1.12828
1.129192
1.136124
1.14734
1.160037
1.176364
1.194316
1.207702
1.217375
1.2284329999999999
1.243271
1.256843
1.264435
1.264067
1.254507
1.235217
1.206214
1.16815
1.122496
1.071511
1.018201
0.970261
0.9311520000000001
0.897191
0.867133
0.843614
0.824442
0.805214
0.787704
0.7742600000000001
0.766641
0.76561
0.770876
0.781155
0.7995939999999999
0.823903
0.8452149999999999
0.8643149999999999
0.879943
0.8866629999999999
0.884983
0.877712
0.8669040000000001
0.852772
0.834051
0.809038
0.776497
0.736189
0.688934
0.641318
0.596357
0.556255
0.525525
0.501741
0.483658
0.471546
0.46397299999999997
0.458629
0.45380200000000004
0.44923599999999997
0.44588
0.45059499999999997
0.465873
0.490598
0.520969
0.5493859999999999
0.573704
0.591959
0.6023930000000001
0.603739
0.595152
0.576699
0.5498529999999999
0.5170710000000001
0.480656
0.44172
0.405604
0.375312
0.349094
0.323311
0.294747
0.265289
0.236841
0.211128
0.18970399999999998
0.173735
0.16384400000000002
0.167224
0.18928499999999998
0.219239
0.24653000000000003
0.269663
0.288918
0.305222
0.319429
0.331652
0.34099
0.345945
0.345055
0.337118
0.321276
0.303041
0.288457
0.273489
0.252847
0.22721999999999998
0.199707
0.172343
0.145877
0.12014000000000001
0.094696
0.069453
0.044939
0.032657
0.038091
0.050224
0.063561
0.078445
0.09564
0.115327
0.136328
0.156223
0.17241199999999998
0.183051
0.187468
0.186079
0.187007
0.198575
0.212669
0.219989
0.22050799999999998
0.21492600000000003
0.203376
0.185833
0.162385
0.133461
0.10041900000000001
0.065704
0.032089
0.013696000000000002
0.015177000000000001
0.022458000000000002
0.029479
0.036491
0.044159
0.052723
0.061891999999999996
0.071272
0.080699
0.090164
0.09966799999999999
0.10900399999999999
0.126568
0.156603
0.186344
0.20663800000000002
0.21754899999999996
0.220739
0.21771100000000002
0.20946700000000001
0.196497
0.179121
0.157851
0.13333
0.106063
0.076369
0.054664
0.046531
0.0417
0.035873
0.031938999999999995
0.032086
0.036455
0.043877
0.052913
0.06245
0.07185
0.080721
0.098138
0.128948
0.161974
0.19
0.21302800000000002
0.23200500000000002
0.24718299999999999
0.257343
0.260509
0.25537
0.242103
0.222164
0.19750299999999998
0.169812
0.140129
0.117708
0.109773
0.107825
0.105171
0.102338
0.09967999999999999
0.09683
0.09361900000000001
0.091012
0.090792
0.094306
0.101516
0.120146
0.154111
0.191486
0.22380300000000003
0.250601
0.272494
0.289566
0.301261
0.307191
0.30758
0.303136
0.29456
0.28187399999999996
0.26432
0.24109499999999998
0.218563
0.20679099999999997
0.201255
0.19451
0.187825
0.182052
0.177072
0.172808
0.169774
0.168535
0.16904
0.170559
0.17216700000000001
0.180972
0.204604
0.23517399999999997
0.264231
0.291312
0.31569899999999995
0.33571999999999996
0.349955
0.358034
0.36038200000000004
0.357496
0.349484
0.336293
0.318195
0.29596100000000003
0.276835
0.269029
0.26767199999999997
0.264843
0.259193
0.251345
0.24239000000000002
0.233998
0.22778099999999998
0.224451
0.22363200000000003
0.22441399999999997
0.22602600000000003
0.23443699999999998
0.25711300000000004
0.28634899999999996
0.312211
0.33408899999999997
0.352672
0.368287
0.38105700000000003
0.391016
0.397688
0.399909
0.396379
0.38646199999999997
0.370462
0.34926199999999996
0.330034
0.319972
0.31587
0.312044
0.30709200000000003
0.30175100000000005
0.296184
0.290414
0.284585
0.278837
0.273379
0.26868000000000003
0.265317
0.269865
0.289064
0.315996
0.341547
0.364205
0.384156
0.400861
0.413501
0.421738
0.425712
0.425608
0.421496
0.413426
0.401359
0.38500999999999996
0.36396100000000003
0.344559
0.334032
0.329916
0.32651399999999997
0.321456
0.315238
0.308628
0.302526
0.297557
0.293744
0.290619
0.287541
0.28394899999999995
0.28588800000000003
0.30031599999999997
0.321979
0.343227
0.36239499999999997
0.379277
0.393225
0.40367
0.410312
0.412729
0.41026999999999997
0.402483
0.389509
0.372015
0.350866
0.333093
0.325662
0.325081
0.324838
0.322317
0.317684
0.311364
0.304037
0.296417
0.288959
0.281929
0.275563
0.269972
0.271355
0.286502
0.308684
0.328942
0.345966
0.360228
0.371749
0.380357
0.385959
0.388287
0.386764
0.380836
0.370314
0.35533400000000004
0.34239
0.33775700000000003
0.337926
0.337316
0.33452800000000005
0.33068400000000003
0.32598
0.32016
0.313198
0.305265
0.29647199999999996
0.286963
0.277096
0.26731900000000003
0.264347
0.275809
0.29533000000000004
0.31433099999999997
0.331916
0.347839
0.36093800000000004
0.370168
0.375298
0.376589
0.374235
0.368244
0.358632
0.345478
0.33515300000000003
0.33379699999999995
0.337158
0.338984
0.337611
0.33363899999999996
0.327086
0.318271
0.308228
0.298041
0.288147
0.278379
0.268448
0.258226
0.254143
0.26403699999999997
0.281501
0.297955
0.31297800000000003
0.32662399999999997
0.33808699999999997
0.3468
0.35283600000000004
0.356213
0.35638400000000003
0.35257
0.344387
0.332027
0.322314
0.322056
0.32682100000000003
0.329966
0.32993
0.327137
0.321427
0.312983
0.30268
0.29136
0.279289
0.26650100000000004
0.253331
0.240385
0.23450900000000002
0.243891
0.261337
0.27736500000000003
0.291653
0.304204
0.3143
0.321573
0.326336
0.328839
0.32877199999999995
0.32562800000000003
0.31921900000000003
0.30961900000000003
0.303132
0.30617
0.313251
0.31717199999999995
0.31705500000000003
0.313775
0.30751799999999996
0.29866
0.288114
0.27664
0.264366
0.251162
0.23718000000000003
0.22280300000000003
0.214781
0.221396
0.23549299999999998
0.24818099999999998
0.260031
0.271327
0.281184
0.28883000000000003
0.294164
0.297157
0.297385
0.29437199999999997
0.288056
0.278667
0.272675
0.27725700000000003
0.286468
0.292493
0.294809
0.293779
0.289006
0.280585
0.26953499999999997
0.256972
0.243412
0.22899899999999998
0.213981
0.205373
0.21138200000000001
0.22437100000000001
0.234954
0.243587
0.251475
0.258667
0.26448
0.268683
0.27163000000000004
0.273408
0.2734
0.270758
0.265007
0.262475
0.270696
0.283355
0.292261
0.297404
0.29972600000000005
0.299085
0.295018
0.287725
0.27805100000000005
0.2666
0.253328
0.238078
0.221163
0.20989499999999997
0.21305700000000002
0.22354899999999997
0.23246599999999998
0.24041300000000002
0.247838
0.254067
0.258499
0.261303
0.263018
0.26372399999999996
0.26282
0.25961
0.253855
0.25201799999999996
0.261739
0.27631500000000003
0.287084
0.293846
0.297074
0.29646100000000003
0.292075
0.28480500000000003
0.27562
0.264812
0.252078
0.23718000000000003
0.220379
0.20218599999999998
0.182881
0.16265
0.142217
0.122624
0.10422999999999999
0.086646
0.06966
0.053548
0.038418
0.02374
0.008676999999999999
-0.004453
-0.012208
-0.014702000000000002
-0.013831
-0.011561
-0.009241
-0.007539
-0.006925
-0.007706
-0.009488
-0.011266
-0.012332
-0.012705
-0.012615000000000001
-0.01197
-0.010534
-0.008357
-0.005789
-0.003193
-0.000708
0.0017010000000000003
0.003988
0.005984000000000001
0.0077
0.01006
0.013009
0.015087
0.015736
0.015258
0.014166
0.012702
0.010811
0.008558
0.0061909999999999995
0.003909
0.001779
-0.000279
-0.002306
-0.003169
-0.003394
-0.00507
-0.007684999999999999
-0.009969
-0.011475
-0.012152
-0.012246
-0.011923
-0.011125
-0.009778
-0.007979
-0.005945000000000001
-0.0038369999999999997
-0.001697
0.000458
0.002552
0.004531
0.0064010000000000004
0.008131000000000001
0.009566
0.010515
0.010957999999999999
0.011061
0.010952
0.01056
0.009742
0.008468999999999999
0.006862
0.005065
0.003151
0.001152
-0.000868
-0.0028420000000000003
-0.004746
-0.006551
-0.008136
-0.009327
-0.010048999999999999
-0.010397
-0.010491
-0.010323
-0.009628
-0.008553
-0.007333
-0.005884
-0.00426
-0.0024850000000000002
-0.000609
0.001296
0.003176
0.004986
0.006634999999999999
0.007982
0.008937
0.009537
0.009873
0.009958
0.009714
0.009075
0.008058
0.006751000000000001
0.00524
0.00358
0.001819
1.4000000000000001e-05
-0.00179
-0.0035600000000000002
-0.005229
-0.006679000000000001
-0.007808
-0.008603
-0.009124
-0.009399
-0.009382
-0.009009
-0.008274
-0.007236
-0.0059700000000000005
-0.004525
-0.002941
-0.001266
0.000454
0.002175
0.0038369999999999997
0.005340999999999999
0.00659
0.00755
0.008251
0.008723
0.008935
0.008827
0.008367
0.0075829999999999995
0.006534000000000001
0.005278
0.0038590000000000005
0.002328
0.002118
0.0027429999999999998
0.0017289999999999999
-0.0008380000000000001
-0.0036409999999999997
-0.005922
-0.007566
-0.0086
-0.009092
-0.0091
-0.00869
-0.007951
-0.006973999999999999
-0.00583
-0.004555
-0.003175
-0.0016809999999999998
-5.5e-05
0.0016170000000000002
0.003153
0.004419
0.005404
0.006179
0.006815000000000001
0.007326000000000001
0.007659999999999999
0.00775
0.007548999999999999
0.007054
0.006291
0.005292
0.004103
0.002751
0.001245
-0.00035099999999999997
-0.001898
-0.003258
-0.004382
-0.0053
-0.006059
-0.0066760000000000005
-0.007122
-0.007344
-0.0073030000000000005
-0.006993999999999999
-0.006436
-0.005653
-0.004671
-0.003508
-0.002173
-0.000708
0.000772
0.002136
0.0033130000000000004
0.004306
0.005154
0.005879
0.006462000000000001
0.00685
0.006997
0.006884
0.006517
0.005914
0.0051
0.004098
0.002924
0.001609
0.000236
-0.0010890000000000001
-0.001953
-0.00271
-0.0037799999999999995
-0.004797
-0.005653
-0.006281
-0.006633
-0.006695
-0.006488
-0.006044
-0.005396
-0.004566
-0.0035600000000000002
-0.002397
-0.001132
0.00014
0.001342
0.00244
0.0034189999999999997
0.004277
0.005009
0.0055969999999999995
0.006005
0.006205
0.006187
0.005952000000000001
0.005507
0.004863
0.004031
0.00303
0.001906
0.000734
-0.00041799999999999997
-0.0015119999999999999
-0.002529
-0.003453
-0.004268999999999999
-0.004949
-0.005457
-0.00577
-0.005876
-0.005779
-0.005488
-0.005013
-0.004358
-0.0035310000000000003
-0.0025570000000000002
-0.001491
-0.000401
0.000666
0.001679
0.002618
0.003468
0.004207
0.00481
0.005247
0.005503
0.005568
0.005439
0.0051140000000000005
0.004599
0.0039030000000000002
0.003054
0.0021030000000000003
0.001105
0.00010400000000000001
-0.0008759999999999999
-0.001819
-0.002705
-0.0035060000000000004
-0.004186
-0.004711
-0.005062
-0.005229999999999999
-0.0052179999999999995
-0.005029
-0.004668
-0.004139
-0.003454
-0.00264
-0.001741
-0.0008
0.000147
0.001073
0.001953
0.0027660000000000002
0.0034840000000000006
0.004082
0.004539
0.004837
0.004967
0.004924
0.004705
0.004308
0.003746
0.0030440000000000003
0.0022440000000000003
0.001387
0.000792
0.000181
-0.000789
-0.001796
-0.002712
-0.0034850000000000003
-0.004079999999999999
-0.004487
-0.004705
-0.004743
-0.004614
-0.00433
-0.0039
-0.0033380000000000003
-0.002664
-0.001906
-0.001086
-0.00022799999999999999
0.000628
0.001437
0.002176
0.0028309999999999997
0.003392
0.003846
0.004177
0.004370000000000001
0.004412
0.004292
0.004007999999999999
0.003568
0.002996
0.002326
0.001588
0.000802
-3e-06
-0.000795
-0.001549
-0.0022429999999999998
-0.002858
-0.0033710000000000003
-0.0037649999999999997
-0.004025
-0.004146
-0.004122
-0.003952000000000001
-0.00364
-0.0032
-0.002652
-0.002016
-0.001308
-0.000556
0.000207
0.000947
0.001641
0.002271
0.002821
0.0032770000000000004
0.003624
0.0038520000000000004
0.003947
0.003897
0.003696
0.0033539999999999998
0.002889
0.00233
0.0017010000000000003
0.001023
0.000322
-0.000383
-0.001073
-0.001725
-0.002318
-0.002827
-0.003229
-0.003514
-0.0036729999999999996
-0.0037
-0.0035960000000000002
-0.003367
-0.003025
-0.002583
-0.002053
-0.00145
-0.000797
-0.000122
0.0005480000000000001
0.001189
0.0017809999999999998
0.002309
0.002757
0.0031149999999999997
0.003367
0.0035009999999999998
0.0035060000000000004
0.003379
0.003127
0.002763
0.002305
0.001772
0.001186
0.000567
-6.3e-05
-0.000687
-0.001287
-0.001842
-0.002332
-0.002736
-0.003039
-0.00323
-0.003304
-0.003257
-0.003097
-0.002833
-0.002477
-0.0020399999999999997
-0.001534
-0.000975
-0.000384
0.000218
0.000807
0.001363
0.001864
0.002298
0.002652
0.0029170000000000003
0.003081
0.003136
0.003076
0.0029
0.0026149999999999997
0.0022370000000000003
0.0017870000000000002
0.001285
0.0007509999999999999
0.000199
-0.000359
-0.000909
-0.0014320000000000001
-0.0019039999999999999
-0.002303
-0.002611
-0.0028190000000000003
-0.0029230000000000003
-0.002924
-0.0028239999999999997
-0.002633
-0.002355
-0.002
-0.001577
-0.001097
-0.0005780000000000001
-4.1e-05
0.000492
0.0010019999999999999
0.001471
0.0018850000000000002
0.002234
0.002508
0.002695
0.002784
0.0027719999999999997
0.002659
0.002449
0.002152
0.001782
0.001355
0.000983
0.0005650000000000001
1.4999999999999999e-05
-0.000534
-0.0010550000000000002
-0.001523
-0.0019219999999999999
-0.002238
-0.002462
-0.00259
-0.0026219999999999998
-0.002564
-0.002426
-0.0022129999999999997
-0.0019309999999999998
-0.001583
-0.001174
-0.0007160000000000001
-0.000234
0.00024700000000000004
0.0007059999999999999
0.001131
0.001513
0.0018449999999999999
0.002121
0.002327
0.00245
0.0024850000000000002
0.002428
0.00228
0.002049
0.001744
0.001381
0.000974
0.000539
9.300000000000001e-05
-0.00035
-0.00078
-0.001184
-0.001547
-0.001853
-0.0020870000000000003
-0.002242
-0.002316
-0.002309
-0.002224
-0.0020670000000000003
-0.001843
-0.0015550000000000002
-0.00121
-0.00082
0.000168
0.001419
0.001846
0.001743
0.001644
0.001614
0.0016649999999999998
0.001775
0.001905
0.002013
0.002062
0.0020280000000000003
0.0019
0.002924
0.0047
0.005053
0.003841
0.002109
0.000609
-0.000562
-0.0014039999999999999
-0.001948
-0.0022440000000000003
-0.002355
-0.002343
-0.002259
-0.002134
-0.001986
-0.001819
-0.0016
-0.001281
-0.000891
-0.000544
-0.00031600000000000004
-0.000166
5e-06
0.000261
0.000601
0.000983
0.001356
0.0016769999999999999
0.0019149999999999998
0.002052
0.002084
0.002018
0.001847
0.001556
0.001173
0.000797
0.000515
0.000323
0.000143
0.001782
0.004664
0.005561
0.004202
0.0018449999999999999
-0.000346
-0.0018780000000000001
-0.002723
-0.0029920000000000003
-0.002843
-0.002416
-0.001842
-0.00126
-0.000784
0.0006799999999999999
0.0027670000000000004
0.0035810000000000004
0.003177
0.002459
0.00187
0.00139
0.001037
0.000842
0.00081
0.000906
0.00106
0.001183
0.00202
0.003221
0.0033299999999999996
0.002559
0.0016820000000000001
0.0009050000000000001
0.000122
-0.000686
-0.001372
-0.0017879999999999999
-0.0019089999999999999
-0.0018210000000000001
-0.001643
-0.001469
-0.0013369999999999999
-0.001236
-0.001117
-0.0009400000000000001
-0.0007480000000000001
-0.000634
-0.000633
-0.0006450000000000001
-0.000496
-0.00010700000000000001
0.00041500000000000006
0.000891
0.002584
0.005065
0.005992
0.005211
0.003703
0.0022890000000000002
0.001234
0.000525
0.00011899999999999999
-6e-06
9.7e-05
0.000293
0.000384
0.002375
0.005707
0.00685
0.005569
0.0031579999999999998
0.0008349999999999999
-0.000849
-0.001939
-0.002513
-0.002648
-0.002434
-0.001999
-0.001508
0.000625
0.003854
0.00527
0.004749000000000001
0.0034560000000000003
0.00227
0.001377
0.000634
3.6e-05
-0.000295
-0.000279
2.9999999999999997e-05
0.00047300000000000006
0.000877
0.0011330000000000001
0.001234
0.0012699999999999999
0.0013369999999999999
0.001364
0.001135
0.000519
-0.000349
-0.001126
-0.001524
-0.0014939999999999999
-0.001217
0.001364
0.005503
0.007272
0.006295
0.0037909999999999997
0.001145
-0.000795
-0.0020109999999999998
-0.002565
-0.002478
-0.0018030000000000001
-0.0007610000000000001
0.00028399999999999996
0.0031899999999999997
0.007298999999999999
0.009016
0.008145
0.005975
0.0036780000000000003
0.0018920000000000002
0.000628
-0.000199
-0.000612
-0.0006230000000000001
-0.000338
1e-05
0.0029690000000000003
0.007765
0.009778
0.008664
0.005957
0.003
0.000576
-0.001241
-0.002538
-0.003247
-0.003314
-0.002843
-0.002093
0.00086
0.00526
0.00734
0.006867
0.005142
0.0032920000000000002
0.0017879999999999999
0.00048300000000000003
-0.000651
-0.00139
-0.0014880000000000002
-0.000947
-6.500000000000001e-05
0.0040219999999999995
0.010365000000000001
0.013509
0.012856
0.010043999999999999
0.006336
0.00277
-8.2e-05
-0.0021780000000000002
-0.003358
-0.003507
-0.002791
-0.0016809999999999998
0.002889
0.009821
0.013108000000000002
0.012199
0.009036
0.0050810000000000004
0.00149
-0.001173
-0.002973
-0.0038369999999999997
-0.0036810000000000002
-0.002667
-0.001276
-7.5e-05
0.004043
0.010373
0.013534000000000001
0.013146000000000001
0.010754999999999999
0.00727
0.00351
0.000293
-0.0019
-0.002811
-0.002537
-0.001567
-0.000546
0.004273
0.011964
0.015801
0.015118000000000001
0.011936
0.007629
0.003116
-0.000754
-0.0032630000000000003
-0.0036659999999999996
-0.0021030000000000003
-2.8000000000000003e-05
0.001356
0.006474
0.014627000000000001
0.018462
0.017146
0.012830000000000001
0.007236
0.001807
-0.002466
-0.005352
-0.006714
-0.006409999999999999
-0.004681
-0.0022670000000000004
0.0047
0.015069999999999998
0.021169
0.021912
0.019266
0.014522
0.008542000000000001
0.002668
-0.002007
-0.005187
-0.006714
-0.00663
-0.005365999999999999
0.0017510000000000002
0.012949
0.018956999999999998
0.01859
0.014788999999999998
0.010242
0.006208
0.003093
0.0009609999999999999
-0.000328
-0.000682
-0.00021099999999999998
0.000475
0.006812
0.017388999999999998
0.022283
0.020327
0.014527000000000002
0.007525
0.001353
-0.002621
-0.004266
-0.004365
-0.003599
-0.0021100000000000003
0.00010400000000000001
0.008761
0.021877
0.028667
0.027512
0.021398
0.013174000000000002
0.004905
-0.001738
-0.006072
-0.008331999999999999
-0.008642
-0.007084
-0.00394
0.006273
0.021206
0.029626
0.029654000000000003
0.024100999999999997
0.015969999999999998
0.007737999999999999
0.001114
-0.003411
-0.0061259999999999995
-0.007109999999999999
-0.006459
-0.004595
0.005106
0.020513
0.029222
0.029570999999999997
0.024728999999999998
0.017428
0.009864
0.003472
-0.001228
-0.004312
-0.00595
-0.006272
-0.005413
0.004039
0.020133
0.029552
0.02985
0.024293000000000002
0.016388999999999997
0.00889
0.003095
-0.0010199999999999999
-0.003742
-0.004911
-0.004501
-0.003
0.0069370000000000005
0.023190000000000002
0.032019
0.031251
0.024572
0.015233000000000002
0.005852
-0.001289
-0.005436
-0.007017
-0.006359
-0.004098
-0.001108
0.001955
0.012733
0.028928
0.036601
0.034338
0.026483
0.016331000000000002
0.006213000000000001
-0.0019190000000000001
-0.007108
-0.009411
-0.009242
-0.007264
-0.0040880000000000005
0.008114
0.026864
0.037528
0.037989999999999996
0.032501
0.024387
0.015092
0.005672
-0.002303
-0.007778
-0.010389
-0.010114
-0.00765
0.004404
0.023275
0.034339
0.035587
0.031145999999999997
0.024118
0.015847999999999998
0.007431999999999999
0.00031299999999999996
-0.004646
-0.007267
-0.007608
-0.006187
0.00526
0.024267
0.035193
0.035965
0.031353
0.024391
0.016184
0.007845999999999999
0.0009609999999999999
-0.0035960000000000002
-0.005672
-0.005456
-0.003793
0.007718000000000001
0.026741
0.037814
0.039925
0.037774
0.03322
0.026731
0.018371000000000002
0.008171
-0.001374
-0.0072510000000000005
-0.0089
-0.007162000000000001
0.0057090000000000005
0.026725
0.040415
0.045772
0.047077999999999995
0.045813
0.042163
0.03607
0.027292
0.01571
0.0030440000000000003
-0.006534999999999999
-0.010813
-0.001257
0.0191
0.033509
0.039893
0.042511
0.043123
0.042087
0.039181
0.033826
0.025547
0.014318
0.002239
-0.006591
-0.00081
0.016497
0.028663
0.033770999999999995
0.035636
0.0361
0.03553
0.033599000000000004
0.029876999999999997
0.024037
0.015875
0.0060420000000000005
-0.0022559999999999998
-0.006693000000000001
0.001616
0.019596000000000002
0.031479
0.036209
0.037531999999999996
0.036781
0.033923
0.028745999999999997
0.021595
0.012912
0.004233
-0.0015949999999999998
-0.003729
0.006365
0.025633
0.039611
0.047736
0.052263
0.053987
0.053318
0.050128
0.04388
0.03445
0.022672
0.00983
-0.000515
0.004303
0.021603999999999998
0.035992
0.045988
0.053532
0.059128999999999994
0.062683
0.063511
0.060699
0.053978
0.043821
0.030925
0.016018
0.012281
0.023479
0.035627
0.044174
0.050181
0.05483
0.058599
0.060837999999999996
0.060400999999999996
0.056842
0.050485
0.041737
0.030864999999999997
0.02897
0.040346
0.052604
0.060062
0.063447
0.06427999999999999
0.063959
0.062864
0.060347000000000005
0.055878
0.049444999999999996
0.041398000000000004
0.032312
0.022494
0.02306
0.037
0.050908
0.059838999999999996
0.064795
0.066842
0.06631799999999999
0.063068
0.057145
0.048847
0.038632
0.02731
0.015818000000000002
0.016648
0.032721
0.049681
0.06264
0.07244199999999999
0.079952
0.085488
0.088416
0.08732899999999999
0.08136399999999999
0.070977
0.057574
0.042733999999999994
0.037945
0.047788
0.060372
0.069931
0.076943
0.082462
0.087274
0.09125
0.093172
0.091861
0.087003
0.078909
0.06808600000000001
0.054876999999999995
0.04965
0.05706900000000001
0.065872
0.070727
0.07295800000000001
0.074265
0.07514
0.074813
0.072506
0.068159
0.06213099999999999
0.054902
0.04687
0.048287000000000004
0.062927
0.07833
0.088264
0.093559
0.096069
0.09700700000000001
0.096277
0.09300599999999999
0.08680800000000001
0.078264
0.068466
0.058464
0.058753999999999994
0.073688
0.09131900000000001
0.10518
0.115525
0.12318699999999999
0.128638
0.131555
0.13096
0.126364
0.118173
0.107348
0.095177
0.08265700000000001
0.079699
0.091111
0.10559600000000001
0.116757
0.125527
0.133164
0.139748
0.144099
0.144947
0.141898
0.135261
0.125831
0.114729
0.111371
0.12141099999999999
0.134607
0.143921
0.15024
0.155135
0.15956099999999998
0.163322
0.16517300000000001
0.164001
0.159753
0.153129
0.144853
0.13500399999999999
0.131482
0.140535
0.153218
0.162384
0.168782
0.173779
0.177735
0.17974500000000002
0.178874
0.175201
0.169552
0.162864
0.15571500000000002
0.15576199999999998
0.168931
0.185557
0.197372
0.20519
0.21093299999999998
0.215705
0.219239
0.22060900000000003
0.2193
0.215535
0.20998699999999998
0.20338900000000001
0.195957
0.19406700000000002
0.204681
0.219975
0.23163899999999998
0.240404
0.247279
0.252052
0.253601
0.25130399999999997
0.24573899999999999
0.23808800000000002
0.22957199999999997
0.220935
0.211963
0.20850300000000002
0.218059
0.23336700000000002
0.245768
0.255794
0.264156
0.270347
0.27314
0.271826
0.267009
0.260194
0.25261100000000003
0.244323
0.234458
0.22864400000000001
0.23537399999999997
0.24894299999999997
0.261155
0.272309
0.282683
0.291426
0.297279
0.299564
0.298552
0.29487399999999997
0.288773
0.279827
0.267411
0.257916
0.26016999999999996
0.269861
0.279578
0.288485
0.296293
0.302233
0.305733
0.30686399999999997
0.306288
0.304554
0.30146999999999996
0.296168
0.287608
0.281524
0.285329
0.29446300000000003
0.301965
0.30696999999999997
0.309854
0.310695
0.309755
0.307687
0.30522
0.302478
0.29877800000000004
0.293179
0.28508
0.280733
0.287717
0.30109400000000003
0.312882
0.321048
0.325419
0.32613600000000004
0.32359499999999997
0.318441
0.311552
0.303562
0.29454
0.28435900000000003
0.273129
0.267524
0.275399
0.291076
0.305697
0.317264
0.325556
0.330402
0.33162800000000003
0.329371
0.32419699999999996
0.31654299999999996
0.30646599999999996
0.29407
0.27976
0.270448
0.274321
0.286206
0.297806
0.307681
0.31608200000000003
0.32301399999999997
0.328067
0.330588
0.329939
0.325561
0.31726
0.305508
0.291084
0.280996
0.283148
0.292506
0.301062
0.307417
0.31214400000000003
0.315539
0.317474
0.31769200000000003
0.31603600000000004
0.312371
0.30654499999999996
0.29841599999999996
0.293978
0.299779
0.31088000000000005
0.319983
0.32561799999999996
0.32866999999999996
0.329945
0.32984600000000003
0.328313
0.325059
0.31992
0.312961
0.304408
0.29449200000000003
0.289489
0.29613
0.308893
0.319751
0.327092
0.33171100000000003
0.334025
0.333721
0.330459
0.324415
0.31612199999999996
0.306204
0.295257
0.28365799999999997
0.27762600000000004
0.283993
0.296976
0.308427
0.316981
0.323071
0.32658899999999996
0.327033
0.324272
0.31874
0.311039
0.3017
0.291004
0.278831
0.271165
0.275345
0.286146
0.29585500000000003
0.303604
0.30995500000000004
0.314701
0.316945
0.31586
0.311245
0.303532
0.293502
0.28175500000000003
0.268424
0.259839
0.263966
0.275262
0.28549
0.29383000000000004
0.30051
0.305152
0.307115
0.306102
0.30239099999999997
0.296471
0.28859
0.278564
0.266031
0.257304
0.26061999999999996
0.270617
0.27926599999999996
0.286066
0.29146500000000003
0.295265
0.296966
0.29631199999999996
0.293512
0.288858
0.28230500000000003
0.27349
0.261972
0.253864
0.257186
0.266423
0.27363899999999997
0.278543
0.28160999999999997
0.28275100000000003
0.28171199999999996
0.278535
0.27370900000000004
0.267741
0.260714
0.25233099999999997
0.248414
0.25636
0.27003699999999997
0.280914
0.288202
0.292155
0.29287199999999997
0.290699
0.286056
0.279298
0.270989
0.261687
0.25156999999999996
0.240502
0.234514
0.24156599999999998
0.255337
0.266985
0.276044
0.282672
0.286398
0.28642399999999996
0.2823
0.274439
0.263862
0.25143499999999996
0.23757399999999998
0.222573
0.213098
0.21767399999999998
0.22965300000000002
0.239967
0.24851199999999998
0.25551199999999996
0.26056999999999997
0.26295799999999997
0.26221300000000003
0.258438
0.251862
0.24242399999999997
0.22997199999999998
0.21463000000000002
0.20339100000000002
0.20505700000000002
0.21334099999999998
0.21980100000000002
0.224706
0.228671
0.23169499999999998
0.233267
0.232944
0.230751
0.226778
0.22080999999999998
0.212371
0.207465
0.21409899999999998
0.22583699999999998
0.234445
0.24025100000000002
0.24380500000000002
0.245365
0.245108
0.243024
0.239154
0.23384000000000002
0.227438
0.220065
0.211583
0.208287
0.217862
0.23283099999999998
0.244022
0.25146
0.255979
0.257862
0.256817
0.252866
0.24672800000000003
0.239091
0.23017600000000002
0.22002800000000003
0.208695
0.202847
0.210486
0.22444
0.23583
0.244615
0.25109899999999996
0.254852
0.255166
0.252008
0.246098
0.238104
0.228395
0.217087
0.21025500000000003
0.21601599999999999
0.22801999999999997
0.237627
0.24496500000000002
0.250592
0.254651
0.256888
0.256678
0.253483
0.247254
0.238364
0.227437
0.21486999999999998
0.20690999999999998
0.211601
0.22245
0.23090100000000002
0.237222
0.24201199999999998
0.24509099999999998
0.245831
0.243932
0.239698
0.23352699999999998
0.22553499999999999
0.215656
0.20383800000000002
0.196881
0.20294700000000002
0.21504600000000001
0.224581
0.23191599999999998
0.237819
0.24212899999999998
0.24415
0.243546
0.24062600000000003
0.235832
0.22928099999999998
0.22069499999999997
0.209573
0.202251
0.207008
0.21733200000000003
0.225066
0.230844
0.23541700000000002
0.238748
0.24033200000000002
0.23973699999999998
0.237048
0.232661
0.226782
0.21917399999999998
0.21569000000000002
0.22431900000000002
0.23838
0.249023
0.256386
0.260942
0.26278
0.262151
0.259348
0.254577
0.2483
0.24109099999999997
0.23320300000000002
0.224498
0.220827
0.230106
0.245498
0.257921
0.267452
0.274453
0.278478
0.278711
0.274771
0.267225
0.25724
0.24573299999999998
0.23304299999999997
0.219334
0.211022
0.21644699999999997
0.22915300000000002
0.240342
0.25002199999999997
0.258436
0.265042
0.268826
0.269077
0.265849
0.259497
0.2501
0.237556
0.22201500000000002
0.21016100000000001
0.211065
0.21912199999999998
0.225971
0.23182600000000003
0.23715999999999998
0.24181399999999997
0.245135
0.24658000000000002
0.246123
0.24384699999999998
0.23949600000000001
0.232467
0.228122
0.233923
0.24395300000000003
0.250485
0.254144
0.255873
0.256027
0.254792
0.252206
0.24834299999999998
0.24350300000000002
0.237911
0.23151100000000002
0.22401100000000002
0.22114899999999998
0.23077199999999998
0.24604
0.25773
0.265808
0.270978
0.273327
0.27231
0.26771500000000004
0.260343
0.25132899999999997
0.241319
0.230528
0.219043
0.213232
0.221308
0.23649
0.24964099999999997
0.26049
0.269131
0.274979
0.27724299999999996
0.275826
0.271405
0.264664
0.25596199999999997
0.245342
0.232544
0.223642
0.227419
0.23835100000000004
0.247948
0.256098
0.26316999999999996
0.268878
0.272437
0.27319499999999997
0.271021
0.26612399999999997
0.258856
0.24939
0.237573
0.2296
0.23407399999999998
0.24534
0.254851
0.262263
0.267786
0.271177
0.272163
0.270821
0.267523
0.262513
0.255704
0.24674899999999997
0.24137399999999998
0.247281
0.259156
0.269096
0.27669099999999996
0.282511
0.286563
0.288592
0.28834899999999997
0.28572
0.280837
0.27387100000000003
0.264801
0.253497
0.245993
0.25003400000000003
0.26003000000000004
0.267891
0.273346
0.277177
0.27931100000000003
0.27922600000000003
0.276726
0.272156
0.266
0.25849
0.249559
0.239011
0.232789
0.238708
0.250607
0.259788
0.265759
0.268865
0.26919499999999996
0.266909
0.262399
0.256242
0.24901500000000001
0.241009
0.23204899999999998
0.22169299999999997
0.2158
0.222757
0.23634000000000002
0.247585
0.256295
0.2627
0.26648299999999997
0.266974
0.26372399999999996
0.25703000000000004
0.247752
0.236661
0.224149
0.216516
0.222219
0.235195
0.24672199999999997
0.256731
0.26548099999999997
0.27263699999999996
0.277648
0.279947
0.279145
0.27521999999999996
0.2683
0.258439
0.245743
0.23666700000000002
0.23955
0.24881199999999998
0.256337
0.262121
0.266873
0.270582
0.27274
0.272949
0.271313
0.268075
0.26315900000000003
0.256201
0.246759
0.24052600000000002
0.244934
0.254238
0.260667
0.264338
0.266117
0.26621100000000003
0.264407
0.260612
0.255252
0.24891799999999997
0.241865
0.23392
0.224619
0.219586
0.22672399999999998
0.23979099999999998
0.249879
0.256678
0.260871
0.262725
0.261887
0.258121
0.25196
0.24424899999999997
0.23547800000000002
0.22571300000000002
0.220754
0.228304
0.242331
0.25443699999999997
0.264427
0.272583
0.2786
0.281895
0.282017
0.27906
0.273546
0.265947
0.256615
0.245767
0.23938099999999998
0.245013
0.256943
0.26716
0.275391
0.282086
0.286961
0.28926399999999997
0.288515
0.284893
0.278778
0.270434
0.260164
0.24819499999999997
0.240596
0.24510500000000002
0.25611300000000004
0.26545599999999997
0.27268600000000004
0.278323
0.282194
0.283629
0.282273
0.278476
0.272746
0.265206
0.25554499999999997
0.243216
0.234019
0.236262
0.245047
0.252513
0.258299
0.262917
0.26624200000000003
0.26771500000000004
0.266994
0.264243
0.259777
0.253682
0.245696
0.235317
0.228244
0.232456
0.242376
0.24983400000000003
0.254763
0.257837
0.259141
0.258604
0.256405
0.252942
0.24851199999999998
0.24311
0.23642600000000003
0.23393200000000003
0.242769
0.25709899999999997
0.26881
0.27736700000000003
0.283074
0.28575900000000004
0.28526399999999996
0.281846
0.27602899999999997
0.268385
0.25940799999999997
0.24938200000000002
0.238352
0.232307
0.239052
0.252686
0.264685
0.274421
0.282017
0.286986
0.2885
0.286082
0.279942
0.270727
0.259201
0.245932
0.23117600000000002
0.22115500000000002
0.22419
0.234483
0.243523
0.251107
0.257602
0.262777
0.265998
0.26675
0.264947
0.26063200000000003
0.253616
0.24346199999999998
0.229836
0.218942
0.21953899999999998
0.22651999999999997
0.23194800000000002
0.23595700000000003
0.239182
0.241625
0.24287399999999998
0.242576
0.240759
0.237535
0.23275900000000002
0.22603800000000002
0.222739
0.230073
0.24200700000000003
0.250418
0.25547600000000004
0.258137
0.258734
0.257394
0.254265
0.24953000000000003
0.243562
0.236758
0.22926799999999997
0.220964
0.21750500000000003
0.22649899999999998
0.241483
0.253601
0.26252600000000004
0.268619
0.271981
0.272401
0.26966
0.264049
0.256277
0.24694499999999997
0.23631799999999997
0.22449899999999998
0.217563
0.223615
0.236566
0.24775500000000003
0.25696599999999997
0.264433
0.26970700000000003
0.271903
0.270552
0.266162
0.259538
0.251064
0.240783
0.22857199999999997
0.22025799999999998
0.22394
0.23406799999999997
0.242481
0.24911399999999997
0.25445500000000004
0.258397
0.260369
0.259886
0.25693299999999997
0.251636
0.244052
0.2343
0.22821799999999998
0.23321799999999998
0.243981
0.25294
0.25990599999999997
0.265422
0.269511
0.271851
0.271996
0.26971999999999996
0.265212
0.258763
0.25049
0.24028400000000003
0.23368200000000003
0.23796199999999998
0.247971
0.256252
0.262513
0.267266
0.270398
0.271323
0.269742
0.266024
0.26069899999999996
0.253972
0.24574400000000002
0.23574099999999998
0.229512
0.234433
0.244842
0.252862
0.258602
0.262992
0.26600100000000004
0.266987
0.265687
0.26251399999999997
0.257946
0.2521
0.24473699999999998
0.24117199999999997
0.248165
0.260567
0.270993
0.278748
0.284222
0.28738600000000003
0.288038
0.286114
0.281803
0.275611
0.268191
0.259988
0.250947
0.246479
0.253411
0.266486
0.27813499999999997
0.287539
0.29492199999999996
0.299877
0.301646
0.29984299999999997
0.29475500000000004
0.287045
0.277453
0.266521
0.254445
0.247049
0.25149099999999996
0.2628
0.273598
0.283127
0.291604
0.298485
0.302849
0.30417
0.302562
0.29830100000000004
0.29138800000000004
0.281511
0.273995
0.275235
0.281869
0.28813099999999997
0.292929
0.29701500000000003
0.300643
0.30354200000000003
0.305144
0.30501
0.303149
0.299741
0.294705
0.28757699999999997
0.283416
0.28788400000000003
0.296967
0.30478299999999997
0.310179
0.313682
0.315206
0.314496
0.31174
0.307589
0.302731
0.29752399999999996
0.29193
0.28557899999999997
0.283624
0.291641
0.305115
0.317391
0.32657600000000003
0.332843
0.33620700000000003
0.33651
0.333891
0.329023
0.322657
0.315103
0.306209
0.29574
0.289444
0.293704
0.30487600000000004
0.316621
0.326808
0.335302
0.341493
0.344454
0.34377800000000003
0.339956
0.333729
0.325517
0.315407
0.30893000000000004
0.311552
0.32027100000000003
0.329776
0.337803
0.344524
0.349865
0.35360199999999997
0.355481
0.355298
0.352962
0.348382
0.341487
0.332293
0.326328
0.328629
0.336542
0.345156
0.35191100000000003
0.357099
0.360631
0.362099
0.361377
0.358788
0.354698
0.349145
0.341917
0.33276300000000003
0.326997
0.329492
0.33758299999999997
0.346323
0.353052
0.35807
0.361323
0.362451
0.36135900000000004
0.358375
0.35389899999999996
0.348057
0.34064099999999997
0.331302
0.325407
0.32804099999999997
0.336382
0.34506
0.351221
0.355327
0.357702
0.358295
0.357081
0.35425
0.35006
0.344572
0.337568
0.33417399999999997
0.33876799999999996
0.34880700000000003
0.359576
0.36803
0.374265
0.378224
0.379812
0.379154
0.376499
0.3721
0.366155
0.358873
0.350441
0.3464
0.351121
0.36201700000000003
0.374239
0.384375
0.392386
0.397975
0.400582
0.39993
0.396212
0.389962
0.381777
0.37209000000000003
0.361241
0.354962
0.357615
0.366881
0.37805900000000003
0.387594
0.395652
0.402175
0.40666599999999997
0.40869
0.408159
0.40513899999999997
0.399567
0.391165
0.379761
0.371033
0.369424
0.373935
0.381038
0.387074
0.392345
0.396937
0.400426
0.402346
0.402488
0.400829
0.397328
0.39174699999999996
0.388952
0.391606
0.398406
0.406275
0.41123699999999996
0.41384899999999997
0.41472
0.41416400000000003
0.41231999999999996
0.409387
0.405588
0.40107
0.395893
0.389933
0.38814299999999996
0.393231
0.403512
0.415303
0.42411099999999996
0.429883
0.432584
0.432076
0.42850200000000005
0.422479
0.414789
0.406005
0.396483
0.386407
0.381137
0.38405700000000004
0.393596
0.405873
0.41649899999999995
0.42531599999999997
0.431968
0.43571400000000005
0.436141
0.433458
0.428208
0.42088400000000004
0.411627
0.400359
0.392507
0.391707
0.397268
0.40605399999999997
0.41380200000000006
0.420655
0.426563
0.43102399999999996
0.433537
0.43381800000000004
0.43173199999999995
0.42726099999999995
0.420364
0.41615699999999994
0.417159
0.42319700000000005
0.43202299999999993
0.438964
0.444304
0.448283
0.45084799999999997
0.45191099999999995
0.451471
0.449563
0.44623900000000005
0.441512
0.435209
0.432199
0.434337
0.441459
0.45144300000000004
0.459215
0.46500699999999995
0.468839
0.47043100000000004
0.46972200000000003
0.46697299999999997
0.462631
0.457031
0.45023500000000005
0.442137
0.43778100000000003
0.438967
0.44557299999999994
0.455371
0.462875
0.46828000000000003
0.47178000000000003
0.47328100000000006
0.47275900000000004
0.470318
0.466262
0.460826
0.453887
0.445161
0.43965200000000004
0.43930699999999995
0.444499
0.453399
0.460412
0.46543900000000005
0.468433
0.469182
0.46770600000000007
0.464233
0.459212
0.45302
0.44562399999999996
0.44185100000000005
0.443067
0.449626
0.45997
0.46846000000000004
0.47506899999999996
0.47987299999999994
0.48266899999999996
0.483217
0.481386
0.477108
0.470537
0.462056
0.45197200000000004
0.44564
0.44493599999999994
0.450351
0.460241
0.46893
0.47630900000000004
0.482202
0.486104
0.487637
0.486742
0.48360699999999995
0.478392
0.47106499999999996
0.46164700000000003
0.455449
0.454193
0.45863100000000007
0.46738100000000005
0.474679
0.480658
0.485537
0.48916099999999996
0.491302
0.491879
0.49095500000000003
0.48847299999999994
0.484083
0.47730200000000006
0.472879
0.471818
0.475312
0.482691
0.488038
0.49173199999999995
0.494306
0.495742
0.495913
0.49481800000000004
0.49255600000000005
0.489183
0.48457
0.478463
0.47575100000000003
0.477333
0.48405
0.49467
0.5026079999999999
0.507692
0.510153
0.5100520000000001
0.507722
0.503731
0.498539
0.492472
0.48566800000000004
0.48293100000000005
0.48473900000000003
0.49181099999999994
0.503583
0.513853
0.5221140000000001
0.528349
0.532216
0.5332859999999999
0.5314300000000001
0.526795
0.519624
0.510351
0.499434
0.49203199999999997
0.48913100000000004
0.492022
0.500512
0.508483
0.515385
0.521068
0.525007
0.52674
0.526044
0.522933
0.517482
0.509785
0.499963
0.493019
0.48983999999999994
0.49179300000000004
0.498608
0.5041869999999999
0.508445
0.5116729999999999
0.513808
0.514782
0.5145430000000001
0.513037
0.510141
0.5054770000000001
0.498511
0.493913
0.492496
0.495565
0.503062
0.509105
0.51354
0.516526
0.517951
0.517774
0.516013
0.512785
0.508265
0.502446
0.500052
0.501614
0.507516
0.517559
0.5260779999999999
0.5324479999999999
0.5368609999999999
0.539345
0.5400119999999999
0.538946
0.5361819999999999
0.5318890000000001
0.526297
0.519476
0.516292
0.5173949999999999
0.523041
0.533317
0.542669
0.549978
0.555092
0.557763
0.55797
0.5558390000000001
0.55177
0.5463319999999999
0.539755
0.5320090000000001
0.527938
0.528192
0.532699
0.5419
0.550663
0.557588
0.5625979999999999
0.56542
0.565802
0.563642
0.559154
0.552743
0.544555
0.534647
0.5280050000000001
0.525464
0.527221
0.534175
0.5414439999999999
0.547528
0.552341
0.5555899999999999
0.556958
0.5562520000000001
0.5534140000000001
0.5484180000000001
0.5412600000000001
0.536658
0.5353479999999999
0.536887
0.542882
0.549534
0.555006
0.559448
0.5628989999999999
0.565164
0.56605
0.565445
0.563257
0.5594060000000001
0.553756
0.550801
0.551006
0.55365
0.560298
0.567016
0.57189
0.575222
0.577004
0.577133
0.575767
0.573203
0.569661
0.565189
0.559688
0.55772
0.559699
0.564653
0.573639
0.582218
0.588256
0.591913
0.593176
0.592183
0.589432
0.585334
0.580133
0.573951
0.566667
0.56283
0.5630569999999999
0.566553
0.574799
0.5836720000000001
0.590745
0.595762
0.598344
0.598322
0.595849
0.591094
0.584356
0.5760430000000001
0.570815
0.5693699999999999
0.5704100000000001
0.576309
0.584095
0.590858
0.596529
0.6009
0.6036050000000001
0.604391
0.60306
0.599431
0.593571
0.5856979999999999
0.5803520000000001
0.578339
0.5784159999999999
0.5831930000000001
0.589873
0.595445
0.59982
0.602785
0.604232
0.604217
0.602803
0.6000449999999999
0.5958720000000001
0.590015
0.586843
0.587066
0.588968
0.594905
0.602198
0.607913
0.611973
0.614325
0.615114
0.61453
0.612653
0.609557
0.605146
0.599114
0.595833
0.595878
0.597456
0.603121
0.610194
0.615474
0.6189319999999999
0.6208140000000001
0.621224
0.620121
0.617576
0.6137100000000001
0.608438
0.606045
0.6071449999999999
0.609367
0.615737
0.624156
0.630724
0.635257
0.637785
0.638372
0.637046
0.633931
0.6293850000000001
0.6236520000000001
0.616787
0.613305
0.6139140000000001
0.615934
0.6224850000000001
0.6316390000000001
0.639155
0.6446310000000001
0.647827
0.648626
0.647039
0.643266
0.63772
0.630641
0.622183
0.61706
0.616106
0.616697
0.622201
0.630827
0.638299
0.644353
0.648835
0.651546
0.652358
0.651155
0.647824
0.6423180000000001
0.634695
0.629401
0.627228
0.625812
0.629156
0.635844
0.641566
0.646281
0.649983
0.65252
0.6537890000000001
0.6536350000000001
0.651841
0.648155
0.646576
0.6474949999999999
0.647336
0.650629
0.656922
0.661373
0.664325
0.666192
0.66695
0.666665
0.665457
0.663223
0.6598430000000001
0.655307
0.6538609999999999
0.656012
0.65793
0.663734
0.6725800000000001
0.6791699999999999
0.6833279999999999
0.685005
0.684299
0.6817300000000001
0.677732
0.672612
0.666744
0.6603180000000001
0.657532
0.6589010000000001
0.660608
0.66681
0.676679
0.684755
0.69063
0.694109
0.695187
0.694092
0.690866
0.6856
0.678629
0.6701189999999999
0.6643789999999999
0.662305
0.660356
0.663263
0.670808
0.67762
0.6833060000000001
0.687613
0.690301
0.691137
0.689785
0.686145
0.68034
0.676428
0.675076
0.672545
0.673678
0.6792020000000001
0.6840689999999999
0.687874
0.690736
0.692607
0.6934739999999999
0.6932619999999999
0.69176
0.688792
0.684172
0.681759
0.682131
0.681264
0.683662
0.689871
0.69482
0.698063
0.699631
0.699693
0.698498
0.6961229999999999
0.692685
0.688342
0.683067
0.680874
0.682238
0.6827340000000001
0.687037
0.695524
0.702488
0.7073020000000001
0.710076
0.71116
0.710734
0.7087439999999999
0.705298
0.7005319999999999
0.69438
0.690988
0.691048
0.690303
0.693431
0.700922
0.707203
0.711703
0.714549
0.715777
0.7153970000000001
0.713534
0.710318
0.705655
0.703434
0.704336
0.7043689999999999
0.7069989999999999
0.713681
0.7203
0.725416
0.729017
0.7309899999999999
0.731209
0.729695
0.726537
0.7217680000000001
0.715457
0.711839
0.711852
0.711598
0.7143689999999999
0.721738
0.7294689999999999
0.735527
0.739676
0.741892
0.742175
0.740502
0.7369439999999999
0.731627
0.724703
0.720324
0.7191529999999999
0.71719
0.717921
0.723296
0.7293649999999999
0.734284
0.7380180000000001
0.740596
0.741992
0.742041
0.7404810000000001
0.737032
0.731433
0.727534
0.726059
0.7232890000000001
0.7227319999999999
0.726372
0.73058
0.733819
0.736115
0.7374310000000001
0.737835
0.737318
0.73573
0.732881
0.7324579999999999
0.734881
0.7360909999999999
0.738186
0.743541
0.749287
0.753034
0.754892
0.754975
0.753644
0.751355
0.748208
0.744201
0.739467
0.737887
0.739961
0.741718
0.74536
0.753208
0.762015
0.768766
0.773037
0.774853
0.7744939999999999
0.772072
0.767651
0.761653
0.754602
0.7506010000000001
0.7504
0.75027
0.752401
0.75927
0.767843
0.775088
0.780597
0.784255
0.786024
0.785726
0.783235
0.7785979999999999
0.77176
0.766522
0.763809
0.760202
0.7578590000000001
0.7600939999999999
0.764736
0.7687109999999999
0.771825
0.774131
0.7755890000000001
0.775906
0.774712
0.7716609999999999
0.766406
0.7627520000000001
0.76154
0.758987
0.757159
0.759242
0.7629779999999999
0.7654850000000001
0.766714
0.766918
0.766282
0.764833
0.762545
0.7593260000000001
0.758683
0.761011
0.7624449999999999
0.763832
0.768896
0.776089
0.781334
0.784473
0.785878
0.7857970000000001
0.784273
0.781334
0.777101
0.771709
0.768934
0.769512
0.7698550000000001
0.771001
0.776432
0.784224
0.790313
0.79447
0.79678
0.797313
0.79625
0.7938069999999999
0.790054
0.785
0.782567
0.783446
0.78374
0.784617
0.7895989999999999
0.7968109999999999
0.802458
0.806326
0.8085359999999999
0.8093060000000001
0.8087840000000001
0.806812
0.803122
0.797678
0.794413
0.794075
0.7929689999999999
0.7920020000000001
0.795199
0.801193
0.80582
0.808825
0.810228
0.810018
0.808088
0.804266
0.798563
0.794752
0.7935439999999999
0.791484
0.78864
0.790006
0.795384
0.7998390000000001
0.803172
0.805415
0.8064939999999999
0.806368
0.804884
0.801808
0.797032
0.794061
0.793633
0.792573
0.790805
0.792994
0.798876
0.803634
0.8071119999999999
0.8094180000000001
0.810723
0.811138
0.810562
0.8088989999999999
0.806122
0.805701
0.808029
0.809329
0.809304
0.812617
0.819008
0.8235899999999999
0.8261569999999999
0.827174
0.8272149999999999
0.826478
0.8248219999999999
0.8221729999999999
0.8219549999999999
0.824569
0.826435
0.8269610000000001
0.8302940000000001
0.8371209999999999
0.8429780000000001
0.846833
0.848734
0.848928
0.8475659999999999
0.844558
0.8398680000000001
0.833707
0.829809
0.829031
0.828234
0.826966
0.8295100000000001
0.836377
0.8427020000000001
0.8473120000000001
0.850125
0.8512
0.8504709999999999
0.847874
0.8436020000000001
0.837816
0.8339290000000001
0.83265
0.8308770000000001
0.8282649999999999
0.828947
0.833967
0.8390780000000001
0.843081
0.846109
0.848295
0.849467
0.8492379999999999
0.8472649999999999
0.8434200000000001
0.841167
0.8411629999999999
0.839992
0.8371379999999999
0.836843
0.8407899999999999
0.8450120000000001
0.847993
0.8499049999999999
0.8510209999999999
0.851345
0.850665
0.8487680000000001
0.848816
0.8512379999999999
0.852633
0.8524709999999999
0.853671
0.858268
0.863295
0.8666590000000001
0.8685879999999999
0.869384
0.8692040000000001
0.8681469999999999
0.866217
0.8632690000000001
0.8624639999999999
0.864368
0.865798
0.8662129999999999
0.8682120000000001
0.8737870000000001
0.8799370000000001
0.8842530000000001
0.886758
0.88761
0.886933
0.884832
0.881475
0.8770530000000001
0.8749819999999999
0.875858
0.876389
0.876026
0.877281
0.8823850000000001
0.8883989999999999
0.892509
0.894703
0.8953260000000001
0.894639
0.892546
0.888806
0.883373
0.8796719999999999
0.878508
0.876793
0.8740610000000001
0.8728540000000001
0.8758950000000001
0.880707
0.884389
0.886811
0.8880709999999999
0.8880959999999999
0.8865639999999999
0.8832030000000001
0.878033
0.8744620000000001
0.873187
0.871134
0.867977
0.8666290000000001
0.8695799999999999
0.8740889999999999
0.877606
0.880084
0.881606
0.8821469999999999
0.8815459999999999
0.87955
0.8790530000000001
0.880418
0.8806229999999999
0.8794629999999999
0.8781979999999999
0.880285
0.884574
0.887483
0.8891379999999999
0.889842
0.88971
0.8887520000000001
0.886842
0.883808
0.882677
0.88397
0.8846120000000001
0.8840819999999999
0.883958
0.887625
0.8933200000000001
0.897159
0.899007
0.899383
0.8987639999999999
0.8972190000000001
0.89461
0.890962
0.8896350000000001
0.891231
0.8925
0.8928149999999999
0.893859
0.8984719999999999
0.9045290000000001
0.9087149999999999
0.9112120000000001
0.912402
0.9124
0.9111290000000001
0.9084260000000001
0.9072040000000001
0.908
0.9080370000000001
0.907118
0.90535
0.907025
0.912367
0.9167930000000001
0.9198360000000001
0.92153
0.921851
0.920767
0.918241
0.914098
0.911183
0.910198
0.908623
0.906407
0.903804
0.9052959999999999
0.910632
0.9147489999999999
0.9174540000000001
0.919075
0.9197360000000001
0.919271
0.917428
0.914219
0.912877
0.913969
0.9144110000000001
0.9136799999999999
0.9120299999999999
0.914127
0.91984
0.9242959999999999
0.927424
0.929649
0.931142
0.931688
0.930859
0.928335
0.927026
0.927532
0.927105
0.925477
0.922692
0.923499
0.9280579999999999
0.93143
0.933525
0.934688
0.9350649999999999
0.9345889999999999
0.932981
0.9329200000000001
0.934873
0.936054
0.9360940000000001
0.934933
0.935742
0.93963
0.9432450000000001
0.945434
0.946382
0.946304
0.945304
0.94344
0.940675
0.9397639999999999
0.9412379999999999
0.942415
0.942926
0.942725
0.9446709999999999
0.949883
0.9548030000000001
0.9577319999999999
0.958959
0.958865
0.957469
0.9546180000000001
0.9503790000000001
0.947809
0.9477049999999999
0.947536
0.9469120000000001
0.94578
0.9470290000000001
0.9519860000000001
0.95724
0.961002
0.9634020000000001
0.964533
0.964205
0.962141
0.958274
0.955518
0.954527
0.9527129999999999
0.949737
0.9457459999999999
0.9441860000000001
0.946768
0.950235
0.952968
0.955043
0.956443
0.95691
0.956
0.953314
0.9516180000000001
0.951569
0.950592
0.948343
0.944765
0.9434799999999999
0.945733
0.947961
0.949175
0.9496190000000001
0.9493889999999999
0.9484889999999999
0.9467959999999999
0.9468799999999999
0.9491219999999999
0.950759
0.951291
0.9505950000000001
0.9503389999999999
0.9531229999999999
0.95706
0.9593149999999999
0.9599639999999999
0.959249
0.957324
0.954355
0.9503889999999999
0.9481350000000001
0.948275
0.948364
0.9480129999999999
0.9471719999999999
0.9478200000000001
0.9519709999999999
0.9571280000000001
0.9608120000000001
0.9631139999999999
0.964096
0.963699
0.961873
0.958677
0.957081
0.95775
0.9579979999999999
0.9574
0.956016
0.9563510000000001
0.9603209999999999
0.965198
0.968792
0.9711799999999999
0.9725809999999999
0.973096
0.9724729999999999
0.970333
0.9693309999999999
0.9700139999999999
0.969778
0.96836
0.965879
0.964677
0.967134
0.970882
0.973411
0.974744
0.97501
0.974123
0.971815
0.9679690000000001
0.965614
0.9654299999999999
0.9647049999999999
0.9630700000000001
0.960491
0.959616
0.9624299999999999
0.9661040000000001
0.968517
0.9697549999999999
0.9699459999999999
0.969043
0.966894
0.9633299999999999
0.9610770000000001
0.9606520000000001
0.959482
0.957399
0.9544729999999999
0.9532639999999999
0.9557399999999999
0.9590989999999999
0.9612379999999999
0.9624159999999999
0.9627969999999999
0.9622450000000001
0.960583
0.957658
0.956177
0.9566459999999999
0.956334
0.954765
0.9518780000000001
0.9505110000000001
0.952626
0.9553219999999999
0.9566690000000001
0.9569110000000001
0.95625
0.954715
0.95232
0.95165
0.953109
0.9541299999999999
0.9543010000000001
0.953528
0.9531219999999999
0.955868
0.960144
0.96272
0.9636170000000001
0.963216
0.961678
0.958965
0.9550049999999999
0.952355
0.9516540000000001
0.950742
0.9494739999999999
0.9478700000000001
0.947685
0.9512860000000001
0.956405
0.9600489999999999
0.962159
0.9627969999999999
0.961886
0.95939
0.9553870000000001
0.952667
0.9518129999999999
0.9503459999999999
0.9479790000000001
0.94483
0.943348
0.9456700000000001
0.949233
0.9517629999999999
0.95344
0.954382
0.9544530000000001
0.953298
0.9504950000000001
0.9486709999999999
0.948533
0.9475389999999999
0.9452209999999999
0.941586
0.939224
0.940335
0.942494
0.94366
0.943982
0.9436260000000001
0.942593
0.9406540000000001
0.9401149999999999
0.94137
0.941932
0.9414100000000001
0.939866
0.938578
0.9404870000000001
0.9442139999999999
0.946535
0.947456
0.947233
0.9461120000000001
0.944198
0.941398
0.940208
0.941163
0.9418620000000001
0.9419700000000001
0.941477
0.9416040000000001
0.9449209999999999
0.949766
0.953161
0.9552309999999999
0.9561620000000001
0.9559989999999999
0.954598
0.951843
0.950518
0.951291
0.9516600000000001
0.951275
0.9501620000000001
0.94988
0.9529479999999999
0.957442
0.9604219999999999
0.9619530000000001
0.9623360000000001
0.961726
0.959918
0.956593
0.954347
0.953772
0.952433
0.9501129999999999
0.946881
0.9444389999999999
0.9454940000000001
0.9482520000000001
0.949876
0.9504299999999999
0.9500700000000001
0.9486879999999999
0.945965
0.9441430000000001
0.943788
0.9426899999999999
0.9406
0.9376620000000001
0.9340860000000001
0.933693
0.9363790000000001
0.938163
0.9389719999999999
0.939034
0.938378
0.936861
0.934285
0.932859
0.9329719999999999
0.9323799999999999
0.930919
0.9288129999999999
0.926534
0.927507
0.931041
0.933258
0.934242
0.9344299999999999
0.9339959999999999
0.932823
0.933057
0.935097
0.936724
0.9375680000000001
0.9375700000000001
0.9365540000000001
0.93781
0.942056
0.9456709999999999
0.947824
0.948785
0.9488260000000001
0.9480430000000001
0.9463520000000001
0.9458719999999999
0.946958
0.9474799999999999
0.947256
0.94637
0.9446610000000001
0.9457450000000001
0.9497559999999999
0.9525530000000001
0.9538909999999999
0.954235
0.9537690000000001
0.9524
0.949945
0.948665
0.949018
0.948873
0.948098
0.946775
0.945076
0.9466870000000001
0.951167
0.954415
0.956484
0.957633
0.9578059999999999
0.9568
0.9544360000000001
0.952983
0.95295
0.9522370000000001
0.950615
0.9481649999999999
0.944952
0.944959
0.948385
0.9511209999999999
0.9529850000000001
0.9541459999999999
0.9544879999999999
0.9536610000000001
0.951259
0.94949
0.9490129999999999
0.947882
0.9458700000000001
0.9429290000000001
0.939077
0.938409
0.940945
0.942617
0.9435690000000001
0.9440290000000001
0.9439799999999999
0.943218
0.943594
0.945355
0.946407
0.946421
0.9453360000000001
0.9430729999999999
0.942034
0.943894
0.9462440000000001
0.947523
0.947902
0.9474520000000001
0.946207
0.944166
0.943319
0.944099
0.944628
0.944633
0.944052
0.9426680000000001
0.9429120000000001
0.9458700000000001
0.9487059999999999
0.950253
0.9507399999999999
0.950235
0.948699
0.946016
0.944391
0.944465
0.944304
0.943586
0.942268
0.9402729999999999
0.9410649999999999
0.9450879999999999
0.9485680000000001
0.950895
0.9522649999999999
0.952799
0.952283
0.950292
0.9488989999999999
0.948699
0.94773
0.945843
0.943242
0.9399430000000001
0.939492
0.942498
0.9452520000000001
0.947076
0.947989
0.947902
0.9465620000000001
0.945852
0.9462969999999999
0.946081
0.9449930000000001
0.943161
0.9405459999999999
0.9387620000000001
0.9399719999999999
0.942519
0.9442530000000001
0.9452389999999999
0.9455899999999999
0.9452459999999999
0.9439930000000001
0.9436469999999999
0.944549
0.944789
0.944204
0.943032
0.941268
0.9406979999999999
0.943217
0.946757
0.9492379999999999
0.950815
0.951685
0.951749
0.9507959999999999
0.950858
0.952415
0.9534959999999999
0.9537530000000001
0.9531139999999999
0.951399
0.9508190000000001
0.9531709999999999
0.956148
0.958026
0.958991
0.959132
0.958259
0.9561790000000001
0.9550120000000001
0.955254
0.9549280000000001
0.953759
0.9517190000000001
0.9486969999999999
0.94726
0.9488610000000001
0.9507709999999999
0.9515459999999999
0.951415
0.950433
0.948406
0.945148
0.942765
0.9417709999999999
0.940299
0.9382520000000001
0.9356959999999999
0.932528
0.931853
0.9345469999999999
0.9372309999999999
0.9388340000000001
0.93935
0.938694
0.936808
0.9356709999999999
0.935725
0.935212
0.933999
0.932177
0.929674
0.9274819999999999
0.928479
0.931616
0.933916
0.935373
0.9360620000000001
0.935883
0.9346709999999999
0.934149
0.9346190000000001
0.9343879999999999
0.9334020000000001
0.931765
0.9294129999999999
0.9278649999999999
0.929372
0.9322219999999999
0.9340370000000001
0.9350069999999999
0.935319
0.934958
