1.014151
1.013252
1.013686
1.01359
1.012734
1.0110780000000001
1.008535
1.0064170000000001
1.007414
1.010185
1.012049
1.0130629999999998
1.013217
1.0123879999999998
1.010453
1.009486
1.009922
1.009749
1.008661
1.0067270000000001
1.004042
1.0020440000000002
1.00325
1.0061719999999998
1.0081129999999998
1.009009
1.0089629999999998
1.0080799999999999
1.0063
1.005688
1.006716
1.0073219999999998
1.007074
1.005868
1.003601
1.001952
1.003296
1.006006
1.007754
1.008559
1.008529
1.007594
1.005539
1.0045469999999999
1.005231
1.005528
1.005072
1.003901
1.00196
1.001274
1.003672
1.006791
1.00845
1.0087059999999999
1.007818
1.005847
1.002697
1.000648
1.0002520000000001
0.9993860000000001
0.997784
0.995585
0.992751
0.9916360000000001
0.9938610000000001
0.996782
0.998534
0.9991399999999999
0.998635
0.9969889999999999
0.9942
0.992497
0.99226
0.991323
0.9894639999999999
0.986798
0.983369
0.982009
0.984233
0.987129
0.989085
0.990182
0.9904370000000001
0.9896719999999999
0.989732
0.990873
0.9911549999999999
0.9905010000000001
0.9890770000000001
0.986885
0.984726
0.985657
0.988693
0.9905450000000001
0.991398
0.9915450000000001
0.991025
0.9898020000000001
0.989826
0.991341
0.992274
0.9923120000000001
0.9914629999999999
0.9897020000000001
0.988317
0.9899129999999999
0.9930540000000001
0.994976
0.995792
0.9956649999999999
0.9946950000000001
0.992915
0.992361
0.9933770000000001
0.9939690000000001
0.993894
0.9931450000000001
0.991606
0.99092
0.993124
0.996351
0.998391
0.999274
0.9990959999999999
0.997833
0.995297
0.993559
0.9932629999999999
0.9925379999999999
0.99108
0.9889209999999999
0.9860459999999999
0.98419
0.985366
0.9876
0.988658
0.988699
0.9879870000000001
0.9864649999999999
0.9838469999999999
0.982218
0.982067
0.981301
0.9796889999999999
0.9774440000000001
0.974571
0.9734379999999999
0.9756799999999999
0.9787680000000001
0.980959
0.9822559999999999
0.982658
0.981967
0.9820180000000001
0.983268
0.983929
0.9838129999999999
0.9830620000000001
0.98165
0.979769
0.9808180000000001
0.984502
0.987202
0.9888549999999999
0.989665
0.989656
0.9886780000000001
0.988534
0.9895430000000001
0.9898
0.989108
0.9876809999999999
0.985509
0.983039
0.983467
0.9861629999999999
0.987764
0.988408
0.988431
0.987867
0.9865309999999999
0.986333
0.987612
0.9883350000000001
0.988152
0.9870270000000001
0.98493
0.983175
0.984452
0.987392
0.9892110000000001
0.9900469999999999
0.990059
0.989188
0.987345
0.986498
0.987038
0.987075
0.9863790000000001
0.9849530000000001
0.982642
0.9804379999999999
0.981031
0.98329
0.9845200000000001
0.984828
0.9843059999999999
0.9829129999999999
0.9804649999999999
0.9789
0.978734
0.9782190000000001
0.977168
0.975557
0.973311
0.972244
0.9743950000000001
0.977751
0.980066
0.981308
0.9815280000000001
0.980743
0.980778
0.9819
0.982352
0.981993
0.9809049999999999
0.979151
0.9767549999999999
0.9773709999999999
0.981107
0.9841059999999999
0.9861549999999999
0.987302
0.9874639999999999
0.9864940000000001
0.986176
0.986994
0.987296
0.9868120000000001
0.985554
0.983516
0.9805280000000001
0.980397
0.983392
0.9856370000000001
0.987058
0.987821
0.9879680000000001
0.9873370000000001
0.9876370000000001
0.9891540000000001
0.9899819999999999
0.9898530000000001
0.9889129999999999
0.98719
0.985085
0.985985
0.98945
0.991956
0.9935149999999999
0.994403
0.9946200000000001
0.993909
0.9940389999999999
0.9954069999999999
0.9961540000000001
0.995958
0.994827
0.9926790000000001
0.989834
0.9899379999999999
0.9927299999999999
0.99455
0.9953690000000001
0.995296
0.9942209999999999
0.9920200000000001
0.990735
0.99085
0.990489
0.989424
0.9877020000000001
0.985209
0.982733
0.9832280000000001
0.985817
0.9875290000000001
0.9883870000000001
0.9883790000000001
0.9873709999999999
0.985251
0.983974
0.9840450000000001
0.9837790000000001
0.98301
0.981706
0.979758
0.9781350000000001
0.9796809999999999
0.983248
0.985733
0.9870559999999999
0.9873299999999999
0.9866440000000001
0.9849399999999999
0.98416
0.984823
0.985099
0.984613
0.98334
0.981348
0.9798290000000001
0.9815860000000001
0.985469
0.988542
0.990684
0.991857
0.991922
0.992554
0.9940690000000001
0.9948610000000001
0.994792
0.993914
0.99229
0.9899
0.9898299999999999
0.9928459999999999
0.9957809999999999
0.9978379999999999
0.99902
0.9993290000000001
0.998706
0.99698
0.9961049999999999
0.996502
0.996186
0.994908
0.992841
0.989926
0.9877610000000001
0.988707
0.9910100000000001
0.992237
0.9924780000000001
0.991973
0.990711
0.9904729999999999
0.991613
0.992273
0.9920620000000001
0.9909129999999999
0.988776
0.985655
0.985234
0.987883
0.9897879999999999
0.9905149999999999
0.9902270000000001
0.988923
0.986502
0.9847950000000001
0.984281
0.983317
0.981735
0.9796959999999999
0.9772129999999999
0.974057
0.973727
0.976392
0.9781850000000001
0.978922
0.978825
0.9779549999999999
0.976309
0.9757870000000001
0.9767020000000001
0.977197
0.977151
0.976671
0.975663
0.975015
0.977527
0.9820770000000001
0.98559
0.988049
0.9895440000000001
0.990051
0.989525
0.9898239999999999
0.9912770000000001
0.9920709999999999
0.9920030000000001
0.991134
0.989489
0.987762
0.989094
0.9926959999999999
0.9952280000000001
0.996667
0.997073
0.996338
0.994273
0.9928879999999999
0.992825
0.9922979999999999
0.990984
0.988864
0.9859129999999999
0.9832350000000001
0.983547
0.9857610000000001
0.987157
0.987765
0.9876729999999999
0.986814
0.9868239999999999
0.9878629999999999
0.9881200000000001
0.987376
0.985778
0.983517
0.9806020000000001
0.979614
0.981685
0.984074
0.985534
0.986132
0.986028
0.9852280000000001
0.985297
0.9865440000000001
0.9874360000000001
0.987765
0.9875079999999999
0.986535
0.9845360000000001
0.9838309999999999
0.985875
0.988225
0.989566
0.990086
0.9899120000000001
0.988958
0.9890110000000001
0.990535
0.9918040000000001
0.992467
0.9924860000000001
0.991767
0.9900559999999999
0.9907969999999999
0.9943059999999999
0.996964
0.9986360000000001
0.999495
0.999391
0.9980829999999999
0.9973719999999999
0.9976860000000001
0.997358
0.996353
0.994859
0.992823
0.990034
0.990218
0.993506
0.995843
0.9969680000000001
0.9969459999999999
0.9957790000000001
0.993482
0.9919680000000001
0.991706
0.991024
0.989699
0.987663
0.984825
0.9814
0.9811540000000001
0.984009
0.986233
0.9877879999999999
0.988708
0.988823
0.987886
0.9876219999999999
0.98844
0.9887030000000001
0.9882270000000001
0.987029
0.985102
0.9825280000000001
0.982965
0.986376
0.989038
0.9908809999999999
0.9919459999999999
0.992189
0.993245
0.995367
0.9969110000000001
0.9976219999999999
0.997533
0.996708
0.9950600000000001
0.994072
0.99572
0.998368
0.999967
1.000607
1.000514
0.999758
0.998187
0.99759
0.998376
0.9987020000000001
0.9981959999999999
0.996801
0.994398
0.991641
0.992024
0.995034
0.9972719999999999
0.998693
0.9993540000000001
0.9990549999999999
0.9994350000000001
1.000923
1.001927
1.00222
1.001838
1.000783
0.9989389999999999
0.9985120000000001
1.00086
1.003501
1.004942
1.005376
1.004895
1.003416
1.002607
1.0028110000000001
1.002412
1.00125
0.99949
0.9971399999999999
0.993999
0.992224
0.9935069999999999
0.9955510000000001
0.996625
0.9967290000000001
0.995965
0.9944059999999999
0.9938299999999999
0.9945
0.9946510000000001
0.994094
0.992898
0.9910760000000001
0.9886469999999999
0.9889479999999999
0.9924959999999999
0.995777
0.998168
0.99972
1.000315
0.999758
0.999713
1.0006030000000001
1.000931
1.000561
0.99955
0.997921
0.9955219999999999
0.9951200000000001
0.997676
1.000292
1.002081
1.0031379999999999
1.003468
1.002917
1.003124
1.0043600000000001
1.0048270000000001
1.004214
1.002585
1.0000959999999999
0.996765
0.996265
0.9990319999999999
1.001326
1.002764
1.003439
1.003354
1.002362
1.002225
1.0033239999999999
1.0039069999999999
1.003736
1.002843
1.0011510000000001
0.998518
0.9988040000000001
1.0022149999999999
1.004684
1.0059559999999999
1.006203
1.005473
1.00373
1.002907
1.003533
1.003863
1.0035610000000001
1.0025959999999998
1.000861
0.9981120000000001
0.997791
1.000329
1.002148
1.003004
1.0030700000000001
1.002286
1.000527
0.9995780000000001
0.999771
0.99934
0.998173
0.996468
0.994265
0.991562
0.992175
0.996031
0.9989870000000001
1.000817
1.001531
1.001099
0.99955
0.998826
0.999384
0.9995120000000001
0.998969
0.9977219999999999
0.995717
0.993258
0.993927
0.99739
0.999919
1.00149
1.0022149999999999
1.0020229999999999
1.002513
1.003955
1.004766
1.00474
1.0038280000000002
1.002006
0.999294
0.997764
0.9991620000000001
1.0014809999999998
1.002992
1.0036530000000001
1.003433
1.002276
1.001845
1.002391
1.002265
1.001326
0.9997739999999999
0.9977940000000001
0.995276
0.9944709999999999
0.996661
0.999229
1.000658
1.001031
1.0006110000000001
0.999532
0.99956
1.00106
1.0023360000000001
1.003024
1.002985
1.00207
1.000052
0.9996799999999999
1.0021639999999998
1.004751
1.0064520000000001
1.0074379999999998
1.0077040000000002
1.006994
1.00692
1.0078799999999999
1.008225
1.007728
1.006509
1.004648
1.002019
1.001459
1.0038559999999999
1.006152
1.007443
1.0077969999999998
1.007109
1.005211
1.003982
1.003935
1.0034450000000001
1.0024600000000001
1.001107
0.999238
0.99656
0.996582
0.9996079999999999
1.001839
1.00295
1.003082
1.002306
1.00066
0.999978
1.000602
1.0007780000000002
1.0002440000000001
0.9989540000000001
0.9968459999999999
0.9939180000000001
0.9938610000000001
0.99715
1.0001209999999998
1.0023440000000001
1.003765
1.004173
1.003326
1.002956
1.003558
1.003627
1.0030379999999999
1.001827
0.999976
0.997317
0.9974040000000001
1.000536
1.002984
1.004506
1.0052159999999999
1.0051299999999999
1.004192
1.004248
1.0056459999999998
1.0064549999999999
1.006321
1.0052889999999999
1.003312
1.000351
1.000205
1.002982
1.004876
1.005881
1.006235
1.00596
1.0048270000000001
1.004559
1.005516
1.005859
1.005272
1.00376
1.001307
0.998066
0.997934
1.0008489999999999
1.002805
1.003676
1.003549
1.0023469999999999
1.0000069999999999
0.998616
0.998801
0.998807
0.998351
0.9974
0.9957590000000001
0.993447
0.993928
0.996892
0.998649
0.9993290000000001
0.999186
0.998243
0.9982340000000001
0.9994129999999999
0.9999870000000001
0.9997
0.9986649999999999
0.996949
0.994511
0.9935219999999999
0.99565
0.9986219999999999
1.000641
1.0016399999999999
1.0016459999999998
1.000692
1.0004629999999999
1.001168
1.001152
1.000349
0.9989399999999999
0.997007
0.994541
0.994059
0.9966520000000001
0.9995059999999999
1.001303
1.002145
1.002091
1.0010860000000001
1.00088
1.0018690000000001
1.0024440000000001
1.0023739999999999
1.0016200000000002
1.000146
0.9977889999999999
0.997547
1.000158
1.0025620000000002
1.0042200000000001
1.005299
1.005784
1.0054459999999998
1.005819
1.007075
1.007406
1.0065790000000001
1.004781
1.002255
0.999007
0.998274
1.00075
1.003013
1.004292
1.004645
1.004114
1.002576
1.001798
1.002245
1.00226
1.001622
1.000315
0.9981909999999999
0.995049
0.994714
0.997431
0.9992479999999999
1.000041
1.000071
0.999383
0.9978610000000001
0.997383
0.998375
0.99897
0.9988090000000001
0.997891
0.996144
0.9933700000000001
0.993347
0.9963139999999999
0.9984219999999999
0.999664
1.000174
0.999828
0.998468
0.9978819999999999
0.998453
0.998484
0.997898
0.996869
0.995351
0.9932290000000001
0.994252
0.9983190000000001
1.001303
1.0030459999999999
1.003741
1.0035399999999999
1.00241
1.0021930000000001
1.003315
1.004
1.003941
1.003104
1.0015100000000001
0.9994629999999999
1.000515
1.004365
1.007317
1.009351
1.010524
1.0106870000000001
1.009594
1.009105
1.009743
1.009733
1.008836
1.0071860000000001
1.004816
1.002005
1.002322
1.005557
1.008035
1.009572
1.010211
1.009896
1.008438
1.007678
1.008055
1.007751
1.006577
1.004705
1.002118
0.999031
0.9989680000000001
1.001592
1.003175
1.003706
1.0034399999999999
1.002426
1.002348
1.003509
1.004211
1.0041309999999999
1.00321
1.001391
0.998653
0.997168
0.9986950000000001
1.001034
1.002373
1.002781
1.002313
1.000932
1.0004170000000001
1.0011510000000001
1.001471
1.0011780000000001
1.00039
0.9991190000000001
0.9971629999999999
0.99692
0.999527
1.002285
1.004006
1.004838
1.004845
1.0040229999999999
1.0041639999999998
1.005559
1.0064620000000002
1.006761
1.006566
1.0058120000000002
1.0043309999999999
1.005314
1.009255
1.012641
1.01485
1.015981
1.016071
1.01511
1.0148780000000002
1.0156889999999998
1.01581
1.0150370000000002
1.0134299999999998
1.011044
1.007876
1.007408
1.010117
1.012399
1.013752
1.014217
1.01369
1.011941
1.010683
1.010359
1.0094
1.007694
1.005307
1.002248
0.9983709999999999
0.997417
0.999561
1.000945
1.001542
1.0015180000000001
1.000859
0.999397
0.9969020000000001
0.993281
0.9885360000000001
0.982701
0.9788889999999999
0.977649
0.975809
0.972727
0.968577
0.9682540000000001
0.9721639999999999
0.975493
0.977823
0.9791200000000001
0.979189
0.977978
0.975517
0.9717100000000001
0.9694159999999999
0.968938
0.9672440000000001
0.964242
0.960426
0.95995
0.9637680000000001
0.967543
0.969749
0.9702280000000001
0.969124
0.966525
0.9623120000000001
0.956467
0.9520569999999999
0.949701
0.9466030000000001
0.9424899999999999
0.9376120000000001
0.9360709999999999
0.938636
0.940807
0.941321
0.9404030000000001
0.938448
0.935682
0.9321309999999999
0.927741
0.925377
0.925465
0.9251370000000001
0.923998
0.9219620000000001
0.923266
0.9280149999999999
0.931428
0.933176
0.9336770000000001
0.9332459999999999
0.932019
0.929873
0.926524
0.9246489999999999
0.924927
0.924818
0.9239040000000001
0.922056
0.9228290000000001
0.926801
0.929731
0.930586
0.9296760000000001
0.927318
0.923694
0.918723
0.9122709999999999
0.907399
0.9048229999999999
0.901818
0.8981450000000001
0.8944350000000001
0.894684
0.898117
0.900208
0.900853
0.9002610000000001
0.898425
0.895143
0.8900959999999999
0.88608
0.8838739999999999
0.8809809999999999
0.877252
0.872891
0.872257
0.875345
0.8774620000000001
0.878279
0.877921
0.8765270000000001
0.8741530000000001
0.870641
0.8657379999999999
0.8622059999999999
0.8607290000000001
0.858836
0.8563129999999999
0.8534809999999999
0.854058
0.857226
0.85846
0.8578610000000001
0.8561040000000001
0.853664
0.850614
0.846809
0.8422219999999999
0.8399200000000001
0.840399
0.840601
0.839902
0.839776
0.8428760000000001
0.847366
0.850225
0.8516020000000001
0.8519389999999999
0.8514010000000001
0.8498100000000001
0.8469030000000001
0.8426040000000001
0.8401379999999999
0.840307
0.840253
0.839407
0.839576
0.8432709999999999
0.848306
0.851719
0.853561
0.8542219999999999
0.853757
0.8518819999999999
0.848349
0.84311
0.8394729999999999
0.8383200000000001
0.8367190000000001
0.834043
0.832393
0.8342280000000001
0.837332
0.839194
0.8399129999999999
0.839612
0.838144
0.835325
0.83111
0.8283530000000001
0.827533
0.825907
0.823103
0.8200040000000001
0.820212
0.822947
0.8245379999999999
0.824973
0.8244670000000001
0.8230270000000001
0.820526
0.816815
0.81184
0.8084899999999999
0.807559
0.806457
0.804504
0.802551
0.8038109999999999
0.807121
0.808975
0.809441
0.808867
0.807462
0.805283
0.80228
0.798409
0.7965180000000001
0.796983
0.796714
0.795074
0.794249
0.796764
0.8004899999999999
0.802976
0.8043819999999999
0.8049850000000001
0.804886
0.8039390000000001
0.801862
0.801268
0.802586
0.80304
0.802188
0.801079
0.803018
0.806992
0.809616
0.810933
0.811094
0.810106
0.807959
0.804578
0.7999649999999999
0.7971229999999999
0.7967
0.7959579999999999
0.79443
0.793679
0.796327
0.800475
0.802992
0.803819
0.803188
0.801309
0.798329
0.794229
0.789
0.785547
0.784373
0.782736
0.7803329999999999
0.7791279999999999
0.781683
0.786064
0.789492
0.791872
0.793301
0.79369
0.7927270000000001
0.790045
0.788062
0.787397
0.7857390000000001
0.782831
0.778978
0.778328
0.78101
0.78304
0.7843100000000001
0.784972
0.785165
0.784848
0.783755
0.7815449999999999
0.780555
0.781101
0.780656
0.778945
0.7770279999999999
0.778058
0.780953
0.782438
0.78282
0.78266
0.782217
0.781406
0.779999
0.777841
0.777519
0.779335
0.780485
0.7804399999999999
0.780695
0.7840060000000001
0.788796
0.792092
0.793872
0.794439
0.7939229999999999
0.79225
0.789296
0.7850520000000001
0.782347
0.7818729999999999
0.7811020000000001
0.779526
0.7785979999999999
0.781148
0.785483
0.788362
0.789738
0.7899649999999999
0.7891239999999999
0.7870119999999999
0.7834180000000001
0.7807890000000001
0.779688
0.777894
0.775211
0.772095
0.7723720000000001
0.7758149999999999
0.778569
0.7805350000000001
0.781818
0.782328
0.781824
0.78009
0.777011
0.7749520000000001
0.774395
0.77317
0.771084
0.768583
0.7696109999999999
0.773826
0.777045
0.779162
0.78042
0.780859
0.780327
0.7786310000000001
0.775714
0.774207
0.774764
0.774953
0.7742
0.773073
0.775116
0.779718
0.783231
0.785667
0.78727
0.788083
0.787931
0.78646
0.783384
0.7812819999999999
0.7807270000000001
0.779251
0.77657
0.7741899999999999
0.775507
0.779401
0.78256
0.784838
0.7863
0.786904
0.786423
0.784542
0.7835949999999999
0.784104
0.783784
0.782375
0.779939
0.780465
0.784038
0.786518
0.787859
0.788293
0.787868
0.78659
0.7843899999999999
0.7811939999999999
0.779442
0.7796569999999999
0.779552
0.7787569999999999
0.777192
0.778746
0.783414
0.7868029999999999
0.788607
0.789034
0.788276
0.786432
0.783413
0.779197
0.776362
0.775521
0.774489
0.773066
0.771571
0.7738109999999999
0.7794260000000001
0.784118
0.7875810000000001
0.789903
0.79106
0.790836
0.78901
0.7855979999999999
0.783168
0.782288
0.780729
0.7782319999999999
0.775299
0.776015
0.780201
0.7837270000000001
0.786393
0.788375
0.789668
0.790003
0.788989
0.786331
0.784486
0.7840590000000001
0.7828350000000001
0.7805340000000001
0.777949
0.778688
0.782095
0.784528
0.785989
0.786696
0.786671
0.785841
0.784057
0.783573
0.784821
0.785563
0.7854899999999999
0.7845260000000001
0.785747
0.7900050000000001
0.793886
0.7962670000000001
0.7972279999999999
0.796879
0.7953
0.79264
0.788963
0.78661
0.7862279999999999
0.7858109999999999
0.785044
0.78384
0.785204
0.789724
0.7938390000000001
0.796612
0.798241
0.798752
0.798033
0.795982
0.79264
0.790567
0.790383
0.7898430000000001
0.788596
0.786702
0.7877850000000001
0.7922710000000001
0.796266
0.799129
0.800994
0.801979
0.802092
0.801072
0.798643
0.797196
0.797315
0.7968029999999999
0.795395
0.7931239999999999
0.793623
0.7975
0.800937
0.8032060000000001
0.804419
0.804659
0.803834
0.8016939999999999
0.7981590000000001
0.795905
0.795578
0.794846
0.7933319999999999
0.7909229999999999
0.791621
0.79567
0.798823
0.8007989999999999
0.801762
0.80177
0.800747
0.798547
0.7950659999999999
0.792764
0.792265
0.79145
0.7900229999999999
0.787814
0.78882
0.793154
0.796516
0.798798
0.8002319999999999
0.800804
0.80038
0.798854
0.79619
0.794837
0.795254
0.795034
0.793694
0.791212
0.791729
0.795523
0.798365
0.800058
0.800888
0.800967
0.80032
0.7988609999999999
0.7964979999999999
0.7957380000000001
0.797033
0.797814
0.797507
0.7960109999999999
0.797474
0.801936
0.80504
0.8067810000000001
0.807439
0.807107
0.805796
0.803387
0.799854
0.7979350000000001
0.798272
0.798403
0.797863
0.796622
0.79871
0.804016
0.808018
0.810363
0.8112020000000001
0.810766
0.80912
0.806108
0.801672
0.798469
0.797207
0.795686
0.793612
0.791022
0.7919430000000001
0.796335
0.799844
0.802185
0.803421
0.803523
0.802346
0.7997569999999999
0.79811
0.797876
0.796825
0.794747
0.7917810000000001
0.790617
0.792794
0.795691
0.797798
0.799204
0.800021
0.8001739999999999
0.799467
0.79767
0.7969310000000001
0.797633
0.797612
0.7966770000000001
0.794852
0.795014
0.798192
0.8011689999999999
0.802764
0.803373
0.803341
0.802711
0.801396
0.799309
0.7987850000000001
0.800216
0.8011689999999999
0.8011199999999999
0.799996
0.8013319999999999
0.805762
0.809477
0.811692
0.812703
0.81279
0.812044
0.810301
0.807304
0.805401
0.8052090000000001
0.804559
0.8030970000000001
0.800769
0.801085
0.804624
0.807633
0.809474
0.81034
0.810276
0.809215
0.8069350000000001
0.8032779999999999
0.800802
0.800184
0.799198
0.7975260000000001
0.7951050000000001
0.7956270000000001
0.799415
0.802466
0.80435
0.8053520000000001
0.805713
0.8053939999999999
0.804089
0.8015720000000001
0.800281
0.800812
0.800981
0.800453
0.79909
0.800477
0.805133
0.809191
0.812049
0.8138529999999999
0.814609
0.814128
0.812253
0.809087
0.80725
0.807325
0.807046
0.806016
0.80416
0.805361
0.810086
0.8142590000000001
0.817353
0.819506
0.8206709999999999
0.8206319999999999
0.8191470000000001
0.8160890000000001
0.813966
0.813403
0.812203
0.81004
0.80689
0.80686
0.8104060000000001
0.8134020000000001
0.815539
0.817005
0.817743
0.8175720000000001
0.81624
0.813552
0.811956
0.81193
0.811027
0.808886
0.805664
0.805459
0.808608
0.8109109999999999
0.811994
0.812135
0.8115439999999999
0.810247
0.808079
0.804918
0.803303
0.80374
0.8037270000000001
0.802743
0.8006479999999999
0.801582
0.80566
0.808545
0.810086
0.810446
0.809761
0.808042
0.805217
0.801347
0.799118
0.799114
0.798951
0.798244
0.797277
0.7998270000000001
0.805443
0.809846
0.812819
0.814604
0.81526
0.814607
0.812449
0.808774
0.806371
0.805996
0.805309
0.803932
0.802383
0.8044680000000001
0.809658
0.813839
0.816773
0.818554
0.8191229999999999
0.818379
0.816279
0.812771
0.8104899999999999
0.8100350000000001
0.808933
0.806846
0.8044939999999999
0.805736
0.810025
0.8133729999999999
0.815632
0.81692
0.8172149999999999
0.816388
0.814243
0.810639
0.808281
0.807891
0.807008
0.805175
0.8029390000000001
0.804052
0.807976
0.8107979999999999
0.81243
0.813036
0.812702
0.8113859999999999
0.808937
0.805261
0.802987
0.802606
0.8016260000000001
0.799782
0.797772
0.799139
0.803148
0.8059310000000001
0.807461
0.8080430000000001
0.807779
0.806541
0.804137
0.800521
0.798426
0.798376
0.797774
0.796158
0.794463
0.796093
0.800168
0.803098
0.804725
0.805272
0.8048350000000001
0.803375
0.800851
0.7997770000000001
0.800669
0.801153
0.800864
0.799716
0.801355
0.806071
0.809811
0.812076
0.8131470000000001
0.813196
0.812177
0.8099970000000001
0.8066220000000001
0.804653
0.804782
0.804758
0.804204
0.8030229999999999
0.805167
0.8106300000000001
0.814894
0.817579
0.818866
0.8188300000000001
0.817498
0.814959
0.811298
0.80915
0.809098
0.808724
0.8076760000000001
0.806095
0.808057
0.813396
0.817688
0.8207770000000001
0.8228559999999999
0.8239569999999999
0.823923
0.8224469999999999
0.819292
0.817046
0.81643
0.815113
0.8127
0.80924
0.8089430000000001
0.812133
0.814635
0.816231
0.8171149999999999
0.817347
0.8167760000000001
0.815086
0.812058
0.810243
0.8101109999999999
0.809196
0.807234
0.804465
0.804805
0.808062
0.810126
0.811064
0.811264
0.810891
0.809867
0.808013
0.805246
0.80418
0.805265
0.805884
0.805484
0.80423
0.806001
0.810613
0.813962
0.8158989999999999
0.816689
0.816443
0.815141
0.8127770000000001
0.8094060000000001
0.807747
0.808384
0.808771
0.80838
0.8075479999999999
0.8100189999999999
0.815258
0.819094
0.8214090000000001
0.822536
0.8225690000000001
0.821391
0.81888
0.8149649999999999
0.812405
0.811923
0.811028
0.809267
0.807349
0.80902
0.813632
0.817249
0.819675
0.820981
0.821204
0.820367
0.8183159999999999
0.814822
0.8124859999999999
0.8119149999999999
0.8107
0.8085760000000001
0.806207
0.807351
0.811445
0.81453
0.816479
0.817408
0.81731
0.8160689999999999
0.813495
0.809551
0.80704
0.8065319999999999
0.805443
0.8033899999999999
0.801089
0.802248
0.806279
0.809322
0.811253
0.812275
0.8124279999999999
0.811555
0.809423
0.8059189999999999
0.803737
0.8033710000000001
0.802283
0.800242
0.798412
0.800153
0.804399
0.807523
0.809425
0.810405
0.810556
0.8097260000000001
0.807714
0.804404
0.802534
0.802642
0.802042
0.80023
0.7985979999999999
0.800451
0.8044789999999999
0.807242
0.808606
0.808841
0.808161
0.806606
0.804037
0.8002739999999999
0.798072
0.798038
0.79751
0.795988
0.795018
0.797407
0.801417
0.803988
0.805198
0.805269
0.804225
0.8020430000000001
0.798646
0.796614
0.796567
0.7961630000000001
0.795144
0.7937890000000001
0.795998
0.8014560000000001
0.805801
0.808728
0.810294
0.810483
0.809299
0.806792
0.802913
0.800184
0.799257
0.797882
0.795856
0.793694
0.795331
0.800272
0.8041689999999999
0.80683
0.808466
0.809164
0.8087810000000001
0.8070350000000001
0.803844
0.802013
0.802122
0.801549
0.799848
0.797841
0.799262
0.8034560000000001
0.806609
0.808629
0.809787
0.810247
0.8098920000000001
0.810596
0.812495
0.813342
0.812841
0.811184
0.809886
0.811453
0.814489
0.8163729999999999
0.81707
0.8167409999999999
0.81557
0.815408
0.816587
0.817333
0.8173189999999999
0.816651
0.8154779999999999
0.815371
0.818271
0.8222709999999999
0.824844
0.825966
0.825903
0.8248840000000001
0.824659
0.825625
0.826383
0.8269
0.8273389999999999
0.827699
0.828002
0.8314030000000001
0.8375049999999999
0.8424219999999999
0.845807
0.847815
0.8487979999999999
0.849181
0.850592
0.853075
0.854894
0.8557790000000001
0.8559469999999999
0.855615
0.854727
0.856524
0.86092
0.864297
0.866655
0.868259
0.869239
0.869502
0.870352
0.8719110000000001
0.8726360000000001
0.8723059999999999
0.871036
0.869009
0.8668870000000001
0.8674379999999999
0.8699870000000001
0.871655
0.8726799999999999
0.873447
0.8740190000000001
0.8740690000000001
0.874884
0.87661
0.8775729999999999
0.8776379999999999
0.877099
0.876044
0.8749020000000001
0.876316
0.8796430000000001
0.8820879999999999
0.883899
0.885423
0.8866149999999999
0.8885850000000001
0.8913559999999999
0.8935270000000001
0.895021
0.89602
0.896547
0.8963549999999999
0.896069
0.898175
0.901882
0.904703
0.906781
0.908302
0.9091940000000001
0.9106989999999999
0.913127
0.9153209999999999
0.917216
0.9188940000000001
0.9201950000000001
0.9206780000000001
0.920459
0.922422
0.9262610000000001
0.929242
0.9316459999999999
0.933638
0.93504
0.93563
0.9368860000000001
0.9391360000000001
0.9409489999999999
0.942167
0.9427040000000001
0.942326
0.9408569999999999
0.9412010000000001
0.9446
0.948325
0.951282
0.95334
0.954375
0.954198
0.9542879999999999
0.955099
0.9552950000000001
0.9546680000000001
0.953225
0.9510350000000001
0.948097
0.946578
0.9482459999999999
0.951011
0.953059
0.9541129999999999
0.953968
0.9524870000000001
0.9513360000000001
0.951142
0.950558
0.9492729999999999
0.947259
0.9445180000000001
0.941034
0.939167
0.9408350000000001
0.9438709999999999
0.946419
0.94831
0.9494530000000001
0.951091
0.9534450000000001
0.955209
0.956234
0.956635
0.956414
0.9554969999999999
0.953866
0.954817
0.958858
0.962622
0.9655940000000001
0.9678469999999999
0.9693450000000001
0.971405
0.974398
0.977067
0.979042
0.9801770000000001
0.9803700000000001
0.9796040000000001
0.9779479999999999
0.9787110000000001
0.982505
0.986041
0.988691
0.990453
0.991384
0.991567
0.9926389999999999
0.9948520000000001
0.9965629999999999
0.9974860000000001
0.9976229999999999
0.996972
0.995483
0.995757
0.999301
1.003473
1.006642
1.008683
1.009585
1.009257
1.0093239999999999
1.010299
1.010742
1.010416
1.009409
1.007855
1.0057049999999998
1.00447
1.0061069999999999
1.00876
1.0101870000000002
1.010481
1.0097610000000001
1.007994
1.006785
1.00651
1.005658
1.004077
1.002031
0.999654
0.996841
0.994978
0.996339
0.999318
1.001379
1.002445
1.002533
1.0016100000000001
1.001365
1.002216
1.002687
1.002641
1.0021579999999999
1.001203
0.999656
0.9990129999999999
1.001456
1.005364
1.0084440000000001
1.010679
1.01205
1.012437
1.013364
1.015202
1.0165799999999998
1.017343
1.017448
1.016808
1.015317
1.014404
1.016324
1.019656
1.022155
1.023772
1.024481
1.0241879999999999
1.024562
1.025944
1.026716
1.0266520000000001
1.025847
1.024443
1.022374
1.02148
1.023575
1.026594
1.028512
1.0293
1.029123
1.028065
1.026091
1.025254
1.02609
1.026691
1.026629
1.025767
1.023995
1.021563
1.022216
1.025696
1.028119
1.029449
1.029823
1.02921
1.027631
1.027194
1.028311
1.028959
1.02877
1.027744
1.025815
1.022864
1.022589
1.025316
1.0272700000000001
1.02816
1.028043
1.0269540000000001
1.0248620000000002
1.023673
1.0238530000000001
1.023717
1.023072
1.021886
1.020094
1.01758
1.017993
1.021414
1.023807
1.024992
1.025316
1.0249219999999999
1.0237129999999999
1.023616
1.025053
1.026066
1.0263010000000001
1.0258530000000001
1.024792
1.0229840000000001
1.024208
1.028516
1.0318479999999999
1.034043
1.035168
1.0352
1.034092
1.033875
1.034977
1.0354940000000001
1.035215
1.034217
1.032414
1.029662
1.0299479999999999
1.033488
1.036149
1.037775
1.038557
1.038459
1.037274
1.036891
1.037666
1.037672
1.036734
1.0349469999999998
1.032273
1.02882
1.0283639999999998
1.0307819999999999
1.0322360000000002
1.032849
1.032844
1.032174
1.030684
1.030254
1.03115
1.031315
1.030414
1.02854
1.025811
1.022414
1.022002
1.024381
1.025723
1.0260200000000002
1.0254729999999999
1.02421
1.022181
1.0212700000000001
1.021865
1.0220870000000002
1.021641
1.020463
1.018408
1.015711
1.0158909999999999
1.018704
1.0205540000000002
1.021426
1.021513
1.020799
1.019073
1.018319
1.019103
1.019557
1.0193860000000001
1.018617
1.017191
1.015893
1.017679
1.0215450000000001
1.024257
1.025822
1.0264659999999999
1.02616
1.0246879999999998
1.0241149999999999
1.0248979999999999
1.024997
1.024183
1.022633
1.020365
1.018578
1.020052
1.0234860000000001
1.0259280000000002
1.0273079999999999
1.027642
1.026861
1.024926
1.023966
1.024363
1.024038
1.022751
1.020569
1.0175020000000001
1.0150430000000001
1.015962
1.018781
1.020657
1.021608
1.021692
1.02075
1.018549
1.0171219999999999
1.016991
1.016313
1.014875
1.012694
1.009771
1.0075450000000001
1.008534
1.011216
1.013015
1.014014
1.01426
1.0136690000000002
1.0120639999999999
1.011444
1.012183
1.012205
1.011301
1.009678
1.00736
1.0060149999999999
1.007923
1.011279
1.0136459999999998
1.0150649999999999
1.015733
1.0156020000000001
1.014376
1.0141129999999998
1.0153159999999999
1.015906
1.0155370000000001
1.0141930000000001
1.011789
1.010556
1.012541
1.0154590000000001
1.0172780000000001
1.018102
1.017996
1.0168110000000001
1.01443
1.013262
1.013887
1.014119
1.013659
1.012515
1.010497
1.0099799999999999
1.012468
1.015209
1.016556
1.016767
1.015988
1.0141360000000001
1.013192
1.0135319999999999
1.01321
1.012092
1.01042
1.008238
1.005852
1.006752
1.010443
1.013059
1.0144360000000001
1.014634
1.013544
1.0110780000000001
1.009303
1.008715
1.007522
1.005633
1.003203
1.000191
0.997194
0.99754
1.000522
1.002636
1.003893
1.004429
1.004181
1.002975
1.002723
1.0038280000000002
1.004443
1.004316
1.0033450000000002
1.0013969999999999
0.999791
1.001131
1.004071
1.0061
1.007382
1.0079690000000001
1.007736
1.006489
1.00621
1.0072709999999998
1.007624
1.006952
1.0053450000000002
1.002917
1.001371
1.002902
1.005687
1.007301
1.007693
1.006964
1.005236
1.0024600000000001
1.000859
1.001039
1.000958
1.000253
0.9988379999999999
0.9965620000000001
0.9957440000000001
0.9979610000000001
1.000752
1.002497
1.0032729999999999
1.003185
1.0021309999999999
0.999865
0.99861
0.9990129999999999
0.999007
0.9982549999999999
0.996826
0.9946729999999999
0.993977
0.996445
0.9996200000000001
1.0016459999999998
1.0027059999999999
1.002888
1.002
0.9998299999999999
0.9986200000000001
0.9989379999999999
0.998778
0.997972
0.996547
0.994288
0.9933129999999999
0.9954709999999999
0.9984059999999999
1.000153
1.000785
1.0003799999999998
0.9989370000000001
0.9985459999999999
0.999624
1.000199
1.0000069999999999
0.999058
0.9972209999999999
0.994892
0.995685
0.9992479999999999
1.001944
1.003736
1.004733
1.004796
1.003714
1.0033450000000002
1.004006
1.0038719999999999
1.0029350000000001
1.0013940000000001
0.99923
0.9969899999999999
0.997862
1.001066
1.003167
1.00429
1.004602
1.004076
1.002679
1.002458
1.0037639999999999
1.004529
1.004345
1.003066
1.0005959999999998
0.9982129999999999
0.998692
1.000776
1.001731
1.0017209999999999
1.000911
0.999347
0.9969889999999999
0.9958
0.996131
0.9960040000000001
0.995087
0.9933209999999999
0.990619
0.9883709999999999
0.9890909999999999
0.991382
0.9926659999999999
0.9928540000000001
0.991979
0.9900399999999999
0.986925
0.984784
0.984308
0.983649
0.982512
0.9808870000000001
0.9787049999999999
0.9779370000000001
0.980333
0.9836020000000001
0.985685
0.9866729999999999
0.986807
0.986075
0.986302
0.987808
0.988675
0.9885809999999999
0.9876219999999999
0.9860129999999999
0.98398
0.985145
0.9893780000000001
0.992857
0.995448
0.997192
0.9980040000000001
0.997674
0.998008
0.9994620000000001
1.000268
1.000204
0.999408
0.997876
0.995677
0.9963700000000001
0.9997959999999999
1.002197
1.003559
1.004162
1.004103
1.003234
1.001312
1.000518
1.0012459999999999
1.00127
1.000318
0.998374
0.9952479999999999
0.993898
0.9956709999999999
0.997567
0.998468
0.99866
0.998166
0.9967090000000001
0.9960959999999999
0.9966459999999999
0.996375
0.994993
0.992561
0.9891629999999999
0.9854709999999999
0.985007
0.9872200000000001
0.988458
0.9886459999999999
0.9878530000000001
0.986009
0.9830909999999999
0.9810399999999999
0.9802569999999999
0.978988
0.977123
0.974748
0.971734
0.968875
0.969025
0.9712139999999999
0.9725290000000001
0.973068
0.9729629999999999
0.972267
0.972833
0.974841
0.976399
0.977391
0.977916
0.9778899999999999
0.9771850000000001
0.9792139999999999
0.984143
0.9881850000000001
0.990977
0.992664
0.993318
0.9930120000000001
0.991654
0.991179
0.9921110000000001
0.9926360000000001
0.9924729999999999
0.99166
0.990142
0.989609
0.9921639999999999
0.9958879999999999
0.998482
0.999951
1.000333
0.999458
0.9970180000000001
0.9952629999999999
0.994909
0.9938870000000001
0.9918450000000001
0.9888620000000001
0.9849700000000001
0.982877
0.984139
0.986157
0.9875219999999999
0.988259
0.988267
0.9872110000000001
0.9866719999999999
0.9868469999999999
0.9858790000000001
0.9836940000000001
0.980665
0.9769680000000001
0.972499
0.970995
0.972692
0.973668
0.973721
0.973066
0.9717600000000001
0.969671
0.968549
0.968843
0.9688969999999999
0.9684649999999999
0.967485
0.965736
0.963356
0.963835
0.966883
0.968908
0.9700059999999999
0.970419
0.9701280000000001
0.970866
0.9730620000000001
0.975086
0.9766540000000001
0.977769
0.9783700000000001
0.978251
0.979851
0.98415
0.9883120000000001
0.9912139999999999
0.993101
0.994042
0.9938959999999999
0.992506
0.9917549999999999
0.9920950000000001
0.991841
0.990923
0.989424
0.9872
0.9857040000000001
0.9873850000000001
0.990582
0.9926870000000001
0.993693
0.9937159999999999
0.9927549999999999
0.9906159999999999
0.989342
0.989392
0.988718
0.9869979999999999
0.9842860000000001
0.9807170000000001
0.9785209999999999
0.9796100000000001
0.98182
0.983238
0.9838790000000001
0.983635
0.982248
0.981323
0.98121
0.980398
0.978849
0.9767020000000001
0.9740270000000001
0.970722
0.9695969999999999
0.9714790000000001
0.9733729999999999
0.974366
0.974476
0.9737540000000001
0.972193
0.971504
0.9720559999999999
0.972251
0.971875
0.970968
0.96955
0.9674309999999999
0.968031
0.971686
0.974719
0.9768120000000001
0.97815
0.978857
0.978873
0.97996
0.982452
0.9844959999999999
0.985713
0.9860479999999999
0.9854200000000001
0.984032
0.9855870000000001
0.9899479999999999
0.993332
0.995635
0.9969899999999999
0.997332
0.996501
0.9964149999999999
0.997575
0.9981629999999999
0.9978670000000001
0.9967239999999999
0.99469
0.991975
0.992014
0.994434
0.9956200000000001
0.995708
0.994925
0.993246
0.9905719999999999
0.9888370000000001
0.9884229999999999
0.987468
0.985848
0.9836940000000001
0.980965
0.9784649999999999
0.979191
0.982194
0.98421
0.985124
0.9849620000000001
0.983706
0.983138
0.983599
0.9834729999999999
0.982684
0.981382
0.979565
0.977181
0.9762629999999999
0.9784360000000001
0.9814860000000001
0.98362
0.984875
0.985274
0.9847360000000001
0.984807
0.9857100000000001
0.985908
0.985348
0.9841260000000001
0.982182
0.9793799999999999
0.978007
0.9794889999999999
0.981489
0.982734
0.98344
0.9837040000000001
0.983434
0.9842489999999999
0.9863149999999999
0.987772
0.9882780000000001
0.987878
0.98669
0.984641
0.98498
0.9881530000000001
0.990712
0.992243
0.9928889999999999
0.992733
0.9917239999999999
0.991553
0.992548
0.9930530000000001
0.9928790000000001
0.9920530000000001
0.9904780000000001
0.9878870000000001
0.987575
0.990175
0.9922270000000001
0.993202
0.993265
0.9924209999999999
0.990452
0.989129
0.989036
0.988597
0.9875959999999999
0.986075
0.984001
0.981174
0.9813219999999999
0.9845229999999999
0.986877
0.988466
0.9894360000000001
0.989599
0.9886959999999999
0.988507
0.989453
0.989849
0.989611
0.9888680000000001
0.9874809999999999
0.9851850000000001
0.9856809999999999
0.989289
0.992134
0.9939180000000001
0.994708
0.994517
0.9933569999999999
0.993057
0.9940469999999999
0.99467
0.9946299999999999
0.993783
0.991993
0.9892299999999999
0.9893649999999999
0.992706
0.9954290000000001
0.9973360000000001
0.998424
0.998498
0.9973540000000001
0.996801
0.997318
0.997286
0.9965129999999999
0.995031
0.992866
0.9901139999999999
0.9904940000000001
0.993967
0.996693
0.9985370000000001
0.9994870000000001
0.999459
1.000086
1.0016209999999999
1.0024110000000002
1.0022280000000001
1.0011430000000001
0.999276
0.996627
0.9947530000000001
0.995718
0.997883
0.999092
0.999398
0.999016
0.998015
0.997944
0.999016
0.999619
0.999498
0.998591
0.996808
0.9939870000000001
0.9920389999999999
0.9930110000000001
0.995029
0.996166
0.996501
0.996143
0.9950100000000001
0.994776
0.9959030000000001
0.9968520000000001
0.997376
0.997482
0.997108
0.9959950000000001
0.9964209999999999
0.9995649999999999
1.002752
1.0046709999999999
1.0055530000000001
1.005517
1.004473
1.00414
1.0048979999999998
1.0050709999999998
1.004451
1.0031940000000001
1.001372
0.9988670000000001
0.998346
1.0010059999999998
1.004001
1.00603
1.007049
1.0070219999999999
1.005883
1.00537
1.005776
1.00538
1.004073
1.002019
0.999308
0.996
0.995426
0.9982049999999999
1.000866
1.002684
1.003714
1.003863
1.002942
1.002653
1.003428
1.003718
1.003358
1.002349
1.0006469999999998
0.9980700000000001
0.9975639999999999
0.9999530000000001
1.002206
1.0036559999999999
1.004445
1.004604
1.004018
1.004316
1.005757
1.006573
1.006451
1.005443
1.00366
1.001044
1.000686
1.003455
1.006135
1.007838
1.008606
1.008466
1.007327
1.0069540000000001
1.007786
1.00816
1.007833
1.0068
1.004977
1.002243
1.002203
1.005339
1.007895
1.009368
1.009897
1.009482
1.008026
1.007447
1.008234
1.008573
1.008106
1.0068270000000001
1.0046899999999999
1.001533
1.0009860000000002
1.003412
1.005095
1.0058719999999999
1.0059049999999998
1.005132
1.0034399999999999
1.002628
1.003032
1.002877
1.002041
1.000674
0.9987520000000001
0.996125
0.9966139999999999
1.000226
1.002758
1.0039850000000001
1.003994
1.002865
1.000717
0.99955
0.9998370000000001
0.9998610000000001
0.9993489999999999
0.99823
0.996411
0.9940700000000001
0.994842
0.9984770000000001
1.001154
1.002821
1.003574
1.003333
1.003703
1.004953
1.005508
1.005196
1.004022
1.0020209999999998
0.9992620000000001
0.997761
0.999317
1.0019719999999999
1.00391
1.005064
1.005374
1.0047540000000001
1.0048350000000001
1.005841
1.0060950000000002
1.0054239999999999
1.004005
1.0020209999999998
0.9993860000000001
0.9982059999999999
0.9999610000000001
1.00227
1.003511
1.0038
1.003415
1.002484
1.002757
1.004551
1.0061149999999999
1.007058
1.007224
1.0064549999999999
1.004525
1.004111
1.006485
1.0089549999999998
1.010459
1.011164
1.011084
1.009996
1.009551
1.010182
1.010275
1.00963
1.008375
1.006576
1.0040719999999999
1.003599
1.006063
1.0084520000000001
1.009799
1.010175
1.009478
1.007544
1.006226
1.006018
1.005295
1.003998
1.002267
0.999984
0.996899
0.996441
0.999085
1.001205
1.002357
1.002667
1.002171
1.0008540000000001
1.000491
1.001382
1.0017559999999999
1.001339
1.0000790000000002
0.99792
0.994868
0.9945790000000001
0.9976079999999999
1.000366
1.002392
1.003664
1.0040040000000001
1.003199
1.002992
1.003876
1.004322
1.004173
1.00342
1.0019959999999999
0.9996940000000001
1.000022
1.003301
1.005827
1.0073370000000001
1.007958
1.0077200000000002
1.006583
1.006414
1.007577
1.008173
1.007881
1.006779
1.004837
1.001967
1.002009
1.0050940000000002
1.007309
1.0085899999999999
1.009133
1.0089350000000001
1.007762
1.0073450000000002
1.008061
1.008101
1.007182
1.005335
1.002566
0.998965
0.998531
1.0013
1.003198
1.0041010000000001
1.004097
1.003098
1.001009
0.999871
1.000269
1.000418
1.00001
0.999006
0.9972260000000001
0.994607
0.9947469999999999
0.9974850000000001
0.9990469999999999
0.999567
0.9993040000000001
0.9982780000000001
0.998215
0.9993700000000001
0.999967
0.999758
0.9988610000000001
0.997339
0.9951399999999999
0.9943549999999999
0.9966649999999999
0.999819
1.001945
1.002961
1.002894
1.001798
1.001382
1.001882
1.00167
1.0007
0.9991709999999999
0.997175
0.9947090000000001
0.9943280000000001
0.9970950000000001
1.00015
1.002192
1.003303
1.003515
1.002738
1.002692
1.003747
1.004282
1.004071
1.003098
1.0013610000000002
0.9987360000000001
0.9982719999999999
1.000713
1.002981
1.004559
1.005619
1.0061440000000001
1.005901
1.0064110000000002
1.00784
1.008376
1.0078790000000002
1.006631
1.004738
1.002025
1.001652
1.004342
1.006722
1.008089
1.008645
1.0084469999999999
1.007277
1.006853
1.0076459999999998
1.008011
1.007728
1.0067709999999999
1.004984
1.002159
1.001991
1.00485
1.006973
1.0081790000000002
1.008649
1.008297
1.00698
1.006615
1.007665
1.008322
1.00833
1.007715
1.006333
1.0039200000000001
1.004009
1.0070629999999998
1.009473
1.0109920000000001
1.011723
1.011536
1.010269
1.009708
1.010274
1.0103209999999998
1.009725
1.008566
1.006769
1.0041790000000002
1.004353
1.007623
1.010182
1.01158
1.011932
1.011336
1.0097459999999998
1.008996
1.009527
1.009602
1.0089290000000002
1.007484
1.0053020000000001
1.0023799999999998
1.002601
1.0060360000000002
1.0086469999999998
1.010319
1.01108
1.0108110000000001
1.0093219999999998
1.008504
1.0089290000000002
1.008864
1.008033
1.0065110000000002
1.004302
1.00148
1.001786
1.005214
1.007901
1.009662
1.010545
1.010499
1.009356
1.008964
1.009729
1.009781
1.008895
1.007255
1.00489
1.0020799999999999
1.002371
1.0054
1.0074040000000002
1.008324
1.0083870000000001
1.0076530000000001
1.0060129999999998
1.005423
1.0063010000000001
1.006661
1.006116
1.004632
1.002222
0.999657
1.0002389999999999
1.003208
1.005111
1.005952
1.005868
1.004856
1.00476
1.005951
1.006652
1.0065879999999998
1.005832
1.004415
1.002241
1.001572
1.0037
1.006114
1.007441
1.007803
1.00727
1.005874
1.005348
1.005932
1.005954
1.0053809999999999
1.004416
1.0030569999999999
1.001139
1.00125
1.004351
1.00746
1.009377
1.0101950000000002
1.0100639999999999
1.009088
1.0090860000000001
1.0103469999999999
1.011111
1.011131
1.010406
1.008956
1.006748
1.007064
1.010421
1.013372
1.0153860000000001
1.0165549999999999
1.0167959999999998
1.015862
1.015366
1.01566
1.0151540000000001
1.013738
1.01152
1.008569
1.00476
1.003449
1.005161
1.0064110000000002
1.006786
1.0064309999999999
1.005341
1.003332
1.0021309999999999
1.0395780000000001
1.117791
1.173131
1.188876
1.2060030000000002
1.25241
1.3073
1.3437
1.3666040000000002
1.398101
1.44256
1.4823879999999998
1.507503
1.527731
1.554431
1.5841690000000002
1.6069200000000001
1.621695
1.636149
1.653766
1.66973
1.679764
1.6914650000000002
1.709948
1.72995
1.747828
1.762845
1.778328
1.800684
1.8272669999999998
1.851146
1.87268
1.893189
1.912569
1.929789
1.9445310000000002
1.9573639999999999
1.9690580000000002
1.979899
1.989557
1.997872
2.00923
2.024339
2.038679
2.051294
2.06219
2.071387
2.078884
2.0848430000000002
2.0896310000000002
2.0975200000000003
2.1090240000000002
2.1198040000000002
2.129178
2.137239
2.143456
2.147145
2.14845
2.14805
2.14998
2.154936
2.159639
2.1641630000000003
2.16885
2.173229
2.176532
2.178401
2.1789009999999998
2.182259
2.1891990000000003
2.195341
2.200139
2.204097
2.20729
2.209525
2.2104150000000002
2.2095830000000003
2.211114
2.2154990000000003
2.218506
2.220087
2.22086
2.22092
2.220056
2.2181
2.215707
2.2166759999999996
2.219404
2.2190790000000002
2.216064
2.211045
2.2040759999999997
2.1951419999999997
2.184731
2.17327
2.164695
2.158922
2.151442
2.142057
2.1312439999999997
2.1189720000000003
2.1051889999999998
2.0903099999999997
2.076763
2.067816
2.060955
2.0523740000000004
2.0421139999999998
2.030231
2.016609
2.0012849999999998
1.9885810000000002
1.9791330000000003
1.968811
1.9574529999999999
1.9455209999999998
1.9330470000000002
1.9198560000000002
1.905893
1.892141
1.8818270000000001
1.8734490000000001
1.8631240000000002
1.851003
1.837382
1.822242
1.8091009999999998
1.798459
1.786864
1.7741900000000002
1.7607080000000002
1.7463090000000001
1.7308599999999998
1.714474
1.6987169999999998
1.6862979999999999
1.675355
1.6627669999999999
1.648771
1.6335600000000001
1.616963
1.602961
1.592214
1.580699
1.567986
1.554345
1.539826
1.525047
1.51411
1.506251
1.497167
1.4868709999999998
1.475368
1.4623629999999999
1.44767
1.431338
1.41781
1.407555
1.396101
1.383275
1.3696110000000001
1.356459
1.347341
1.34035
1.331294
1.3204690000000001
1.307971
1.293474
1.27696
1.258865
1.239536
1.223592
1.211355
1.197991
1.183155
1.168971
1.158811
1.150037
1.138709
1.125521
1.111002
1.095148
1.077998
1.059775
1.040584
1.025045
1.013299
1.000137
0.986
0.976339
0.9698620000000001
0.9607950000000001
0.9495610000000001
0.936933
0.9229620000000001
0.907472
0.8906200000000001
0.872713
0.853716
0.83814
0.8263729999999999
0.8135939999999999
0.804275
0.799563
0.793758
0.7852859999999999
0.774694
0.762295
0.748079
0.732216
0.71515
0.697207
0.683459
0.674201
0.666354
0.663321
0.6626
0.6596069999999999
0.654108
0.6462479999999999
0.636212
0.624246
0.610608
0.59549
0.579013
0.561251
0.54771
0.53898
0.53566
0.537366
0.537397
0.535058
0.5303939999999999
0.523252
0.5136970000000001
0.502081
0.488771
0.473915
0.457475
0.44530299999999995
0.440301
0.441238
0.44473500000000005
0.44560299999999997
0.443913
0.439712
0.432968
0.424008
0.413286
0.400962
0.386896
0.370973
0.353259
0.339933
0.336388
0.338445
0.340022
0.338922
0.33561799999999997
0.32998099999999997
0.32201399999999997
0.31231
0.301425
0.28928200000000004
0.275448
0.259712
0.24839899999999998
0.249138
0.255596
0.259347
0.260209
0.258774
0.254874
0.24856999999999999
0.24050300000000002
0.231206
0.220586
0.20827199999999998
0.194159
0.18526199999999998
0.18924000000000002
0.198384
0.204219
0.207269
0.207973
0.20589899999999997
0.200997
0.19398900000000002
0.185548
0.175678
0.16406400000000002
0.158408
0.16611900000000002
0.178978
0.18903399999999998
0.196493
0.201507
0.203619
0.202751
0.199416
0.19406500000000002
0.18671500000000002
0.177298
0.166037
0.153294
0.147444
0.155248
0.167548
0.176789
0.183575
0.188005
0.189414
0.187829
0.184086
0.178752
0.171657
0.162502
0.151423
0.14705
0.15626500000000002
0.169704
0.179669
0.186906
0.191868
0.194113
0.193616
0.191064
0.18698299999999998
0.18121099999999998
0.17336300000000002
0.163413
0.15963
0.169219
0.183256
0.19384300000000002
0.201684
0.207254
0.210142
0.21034699999999998
0.208592
0.20544400000000002
0.200762
0.194173
0.185699
0.17564100000000002
0.17183800000000002
0.181402
0.195602
0.20644400000000002
0.214662
0.220586
0.22371100000000002
0.224152
0.222816
0.22033000000000003
0.21650300000000003
0.21092399999999997
0.203594
0.194722
0.19133599999999998
0.200829
0.215216
0.226177
0.23444099999999998
0.24042
0.24364
0.244164
0.242827
0.24021199999999998
0.236112
0.23010500000000003
0.22218400000000002
0.21897800000000003
0.22881500000000002
0.244483
0.256843
0.266473
0.273877
0.278548
0.280339
0.279943
0.278001
0.27444
0.268922
0.261494
0.252496
0.24846
0.25703200000000004
0.27153099999999997
0.283477
0.292912
0.300183
0.30476
0.306588
0.30643200000000004
0.304917
0.3019
0.296958
0.290035
0.281371
0.277337
0.284756
0.297804
0.30897600000000003
0.317727
0.32450100000000004
0.328904
0.330867
0.33100799999999997
0.32978
0.326913
0.321888
0.314581
0.305209
0.300106
0.305662
0.316885
0.327002
0.334921
0.341067
0.345095
0.34689200000000003
0.346959
0.345673
0.342763
0.337726
0.330426
0.321049
0.31595
0.321284
0.332362
0.342696
0.350878
0.35732600000000003
0.361729
0.36399000000000004
0.364613
0.36395
0.361688
0.357273
0.350506
0.341524
0.330384
0.323297
0.32658200000000004
0.335895
0.344802
0.351653
0.35673699999999997
0.35975100000000004
0.360618
0.359771
0.35746500000000003
0.353351
0.346906
0.33797
0.326704
0.319529
0.322826
0.33202800000000005
0.34058499999999997
0.34705199999999997
0.35182800000000003
0.354547
0.355014
0.353613
0.350634
0.34577399999999997
0.33852
0.32874699999999996
0.322943
0.327527
0.338148
0.34826799999999997
0.356152
0.362238
0.366208
0.367764
0.367201
0.364885
0.360702
0.35428699999999996
0.345567
0.334816
0.322259
0.314293
0.317603
0.327372
0.336547
0.34352699999999997
0.348441
0.350856
0.350688
0.348484
0.34468000000000004
0.33913000000000004
0.33149
0.321734
0.310082
0.30295500000000003
0.307016
0.317235
0.32655700000000004
0.33374299999999996
0.339043
0.341934
0.34215100000000004
0.34011199999999997
0.33616999999999997
0.3301
0.32153000000000004
0.31053200000000003
0.30378
0.308167
0.318927
0.32906199999999997
0.33716799999999997
0.343556
0.34769
0.349108
0.348024
0.344798
0.339355
0.331443
0.32116300000000003
0.30898000000000003
0.301685
0.306267
0.317473
0.327931
0.336382
0.34299
0.34713099999999997
0.348482
0.347493
0.34463
0.33979000000000004
0.332667
0.323326
0.312138
0.30572
0.310759
0.322049
0.332424
0.340618
0.346868
0.35064
0.351698
0.350513
0.347492
0.342443
0.334991
0.325167
0.313341
0.29975300000000005
0.29081799999999997
0.293628
0.30277600000000005
0.310731
0.316452
0.32011100000000003
0.321247
0.319786
0.31629
0.311178
0.304272
0.295245
0.28415
0.27768899999999996
0.283262
0.294987
0.30493899999999996
0.31247600000000003
0.318065
0.321284
0.321886
0.320313
0.317008
0.311834
0.30442199999999997
0.294775
0.28324
0.276451
0.281735
0.29322
0.303004
0.3104
0.315626
0.318087
0.31759499999999996
0.314783
0.310271
0.304053
0.295894
0.285903
0.274413
0.26797600000000005
0.273965
0.286019
0.29586
0.30306
0.30793000000000004
0.309989
0.309215
0.30638200000000004
0.302128
0.296352
0.28867600000000004
0.279084
0.267826
0.261339
0.267016
0.278588
0.28792
0.294763
0.299448
0.30144499999999996
0.300643
0.29770599999999997
0.293178
0.28691700000000003
0.27857
0.2682
0.256168
0.248982
0.254274
0.265561
0.274482
0.280997
0.28541700000000003
0.28717600000000004
0.28615100000000004
0.283025
0.278366
0.272046
0.263721
0.253445
0.24154299999999998
0.234467
0.240079
0.251632
0.26054499999999997
0.26713600000000004
0.27176100000000003
0.273843
0.273254
0.27065500000000003
0.266547
0.260706
0.252712
0.24259499999999998
0.23068400000000003
0.22345900000000002
0.229089
0.240608
0.24919299999999997
0.255457
0.25977
0.26153699999999996
0.26064299999999996
0.257776
0.253438
0.247375
0.23913299999999998
0.228708
0.22280500000000003
0.229923
0.242941
0.252724
0.259922
0.265151
0.267979
0.26824000000000003
0.266533
0.263388
0.258616
0.251726
0.24261100000000002
0.231521
0.225054
0.23159899999999997
0.244029
0.25333
0.26024200000000003
0.265236
0.26776500000000003
0.267735
0.265862
0.262676
0.257914
0.251073
0.242094
0.23123600000000002
0.224991
0.231593
0.24396500000000002
0.253207
0.260038
0.264914
0.267314
0.26719299999999996
0.265282
0.26208000000000004
0.25728
0.25035
0.241218
0.230133
0.223517
0.22957199999999997
0.2414
0.250242
0.2568
0.261508
0.263801
0.263567
0.261479
0.258009
0.252863
0.245544
0.23602399999999998
0.224606
0.21138400000000002
0.196174
0.178894
0.159752
0.13902799999999998
0.116844
0.09324
0.068356
0.042423
0.015590999999999999
-0.008156
-0.022763
-0.027545
-0.025391999999999998
-0.019159
-0.01149
-0.004526
0.000538
0.003505
0.004719
0.004626
0.0036609999999999998
0.002309
0.001029
8.499999999999999e-05
-0.0004940000000000001
-0.000782
-0.000834
-0.000697
-0.000455
-0.000218
-4.5e-05
6.6e-05
0.000131
0.000152
0.000128
0.0014880000000000002
0.0037619999999999997
0.004488000000000001
0.0035770000000000003
0.002147
0.0008619999999999999
-0.000175
-0.0008150000000000001
-0.001004
-0.000883
-0.000661
-0.00044
-0.00021899999999999998
-1.2e-05
0.000138
0.00018600000000000002
0.00015800000000000002
0.000121
9e-05
5.1e-05
5e-06
-2.4e-05
-2.2e-05
-7.000000000000001e-06
-5e-06
-1.4999999999999999e-05
-1.6e-05
-6e-06
3e-06
2e-06
-2e-06
0.0
5e-06
3e-06
-5e-06
-9e-06
-6e-06
-1e-06
2e-06
5e-06
6e-06
5e-06
4e-06
5e-06
6e-06
4e-06
-1e-06
-5e-06
-8e-06
-1.1e-05
-1.4000000000000001e-05
-1.3000000000000001e-05
-8e-06
-1e-06
4e-06
1.1e-05
0.0009400000000000001
0.002418
0.002792
0.0021579999999999998
0.001286
0.000499
-0.00014199999999999998
-0.000532
-0.000634
-0.000546
-0.00040599999999999995
-0.00027
-0.000131
2e-06
0.000377
0.000664
0.000545
0.00036899999999999997
0.00020899999999999998
5.6000000000000006e-05
-6.9e-05
-0.00013000000000000002
-0.000126
-9.4e-05
-6.8e-05
-4.8e-05
-2.3e-05
2e-06
1.3000000000000001e-05
1.1e-05
6e-06
9e-06
1.4000000000000001e-05
1.4999999999999999e-05
1.3000000000000001e-05
9e-06
7.000000000000001e-06
4e-06
1e-06
-2e-06
-6e-06
-9e-06
-1.1e-05
-1e-05
-8e-06
-5e-06
-1e-06
3e-06
7.000000000000001e-06
1.3000000000000001e-05
1.7e-05
1.3000000000000001e-05
3e-06
-3e-06
-4e-06
-3e-06
-4e-06
-7.000000000000001e-06
-6e-06
-2e-06
-2e-06
-5e-06
-8e-06
-7.000000000000001e-06
-4e-06
-1e-06
4e-06
8e-06
9e-06
8e-06
8e-06
8e-06
5e-06
-0.0
-4e-06
-6e-06
-8e-06
-1.2e-05
-1.3000000000000001e-05
-1e-05
-4e-06
1e-06
5e-06
1.2e-05
1.6e-05
1.4999999999999999e-05
9e-06
1e-06
-4e-06
-7.000000000000001e-06
-8e-06
-8e-06
-8e-06
-7.000000000000001e-06
-5e-06
-2e-06
-0.0
0.0
3e-06
1e-05
1.4999999999999999e-05
1.1e-05
2e-06
-3e-06
-1e-06
3e-06
3e-06
-1e-06
-4e-06
-5e-06
-7.000000000000001e-06
-9e-06
-1.1e-05
-9e-06
-5e-06
1e-06
8e-06
1.1e-05
1e-05
9e-06
9e-06
7.000000000000001e-06
2e-06
-6e-06
-1e-05
3e-06
1.4999999999999999e-05
9e-06
3e-06
-1e-06
-1e-06
2e-06
8e-06
1.3000000000000001e-05
1.1e-05
5e-06
1e-06
-1e-06
-3e-06
-6e-06
-6e-06
-3e-06
-1e-06
-3e-06
-7.000000000000001e-06
-8e-06
-6e-06
-3e-06
0.0
5e-06
8e-06
8e-06
7.000000000000001e-06
6e-06
5e-06
4e-06
2e-06
-1e-06
-5e-06
-1e-05
-1.2e-05
-1.1e-05
-9e-06
-6e-06
-3e-06
2e-06
1e-05
0.00015800000000000002
0.000268
0.000195
0.00011999999999999999
5.5e-05
-1e-06
-4.3e-05
-6.1e-05
-5.5e-05
-4e-05
-2.7000000000000002e-05
-1.7e-05
-7.000000000000001e-06
4e-06
1.2e-05
1.9e-05
2.2e-05
1.7e-05
7.000000000000001e-06
-1e-06
-2e-06
-1e-06
-1e-06
-4e-06
-4e-06
-3e-06
-5e-06
-9e-06
-1.2e-05
-1e-05
-4e-06
2e-06
7.000000000000001e-06
9e-06
8e-06
8e-06
9e-06
9e-06
4e-06
-3e-06
-7.000000000000001e-06
-8e-06
-9e-06
-1e-05
-1e-05
-6e-06
-2e-06
1e-06
3e-06
8e-06
1.4000000000000001e-05
1.4999999999999999e-05
1e-05
2e-06
-3e-06
-5e-06
-5e-06
-4e-06
-5e-06
-5e-06
-5e-06
-5e-06
-5e-06
-4e-06
-0.0
9e-06
1.7e-05
1.4000000000000001e-05
5e-06
-1e-06
-1e-06
3e-06
3e-06
-2e-06
-6e-06
-8e-06
-9e-06
-1e-05
-1.1e-05
-9e-06
-3e-06
3e-06
9e-06
1.1e-05
8e-06
6e-06
8e-06
8e-06
3e-06
-5e-06
-9e-06
-9e-06
-6e-06
-5e-06
-6e-06
-6e-06
-3e-06
-1e-06
2e-06
7.000000000000001e-06
1.2e-05
1.3000000000000001e-05
1e-05
4e-06
-2e-06
-5e-06
-5e-06
-3e-06
-3e-06
-5e-06
-8e-06
8e-05
0.00015
0.00011100000000000001
7.4e-05
4.5e-05
1.9e-05
-7.000000000000001e-06
-2.5e-05
-2.8999999999999997e-05
-2.2e-05
-1.3000000000000001e-05
-7.000000000000001e-06
-4e-06
-2e-06
0.0
1e-06
-2e-06
-2e-06
-1e-06
-1e-06
1e-06
5e-06
8e-06
6e-06
4e-06
6e-06
8e-06
5e-06
-3e-06
-8e-06
-8e-06
-6e-06
-4e-06
-6e-06
-7.000000000000001e-06
-6e-06
-3e-06
1e-06
8e-06
1.3000000000000001e-05
1.4000000000000001e-05
1.1e-05
5e-06
-1e-06
-5e-06
-6e-06
-4e-06
-3e-06
-5e-06
-8e-06
-1e-05
-8e-06
-3e-06
2e-06
6e-06
1e-05
1.3000000000000001e-05
1.1e-05
4e-06
-1e-06
0.0
3e-06
1e-06
-4e-06
-9e-06
-1e-05
-9e-06
-6e-06
-3e-06
-1e-06
2e-06
9e-06
1.4999999999999999e-05
1.3000000000000001e-05
6e-06
1e-06
3e-06
3e-06
-3e-06
-1e-05
-1.2e-05
-8e-06
-4e-06
-5e-06
-7.000000000000001e-06
-6e-06
-3e-06
2e-06
9e-06
1.2e-05
1e-05
7.000000000000001e-06
6e-06
4e-06
-1e-06
-5e-06
-4e-06
-2e-06
-2e-06
-7.000000000000001e-06
-1.1e-05
-1e-05
-5e-06
0.0
4e-06
9e-06
1.2e-05
1.2e-05
8e-06
3e-06
-1e-06
6.2e-05
0.00011200000000000001
7.900000000000001e-05
4.4e-05
1.3000000000000001e-05
-1e-05
-2.3e-05
-2.5e-05
-1.9e-05
-1.1e-05
-0.0
1e-05
1.3000000000000001e-05
9e-06
7.000000000000001e-06
8e-06
7.000000000000001e-06
4e-06
-2e-06
-8e-06
-8e-06
-6e-06
-5e-06
-7.000000000000001e-06
-7.000000000000001e-06
-5e-06
0.0
8e-06
1.1e-05
9e-06
6e-06
6e-06
6e-06
2e-06
-4e-06
-7.000000000000001e-06
-7.000000000000001e-06
-5e-06
-7.000000000000001e-06
-1.1e-05
-1.1e-05
-5e-06
1e-06
6e-06
1.1e-05
1.3000000000000001e-05
1.3000000000000001e-05
9e-06
3e-06
-2e-06
-4e-06
0.001114
0.002939
0.003489
0.0027600000000000003
0.0016579999999999998
0.000668
-0.000138
-0.000638
-0.000782
-0.0006799999999999999
-0.0005009999999999999
-0.000331
-0.000166
0.001492
0.004128
0.005135
0.004377000000000001
0.002861
0.001324
3.7e-05
-0.0008210000000000001
-0.001152
-0.001078
-0.0008380000000000001
-0.0005780000000000001
-0.000312
-5e-05
0.00014199999999999998
0.000212
0.000193
0.000154
0.000121
7.6e-05
1.6e-05
-2.9999999999999997e-05
-4.4e-05
-3.7e-05
-3.1e-05
-3.1e-05
-2.5e-05
-1e-05
5e-06
1.2e-05
1.4999999999999999e-05
1.7e-05
1.7e-05
1.2e-05
3e-06
-4e-06
-6e-06
-6e-06
-5e-06
0.001674
0.004524
0.0056700000000000006
0.004914
0.003261
0.001515
6.3e-05
-0.000893
-0.0012619999999999999
-0.001194
-0.0009429999999999999
-0.000654
-0.00035299999999999996
-6.3e-05
0.001697
0.004403
0.0054210000000000005
0.004636
0.003055
0.001415
3.5e-05
-0.0008759999999999999
-0.001215
-0.001131
-0.0008789999999999999
-0.000605
-0.000324
0.000549
0.0016190000000000002
0.001716
0.0012109999999999998
0.000719
0.000283
-7.8e-05
-0.000306
-0.000367
-0.00031299999999999996
-0.000229
-0.000154
-7.7e-05
3e-06
6.2e-05
7.900000000000001e-05
6.500000000000001e-05
4.7e-05
3.3e-05
1.8e-05
-1e-06
-1.4999999999999999e-05
-1.6e-05
-1.2e-05
-1.2e-05
-1.4000000000000001e-05
0.0016239999999999998
0.004404
0.0055119999999999995
0.004756
0.003143
0.00146
5.2000000000000004e-05
-0.0008810000000000001
-0.001241
-0.001166
-0.0009109999999999999
-0.000628
-0.000341
0.001801
0.005208
0.006663
0.005940999999999999
0.004082
0.002006
0.00025
-0.0009539999999999999
-0.001469
-0.001433
-0.001144
-0.000801
-0.000449
0.001842
0.005459
0.0070480000000000004
0.0063560000000000005
0.004417
0.0022010000000000003
0.000321
-0.00098
-0.001558
-0.001542
-0.001239
-0.000869
-0.000487
-0.000118
0.00015800000000000002
0.000278
0.000269
0.00021600000000000002
0.000165
0.00010700000000000001
3.4e-05
-2.8000000000000003e-05
-5.4000000000000005e-05
-5.2000000000000004e-05
-4.5e-05
-3.9e-05
0.002281
0.006318
0.008194
0.007542
0.0054009999999999996
0.0027760000000000003
0.000482
-0.001093
-0.0018039999999999998
-0.001829
-0.001509
-0.001082
-0.0006219999999999999
0.002255
0.006852
0.009041
0.008456
0.006247
0.0034159999999999998
0.000824
-0.0010199999999999999
-0.0019190000000000001
-0.0020239999999999998
-0.001702
-0.00124
-0.000739
0.0023510000000000002
0.007306
0.009720999999999999
0.009179000000000001
0.006886
0.003853
0.001007
-0.001031
-0.0020469999999999998
-0.002196
-0.001866
-0.001366
-0.000816
0.002036
0.0065060000000000005
0.008639
0.008083
0.005947
0.0032359999999999997
0.0007740000000000001
-0.000982
-0.001842
-0.0019399999999999999
-0.001629
-0.001183
-0.000699
0.003043
0.009223
0.01238
0.011934
0.009325
0.005527000000000001
0.0017079999999999999
-0.001072
-0.002534
-0.002862
-0.0025239999999999998
-0.0019039999999999999
-0.0011769999999999999
0.003065
0.009918999999999999
0.013508000000000001
0.013193
0.010505
0.006462000000000001
0.002254
-0.000919
-0.002639
-0.003097
-0.002799
-0.0021609999999999997
-0.001373
-0.0005690000000000001
0.0036869999999999997
0.010499
0.013969999999999998
0.013533000000000002
0.010729
0.006546
0.0022010000000000003
-0.0010429999999999999
-0.002758
-0.003186
-0.0028710000000000003
-0.002216
-0.001396
0.003418
0.011206
0.015345
0.015111000000000001
0.011943
0.006962
0.0019649999999999997
-0.001489
-0.003076
-0.002973
-0.001537
0.000196
0.0012050000000000001
0.00584
0.01355
0.017385
0.016544999999999997
0.01281
0.007631000000000001
0.0024
-0.0016809999999999998
-0.004149
-0.005292
-0.005342
-0.004492
-0.003232
0.002801
0.012981999999999999
0.019697
0.021216
0.019053
0.014554
0.008676
0.002745
-0.002036
-0.00512
-0.006345
-0.006062
-0.0048920000000000005
0.0017280000000000002
0.012353
0.01829
0.018191
0.014542
0.009821
0.005393
0.002068
0.000256
-0.000296
-1.8e-05
0.0006490000000000001
0.001191
0.007145
0.017172
0.021549000000000002
0.01932
0.013572
0.00678
0.0008269999999999999
-0.0029519999999999998
-0.004344
-0.0040409999999999995
-0.0028989999999999997
-0.001334
0.0005679999999999999
0.008583
0.021078
0.027756
0.027037000000000002
0.021526
0.013675
0.005386
-0.001535
-0.006207
-0.008765
-0.009214
-0.007581999999999999
-0.00426
0.005957
0.020736
0.029169
0.029497000000000002
0.024376
0.016538
0.008298999999999999
0.001393
-0.003453
-0.006274
-0.007117
-0.0062640000000000005
-0.004358
0.005082
0.020054
0.028421
0.028600999999999998
0.023778
0.016681
0.00943
0.0033539999999999998
-0.001085
-0.00394
-0.005331
-0.005476
-0.00468
0.004382
0.019902
0.028849
0.028977
0.023576
0.015996
0.008773
0.003093
-0.00103
-0.003795
-0.004989
-0.004556
-0.002968
0.006986
0.023148
0.031907
0.031114
0.024477000000000002
0.01524
0.005907
-0.00133
-0.005658
-0.007365000000000001
-0.006668
-0.004208
-0.0009789999999999998
0.002218
0.012881
0.028786000000000003
0.036238
0.033854
0.025934
0.015841
0.005884
-0.00207
-0.007109000000000001
-0.009319
-0.009075
-0.0070409999999999995
-0.0038840000000000003
0.008136
0.026593000000000002
0.037043
0.037454
0.031981
0.023892
0.014691999999999998
0.005444
-0.0024010000000000004
-0.007842
-0.010443000000000001
-0.010157
-0.007681
0.004359
0.023195
0.034238
0.035496
0.030994
0.023811000000000002
0.015408000000000002
0.006981
-3.5e-05
-0.004855
-0.0072959999999999995
-0.007428
-0.005847
0.005626
0.024508000000000002
0.035214999999999996
0.0357
0.030749000000000002
0.02344
0.01496
0.0066760000000000005
0.00018700000000000002
-0.003929
-0.00566
-0.005202
-0.003393
0.008143000000000001
0.027075
0.037973
0.039856
0.037482
0.032753
0.02613
0.017633000000000003
0.007367
-0.002042
-0.007681
-0.009115999999999999
-0.007193000000000001
0.0058
0.026872000000000004
0.040501
0.045676999999999995
0.046791
0.045372
0.041592000000000004
0.035366
0.026430000000000002
0.014653999999999999
0.002084
-0.007091
-0.01099
-0.001163
0.019324
0.033705
0.03991
0.042289
0.042663
0.041421
0.038356
0.032888
0.024522
0.013206
0.0013310000000000002
-0.007035
-0.000925
0.01656
0.028737000000000002
0.033705
0.035381
0.035658999999999996
0.034927
0.032872000000000005
0.029055
0.023126
0.014872
0.005175
-0.002736
-0.006812
0.001745
0.019856
0.031756
0.036413
0.037622
0.036739
0.033734
0.028397000000000002
0.021083
0.012247
0.003633
-0.0019260000000000002
-0.0038130000000000004
0.006459
0.025814999999999998
0.039813
0.047928
0.05242
0.054076
0.053313
0.050020999999999996
0.043669
0.03414
0.022269999999999998
0.009373999999999999
-0.000895
0.004071
0.021418
0.03576
0.045704
0.053219
0.05879500000000001
0.062333000000000006
0.06316000000000001
0.060358
0.053645000000000005
0.04348
0.030556
0.015605
0.011855
0.023059
0.035185
0.043712
0.049706
0.054340999999999993
0.058088
0.060291
0.059812
0.056222
0.049858
0.041132
0.030302
0.028501
0.039989
0.052315999999999994
0.059823
0.063238
0.064077
0.063739
0.062615
0.060071000000000006
0.055587
0.049158999999999994
0.041131
0.03207
0.022269999999999998
0.022868
0.036849
0.050786000000000005
0.059753
0.06475399999999999
0.066848
0.066361
0.063137
0.057236
0.048958999999999996
0.038758
0.027437
0.015926
0.016724
0.032770999999999995
0.049722
0.06268
0.07248099999999999
0.079983
0.085498
0.08839
0.087261
0.08126900000000001
0.07088799999999999
0.05751900000000001
0.042727999999999995
0.037989
0.047876
0.06049500000000001
0.07008099999999999
0.077102
0.082602
0.087365
0.091271
0.09312100000000001
0.091753
0.086865
0.078764
0.06795
0.054755
0.049541
0.056971
0.06579700000000001
0.07069600000000001
0.072982
0.07434099999999999
0.075249
0.074929
0.072609
0.06824
0.06218200000000001
0.054916
0.046841
0.048213
0.062818
0.07821
0.088156
0.093477
0.096013
0.096968
0.096242
0.092968
0.086775
0.07825599999999999
0.06850099999999999
0.058539999999999995
0.058855
0.073796
0.09142
0.105262
0.115579
0.12320199999999999
0.128603
0.131465
0.130823
0.12620399999999998
0.118019
0.107221
0.095082
0.082587
0.07964700000000001
0.091074
0.105574
0.116757
0.125549
0.133198
0.139773
0.144092
0.144893
0.141798
0.135124
0.125664
0.114531
0.111153
0.121188
0.13439700000000002
0.143743
0.150101
0.155029
0.159472
0.163231
0.165069
0.163893
0.159658
0.153065
0.144819
0.134986
0.131459
0.140496
0.153159
0.16230999999999998
0.168691
0.17366600000000001
0.177594
0.179581
0.178708
0.175058
0.16945
0.16281099999999998
0.15570799999999999
0.155788
0.168979
0.185625
0.197465
0.20530500000000002
0.21105
0.215799
0.21928699999999998
0.220602
0.219244
0.215452
0.209896
0.203299
0.19587000000000002
0.19398800000000002
0.204626
0.21996100000000002
0.231675
0.240486
0.247389
0.252168
0.253703
0.25138299999999997
0.2458
0.23813800000000002
0.229611
0.220953
0.21195
0.208456
0.217986
0.23328400000000002
0.24568600000000002
0.255711
0.26406599999999997
0.27025
0.273047
0.271753
0.266969
0.260189
0.252632
0.24435300000000001
0.234477
0.22864099999999998
0.23534699999999997
0.248894
0.261083
0.272202
0.282531
0.291233
0.297063
0.299346
0.298349
0.294692
0.288611
0.279684
0.26729
0.257823
0.26011
0.26983
0.279562
0.288463
0.296246
0.302155
0.305629
0.306743
0.306155
0.30440700000000004
0.301311
0.296004
0.287452
0.28139000000000003
0.28522600000000004
0.29438400000000003
0.30189699999999997
0.306902
0.309787
0.31064
0.309727
0.307691
0.305251
0.302523
0.298818
0.29320300000000005
0.285083
0.28071399999999996
0.287675
0.301026
0.312788
0.320937
0.325309
0.326044
0.323533
0.31840999999999997
0.311544
0.303573
0.294572
0.28441900000000003
0.27321999999999996
0.267638
0.275516
0.291174
0.30576
0.317279
0.325523
0.33033
0.33152800000000004
0.329253
0.324069
0.316421
0.306371
0.294018
0.279754
0.270475
0.27436
0.28624499999999997
0.29784
0.307712
0.31611300000000003
0.323046
0.32809099999999997
0.33058899999999997
0.329904
0.32548299999999997
0.317146
0.305369
0.290931
0.280837
0.282994
0.292373
0.300966
0.307371
0.312146
0.315575
0.31752199999999997
0.317734
0.316062
0.31238299999999997
0.306548
0.298415
0.29396500000000003
0.299741
0.31080599999999997
0.319873
0.325482
0.328524
0.329805
0.32972399999999996
0.32821999999999996
0.325004
0.319911
0.312998
0.304479
0.294574
0.289555
0.296161
0.30888699999999997
0.31972
0.32705100000000004
0.33166999999999996
0.333986
0.33367600000000003
0.330398
0.324335
0.31602800000000003
0.306107
0.295169
0.283583
0.277569
0.283962
0.296981
0.30846599999999996
0.31704499999999997
0.323142
0.32664699999999997
0.327063
0.324271
0.318715
0.31100500000000003
0.301668
0.290973
0.278792
0.271106
0.275267
0.286058
0.295769
0.303533
0.309909
0.314685
0.31696399999999997
0.315914
0.311329
0.303631
0.293595
0.28181999999999996
0.268447
0.25982
0.263922
0.27521599999999996
0.285455
0.293809
0.300493
0.305126
0.307077
0.306053
0.302342
0.296435
0.288578
0.27858299999999997
0.266079
0.257378
0.26071300000000003
0.270717
0.279354
0.28612600000000005
0.291484
0.295245
0.296919
0.29625300000000004
0.293454
0.28880500000000003
0.28225300000000003
0.273432
0.261905
0.253793
0.257129
0.266394
0.27364499999999997
0.278582
0.281675
0.28283200000000003
0.281794
0.278598
0.273737
0.267721
0.260644
0.252222
0.248284
0.256239
0.269942
0.28085
0.288161
0.292126
0.29284299999999996
0.290667
0.286024
0.279276
0.270984
0.261701
0.2516
0.24053899999999998
0.234548
0.24158400000000002
0.255328
0.266944
0.275972
0.282578
0.28629899999999997
0.28633600000000003
0.28223400000000004
0.274394
0.26383
0.251406
0.23754099999999997
0.222538
0.213071
0.217669
0.22967800000000002
0.24002199999999999
0.248586
0.25558800000000004
0.260633
0.262992
0.262205
0.258385
0.251773
0.242317
0.22986700000000002
0.21454499999999999
0.20333900000000002
0.20504
0.21335300000000001
0.219829
0.22474
0.228706
0.231733
0.23331100000000002
0.232998
0.23080900000000001
0.226834
0.22085500000000002
0.212396
0.207463
0.214067
0.225778
0.234369
0.24017199999999997
0.24373499999999998
0.245317
0.24508600000000003
0.24302600000000002
0.239173
0.23386700000000002
0.227465
0.22009
0.21160900000000002
0.208319
0.21790199999999998
0.23287600000000003
0.24406399999999998
0.251486
0.255975
0.25782
0.256735
0.252751
0.24659699999999998
0.23896599999999998
0.23007800000000003
0.219971
0.208679
0.20286600000000002
0.210529
0.22449499999999997
0.23588299999999998
0.244655
0.25112399999999996
0.254864
0.255164
0.25198899999999996
0.24605900000000003
0.23804499999999998
0.228318
0.216996
0.210155
0.215919
0.22793899999999997
0.23757399999999998
0.24494499999999997
0.250604
0.254687
0.25693499999999997
0.25672399999999995
0.253519
0.24727399999999997
0.238367
0.227427
0.21485500000000002
0.20689200000000002
0.211581
0.22242699999999999
0.230875
0.23719099999999999
0.241972
0.24504099999999998
0.24577399999999996
0.243876
0.239657
0.23351
0.225548
0.21569499999999997
0.20389300000000002
0.196938
0.202996
0.21508400000000003
0.224604
0.231923
0.237812
0.24211100000000002
0.244121
0.243506
0.240576
0.235776
0.229226
0.220644
0.20952800000000002
0.202219
0.206997
0.21734699999999998
0.22510300000000003
0.23089400000000002
0.23546799999999998
0.238792
0.240362
0.239749
0.237042
0.232641
0.226755
0.219144
0.21565900000000002
0.224284
0.238344
0.24898800000000001
0.256353
0.260909
0.262746
0.262121
0.259329
0.254578
0.248325
0.24113600000000002
0.23325900000000002
0.224555
0.220873
0.230132
0.24549899999999997
0.2579
0.267411
0.274397
0.278411
0.27863699999999997
0.274696
0.267156
0.257185
0.245696
0.23302399999999998
0.219334
0.21104
0.21648499999999998
0.22921
0.240405
0.250077
0.258467
0.265042
0.268793
0.269014
0.26576500000000003
0.259405
0.250013
0.237481
0.22195399999999998
0.210114
0.211035
0.21911
0.225977
0.23184200000000002
0.237183
0.24184299999999997
0.245169
0.246615
0.246152
0.243862
0.23949099999999998
0.23244299999999998
0.22807800000000003
0.233861
0.24388200000000002
0.25041399999999997
0.254079
0.255818
0.25598200000000004
0.25476
0.252189
0.24834499999999998
0.243525
0.237947
0.231553
0.224054
0.22118800000000002
0.230802
0.246054
0.257725
0.265781
0.27093
0.273262
0.27223400000000003
0.267637
0.260272
0.251275
0.241287
0.23051799999999997
0.21905
0.21325100000000002
0.221338
0.23653000000000002
0.24968400000000002
0.260527
0.269154
0.27499
0.27724
0.275806
0.271368
0.26461399999999996
0.255905
0.245284
0.23248600000000003
0.223588
0.22737600000000002
0.238325
0.247937
0.2561
0.263182
0.268899
0.272467
0.273235
0.27106199999999997
0.266156
0.258874
0.24939299999999998
0.243615
0.24908200000000003
0.260483
0.270081
0.277484
0.283222
0.287246
0.289243
0.288993
0.286528
0.28210100000000005
0.275905
0.267908
0.257863
0.251585
0.25664899999999996
0.26785
0.277378
0.284615
0.290078
0.293565
0.294468
0.292564
0.28826599999999997
0.28212600000000004
0.274371
0.26490199999999997
0.253496
0.246077
0.250238
0.260367
0.268425
0.274142
0.27833600000000003
0.280978
0.281558
0.27984000000000003
0.276088
0.27069899999999997
0.263815
0.25519899999999995
0.244423
0.23738800000000002
0.24213400000000002
0.25310900000000003
0.261945
0.267966
0.271402
0.27223800000000004
0.270522
0.266561
0.26090599999999997
0.254146
0.246585
0.238073
0.228186
0.22283699999999998
0.230345
0.24448499999999998
0.256282
0.265335
0.27173200000000003
0.27517800000000003
0.27528400000000003
0.27192
0.265505
0.256828
0.24652800000000002
0.23489200000000002
0.228144
0.23442399999999997
0.24786999999999998
0.26000999999999996
0.270527
0.279657
0.287063
0.292185
0.29443800000000003
0.293425
0.289114
0.281599
0.270876
0.25709499999999996
0.246883
0.248572
0.256998
0.264271
0.269984
0.274706
0.278355
0.280389
0.280413
0.278549
0.275057
0.269872
0.262633
0.252889
0.24629
0.250082
0.258702
0.264565
0.26761799999999997
0.268769
0.268398
0.266489
0.26302800000000004
0.258344
0.252852
0.24665
0.239461
0.23077199999999998
0.22616799999999998
0.233371
0.246379
0.25651999999999997
0.263125
0.266496
0.26686
0.264237
0.258712
0.2509
0.24163099999999998
0.23143000000000002
0.220482
0.214723
0.22204899999999997
0.236225
0.24854099999999998
0.258777
0.26711999999999997
0.27322199999999996
0.276486
0.27629899999999996
0.272432
0.265375
0.255844
0.244284
0.23097800000000002
0.22219099999999997
0.22619099999999998
0.23700300000000002
0.24614299999999997
0.25367199999999995
0.260089
0.26515
0.268085
0.268295
0.265784
0.260765
0.25339
0.243919
0.232564
0.22531199999999998
0.230053
0.24079699999999998
0.249204
0.255333
0.259848
0.262785
0.2637
0.262321
0.25895100000000004
0.254019
0.24759699999999998
0.239346
0.22865700000000003
0.22127399999999997
0.22569699999999998
0.23648200000000003
0.24529299999999998
0.252087
0.257422
0.26113200000000003
0.262556
0.261347
0.257848
0.252576
0.245768
0.23733200000000002
0.22693400000000002
0.220385
0.22585700000000003
0.23737199999999997
0.24636799999999998
0.25291199999999997
0.257612
0.26042
0.26110300000000003
0.259713
0.256606
0.25211300000000003
0.246295
0.23887399999999998
0.235303
0.242725
0.25552199999999997
0.265824
0.2732
0.278073
0.280369
0.279933
0.27693
0.271746
0.264824
0.256562
0.24715900000000002
0.236564
0.230623
0.237019
0.24988400000000002
0.260809
0.26926500000000003
0.275442
0.27889200000000003
0.278852
0.274991
0.267687
0.257711
0.24591100000000002
0.232882
0.218817
0.2098
0.21412899999999999
0.225634
0.23553000000000002
0.24375300000000003
0.250614
0.25582
0.258713
0.258813
0.256128
0.250813
0.24276799999999998
0.231614
0.217075
0.205542
0.206107
0.213419
0.219338
0.224216
0.228607
0.232352
0.234854
0.235609
0.23455
0.23175
0.227046
0.220045
0.21619699999999997
0.22305500000000003
0.234648
0.24304499999999998
0.24871999999999997
0.252348
0.25400100000000003
0.253782
0.251916
0.248631
0.244299
0.239267
0.233579
0.22695900000000002
0.224966
0.23500900000000002
0.25061
0.262988
0.271741
0.27729000000000004
0.279828
0.279269
0.27565
0.26961799999999997
0.26200999999999997
0.253205
0.24319699999999997
0.231992
0.225701
0.232276
0.245797
0.257756
0.26767399999999997
0.275658
0.281147
0.283175
0.281254
0.275941
0.26813200000000004
0.25831
0.246626
0.23308800000000002
0.22365700000000002
0.226481
0.23629099999999997
0.244944
0.25196399999999997
0.25766999999999995
0.261941
0.264232
0.26406199999999996
0.261378
0.256237
0.248612
0.238556
0.23180900000000002
0.23559899999999998
0.24489
0.25243499999999996
0.258021
0.262275
0.265331
0.267013
0.26703000000000005
0.26519499999999996
0.26151199999999997
0.25599299999999997
0.248563
0.239058
0.23303000000000001
0.237801
0.248182
0.256646
0.262864
0.267316
0.269895
0.270069
0.26762800000000003
0.263049
0.256963
0.24966300000000002
0.24112600000000003
0.236969
0.24411100000000002
0.256844
0.26713400000000004
0.274361
0.279459
0.283066
0.285122
0.285087
0.282681
0.27820700000000004
0.272081
0.264479
0.255297
0.25003800000000004
0.255538
0.266778
0.276435
0.283719
0.289015
0.292126
0.292529
0.290112
0.285387
0.279042
0.27163400000000004
0.263486
0.254512
0.25009000000000003
0.256864
0.269663
0.281071
0.290217
0.297408
0.30234
0.30433699999999997
0.303056
0.298772
0.292094
0.28366199999999997
0.27383
0.26255100000000003
0.255506
0.259741
0.270808
0.28169
0.29132600000000003
0.299881
0.306815
0.311202
0.31250100000000003
0.310822
0.306464
0.29948
0.28963
0.28233600000000003
0.283912
0.291111
0.298259
0.30403600000000003
0.30903600000000003
0.313335
0.316598
0.318388
0.318434
0.316769
0.313515
0.30856
0.30145500000000003
0.297268
0.30136999999999997
0.309869
0.316899
0.32098499999999996
0.322946
0.323021
0.321088
0.317319
0.312315
0.306698
0.300719
0.294207
0.286742
0.283538
0.290271
0.30256500000000003
0.313792
0.321986
0.327319
0.329834
0.329392
0.32603200000000004
0.32023
0.312714
0.304027
0.29429099999999997
0.288898
0.293458
0.304469
0.31610900000000003
0.326343
0.335253
0.342578
0.347699
0.349848
0.348637
0.344405
0.33776999999999996
0.329178
0.318812
0.312291
0.315038
0.323875
0.333384
0.341407
0.34828899999999996
0.353873
0.357603
0.359134
0.358553
0.356036
0.351511
0.34482199999999996
0.335941
0.33045
0.33336
0.341948
0.351248
0.35866
0.364533
0.368817
0.371059
0.37100900000000003
0.368906
0.365161
0.359908
0.352887
0.343643
0.337387
0.338962
0.34621399999999997
0.354549
0.361057
0.366
0.36930999999999997
0.370593
0.369687
0.366852
0.362467
0.35667600000000005
0.34930100000000003
0.339984
0.33405
0.336384
0.344405
0.35303
0.359217
0.363274
0.365437
0.36577
0.364437
0.361702
0.35779299999999997
0.352731
0.34626599999999996
0.343442
0.348279
0.35846500000000003
0.369584
0.378339
0.3848
0.388873
0.390244
0.388784
0.38478
0.378726
0.371107
0.36225100000000005
0.35229299999999997
0.346765
0.350101
0.359888
0.371315
0.380851
0.388401
0.39364899999999997
0.396017
0.39520700000000003
0.391384
0.385056
0.376801
0.367
0.355827
0.348835
0.350554
0.358754
0.36885100000000004
0.37756799999999996
0.38508200000000004
0.391339
0.395892
0.398308
0.398413
0.39615900000000004
0.391395
0.383788
0.378399
0.378746
0.38403200000000004
0.391422
0.397295
0.402097
0.40613499999999997
0.409263
0.411095
0.411326
0.40987799999999996
0.40680900000000003
0.40214099999999997
0.39573800000000003
0.392638
0.395638
0.40324099999999996
0.41206400000000004
0.41798199999999996
0.42141899999999993
0.42276
0.42206400000000005
0.41948
0.415513
0.410761
0.405555
0.399893
0.39350999999999997
0.391336
0.396113
0.40627399999999997
0.418246
0.427529
0.434084
0.43789300000000003
0.43877
0.43673100000000004
0.432226
0.42586599999999997
0.418058
0.408981
0.398661
0.392409
0.393513
0.40116
0.412116
0.42172200000000004
0.429716
0.43569399999999997
0.438931
0.43891899999999995
0.43571899999999997
0.429829
0.42174700000000004
0.41180500000000003
0.405263
0.404711
0.40975900000000004
0.417976
0.424767
0.430358
0.434982
0.438518
0.440708
0.44132200000000005
0.440133
0.436914
0.431414
0.423425
0.41806800000000005
0.41783000000000003
0.42268
0.430514
0.43658800000000003
0.44118999999999997
0.44444300000000003
0.446
0.44565699999999997
0.443571
0.44006999999999996
0.43537299999999995
0.429465
0.422138
0.418311
0.420232
0.4275
0.437601
0.44555200000000006
0.45143500000000003
0.455271
0.456848
0.456225
0.45376400000000006
0.449883
0.444837
0.438533
0.430625
0.42605200000000004
0.42705200000000004
0.433449
0.44288599999999995
0.45026000000000005
0.45582399999999995
0.459809
0.46215600000000007
0.462825
0.46180600000000005
0.45917399999999997
0.45495
0.44895100000000004
0.44603000000000004
0.447655
0.45441000000000004
0.46490299999999996
0.47348100000000004
0.48011400000000004
0.484813
0.48726800000000003
0.48730500000000004
0.48508500000000004
0.480891
0.475167
0.468366
0.46062200000000003
0.456934
0.45847200000000005
0.465708
0.477071
0.48639099999999996
0.493464
0.498191
0.500256
0.49954499999999996
0.49621000000000004
0.490554
0.48294499999999996
0.47368299999999997
0.46291800000000005
0.45589300000000005
0.454205
0.458685
0.46803100000000003
0.47634499999999996
0.48357700000000003
0.489641
0.494069
0.49641
0.4964
0.49397399999999997
0.48908999999999997
0.48155200000000004
0.471138
0.462966
0.458707
0.45986499999999997
0.465805
0.47076899999999994
0.47487399999999996
0.47828000000000004
0.48081999999999997
0.482256
0.482454
0.481407
0.479016
0.474919
0.473551
0.475159
0.48063199999999995
0.48937299999999995
0.495379
0.498934
0.500642
0.500861
0.499799
0.497629
0.494519
0.49063999999999997
0.48607399999999995
0.48073299999999997
0.479419
0.48257799999999995
0.491124
0.5040319999999999
0.514533
0.522259
0.527118
0.5289229999999999
0.5276529999999999
0.523709
0.5178560000000001
0.510734
0.502708
0.493983
0.48963500000000004
0.49034399999999995
0.49711400000000006
0.50922
0.520081
0.52922
0.536457
0.541277
0.543225
0.542216
0.538551
0.532515
0.5242680000000001
0.513954
0.50658
0.5030979999999999
0.504721
0.511788
0.518636
0.524623
0.529777
0.533749
0.53613
0.5366
0.534957
0.5310189999999999
0.5246109999999999
0.515668
0.509119
0.505939
0.5072979999999999
0.513558
0.519084
0.5231939999999999
0.5260020000000001
0.527401
0.527425
0.526207
0.523839
0.520308
0.515378
0.5133989999999999
0.514656
0.518976
0.5270520000000001
0.534122
0.539049
0.54225
0.5438069999999999
0.5436449999999999
0.5418609999999999
0.53854
0.533728
0.52754
0.520019
0.515922
0.515943
0.520309
0.529262
0.537347
0.543254
0.547004
0.548384
0.547379
0.544351
0.5396810000000001
0.533687
0.526612
0.518474
0.514046
0.513948
0.5185310000000001
0.5277890000000001
0.5360520000000001
0.542308
0.54656
0.54876
0.5490470000000001
0.547542
0.544385
0.539801
0.533782
0.530718
0.531139
0.5346609999999999
0.5425260000000001
0.5505770000000001
0.557114
0.5623
0.5660189999999999
0.5679420000000001
0.5677439999999999
0.565131
0.56012
0.55309
0.544333
0.5388310000000001
0.537679
0.5406270000000001
0.548657
0.55729
0.564578
0.570276
0.574025
0.575658
0.575235
0.572923
0.568936
0.563358
0.556054
0.551632
0.550806
0.552848
0.559245
0.566317
0.572238
0.57709
0.580838
0.583331
0.5843689999999999
0.583836
0.581647
0.577541
0.57116
0.566948
0.5655789999999999
0.5660850000000001
0.570542
0.575691
0.57914
0.5809770000000001
0.5813729999999999
0.5803510000000001
0.577959
0.574465
0.570094
0.564796
0.562896
0.56479
0.568757
0.576559
0.584839
0.59067
0.594105
0.5954229999999999
0.594733
0.592237
0.5883470000000001
0.583393
0.577501
0.570712
0.567601
0.5687939999999999
0.572784
0.581557
0.591847
0.600634
0.607534
0.612082
0.613867
0.6128520000000001
0.6093529999999999
0.6037
0.5962729999999999
0.587589
0.582479
0.581687
0.583769
0.5910270000000001
0.600287
0.608329
0.614939
0.6198779999999999
0.622905
0.623919
0.622873
0.619683
0.614244
0.606481
0.600852
0.598165
0.597104
0.600735
0.606583
0.611545
0.615687
0.618881
0.620971
0.6218520000000001
0.621336
0.6192
0.615172
0.6089140000000001
0.604767
0.603455
0.6032770000000001
0.607142
0.612618
0.616506
0.618837
0.619566
0.61888
0.617051
0.614217
0.610499
0.605876
0.60445
0.606589
0.609367
0.615853
0.624173
0.6301720000000001
0.633903
0.6354529999999999
0.6348659999999999
0.6325689999999999
0.628872
0.6238239999999999
0.617598
0.610328
0.60634
0.606368
0.608036
0.614487
0.623695
0.631412
0.637153
0.640666
0.641976
0.64113
0.638181
0.6335069999999999
0.627508
0.62024
0.616124
0.615984
0.6174569999999999
0.623626
0.632411
0.6397619999999999
0.6454479999999999
0.64936
0.651439
0.651628
0.649929
0.646482
0.641195
0.638162
0.638217
0.638047
0.641844
0.649081
0.655025
0.659667
0.6630659999999999
0.665134
0.665801
0.6648890000000001
0.662134
0.657396
0.650604
0.646104
0.644841
0.643544
0.646492
0.653198
0.658786
0.6629390000000001
0.665619
0.666836
0.6665770000000001
0.664851
0.661816
0.65761
0.6521600000000001
0.649574
0.650316
0.6505380000000001
0.654433
0.6615340000000001
0.666796
0.670133
0.6719350000000001
0.672508
0.671975
0.670401
0.667812
0.6640520000000001
0.658878
0.656337
0.6569510000000001
0.65685
0.660597
0.667899
0.673329
0.676652
0.6780189999999999
0.677474
0.675108
0.671219
0.6661050000000001
0.659876
0.65672
0.657331
0.657576
0.662175
0.671117
0.678633
0.684385
0.68834
0.690275
0.69019
0.688333
0.684739
0.679396
0.672571
0.668701
0.668546
0.667952
0.6718189999999999
0.680477
0.688221
0.694577
0.699407
0.702549
0.703883
0.703235
0.700505
0.695817
0.689391
0.685376
0.6844640000000001
0.6828310000000001
0.685369
0.692579
0.6990310000000001
0.704202
0.708075
0.710595
0.7117829999999999
0.711583
0.7098909999999999
0.706554
0.7012970000000001
0.698023
0.697341
0.695216
0.696195
0.701226
0.7055239999999999
0.708576
0.710465
0.71135
0.711377
0.7104
0.708231
0.704753
0.7037180000000001
0.7055170000000001
0.70604
0.708379
0.714158
0.719608
0.723193
0.7249720000000001
0.72493
0.7233350000000001
0.720513
0.716526
0.711489
0.7055899999999999
0.702762
0.703641
0.7043010000000001
0.707765
0.715408
0.7230479999999999
0.728607
0.731867
0.7330220000000001
0.732264
0.729632
0.7254
0.720068
0.713838
0.7105779999999999
0.710933
0.711005
0.714174
0.721917
0.730036
0.736714
0.741727
0.745009
0.746456
0.745953
0.7435390000000001
0.739168
0.732726
0.728437
0.727326
0.725521
0.726433
0.732106
0.7386739999999999
0.744115
0.748215
0.750987
0.752409
0.752282
0.7503810000000001
0.746487
0.744359
0.7447199999999999
0.743761
0.743488
0.746955
0.751921
0.755668
0.75825
0.759827
0.760418
0.759983
0.7584310000000001
0.755638
0.7514430000000001
0.749463
0.7502340000000001
0.7499239999999999
0.750302
0.754526
0.760208
0.763998
0.765842
0.766129
0.765111
0.762918
0.759724
0.755684
0.750858
0.7489819999999999
0.750528
0.7515149999999999
0.753512
0.759303
0.76626
0.771108
0.77384
0.774699
0.773863
0.771572
0.768059
0.76334
0.757347
0.753939
0.753784
0.753059
0.753707
0.758724
0.76558
0.771048
0.774763
0.776601
0.77661
0.774867
0.771239
0.765564
0.761688
0.76059
0.758865
0.7577550000000001
0.761026
0.767108
0.772204
0.776138
0.778855
0.780223
0.780142
0.7784310000000001
0.7750130000000001
0.770025
0.767162
0.76693
0.765827
0.765207
0.768912
0.7752359999999999
0.7801600000000001
0.7835479999999999
0.785606
0.786497
0.786259
0.784792
0.7820199999999999
0.777885
0.775944
0.776753
0.776744
0.776892
0.780877
0.7872899999999999
0.7923560000000001
0.795905
0.798094
0.799227
0.79937
0.79827
0.795704
0.7951
0.796992
0.797859
0.797125
0.799702
0.805758
0.810366
0.813377
0.814824
0.814914
0.813983
0.812074
0.809038
0.804819
0.802863
0.8037340000000001
0.8040510000000001
0.803362
0.806471
0.813154
0.818005
0.820636
0.821305
0.8204379999999999
0.818189
0.814484
0.809528
0.803675
0.800563
0.800791
0.800924
0.800561
0.804407
0.812176
0.818535
0.823009
0.82568
0.826656
0.82581
0.822965
0.8182010000000001
0.8116270000000001
0.8067979999999999
0.804611
0.8019850000000001
0.798658
0.799819
0.8056300000000001
0.810772
0.814785
0.817709
0.8195680000000001
0.820161
0.819105
0.816072
0.8143779999999999
0.814765
0.814026
0.8116260000000001
0.811751
0.815621
0.8193290000000001
0.822032
0.823887
0.825091
0.825752
0.8257770000000001
0.8249120000000001
0.822896
0.822908
0.825377
0.826857
0.8267959999999999
0.829334
0.83536
0.8404299999999999
0.843447
0.844827
0.8449959999999999
0.8440979999999999
0.842201
0.839482
0.8360569999999999
0.83531
0.8377389999999999
0.839843
0.840885
0.844535
0.8516309999999999
0.857892
0.8620559999999999
0.864303
0.86485
0.8638309999999999
0.861284
0.857247
0.8518020000000001
0.8484799999999999
0.848009
0.8470610000000001
0.845103
0.8459530000000001
0.851086
0.856532
0.860489
0.8628389999999999
0.8636959999999999
0.8631260000000001
0.8608950000000001
0.85672
0.853791
0.852894
0.85121
0.8484870000000001
0.846973
0.849391
0.853642
0.8569399999999999
0.8591790000000001
0.8603620000000001
0.8604430000000001
0.859323
0.8567940000000001
0.852742
0.850367
0.8502709999999999
0.8494229999999999
0.8474229999999999
0.8465889999999999
0.8495889999999999
0.854074
0.8571700000000001
0.858944
0.8596860000000001
0.859491
0.858281
0.8559629999999999
0.8555290000000001
0.857409
0.8585870000000001
0.8587549999999999
0.8591280000000001
0.8629899999999999
0.869014
0.8735850000000001
0.8767719999999999
0.878825
0.879865
0.879906
0.8788159999999999
0.876393
0.87555
0.876863
0.8774430000000001
0.876815
0.8761479999999999
0.878974
0.884142
0.8878729999999999
0.8900379999999999
0.8909889999999999
0.891064
0.8903700000000001
0.8887459999999999
0.886058
0.885475
0.8874920000000001
0.888883
0.889065
0.889473
0.8932530000000001
0.8987069999999999
0.9022879999999999
0.904134
0.9047870000000001
0.904442
0.9029590000000001
0.9001549999999999
0.8960049999999999
0.893759
0.894141
0.894242
0.893617
0.893092
0.8963909999999999
0.902496
0.907151
0.910071
0.911342
0.910924
0.908732
0.9047870000000001
0.8991610000000001
0.8950600000000001
0.8932969999999999
0.891167
0.888431
0.8861540000000001
0.8881469999999999
0.8934350000000001
0.8979010000000001
0.9013540000000001
0.9038870000000001
0.905391
0.905574
0.9040799999999999
0.9035129999999999
0.90435
0.9039889999999999
0.902185
0.899033
0.8984530000000001
0.9014200000000001
0.9042479999999999
0.906272
0.9077139999999999
0.908708
0.9092040000000001
0.908963
0.907666
0.907918
0.910122
0.9114450000000001
0.9114690000000001
0.910274
0.9118149999999999
0.916409
0.919609
0.920897
0.920903
0.9200659999999999
0.918486
0.916127
0.9130459999999999
0.912307
0.914409
0.916309
0.9173620000000001
0.9173389999999999
0.9206030000000001
0.9270450000000001
0.9318200000000001
0.934839
0.9363739999999999
0.9365979999999999
0.9354969999999999
0.932916
0.928767
0.9261219999999999
0.9257989999999999
0.925157
0.9238190000000001
0.9217790000000001
0.9234540000000001
0.929125
0.933951
0.937255
0.9391649999999999
0.9398190000000001
0.939048
0.9365040000000001
0.934853
0.934736
0.933742
0.931796
0.9290809999999999
0.9280639999999999
0.9306399999999999
0.934225
0.9367610000000001
0.9383319999999999
0.939024
0.938751
0.937326
0.934594
0.933262
0.933853
0.9337610000000001
0.9326760000000001
0.930639
0.9301280000000001
0.933125
0.9369649999999999
0.939544
0.9410860000000001
0.941807
0.9416459999999999
0.940406
0.937952
0.9370219999999999
0.938261
0.9391959999999999
0.939418
0.93874
0.939742
0.944084
0.948883
0.9523729999999999
0.954772
0.9562149999999999
0.9566180000000001
0.9557620000000001
0.9534229999999999
0.95235
0.9531270000000001
0.953048
0.9516290000000001
0.948923
0.948159
0.951131
0.9547200000000001
0.95721
0.9587559999999999
0.9594959999999999
0.9593729999999999
0.9581280000000001
0.955523
0.954442
0.955476
0.955799
0.95494
0.9528549999999999
0.9527770000000001
0.9560120000000001
0.959176
0.960986
0.9616549999999999
0.961266
0.9598469999999999
0.957334
0.953743
0.952117
0.953098
0.953889
0.953965
0.9531620000000001
0.9541930000000001
0.9585799999999999
0.9631049999999999
0.9658030000000001
0.9667020000000001
0.966008
0.9639280000000001
0.9604729999999999
0.955628
0.952356
0.9513360000000001
0.9500069999999999
0.948156
0.9458610000000001
0.9460290000000001
0.950261
0.955308
0.9591700000000001
0.9617760000000001
0.9630690000000001
0.962844
0.960831
0.959569
0.959715
0.9588629999999999
0.9567450000000001
0.9535790000000001
0.950732
0.9514870000000001
0.9548260000000001
0.9575040000000001
0.959414
0.960716
0.9614030000000001
0.9612780000000001
0.9600489999999999
0.960051
0.9615809999999999
0.962001
0.960982
0.958715
0.9567319999999999
0.957833
0.9603729999999999
0.96129
0.960823
0.959517
0.95762
0.9551229999999999
0.9520120000000001
0.9510040000000001
0.952521
0.953794
0.954277
0.9537770000000001
0.9542809999999999
0.957774
0.9617959999999999
0.9639540000000001
0.9643649999999999
0.9633309999999999
0.9609549999999999
0.9572129999999999
0.952175
0.94871
0.9475120000000001
0.946176
0.944419
0.9422159999999999
0.9419879999999999
0.945535
0.949917
0.95276
0.9541200000000001
0.9542370000000001
0.9530430000000001
0.950235
0.9481940000000001
0.947392
0.9455399999999999
0.9426610000000001
0.9390809999999999
0.93601
0.936634
0.939807
0.9421579999999999
0.9436620000000001
0.944491
0.9445959999999999
0.943883
0.94225
0.9420149999999999
0.943434
0.944026
0.943543
0.9421209999999999
0.941099
0.943369
0.947356
0.949851
0.951098
0.951506
0.9511850000000001
0.950047
0.9479350000000001
0.947375
0.948951
0.950308
0.951045
0.95101
0.951667
0.9554450000000001
0.960392
0.963727
0.965727
0.966701
0.9666950000000001
0.9654969999999999
0.9627829999999999
0.961102
0.961096
0.96035
0.9585100000000001
0.9556629999999999
0.9536870000000001
0.955342
0.958777
0.9611379999999999
0.9624719999999999
0.962918
0.9624950000000001
0.960942
0.957885
0.955946
0.955778
0.9548770000000001
0.9528629999999999
0.949665
0.947053
0.9474799999999999
0.949101
0.949575
0.9491450000000001
0.947989
0.946127
0.943401
0.942099
0.942775
0.943176
0.9429209999999999
0.941983
0.940203
0.941398
0.9454299999999999
0.947958
0.948867
0.948357
0.946564
0.943624
0.939536
0.936658
0.9356709999999999
0.9345399999999999
0.93306
0.9313790000000001
0.929966
0.932278
0.9375600000000001
0.941766
0.944759
0.946651
0.94737
0.9466680000000001
0.9442659999999999
0.942728
0.9428190000000001
0.942241
0.9406450000000001
0.938102
0.936055
0.9374389999999999
0.940941
0.9437110000000001
0.9458799999999999
0.947636
0.948891
0.9492459999999999
0.9505870000000001
0.953058
0.954234
0.9538270000000001
0.9520700000000001
0.948997
0.9481649999999999
0.950103
0.9511360000000001
0.950925
0.9499059999999999
0.948332
0.946168
0.9432149999999999
0.9416950000000001
0.9421120000000001
0.942282
0.9418690000000001
0.9407979999999999
0.938868
0.93986
0.943624
0.945887
0.946649
0.9462860000000001
0.9449489999999999
0.942609
0.9392780000000001
0.937484
0.9378479999999999
0.938197
0.9382360000000001
0.9378989999999999
0.9372010000000001
0.939803
0.945317
0.949576
0.952594
0.9547049999999999
0.9558760000000001
0.955757
0.9540049999999999
0.9528459999999999
0.952882
0.9521620000000001
0.950565
0.948147
0.9449350000000001
0.945167
0.948888
0.9517469999999999
0.95367
0.954758
0.954843
0.9536889999999999
0.951149
0.9496549999999999
0.949716
0.9490059999999999
0.9471379999999999
0.9440459999999999
0.9406260000000001
0.940458
0.94281
0.9442510000000001
0.944896
0.9448989999999999
0.944184
0.942544
0.941966
0.942733
0.9427709999999999
0.941967
0.9404040000000001
0.9379780000000001
0.937514
0.9401139999999999
0.9426969999999999
0.944091
0.944499
0.943953
0.9423739999999999
0.939693
0.9379790000000001
0.9377340000000001
0.9370860000000001
0.935774
0.9337620000000001
0.930984
0.930501
0.9332299999999999
0.9358709999999999
0.937408
0.9380120000000001
0.937738
0.936599
0.9366399999999999
0.9381889999999999
0.9392360000000001
0.939491
0.938924
0.9374309999999999
0.936776
0.93896
0.942124
0.944335
0.945794
0.946564
0.946576
0.945675
0.945641
0.946817
0.947449
0.947358
0.946548
0.9449559999999999
0.944485
0.9469540000000001
0.9501569999999999
0.951996
0.952528
0.951941
0.9504040000000001
0.9478629999999999
0.946384
0.946514
0.9463030000000001
0.945434
0.943991
0.942016
0.942233
0.945652
0.949291
0.951945
0.9536680000000001
0.954421
0.9539989999999999
0.952067
0.95065
0.950393
0.9494459999999999
0.947633
0.9451430000000001
0.9420149999999999
0.940882
0.943199
0.946308
0.94875
0.950516
0.951576
0.951672
0.950428
0.949833
0.9503510000000001
0.949937
0.9483469999999999
0.94576
0.942163
0.9403469999999999
0.9416370000000001
0.9431950000000001
0.94383
0.943815
0.943385
0.9424520000000001
0.9427540000000001
0.944572
0.945965
0.946542
0.9462290000000001
0.9448639999999999
0.943134
0.9439719999999999
0.9466620000000001
0.9482379999999999
0.9487049999999999
0.948262
0.946932
0.944594
0.943097
0.943005
0.942734
0.942148
0.9413520000000001
0.9402389999999999
0.939688
0.942149
0.9462290000000001
0.948941
0.9502959999999999
0.950542
0.9496959999999999
0.9476399999999999
0.9463600000000001
0.9463450000000001
0.945759
0.9444229999999999
0.942523
0.9400620000000001
0.9388190000000001
0.940845
0.9442219999999999
0.9467979999999999
0.948594
0.9495790000000001
0.949584
0.9484370000000001
0.947982
0.948506
0.9480940000000001
0.946572
0.944051
0.9405979999999999
0.938426
0.9395540000000001
0.941807
0.943153
0.943681
0.9434450000000001
0.9422809999999999
0.941847
0.942427
0.9423739999999999
0.9416760000000001
0.940449
0.938608
0.9364030000000001
0.9370700000000001
0.9400850000000001
0.9419069999999999
0.942674
0.942666
0.941933
0.940456
0.9399709999999999
0.940731
0.9409879999999999
0.940564
0.9395399999999999
0.9379360000000001
0.936248
0.9376770000000001
0.9416690000000001
0.944836
0.9471229999999999
0.948558
0.949092
0.948641
0.948933
0.9503280000000001
0.9511780000000001
0.95131
0.9507479999999999
0.949419
0.947944
0.949166
0.9523
0.9544219999999999
0.955665
0.9561639999999999
0.955883
0.954608
0.954031
0.954569
0.9545520000000001
0.953731
0.9520790000000001
0.9495239999999999
0.946965
0.947175
0.9491780000000001
0.9501059999999999
0.9499629999999999
0.9489129999999999
0.947024
0.945867
0.9456530000000001
0.9448540000000001
0.943377
0.9413090000000001
0.93868
0.935474
0.934617
0.9368139999999999
0.938947
0.940166
0.940476
0.939816
0.938041
0.9366479999999999
0.9360430000000001
0.934966
0.933415
0.931502
0.929241
0.9264030000000001
0.925966
0.928473
0.9307200000000001
0.9322389999999999
0.933175
0.9335379999999999
0.934742
0.936934
0.938556
0.9393219999999999
0.9391700000000001
0.938089
0.9361229999999999
0.9346909999999999
0.9358770000000001
0.9382959999999999
0.9398639999999999
0.9406690000000001
0.940838
0.940365
0.940694
