1.007816
1.007021
1.00756
1.007414
1.0064520000000001
1.004735
1.002134
1.000168
1.0012780000000001
1.0037459999999998
1.005034
1.005355
1.004864
1.0035129999999999
1.0012219999999998
1.000048
1.000363
1.0001309999999999
0.9990190000000001
0.9970629999999999
0.9943860000000001
0.9926969999999999
0.9941780000000001
0.996978
0.99871
0.9994069999999999
0.999134
0.9979709999999999
0.9958290000000001
0.9947010000000001
0.995049
0.994936
0.9940760000000001
0.992434
0.98993
0.988532
0.990194
0.992909
0.9946719999999999
0.9954959999999999
0.995527
0.994725
0.9948319999999999
0.99613
0.996924
0.9970680000000001
0.99654
0.995345
0.99369
0.9949520000000001
0.998705
1.001182
1.002325
1.0023520000000001
1.001501
0.999767
0.998958
0.9994850000000001
0.99954
0.998859
0.997597
0.995885
0.994085
0.9952770000000001
0.9988889999999999
1.001444
1.002843
1.003215
1.002559
1.0007549999999998
0.9998530000000001
1.000373
1.000366
0.999542
0.998034
0.995819
0.993785
0.994915
0.9982340000000001
1.00064
1.002155
1.00298
1.002967
1.001706
1.001023
1.00134
1.0008110000000001
0.9993700000000001
0.9971709999999999
0.994137
0.991202
0.991353
0.993575
0.994875
0.995497
0.9956299999999999
0.995085
0.993624
0.993237
0.994274
0.994684
0.9941770000000001
0.9926870000000001
0.990072
0.988041
0.989074
0.9915290000000001
0.993058
0.9937469999999999
0.9936010000000001
0.99256
0.9906020000000001
0.989833
0.990711
0.9913370000000001
0.9914360000000001
0.9908680000000001
0.9894129999999999
0.9887020000000001
0.9908899999999999
0.994238
0.9965510000000001
0.9977540000000001
0.997798
0.996663
0.994276
0.9928290000000001
0.9930709999999999
0.9931270000000001
0.992569
0.991297
0.9892549999999999
0.9882489999999999
0.990339
0.993576
0.995713
0.996769
0.996915
0.996078
0.9940200000000001
0.992916
0.993323
0.993092
0.9918520000000001
0.9897950000000001
0.9870180000000001
0.985698
0.987867
0.9913139999999999
0.9938819999999999
0.995444
0.995986
0.995344
0.9953559999999999
0.996552
0.997172
0.99692
0.995858
0.9939530000000001
0.991042
0.991051
0.994216
0.9964780000000001
0.9976229999999999
0.997842
0.997216
0.995656
0.9949979999999999
0.9955620000000001
0.995396
0.994236
0.9923219999999999
0.9897020000000001
0.9864930000000001
0.9862879999999999
0.988842
0.9903200000000001
0.9907290000000001
0.990369
0.9892799999999999
0.987368
0.9865940000000001
0.9873139999999999
0.987507
0.986849
0.9853729999999999
0.983115
0.981203
0.982492
0.9857239999999999
0.9877889999999999
0.98879
0.9889049999999999
0.9881
0.986342
0.985604
0.9862290000000001
0.986302
0.9855959999999999
0.984136
0.9818319999999999
0.9798530000000001
0.980769
0.983267
0.98475
0.985355
0.9852040000000001
0.9842989999999999
0.982411
0.9813790000000001
0.98164
0.981442
0.9806459999999999
0.97926
0.97726
0.9766790000000001
0.979283
0.982784
0.9851540000000001
0.986399
0.986618
0.985892
0.9860389999999999
0.987275
0.9878469999999999
0.9876510000000001
0.986785
0.9853430000000001
0.983319
0.9842620000000001
0.988135
0.9910899999999999
0.9930209999999999
0.9940100000000001
0.994023
0.99292
0.992405
0.9929549999999999
0.992974
0.9922190000000001
0.990741
0.9885959999999999
0.9855719999999999
0.985132
0.987776
0.9899319999999999
0.991303
0.9920559999999999
0.992245
0.991611
0.9917299999999999
0.9929469999999999
0.9934930000000001
0.993132
0.992041
0.990225
0.987708
0.9880979999999999
0.991301
0.993549
0.994869
0.9956219999999999
0.995801
0.995064
0.9951690000000001
0.996568
0.997431
0.9974270000000001
0.9965459999999999
0.994607
0.99164
0.991468
0.9940979999999999
0.995761
0.9964620000000001
0.996316
0.9951549999999999
0.9928309999999999
0.991425
0.9914620000000001
0.9910959999999999
0.9901629999999999
0.9886959999999999
0.9864719999999999
0.984274
0.985025
0.987816
0.98972
0.9907540000000001
0.9908319999999999
0.989741
0.9874129999999999
0.985914
0.985817
0.9854860000000001
0.984758
0.9835290000000001
0.9816379999999999
0.9801040000000001
0.981721
0.9853049999999999
0.987873
0.989352
0.989775
0.989203
0.987582
0.986872
0.987633
0.988032
0.9876149999999999
0.986266
0.984083
0.9822559999999999
0.9836959999999999
0.987409
0.9904379999999999
0.992597
0.9938049999999999
0.9939290000000001
0.992741
0.9922629999999999
0.993173
0.9936010000000001
0.99316
0.991884
0.989769
0.9881629999999999
0.989748
0.9932489999999999
0.9959100000000001
0.997549
0.998236
0.9979690000000001
0.99849
1.000089
1.000951
1.000704
0.99936
0.997101
0.993936
0.9928629999999999
0.994769
0.9964940000000001
0.997079
0.99664
0.995366
0.9932790000000001
0.992117
0.992251
0.991942
0.9908309999999999
0.988934
0.986267
0.9827440000000001
0.981709
0.983835
0.985559
0.9861280000000001
0.985764
0.984593
0.982577
0.9816530000000001
0.982309
0.982716
0.9825290000000001
0.9817889999999999
0.980447
0.978411
0.979258
0.982806
0.9851469999999999
0.986416
0.9869129999999999
0.9866510000000001
0.985534
0.9853280000000001
0.986268
0.9865200000000001
0.98603
0.984988
0.98335
0.981563
0.982951
0.986883
0.989725
0.9913959999999999
0.991978
0.9914639999999999
0.989826
0.988986
0.9893270000000001
0.9890700000000001
0.988074
0.986405
0.984082
0.9823280000000001
0.9837610000000001
0.9870270000000001
0.9893540000000001
0.9908030000000001
0.991397
0.991009
0.9894139999999999
0.98854
0.9889620000000001
0.988893
0.988034
0.986411
0.984022
0.9817309999999999
0.9823620000000001
0.985073
0.9870180000000001
0.98818
0.9886149999999999
0.988246
0.988605
0.9898549999999999
0.9903569999999999
0.98995
0.9887319999999999
0.9868469999999999
0.984245
0.983059
0.984769
0.987082
0.988439
0.9889370000000001
0.988806
0.988034
0.988152
0.989476
0.9904620000000001
0.990864
0.9906200000000001
0.98961
0.9875209999999999
0.986951
0.989239
0.991751
0.9933850000000001
0.9942989999999999
0.9945299999999999
0.993872
0.9940379999999999
0.995503
0.9965860000000001
0.9969950000000001
0.996785
0.9958940000000001
0.994015
0.994373
0.9975129999999999
1.000025
1.001543
1.002209
1.001837
1.000162
0.999027
0.998951
0.9983209999999999
0.9970969999999999
0.995409
0.993107
0.98993
0.989447
0.992038
0.9939049999999999
0.994658
0.9943649999999999
0.992986
0.9905139999999999
0.9888620000000001
0.988511
0.987819
0.98656
0.9846159999999999
0.9818530000000001
0.978582
0.9785809999999999
0.981716
0.98429
0.986218
0.9874459999999999
0.987756
0.986933
0.986727
0.9876
0.9880030000000001
0.9877600000000001
0.9868290000000001
0.985173
0.982876
0.9835709999999999
0.9872290000000001
0.990152
0.9922270000000001
0.993441
0.993783
0.993189
0.9934879999999999
0.995086
0.996123
0.9962479999999999
0.9955280000000001
0.9939379999999999
0.9916219999999999
0.9921200000000001
0.9953200000000001
0.9975950000000001
0.9988610000000001
0.9993290000000001
0.999042
0.997808
0.997482
0.998519
0.9990049999999999
0.9985120000000001
0.997035
0.9945860000000001
0.991775
0.992134
0.995173
0.997325
0.9984940000000001
0.9987450000000001
0.997924
0.997668
0.998458
0.998818
0.9985379999999999
0.9976709999999999
0.9962340000000001
0.994077
0.992985
0.994668
0.9970190000000001
0.998142
0.9982479999999999
0.997541
0.9960209999999999
0.995389
0.995941
0.995985
0.9953270000000001
0.994117
0.992351
0.989816
0.9887520000000001
0.9907459999999999
0.99339
0.9950549999999999
0.995762
0.995609
0.99466
0.994641
0.9957590000000001
0.9962479999999999
0.9959520000000001
0.9949819999999999
0.993383
0.991179
0.991431
0.994776
0.997919
1.000077
1.001321
1.001547
1.000574
1.0001010000000001
1.0005549999999999
1.000428
0.999576
0.99805
0.9959
0.992984
0.9924059999999999
0.994769
0.996841
0.9981399999999999
0.9987950000000001
0.998817
0.9979950000000001
0.997921
0.998862
0.999044
0.9982139999999999
0.996467
0.993977
0.990721
0.9905379999999999
0.993617
0.99595
0.9973700000000001
0.998015
0.997923
0.996922
0.996727
0.9978040000000001
0.998505
0.9985930000000001
0.9980680000000001
0.996764
0.994409
0.994758
0.998128
1.0005879999999998
1.001884
1.0022360000000001
1.001698
1.0001719999999998
0.9995860000000001
1.0004790000000001
1.001069
1.0010059999999998
1.000275
0.9987370000000001
0.9961049999999999
0.9960479999999999
0.9989309999999999
1.001025
1.002264
1.002761
1.00234
1.000836
1.000081
1.000448
1.000174
0.999179
0.997668
0.995625
0.993099
0.993842
0.997705
1.000642
1.0024600000000001
1.0031430000000001
1.0026190000000001
1.0009379999999999
1.0000870000000002
1.000549
1.000637
1.000051
0.998658
0.9963860000000001
0.993518
0.993733
0.9968020000000001
0.9989979999999999
1.00031
1.000801
1.000371
1.0006110000000001
1.001781
1.0023360000000001
1.002107
1.0010139999999998
0.998985
0.9960610000000001
0.994318
0.995539
0.9977860000000001
0.999291
0.9999239999999999
0.999632
0.998418
0.997959
0.998499
0.998434
0.997634
0.996233
0.9943790000000001
0.991936
0.991133
0.993302
0.9958950000000001
0.997395
0.9978549999999999
0.9975620000000001
0.996659
0.9968819999999999
0.998613
1.000138
1.001008
1.001042
1.000148
0.998143
0.997865
1.000491
1.003201
1.005052
1.006194
1.006593
1.00594
1.005882
1.006882
1.007284
1.0068290000000002
1.005667
1.003908
1.0013889999999999
1.001088
1.003766
1.006156
1.0074610000000002
1.007798
1.007091
1.005154
1.003889
1.00384
1.0033590000000001
1.002391
1.001051
0.9991399999999999
0.996359
0.996282
0.999243
1.001421
1.002506
1.002659
1.0019200000000001
1.000302
0.999602
1.000124
1.0001360000000001
0.9994200000000001
0.997957
0.995683
0.9926149999999999
0.9924069999999999
0.995585
0.998558
1.000832
1.0022879999999998
1.0026950000000001
1.001837
1.001444
1.002002
1.002046
1.001463
1.000265
0.998432
0.995776
0.995807
0.998864
1.0012860000000001
1.002838
1.003602
1.003593
1.002751
1.002882
1.004341
1.00521
1.005096
1.004043
1.002042
0.9991030000000001
0.998984
1.001788
1.00376
1.004856
1.005298
1.0050860000000001
1.003932
1.003564
1.004416
1.004701
1.004084
1.002575
1.00016
0.997059
0.997077
1.000048
1.0020209999999998
1.002875
1.002724
1.001487
1.000851
1.0013450000000002
1.0015610000000001
1.001333
1.0007
0.999602
0.997775
0.996763
0.9983879999999999
1.000753
1.0019040000000001
1.0020790000000002
1.00149
1.000143
0.9997360000000001
1.000524
1.000772
1.000267
0.999172
0.997533
0.9951840000000001
0.994317
0.996591
0.9996709999999999
1.0018479999999998
1.00308
1.003375
1.0027270000000001
1.002856
1.004032
1.0045680000000001
1.004351
1.003496
1.00203
0.9999469999999999
1.000005
1.003075
1.006147
1.00819
1.009296
1.009409
1.008362
1.007867
1.0083600000000001
1.008316
1.0075479999999999
1.006038
1.003788
1.000657
0.999552
1.001406
1.003312
1.004533
1.00515
1.005139
1.004261
1.004078
1.004841
1.004795
1.003729
1.001778
0.999138
0.9957969999999999
0.9953
0.9981059999999999
1.000494
1.001959
1.0025680000000001
1.002353
1.001197
1.000856
1.0018209999999999
1.00245
1.00247
1.001841
1.0003790000000001
0.997818
0.997692
1.000574
1.002831
1.004026
1.0043799999999998
1.003946
1.002613
1.0022719999999998
1.003411
1.00419
1.004205
1.0034239999999999
1.001758
0.998999
0.998835
1.001671
1.003795
1.005075
1.0056129999999999
1.005241
1.0038040000000001
1.00315
1.003664
1.0035889999999998
1.002836
1.001593
0.9998299999999999
0.997518
0.9984290000000001
1.00242
1.0053590000000001
1.007059
1.0076829999999999
1.007375
1.0061129999999998
1.0057260000000001
1.006651
1.007169
1.006968
1.005971
1.004211
1.0017790000000002
1.002408
1.006002
1.00865
1.01033
1.011108
1.010886
1.0094670000000001
1.0087
1.009121
1.008964
1.0079639999999999
1.006247
1.003843
1.000894
1.001048
1.004253
1.006728
1.00824
1.008852
1.008553
1.007147
1.006436
1.006872
1.006669
1.005631
1.00395
1.0016200000000002
0.998871
0.9991680000000001
1.0021129999999998
1.004006
1.004838
1.004867
1.004129
1.004294
1.00569
1.006616
1.0067110000000001
1.005918
1.0042149999999999
1.00158
1.000167
1.0017209999999999
1.004063
1.005411
1.005863
1.005472
1.004156
1.003695
1.004459
1.0047620000000002
1.004422
1.003585
1.002271
1.000255
0.999935
1.002456
1.005099
1.006691
1.007398
1.0072889999999999
1.006353
1.006365
1.007627
1.008428
1.008699
1.008543
1.007844
1.006401
1.007268
1.0110219999999999
1.0143
1.016419
1.0174889999999999
1.0175370000000001
1.01655
1.016273
1.016997
1.017034
1.016194
1.01452
1.012061
1.0087979999999999
1.008035
1.010437
1.012656
1.014042
1.014578
1.014142
1.012467
1.01122
1.010865
1.009895
1.008205
1.005832
1.002786
0.998898
0.9978450000000001
0.9998819999999999
1.0012299999999998
1.001826
1.0018280000000002
1.001218
0.999808
0.99736
0.9938319999999999
0.989241
0.9835790000000001
0.979942
0.9788469999999999
0.97706
0.973942
0.96975
0.969435
0.9733629999999999
0.9766959999999999
0.9790260000000001
0.9802799999999999
0.980266
0.978991
0.9765149999999999
0.9727290000000001
0.9704860000000001
0.970053
0.968367
0.965382
0.961621
0.9612069999999999
0.965098
0.968917
0.9710690000000001
0.9714020000000001
0.970173
0.9675239999999999
0.9632780000000001
0.95741
0.952998
0.950615
0.94744
0.9432530000000001
0.9383469999999999
0.9368
0.939416
0.941673
0.942226
0.941349
0.939486
0.936843
0.933408
0.929085
0.926674
0.9266040000000001
0.926132
0.92495
0.922916
0.924161
0.9288850000000001
0.9323440000000001
0.93409
0.9345690000000001
0.9341459999999999
0.932974
0.930919
0.927629
0.9257299999999999
0.9259639999999999
0.9258709999999999
0.925024
0.923249
0.924017
0.927903
0.930693
0.931407
0.930436
0.9280700000000001
0.924466
0.9195190000000001
0.913043
0.908093
0.905422
0.902359
0.898703
0.895068
0.89538
0.898812
0.9008729999999999
0.901533
0.9010040000000001
0.899235
0.895985
0.890867
0.886651
0.8842270000000001
0.881202
0.877425
0.8730829999999999
0.872491
0.8755879999999999
0.877676
0.8784489999999999
0.8780709999999999
0.8767280000000001
0.8744780000000001
0.87108
0.86619
0.862605
0.861095
0.8592190000000001
0.856748
0.853964
0.854508
0.857527
0.858584
0.857893
0.856151
0.853823
0.8509129999999999
0.8471850000000001
0.842618
0.840319
0.840814
0.841096
0.840557
0.840585
0.843741
0.848218
0.851052
0.8524299999999999
0.8528129999999999
0.852339
0.8507450000000001
0.8477100000000001
0.843231
0.840656
0.840842
0.840931
0.840269
0.840533
0.8442459999999999
0.8492850000000001
0.852684
0.8545360000000001
0.855282
0.854916
0.853044
0.8494219999999999
0.844065
0.8403360000000001
0.8391620000000001
0.8375969999999999
0.834915
0.8331200000000001
0.83475
0.837733
0.8395889999999999
0.840413
0.8402639999999999
0.8388770000000001
0.836046
0.83178
0.8289489999999999
0.828073
0.826483
0.8237629999999999
0.820649
0.820749
0.823365
0.8248559999999999
0.825255
0.8247700000000001
0.8233290000000001
0.82073
0.8168569999999999
0.811757
0.808388
0.807573
0.806663
0.80485
0.802918
0.804143
0.807409
0.809222
0.809714
0.809212
0.807829
0.805589
0.802471
0.798493
0.796569
0.79708
0.796863
0.7952060000000001
0.7943140000000001
0.796782
0.800545
0.803182
0.8047989999999999
0.805562
0.805521
0.804562
0.8024279999999999
0.80177
0.803086
0.8035979999999999
0.802783
0.8016439999999999
0.8034939999999999
0.8073739999999999
0.80997
0.811333
0.811546
0.810553
0.808363
0.804949
0.800359
0.797638
0.797395
0.796786
0.795297
0.794497
0.797042
0.801078
0.803524
0.804335
0.8036909999999999
0.801768
0.798707
0.794514
0.789246
0.785838
0.7847270000000001
0.783104
0.780682
0.7794449999999999
0.781997
0.786463
0.7900159999999999
0.7924760000000001
0.793909
0.794247
0.793195
0.790402
0.785806
0.78235
0.780658
0.778113
0.774388
0.7714479999999999
0.7722289999999999
0.775145
0.7773479999999999
0.778734
0.779556
0.77986
0.779397
0.77784
0.777533
0.7786529999999999
0.778515
0.776866
0.774798
0.775483
0.7780590000000001
0.77949
0.7800050000000001
0.77998
0.779586
0.77873
0.77723
0.7749020000000001
0.774176
0.775358
0.775856
0.7752859999999999
0.775022
0.777971
0.7826649999999999
0.785818
0.787292
0.78742
0.786392
0.784203
0.7809020000000001
0.776686
0.774425
0.774682
0.774791
0.774173
0.7744300000000001
0.778131
0.78325
0.786669
0.7884439999999999
0.7890739999999999
0.788709
0.787155
0.7841670000000001
0.782033
0.781238
0.77963
0.777035
0.773655
0.773601
0.77703
0.779879
0.781924
0.783198
0.7836069999999999
0.7829189999999999
0.780906
0.777386
0.774674
0.7733140000000001
0.771254
0.768367
0.765352
0.765939
0.769466
0.771945
0.773374
0.774061
0.774048
0.773192
0.7713300000000001
0.768383
0.766941
0.767588
0.7678229999999999
0.767089
0.766242
0.768552
0.773083
0.776476
0.778855
0.7804939999999999
0.781409
0.781378
0.779964
0.779239
0.779706
0.779238
0.777579
0.77488
0.774963
0.778601
0.782088
0.784679
0.786399
0.7872640000000001
0.787242
0.786119
0.783583
0.781994
0.782027
0.781547
0.780263
0.778296
0.779446
0.78337
0.785899
0.7872359999999999
0.7877890000000001
0.7876890000000001
0.7869470000000001
0.785419
0.783017
0.782243
0.783511
0.784323
0.784247
0.783334
0.785421
0.7903180000000001
0.7938310000000001
0.795902
0.796772
0.796559
0.795193
0.792355
0.787933
0.7845810000000001
0.78303
0.7812
0.778934
0.776273
0.77732
0.7820729999999999
0.785958
0.788601
0.79008
0.790351
0.789147
0.786261
0.7818430000000001
0.778632
0.777231
0.775353
0.772655
0.769712
0.7703760000000001
0.77437
0.777863
0.780684
0.782988
0.784704
0.7855310000000001
0.785084
0.783051
0.78182
0.7820010000000001
0.781445
0.779824
0.7776430000000001
0.77877
0.782846
0.78599
0.788145
0.789465
0.78987
0.789288
0.787697
0.787409
0.788886
0.789917
0.7901130000000001
0.789315
0.790411
0.79443
0.79814
0.8003
0.80107
0.8005770000000001
0.798874
0.7961560000000001
0.792502
0.790245
0.789992
0.789609
0.788691
0.787172
0.788405
0.792926
0.797006
0.799898
0.801752
0.8024819999999999
0.801894
0.799849
0.796384
0.7940699999999999
0.793606
0.7928
0.791307
0.789249
0.7900699999999999
0.794333
0.798303
0.801071
0.802672
0.803225
0.802841
0.801333
0.7984760000000001
0.796697
0.796563
0.795833
0.79419
0.7916350000000001
0.791679
0.795098
0.798269
0.800351
0.801435
0.801647
0.8009270000000001
0.798963
0.795614
0.793529
0.793303
0.792606
0.791153
0.788879
0.789881
0.7943600000000001
0.7979539999999999
0.80038
0.8017569999999999
0.802114
0.80138
0.799434
0.796204
0.794161
0.7939149999999999
0.793391
0.792307
0.790417
0.79167
0.796171
0.799579
0.8018029999999999
0.803165
0.803688
0.803226
0.8016810000000001
0.7990109999999999
0.797633
0.797977
0.79761
0.7960689999999999
0.793371
0.793774
0.797525
0.800296
0.801964
0.802828
0.8029229999999999
0.802216
0.80061
0.7980079999999999
0.79697
0.798042
0.798701
0.798359
0.796887
0.79842
0.802959
0.806081
0.807767
0.808308
0.8078350000000001
0.8064279999999999
0.803964
0.800388
0.79847
0.79887
0.799076
0.798562
0.797195
0.798995
0.804032
0.807862
0.810104
0.810898
0.810483
0.808918
0.805974
0.801541
0.798293
0.796959
0.795379
0.793309
0.790767
0.791738
0.796229
0.799904
0.802415
0.80377
0.803928
0.802743
0.800111
0.798466
0.798312
0.797391
0.795505
0.7927770000000001
0.791859
0.794198
0.797139
0.79923
0.800604
0.801423
0.801595
0.800884
0.799084
0.798379
0.799117
0.799083
0.798088
0.7961550000000001
0.7961729999999999
0.799237
0.802132
0.803653
0.8042229999999999
0.804188
0.803517
0.802081
0.799821
0.799113
0.8004
0.801295
0.801249
0.800138
0.801509
0.805995
0.8097300000000001
0.811902
0.812837
0.8128380000000001
0.8120189999999999
0.8102520000000001
0.8072779999999999
0.805424
0.805337
0.804854
0.803543
0.801279
0.801528
0.804953
0.807909
0.809768
0.81071
0.81074
0.8097989999999999
0.807653
0.804084
0.8016300000000001
0.800992
0.7999729999999999
0.7982779999999999
0.795858
0.7963439999999999
0.800094
0.803186
0.8051590000000001
0.80624
0.806629
0.806296
0.804937
0.8023560000000001
0.8010609999999999
0.801651
0.8019
0.801467
0.80018
0.8015720000000001
0.806167
0.810129
0.812884
0.814616
0.815348
0.81487
0.81299
0.809837
0.80805
0.808164
0.8078850000000001
0.806812
0.8048529999999999
0.805901
0.810512
0.814635
0.817706
0.819866
0.821042
0.820973
0.819398
0.816218
0.813976
0.813333
0.812116
0.809962
0.806786
0.806706
0.810229
0.8132159999999999
0.81533
0.816766
0.8174560000000001
0.81725
0.81593
0.813296
0.8117850000000001
0.811873
0.811076
0.808986
0.8057449999999999
0.805465
0.808541
0.8108270000000001
0.811964
0.8122050000000001
0.81171
0.8105180000000001
0.808463
0.805384
0.803824
0.804299
0.804295
0.803313
0.801236
0.802181
0.806295
0.8092689999999999
0.810895
0.811284
0.810579
0.808814
0.805922
0.8019970000000001
0.799764
0.799786
0.7996489999999999
0.798971
0.79801
0.8005369999999999
0.806137
0.810517
0.813449
0.8152050000000001
0.815865
0.815231
0.813086
0.809426
0.807021
0.806595
0.805818
0.804331
0.802639
0.804607
0.809772
0.813975
0.816946
0.8187810000000001
0.819407
0.818692
0.816592
0.813053
0.810705
0.810182
0.809046
0.806941
0.804543
0.805743
0.8100189999999999
0.813336
0.815553
0.816803
0.8170649999999999
0.816232
0.814127
0.810578
0.808269
0.807936
0.807107
0.805293
0.8030470000000001
0.804131
0.808018
0.810824
0.812479
0.813129
0.812846
0.811584
0.809168
0.805485
0.803183
0.80277
0.801763
0.799928
0.79798
0.799424
0.8035
0.8063520000000001
0.807942
0.808556
0.808303
0.8070470000000001
0.8045800000000001
0.800897
0.798771
0.798715
0.798122
0.796529
0.794837
0.796443
0.800495
0.803397
0.804986
0.805532
0.805139
0.803724
0.801217
0.800139
0.8010149999999999
0.801475
0.8011659999999999
0.7999890000000001
0.801561
0.806215
0.8099390000000001
0.81221
0.813304
0.813392
0.812388
0.810182
0.806767
0.8047449999999999
0.804823
0.804793
0.80429
0.803175
0.8053600000000001
0.8108449999999999
0.81512
0.817806
0.819098
0.819062
0.817692
0.815098
0.811401
0.809232
0.809181
0.808836
0.807815
0.806234
0.808185
0.813517
0.8178
0.8209129999999999
0.823059
0.824242
0.8242709999999999
0.8228139999999999
0.819625
0.817325
0.816681
0.815353
0.812908
0.809404
0.809091
0.812287
0.814807
0.816437
0.817345
0.817589
0.8170229999999999
0.815314
0.812249
0.810426
0.81033
0.809476
0.80758
0.8048390000000001
0.805142
0.80833
0.810338
0.811239
0.811395
0.810976
0.809926
0.80805
0.8052729999999999
0.8042239999999999
0.8053359999999999
0.805988
0.805628
0.804384
0.806136
0.810751
0.814125
0.816091
0.816916
0.816682
0.815335
0.8128850000000001
0.809435
0.8077340000000001
0.808353
0.808746
0.808385
0.80758
0.810079
0.815366
0.819241
0.821584
0.822751
0.822802
0.8216100000000001
0.819094
0.815187
0.812639
0.812191
0.811327
0.809546
0.807553
0.809149
0.813729
0.817337
0.819772
0.821105
0.8213540000000001
0.820558
0.8185600000000001
0.815096
0.812774
0.812229
0.811034
0.808906
0.806515
0.807634
0.811701
0.814775
0.816716
0.817603
0.817433
0.816133
0.813529
0.8095760000000001
0.807092
0.806632
0.805584
0.803581
0.801319
0.80248
0.806496
0.8095180000000001
0.811422
0.8124100000000001
0.812542
0.811655
0.8094979999999999
0.805977
0.803797
0.803411
0.802279
0.8002100000000001
0.7983600000000001
0.800088
0.804363
0.807525
0.809449
0.810467
0.81067
0.809867
0.807852
0.804525
0.802636
0.8027270000000001
0.802126
0.800315
0.7986479999999999
0.80047
0.804504
0.807253
0.808571
0.8087850000000001
0.80812
0.806605
0.8040970000000001
0.8003899999999999
0.798214
0.798215
0.79774
0.796245
0.795248
0.7975899999999999
0.801561
0.8040930000000001
0.805292
0.805367
0.804311
0.802129
0.798752
0.796714
0.796628
0.796196
0.795187
0.7938649999999999
0.7961189999999999
0.801612
0.805967
0.8089029999999999
0.810499
0.81071
0.809517
0.806988
0.803076
0.800296
0.799339
0.7979510000000001
0.795899
0.793716
0.795353
0.800283
0.804138
0.806767
0.8084210000000001
0.809191
0.808904
0.8072159999999999
0.804034
0.802204
0.8023279999999999
0.801752
0.800012
0.797942
0.799297
0.803435
0.806551
0.808552
0.809697
0.810181
0.809891
0.8106300000000001
0.812511
0.813336
0.812847
0.8112550000000001
0.810042
0.811643
0.814653
0.8165100000000001
0.817196
0.816844
0.815632
0.815433
0.816588
0.817304
0.8172659999999999
0.8165819999999999
0.815398
0.815317
0.818294
0.822348
0.824901
0.8259879999999999
0.825926
0.82496
0.824838
0.8258629999999999
0.826586
0.8270489999999999
0.827449
0.827758
0.828003
0.831367
0.83746
0.8423639999999999
0.8457370000000001
0.847736
0.848721
0.849167
0.8507020000000001
0.8532639999999999
0.8550540000000001
0.855866
0.855987
0.855676
0.854875
0.856712
0.8610479999999999
0.864346
0.8666530000000001
0.8682129999999999
0.8691709999999999
0.8694540000000001
0.870332
0.8718940000000001
0.8726139999999999
0.8722690000000001
0.8709819999999999
0.869007
0.867
0.8676159999999999
0.870117
0.8716809999999999
0.8726309999999999
0.873409
0.8740870000000001
0.8742280000000001
0.875017
0.8766579999999999
0.877551
0.877559
0.877001
0.8759870000000001
0.874886
0.876295
0.8796
0.882017
0.883811
0.885396
0.886732
0.8888010000000001
0.891533
0.893581
0.894972
0.895957
0.8965790000000001
0.896488
0.896184
0.8981969999999999
0.901819
0.9045770000000001
0.9066489999999999
0.9082379999999999
0.909215
0.910751
0.9131540000000001
0.9152969999999999
0.9171530000000001
0.918874
0.9203110000000001
0.920903
0.9206469999999999
0.9224709999999999
0.9261870000000001
0.9291389999999999
0.931637
0.9337479999999999
0.9351700000000001
0.9356909999999999
0.936851
0.9390120000000001
0.9407979999999999
0.9420790000000001
0.9427139999999999
0.9423889999999999
0.940902
0.9411879999999999
0.944544
0.94831
0.9513969999999999
0.953566
0.9545889999999999
0.9542930000000001
0.9542360000000001
0.9549709999999999
0.955225
0.954708
0.953299
0.951061
0.948044
0.946443
0.948081
0.950917
0.953084
0.9542139999999999
0.9540690000000001
0.952536
0.9513229999999999
0.9511379999999999
0.950649
0.94945
0.9474229999999999
0.944573
0.940944
0.93899
0.9407040000000001
0.9438559999999999
0.9464600000000001
0.9483299999999999
0.949419
0.950996
0.9533200000000001
0.9551290000000001
0.9562510000000001
0.956729
0.95652
0.9555530000000001
0.9538559999999999
0.9548040000000001
0.9589209999999999
0.9627549999999999
0.96572
0.9678829999999999
0.969252
0.971225
0.97425
0.9770270000000001
0.9790709999999999
0.9802049999999999
0.9803629999999999
0.979555
0.977886
0.9786950000000001
0.9825709999999999
0.986176
0.9888379999999999
0.9905459999999999
0.991403
0.9915719999999999
0.9926950000000001
0.994951
0.996649
0.997497
0.9975299999999999
0.996816
0.9953639999999999
0.9957440000000001
0.9993719999999999
1.003559
1.006694
1.008686
1.0095690000000002
1.009272
1.00939
1.0104090000000001
1.0108620000000001
1.010484
1.0094
1.0078340000000001
1.005741
1.0045520000000001
1.006177
1.008759
1.0100879999999999
1.0103280000000001
1.009642
1.007971
1.006845
1.0065950000000001
1.00571
1.0040719999999999
1.002006
0.999667
0.9969030000000001
0.995073
0.996434
0.999358
1.0013370000000001
1.0023790000000001
1.002514
1.001638
1.001395
1.002186
1.002564
1.002471
1.002033
1.001185
0.9997370000000001
0.999124
1.001527
1.00536
1.008402
1.010661
1.012078
1.0125030000000002
1.013436
1.015223
1.016528
1.017277
1.017433
1.016852
1.015384
1.014425
1.016248
1.0195239999999999
1.022058
1.023774
1.024578
1.0243280000000001
1.024677
1.0259850000000001
1.026709
1.026661
1.025898
1.024542
1.022492
1.02154
1.0235459999999998
1.026534
1.028485
1.029317
1.029167
1.028089
1.026041
1.025145
1.02601
1.026709
1.026744
1.025931
1.0241360000000002
1.021623
1.022205
1.025673
1.0281129999999998
1.029479
1.02988
1.029234
1.027588
1.027123
1.028269
1.028959
1.0288
1.02777
1.0257889999999998
1.022789
1.0225229999999998
1.025317
1.027356
1.02829
1.028149
1.026996
1.024858
1.023651
1.023828
1.0237180000000001
1.023104
1.0218969999999998
1.020048
1.0175100000000001
1.017943
1.0213940000000001
1.023807
1.024987
1.025282
1.024873
1.023694
1.023655
1.025156
1.026202
1.0264
1.025881
1.0247760000000001
1.0229489999999999
1.024154
1.02847
1.031835
1.034029
1.035123
1.0351549999999998
1.034088
1.033909
1.0350190000000001
1.035514
1.035199
1.0341879999999999
1.032412
1.029701
1.030026
1.033579
1.036196
1.0377530000000001
1.0385030000000002
1.038416
1.037244
1.0368700000000002
1.037663
1.037664
1.0367
1.034912
1.0322719999999999
1.028856
1.028398
1.030778
1.0321879999999999
1.032793
1.032824
1.0322069999999999
1.030769
1.030354
1.031199
1.031288
1.030345
1.028476
1.025778
1.022408
1.022006
1.0243659999999999
1.025682
1.0259770000000001
1.0254590000000001
1.024246
1.022239
1.021287
1.021815
1.0220129999999998
1.0215969999999999
1.020473
1.018478
1.015801
1.015927
1.0186629999999999
1.02047
1.021344
1.021468
1.020807
1.019108
1.018322
1.0190569999999999
1.019495
1.0193379999999999
1.018615
1.017232
1.015919
1.0176450000000001
1.0214809999999999
1.024218
1.025834
1.026543
1.026275
1.0247629999999999
1.024103
1.02482
1.024901
1.0241120000000001
1.022621
1.0204
1.018597
1.020023
1.023436
1.025892
1.027319
1.027703
1.0269270000000001
1.02495
1.023952
1.024345
1.024045
1.022807
1.0206620000000002
1.017564
1.015034
1.015892
1.0186870000000001
1.020581
1.0215889999999999
1.021734
1.0208030000000001
1.018569
1.017103
1.016958
1.016313
1.014921
1.012748
1.009799
1.0075479999999999
1.008522
1.011202
1.013031
1.014063
1.014289
1.013649
1.012001
1.0113530000000002
1.012094
1.01216
1.011312
1.009719
1.007395
1.0060200000000001
1.007898
1.011263
1.013662
1.015084
1.0157370000000001
1.0156049999999999
1.014375
1.014091
1.015299
1.015918
1.015547
1.014177
1.0117530000000001
1.010506
1.0124950000000001
1.01544
1.017295
1.0181440000000002
1.018046
1.016845
1.014428
1.013249
1.013889
1.0141200000000001
1.013654
1.012528
1.010528
1.010003
1.012484
1.015232
1.016566
1.016756
1.015968
1.014111
1.013169
1.01352
1.013211
1.012106
1.010451
1.008269
1.005855
1.006745
1.010445
1.013053
1.014422
1.014642
1.01358
1.011117
1.009335
1.008734
1.007509
1.005596
1.003166
1.000165
0.99718
0.997533
1.00051
1.002618
1.0038850000000001
1.00443
1.004177
1.002981
1.002735
1.003818
1.004423
1.0043229999999999
1.003388
1.001451
0.99984
1.00115
1.004033
1.006026
1.007312
1.007919
1.0077129999999999
1.006491
1.006211
1.007256
1.007616
1.00696
1.00536
1.00296
1.001431
1.0029270000000001
1.0056770000000002
1.007304
1.0077200000000002
1.006998
1.0052780000000001
1.002486
1.000818
1.000947
1.000874
1.0002030000000002
0.9988309999999999
0.996598
0.9957860000000001
0.9979709999999999
1.0007489999999999
1.0025
1.003276
1.003218
1.002202
0.9999129999999999
0.998605
0.999001
0.9990129999999999
0.9982629999999999
0.9968440000000001
0.994691
0.993943
0.9963559999999999
0.999525
1.001579
1.002687
1.002933
1.002078
0.9998799999999999
0.9986360000000001
0.998943
0.9987729999999999
0.997993
0.996616
0.994347
0.9933129999999999
0.99544
0.9983770000000001
1.000124
1.000766
1.000376
0.9989120000000001
0.9984879999999999
0.999554
1.000143
0.999994
0.999114
0.9973139999999999
0.9949530000000001
0.9957
0.9992340000000001
1.001901
1.003707
1.004756
1.004834
1.003724
1.003333
1.003984
1.003835
1.002905
1.001383
0.9992120000000001
0.996956
0.997813
1.001009
1.003131
1.004316
1.004673
1.004132
1.00271
1.002461
1.00373
1.004498
1.004365
1.00311
1.000622
0.998223
0.998682
1.000728
1.001673
1.001681
1.000877
0.9993190000000001
0.996973
0.995775
0.9961030000000001
0.9960190000000001
0.9951479999999999
0.9933780000000001
0.99066
0.9883870000000001
0.989058
0.991334
0.99266
0.9928739999999999
0.991985
0.9900459999999999
0.986922
0.9847290000000001
0.9842190000000001
0.9835729999999999
0.982448
0.980834
0.9786790000000001
0.9779200000000001
0.9803059999999999
0.983598
0.985718
0.986706
0.986836
0.9861040000000001
0.986294
0.987768
0.988656
0.9885790000000001
0.9876
0.9859870000000001
0.983957
0.98508
0.989274
0.992761
0.9953780000000001
0.997151
0.9980129999999999
0.9977229999999999
0.9980540000000001
0.9995129999999999
1.000334
1.000255
0.999445
0.99792
0.9956969999999999
0.996347
0.9997719999999999
1.002182
1.003522
1.0041229999999999
1.004094
1.003224
1.001272
1.000474
1.0012219999999998
1.001267
1.000364
0.9984700000000001
0.995346
0.9939790000000001
0.9957379999999999
0.997598
0.998469
0.998668
0.9981760000000001
0.9966950000000001
0.996065
0.996606
0.99631
0.994924
0.992524
0.989139
0.985434
0.984975
0.987201
0.9884440000000001
0.9886659999999999
0.9879180000000001
0.986082
0.983153
0.981082
0.980245
0.978925
0.977057
0.9747
0.9716879999999999
0.9688260000000001
0.9689610000000001
0.971118
0.9724290000000001
0.9730040000000001
0.9729209999999999
0.9722350000000001
0.97283
0.9748479999999999
0.9763870000000001
0.977391
0.977952
0.9779329999999999
0.977225
0.979245
0.9841270000000001
0.9881120000000001
0.9908959999999999
0.992609
0.993282
0.9929969999999999
0.991641
0.991123
0.992032
0.992584
0.9924459999999999
0.991657
0.990189
0.9896790000000001
0.9922030000000001
0.995914
0.998532
1.00001
1.0004
0.999539
0.997057
0.995223
0.99484
0.9938370000000001
0.991814
0.988857
0.984981
0.982857
0.984082
0.9861110000000001
0.987502
0.988267
0.988333
0.9873190000000001
0.9867530000000001
0.9868899999999999
0.9859129999999999
0.983718
0.9806959999999999
0.977025
0.972526
0.970939
0.9725879999999999
0.973568
0.9736319999999999
0.9730040000000001
0.971735
0.9696450000000001
0.968493
0.96878
0.9688559999999999
0.968456
0.9675379999999999
0.965844
0.963448
0.9638760000000001
0.966885
0.968875
0.9699700000000001
0.970411
0.9701129999999999
0.970791
0.972937
0.974952
0.9765299999999999
0.977678
0.9783350000000001
0.978252
0.9798520000000001
0.984145
0.9883139999999999
0.991236
0.9931770000000001
0.9941700000000001
0.9940180000000001
0.992583
0.9917729999999999
0.992052
0.991775
0.990885
0.989408
0.987159
0.9856280000000001
0.9872989999999999
0.990503
0.99264
0.9937020000000001
0.9937739999999999
0.992841
0.990705
0.9894139999999999
0.989451
0.9888040000000001
0.9871219999999999
0.984397
0.980783
0.9785290000000001
0.9795450000000001
0.9817100000000001
0.983144
0.98382
0.983583
0.98219
0.981261
0.981144
0.9803540000000001
0.9788530000000001
0.9767540000000001
0.9741129999999999
0.9708190000000001
0.9696670000000001
0.9715030000000001
0.973389
0.974398
0.9744879999999999
0.973728
0.972137
0.971398
0.9719030000000001
0.972108
0.971777
0.9708979999999999
0.969505
0.967404
0.967994
0.97165
0.9747170000000001
0.9768479999999999
0.978215
0.978942
0.978951
0.979988
0.9824459999999999
0.984491
0.9856950000000001
0.9860059999999999
0.985367
0.9839549999999999
0.9854780000000001
0.989849
0.993275
0.995609
0.9969950000000001
0.9973719999999999
0.9965430000000001
0.996448
0.9976219999999999
0.998236
0.997959
0.9968309999999999
0.994798
0.992042
0.992031
0.994424
0.9955809999999999
0.9956459999999999
0.9948620000000001
0.993181
0.9905
0.988777
0.98839
0.987454
0.985859
0.98374
0.981017
0.978503
0.979224
0.982231
0.98425
0.985168
0.9850049999999999
0.983722
0.983118
0.9835430000000001
0.9833700000000001
0.982555
0.981261
0.9794579999999999
0.977089
0.9761989999999999
0.9783959999999999
0.981453
0.9836020000000001
0.984892
0.985311
0.9847799999999999
0.9848600000000001
0.98588
0.986433
0.986376
0.985632
0.984093
0.9816469999999999
0.980547
0.982295
0.9847360000000001
0.986577
0.987873
0.988642
0.9888040000000001
0.989964
0.9922700000000001
0.9939
0.9945430000000001
0.994225
0.9930899999999999
0.99108
0.99141
0.9947299999999999
0.997668
0.9995719999999999
1.000529
1.000675
0.999951
1.000038
1.001378
1.002348
1.002642
1.0021959999999999
1.000921
0.9985379999999999
0.9981049999999999
1.000526
1.0026059999999999
1.003586
1.003631
1.0027629999999998
1.000761
0.999425
0.99934
0.998857
0.9977020000000001
0.9959600000000001
0.9936209999999999
0.9904709999999999
0.989942
0.9925149999999999
0.9946
0.995851
0.996375
0.9959790000000001
0.994396
0.993434
0.9935799999999999
0.993207
0.9922799999999999
0.990949
0.989058
0.986355
0.986238
0.9892780000000001
0.9918819999999999
0.9934700000000001
0.9941030000000001
0.9937940000000001
0.992599
0.99234
0.993397
0.994099
0.994138
0.993341
0.9915379999999999
0.9887319999999999
0.988669
0.991875
0.994763
0.996964
0.9984129999999999
0.9988969999999999
0.9982120000000001
0.9981260000000001
0.9990690000000001
0.9994360000000001
0.9990450000000001
0.997914
0.9961059999999999
0.993762
0.994524
0.99828
1.001224
1.0032
1.004168
1.00409
1.002926
1.002557
1.003425
1.0037
1.003084
1.001688
0.999525
0.996726
0.996825
0.99966
1.001519
1.002348
1.00243
1.001845
1.000375
0.999769
1.000434
1.000502
0.999551
0.9975639999999999
0.9945579999999999
0.990826
0.990226
0.9926510000000001
0.994236
0.9948950000000001
0.9947450000000001
0.9936719999999999
0.9932700000000001
0.9939870000000001
0.9943639999999999
0.994216
0.9936280000000001
0.992607
0.9909399999999999
0.990288
0.992344
0.995034
0.9964290000000001
0.9967469999999999
0.996225
0.9949049999999999
0.994532
0.9954139999999999
0.995858
0.9956649999999999
0.9949899999999999
0.993848
0.9920190000000001
0.9917969999999999
0.9946280000000001
0.9979950000000001
1.000383
1.001801
1.002277
1.001796
1.002066
1.003303
1.003747
1.0032940000000001
1.0021229999999999
1.000346
0.998028
0.9982409999999999
1.0016120000000002
1.00481
1.007019
1.0083
1.008533
1.007506
1.006925
1.007247
1.00699
1.006031
1.004389
1.002057
0.998849
0.997777
0.999554
1.0010809999999999
1.0018479999999998
1.002029
1.001679
1.000607
1.000368
1.0012020000000001
1.001335
1.000493
0.99874
0.99621
0.9928549999999999
0.9922209999999999
0.994813
0.9969809999999999
0.9982709999999999
0.998763
0.9984729999999999
0.997229
0.9967379999999999
0.997506
0.9979520000000001
0.997865
0.9972549999999999
0.995957
0.993684
0.993994
0.9973489999999999
1.0
1.001515
1.002074
1.001711
1.0003360000000001
0.999914
1.001001
1.001783
1.001868
1.001209
0.9996649999999999
0.996983
0.996973
0.9999549999999999
1.002124
1.0035049999999999
1.004216
1.004063
1.0028629999999998
1.002449
1.003175
1.003228
1.0024959999999998
1.001167
0.999231
0.996819
0.9976450000000001
1.001471
1.0042719999999998
1.005849
1.006212
1.005349
1.0033729999999998
1.002324
1.0027139999999999
1.002851
1.002413
1.001225
0.999157
0.996411
0.9966709999999999
0.999735
1.001831
1.0029569999999999
1.003212
1.0025469999999999
1.002574
1.003552
1.0039200000000001
1.003496
1.002202
0.9999959999999999
0.9969549999999999
0.9950100000000001
0.996109
0.998498
1.000235
1.001141
1.001123
1.0001440000000001
0.999843
1.000446
1.000356
0.999451
0.9978950000000001
0.9958819999999999
0.9933129999999999
0.992215
0.994109
0.996661
0.9981549999999999
0.998642
0.9984270000000001
0.997663
0.998088
1.0000639999999998
1.001845
1.002947
1.003156
1.002359
1.000368
0.999964
1.0024030000000002
1.004956
1.006638
1.007627
1.0079120000000001
1.007188
1.0070940000000002
1.008068
1.008434
1.007946
1.006775
1.005045
1.0026
1.0024309999999998
1.005249
1.007732
1.009081
1.0094040000000002
1.0086190000000002
1.0065520000000001
1.005116
1.004865
1.004169
1.002997
1.001483
0.999439
0.996559
0.996403
0.9992989999999999
1.001443
1.00255
1.002795
1.002219
1.000813
1.000326
1.001023
1.001144
1.00045
0.998921
0.996508
0.993251
0.9928049999999999
0.995768
0.9986229999999999
1.000859
1.002364
1.00289
1.0021950000000002
1.001976
1.0027139999999999
1.0029549999999998
1.0025879999999998
1.001616
1.000001
0.997525
0.9976149999999999
1.000657
1.00305
1.004506
1.005125
1.0049489999999999
1.003946
1.003945
1.005321
1.0061790000000002
1.006126
1.0051889999999999
1.0033299999999998
1.00048
1.000444
1.003384
1.005486
1.006689
1.007198
1.006992
1.0057770000000001
1.00527
1.0059120000000001
1.005941
1.005056
1.003299
1.000686
0.9974069999999999
0.997333
1.0003440000000001
1.002421
1.0034100000000001
1.0033889999999999
1.0022520000000001
0.999915
0.998498
0.9986729999999999
0.9986719999999999
0.9982
0.997208
0.99545
0.9929540000000001
0.993217
0.995974
0.9975700000000001
0.998158
0.9979950000000001
0.997079
0.997136
0.998403
0.999065
0.998863
0.997922
0.996291
0.9939110000000001
0.9929790000000001
0.995188
0.9982540000000001
1.000363
1.001422
1.0014040000000002
1.000332
0.999922
1.00043
1.000254
0.999382
0.9980100000000001
0.9962
0.9939389999999999
0.9937299999999999
0.9965870000000001
0.999655
1.001652
1.002659
1.0027059999999999
1.001747
1.0015459999999998
1.002504
1.003036
1.002908
1.002048
1.000437
0.9979459999999999
0.997609
1.000162
1.002559
1.004298
1.005506
1.006156
1.005983
1.0064540000000002
1.0077450000000001
1.008089
1.007257
1.005421
1.002844
0.999526
0.9987090000000001
1.001085
1.003203
1.004289
1.004425
1.003703
1.0019959999999999
1.001067
1.001452
1.001534
1.001052
0.999959
0.9980559999999999
0.995059
0.994793
0.9975149999999999
0.9992620000000001
0.999936
0.9998379999999999
0.999023
0.997351
0.99672
0.997592
0.9980870000000001
0.9978520000000001
0.996928
0.9952350000000001
0.9925280000000001
0.992625
0.9957739999999999
0.998082
0.999542
1.0002389999999999
0.999986
0.9986219999999999
0.9979690000000001
0.998447
0.998381
0.9977379999999999
0.996699
0.995175
0.99306
0.994093
0.998142
1.001101
1.002848
1.0034610000000002
1.002944
1.001393
1.0008190000000001
1.001674
1.002184
1.001984
1.000907
0.9988540000000001
0.9962190000000001
0.9966379999999999
0.9998469999999999
1.0022659999999999
1.003896
1.004751
1.004674
1.003412
1.002796
1.003364
1.003356
1.002436
1.0006059999999999
0.997959
0.9949889999999999
0.99516
0.998149
1.000376
1.001583
1.001737
1.000821
1.0005600000000001
1.001248
1.001274
1.000485
0.998969
0.9968520000000001
0.9940690000000001
0.9925299999999999
0.9938809999999999
0.9959899999999999
0.997028
0.997034
0.9962850000000001
0.99493
0.9946360000000001
0.995706
0.996466
0.996542
0.995816
0.994236
0.991647
0.9905209999999999
0.9924209999999999
0.9949030000000001
0.9965799999999999
0.997548
0.9978299999999999
0.997218
0.997397
0.998821
0.999827
1.0001360000000001
0.9998450000000001
0.999008
0.9974219999999999
0.998081
1.001559
1.00451
1.006322
1.0071729999999999
1.007017
1.005692
1.005058
1.005582
1.00557
1.004916
1.003738
1.001895
0.999122
0.998825
1.0015319999999999
1.003624
1.004604
1.004609
1.003668
1.001737
1.000601
1.000597
1.000002
0.99864
0.9965299999999999
0.993657
0.990152
0.989973
0.9931620000000001
0.995755
0.997635
0.9987540000000001
0.998886
0.9978049999999999
0.997259
0.997727
0.997704
0.9970889999999999
0.995909
0.994117
0.9914700000000001
0.9915700000000001
0.9946709999999999
0.997022
0.998509
0.999242
0.999257
0.998483
0.998654
1.0001149999999999
1.00102
1.00101
1.000129
1.0422879999999999
1.122462
1.196933
1.2701930000000001
1.340243
1.405842
1.467044
1.5237610000000001
1.575912
1.623484
1.627065
1.593604
1.566881
1.543971
1.524456
1.508083
1.4946959999999998
1.489341
1.492818
1.499973
1.5458530000000001
1.622239
1.689042
1.7507009999999998
1.8048540000000002
1.849173
1.8844169999999998
1.911499
1.931477
1.945268
1.921125
1.869158
1.830761
1.8043209999999998
1.7885
1.7859490000000002
1.795881
1.8127229999999999
1.8339900000000002
1.8581020000000001
1.9136349999999998
1.9896220000000002
2.04601
2.085468
2.113563
2.1319630000000003
2.140286
2.140598
2.134842
2.12448
2.083697
2.0242150000000003
1.98396
1.964075
1.962116
1.9722970000000002
1.9911919999999999
2.016016
2.04406
2.072931
2.125439
2.18913
2.231949
2.256767
2.2640759999999998
2.258175
2.243471
2.223561
2.2012400000000003
2.178403
2.1338369999999998
2.083565
2.062266
2.062748
2.078321
2.103781
2.134611
2.166998
2.197765
2.22769
2.2770240000000004
2.329591
2.351471
2.34728
2.325008
2.291502
2.252427
2.212119
2.173645
2.138935
2.0946
2.052864
2.038825
2.046357
2.066533
2.092161
2.1178049999999997
2.139624
2.15924
2.1757619999999998
2.200759
2.222045
2.2128259999999997
2.179738
2.132889
2.0802560000000003
2.027732
1.983337
1.950282
1.9260970000000002
1.894945
1.866984
1.866827
1.8868169999999997
1.915504
1.9468150000000002
1.976204
1.997223
2.006532
2.003781
2.003906
1.9978790000000002
1.967065
1.920259
1.865648
1.811537
1.7638740000000002
1.725791
1.698236
1.6809450000000001
1.660102
1.6476400000000002
1.662928
1.6926150000000002
1.72415
1.748953
1.7661220000000002
1.7740479999999998
1.76846
1.7500830000000003
1.73318
1.710816
1.665014
1.606242
1.551197
1.507218
1.474272
1.453567
1.444248
1.4441899999999999
1.439869
1.442057
1.467698
1.502559
1.533531
1.553027
1.557424
1.547903
1.529207
1.5021579999999999
1.476566
1.446804
1.3986969999999999
1.342697
1.291167
1.2511809999999999
1.22538
1.217871
1.2266270000000001
1.24321
1.253718
1.263945
1.291476
1.324862
1.347426
1.35323
1.341286
1.313666
1.274325
1.227506
1.1854280000000001
1.143261
1.0936190000000001
1.047167
1.010292
0.988032
0.986618
1.002522
1.024799
1.048516
1.062117
1.0701260000000001
1.083917
1.0941040000000002
1.09037
1.068657
1.034745
0.9933639999999999
0.945003
0.895516
0.86106
0.8354879999999999
0.802397
0.770363
0.749081
0.7418020000000001
0.746899
0.759935
0.775324
0.793148
0.803742
0.806388
0.8157
0.824542
0.819087
0.7959890000000001
0.758197
0.7112729999999999
0.661489
0.6143310000000001
0.579486
0.552075
0.521967
0.501846
0.500092
0.518104
0.551247
0.5870350000000001
0.61849
0.640718
0.645383
0.638149
0.629577
0.613448
0.5836399999999999
0.540682
0.489446
0.44145200000000007
0.405018
0.38385
0.381415
0.385683
0.386413
0.389725
0.40145
0.420847
0.44295500000000004
0.461769
0.47220500000000004
0.47093199999999996
0.45820299999999997
0.443147
0.434688
0.42427600000000004
0.40142100000000003
0.368003
0.330031
0.293749
0.263812
0.24266300000000002
0.234724
0.23331799999999997
0.22879899999999997
0.232381
0.256386
0.291928
0.324361
0.34773699999999996
0.358743
0.35602399999999995
0.336323
0.306672
0.27660500000000005
0.242142
0.200329
0.154409
0.118252
0.103728
0.10491099999999999
0.11443099999999999
0.13434300000000002
0.157716
0.17538199999999998
0.191107
0.207866
0.22280500000000003
0.231087
0.229237
0.21573699999999998
0.197025
0.17981
0.164302
0.149911
0.133018
0.111545
0.088795
0.069715
0.057678
0.053853
0.057787
0.07080299999999999
0.095452
0.128132
0.161303
0.190924
0.214098
0.22694899999999998
0.227267
0.215086
0.19195
0.1576
0.119576
0.08727
0.058587
0.031183999999999996
0.019393
0.030513
0.052552999999999996
0.079583
0.109984
0.143867
0.174006
0.19187
0.200182
0.202011
0.196293
0.18137799999999998
0.157073
0.13312100000000002
0.118852
0.105229
0.090736
0.08329099999999999
0.080715
0.080184
0.082696
0.089692
0.101017
0.115319
0.13080799999999998
0.147222
0.166121
0.187074
0.204012
0.212325
0.211889
0.202699
0.185861
0.163267
0.136989
0.107509
0.08141
0.06611399999999999
0.058864
0.066122
0.092356
0.126278
0.160452
0.192909
0.222038
0.247579
0.26368
0.264098
0.252456
0.23383099999999998
0.210394
0.183272
0.153946
0.132436
0.127207
0.129125
0.13511800000000002
0.150491
0.171783
0.194018
0.215182
0.2345
0.250873
0.263079
0.270515
0.273877
0.268561
0.256081
0.248283
0.244394
0.23796199999999998
0.229057
0.21945599999999998
0.210588
0.203004
0.19601300000000002
0.193747
0.200451
0.212245
0.22427600000000003
0.240866
0.26877199999999996
0.299656
0.32331
0.33915
0.348783
0.34910399999999997
0.336876
0.316521
0.29323899999999997
0.26973800000000003
0.247977
0.229766
0.215939
0.206121
0.20563499999999998
0.22498600000000002
0.25909699999999997
0.294292
0.32540399999999997
0.350446
0.368003
0.376891
0.37701999999999997
0.369374
0.356039
0.335635
0.306839
0.27439600000000003
0.24929899999999997
0.24156999999999998
0.246482
0.256108
0.269453
0.28582399999999997
0.303086
0.322102
0.34366599999999997
0.36293600000000004
0.37535
0.379569
0.37548200000000004
0.36296100000000003
0.34886100000000003
0.340559
0.33684899999999995
0.330836
0.319108
0.306723
0.298021
0.293808
0.293667
0.297261
0.303742
0.311698
0.318954
0.32595799999999997
0.3394
0.360656
0.38145999999999997
0.394842
0.39928
0.396044
0.38655300000000004
0.37240100000000004
0.355798
0.33645
0.31441399999999997
0.29445
0.28034699999999996
0.27212600000000003
0.274685
0.294029
0.322855
0.35123499999999996
0.375866
0.397469
0.416117
0.42735
0.427879
0.418225
0.400568
0.377318
0.350903
0.323313
0.30272899999999997
0.295667
0.297225
0.303649
0.31569200000000003
0.332737
0.352337
0.371753
0.38847600000000004
0.40063000000000004
0.406683
0.407792
0.404879
0.394748
0.375251
0.354161
0.34039899999999995
0.333086
0.32803699999999997
0.323768
0.32159899999999997
0.32012399999999996
0.31810700000000003
0.318353
0.3227
0.329671
0.336782
0.341837
0.34920500000000004
0.363031
0.37841199999999997
0.39069
0.39821799999999996
0.398854
0.391379
0.37749699999999997
0.359767
0.3404
0.32154499999999997
0.305135
0.292535
0.282387
0.27967800000000004
0.2936
0.319469
0.347057
0.372083
0.39254
0.406423
0.41204300000000005
0.408617
0.398156
0.382877
0.36225599999999997
0.336702
0.308817
0.281371
0.262759
0.262413
0.275169
0.292223
0.310195
0.32709299999999997
0.343352
0.358566
0.37046599999999996
0.37674
0.37602199999999997
0.367883
0.352515
0.330418
0.31038899999999997
0.301565
0.29894299999999996
0.29537199999999997
0.29084699999999997
0.28778200000000004
0.28724099999999997
0.289106
0.29279099999999997
0.297609
0.301325
0.30233699999999997
0.301673
0.305847
0.319637
0.335838
0.346032
0.348573
0.344582
0.33513200000000004
0.322524
0.30844099999999997
0.29215399999999997
0.274167
0.257269
0.244013
0.235159
0.23658600000000002
0.255368
0.28308099999999997
0.30767100000000003
0.327054
0.342395
0.353471
0.357959
0.354083
0.341968
0.32326
0.300465
0.27592
0.252179
0.236894
0.23730199999999999
0.246608
0.257168
0.269925
0.285043
0.30095
0.315254
0.325938
0.330937
0.32959099999999997
0.323883
0.314778
0.300806
0.287044
0.281204
0.279562
0.276327
0.271997
0.268999
0.268018
0.267041
0.26511399999999996
0.26363600000000004
0.263953
0.266072
0.268696
0.269532
0.27303099999999997
0.28475100000000003
0.298241
0.307163
0.311529
0.310749
0.30398400000000003
0.291546
0.275075
0.25713800000000003
0.240119
0.22640700000000002
0.21674200000000002
0.21549699999999997
0.22929899999999998
0.251502
0.273335
0.294062
0.31251100000000004
0.326521
0.33413400000000004
0.333584
0.324786
0.310604
0.293717
0.274645
0.25316
0.229744
0.212375
0.211495
0.221451
0.23392800000000002
0.248532
0.262788
0.274239
0.28260599999999997
0.288487
0.29172800000000004
0.29131
0.28618000000000005
0.27570500000000003
0.26529200000000003
0.262777
0.265088
0.26619699999999996
0.265409
0.262921
0.25935199999999997
0.25577
0.25304899999999997
0.251499
0.251832
0.254013
0.255664
0.254413
0.256275
0.26935
0.287082
0.299985
0.306719
0.307731
0.30271
0.29188800000000004
0.27776999999999996
0.262843
0.247863
0.233179
0.219635
0.207961
0.205236
0.21914699999999998
0.242135
0.26450500000000005
0.283754
0.298202
0.307541
0.311769
0.31050700000000003
0.30349299999999996
0.291149
0.274766
0.2551
0.232773
0.216263
0.21608400000000003
0.22559899999999997
0.23506
0.24468299999999998
0.255181
0.266139
0.276129
0.284317
0.290061
0.291537
0.287698
0.27917600000000004
0.266432
0.24928899999999998
0.22780999999999998
0.20285
0.176112
0.14875
0.121621
0.09644900000000001
0.07403
0.05352899999999999
0.034317
0.01641
0.000997
-0.009182
-0.014158
-0.016122
-0.016577
-0.017266999999999998
-0.018487
-0.019002
-0.018290999999999998
-0.016843
-0.014978
-0.012283
-0.007962
-0.002337
0.003693
0.009967
0.015667
0.019211000000000002
0.02018
0.019362
0.017449
0.014403000000000001
0.00976
0.003995
-0.0019879999999999997
-0.005871
-0.008032
-0.011243000000000001
-0.014325999999999998
-0.015903999999999998
-0.016097999999999998
-0.014687
-0.011224
-0.0062450000000000006
-0.000714
0.005221
0.010896
0.014805
0.016436000000000003
0.017195
0.017669
0.016633000000000002
0.013237
0.007981
0.00216
-0.0037649999999999997
-0.009253
-0.013016
-0.014695
-0.014985
-0.014431
-0.01294
-0.010128
-0.006370000000000001
-0.002306
0.0021780000000000002
0.006698000000000001
0.010057
0.011863
0.012661
0.012811000000000001
0.012086
0.010034999999999999
0.006971
0.0034770000000000005
-0.000558
-0.004767
-0.008025
-0.009959
-0.011061
-0.011617
-0.011353
-0.009811
-0.00727
-0.004263
-0.000669
0.003187
0.006265
0.00823
0.009536
0.010408
0.011871
0.013191
0.012333
0.009326000000000001
0.004654999999999999
-0.00048499999999999997
-0.004566
-0.007237
-0.008985
-0.010107
-0.010343000000000001
-0.009276000000000001
-0.007258
-0.004902
-0.002135
0.00085
0.0032939999999999996
0.00503
0.006487000000000001
0.007801000000000001
0.008543
0.008159
0.006864
0.005155
0.002913
0.000303
-0.001961
-0.003701
-0.0052829999999999995
-0.00678
-0.007745
-0.007642
-0.006669
-0.0052770000000000004
-0.0033450000000000003
-0.0010140000000000001
0.0010609999999999999
0.002726
0.004314
0.00587
0.00695
0.0070420000000000005
0.0063289999999999996
0.005219
0.00358
0.0015300000000000001
-0.000337
-0.0018899999999999998
-0.003439
-0.005002
-0.006143
-0.006385
-0.005895
-0.005043
-0.0036829999999999996
-0.0019079999999999998
-0.000256
0.001166
0.0026449999999999998
0.004181
0.00535
0.005704
0.005403
0.0047810000000000005
0.003679
0.002168
0.0007379999999999999
-0.000531
-0.001917
-0.0034020000000000005
-0.004576
-0.00502
-0.004887
-0.0044729999999999995
-0.003611
-0.0023510000000000002
-0.001134
-2e-05
0.001258
0.002676
0.003839
0.004357
0.004374
0.004155
0.003517
0.002487
0.001466
0.000496
-0.000679
-0.002027
-0.003169
-0.003743
-0.003887
-0.003836
-0.003397
-0.002576
-0.001734
-0.000898
0.000178
0.00146
0.002581
0.0032
0.0034479999999999997
0.0035340000000000002
0.003259
0.002614
0.0019260000000000002
0.001208
0.000225
-0.000986
-0.002075
-0.002722
-0.0030489999999999996
-0.003244
-0.0031030000000000003
-0.002604
-0.0020399999999999997
-0.0014199999999999998
-0.000522
0.0006129999999999999
0.0016530000000000002
0.002302
0.0026780000000000003
0.002949
0.002911
0.002532
0.002077
0.001544
0.00073
-0.000322
-0.0013
-0.001928
-0.002322
-0.002634
-0.002671
-0.002392
-0.002037
-0.001594
-0.000872
8.6e-05
0.000987
0.001578
0.001971
0.0023079999999999997
0.0024
0.002205
0.0019379999999999998
0.001583
0.000958
0.00010700000000000001
-0.000698
-0.001236
-0.001616
-0.001968
-0.0021100000000000003
-0.001994
-0.001814
-0.0015480000000000001
-0.001021
-0.000279
0.000429
0.000907
0.001268
0.0016300000000000002
0.001816
0.001775
0.001684
0.00151
0.001083
0.00044400000000000006
-0.000175
-0.000601
-0.000947
-0.00132
-0.001546
-0.001575
-0.001564
-0.001475
-0.00114
-0.000597
-5.6999999999999996e-05
0.000327
0.000668
0.001059
0.001326
0.001413
0.001466
0.001443
0.001182
0.0007160000000000001
0.000242
-0.00010700000000000001
-0.00044100000000000004
-0.0008460000000000001
-0.001146
-0.001282
-0.0013859999999999999
-0.0014140000000000001
-0.001208
-0.000799
-0.000371
-4.8e-05
0.000279
0.000685
0.001001
0.001165
0.0013
0.001361
0.0011970000000000001
0.0008349999999999999
0.00044699999999999997
0.000147
-0.000168
-0.0005650000000000001
-0.0008810000000000001
-0.001056
-0.0012
-0.001273
-0.001137
-0.000816
-0.000472
-0.000205
8.499999999999999e-05
0.00045999999999999996
0.000762
0.0009339999999999999
0.001078
0.001155
0.0010400000000000001
0.000759
0.00046100000000000004
0.00023500000000000002
-1.4000000000000001e-05
-0.000348
-0.0006219999999999999
-0.0007830000000000001
-0.000927
-0.001013
-0.000926
-0.000691
-0.00044400000000000006
-0.000265
-5.9999999999999995e-05
0.000229
0.000471
0.000618
0.000759
0.0008560000000000001
0.000802
0.0006219999999999999
0.00043799999999999997
0.000312
0.000151
-9.9e-05
-0.00031600000000000004
-0.00045599999999999997
-0.000602
-0.0007160000000000001
-0.000697
-0.000571
-0.000446
-0.00037
-0.00025
-3.3e-05
0.000166
0.000307
0.000468
0.000608
0.000627
0.000549
0.000471
0.00043200000000000004
0.000339
0.000144
-4.5e-05
-0.00019099999999999998
-0.000367
-0.000532
-0.000585
-0.000546
-0.000504
-0.000487
-0.000404
-0.000213
-2.5e-05
0.000126
0.000309
0.000484
0.0005549999999999999
0.00054
0.000519
0.0005139999999999999
0.00043499999999999995
0.000246
5.6999999999999996e-05
-9.8e-05
-0.000283
-0.000459
-0.000535
-0.000524
-0.000505
-0.000499
-0.00042
-0.00023799999999999998
-5.7999999999999994e-05
8.8e-05
0.000262
0.00042800000000000005
0.0004980000000000001
0.000484
0.000462
0.00045099999999999996
0.00037400000000000004
0.000204
4e-05
-8.6e-05
-0.000234
-0.00037400000000000004
-0.000429
-0.000411
-0.000389
-0.000383
-0.00031800000000000003
-0.000168
-2.9999999999999997e-05
7.099999999999999e-05
0.00018899999999999999
0.000301
0.000339
0.000317
0.000301
0.000306
0.000261
0.000144
4.2e-05
-2.7000000000000002e-05
-0.000118
-0.00020899999999999998
-0.00023999999999999998
-0.00022400000000000002
-0.00022200000000000003
-0.000244
-0.00022400000000000002
-0.00014199999999999998
-7.5e-05
-3.5e-05
3.4e-05
0.00011200000000000001
0.000145
0.000148
0.000173
0.00021899999999999998
0.00022200000000000003
0.000165
0.000122
9.8e-05
4e-05
-3.5e-05
-7.7e-05
-0.0001
-0.000151
-0.00022
-0.00024300000000000002
-0.000206
-0.000176
-0.00015800000000000002
-9.499999999999999e-05
-9e-06
4.8e-05
9.1e-05
0.00015800000000000002
0.000239
0.000269
0.00023799999999999998
0.000212
0.00019099999999999998
0.00011999999999999999
2.1e-05
-5e-05
-0.000106
-0.000181
-0.000263
-0.00029
-0.000252
-0.00021600000000000002
-0.000185
-0.00010800000000000001
-5e-06
7e-05
0.000126
0.000198
0.000271
0.000288
0.000239
0.00019099999999999998
0.000151
7.3e-05
-2.6000000000000002e-05
-9.2e-05
-0.000135
-0.00018700000000000002
-0.00024300000000000002
-0.00024900000000000004
-0.000195
-0.000145
-0.00010800000000000001
-3.8e-05
4.7e-05
9.8e-05
0.000122
0.000154
0.00018999999999999998
0.000185
0.000131
8.6e-05
6.1e-05
1.4000000000000001e-05
-4.4e-05
-7.2e-05
-7.8e-05
-9.499999999999999e-05
-0.000123
-0.000117
-7.2e-05
-4.1e-05
-3.4e-05
-1.2e-05
1.8e-05
2.4e-05
1.4999999999999999e-05
2.5e-05
5.2000000000000004e-05
5.6000000000000006e-05
3.2e-05
2.6000000000000002e-05
4.1e-05
4e-05
2.8999999999999997e-05
3.5e-05
4.6e-05
0.000611
0.001401
0.001382
0.0008820000000000001
0.0004
1.4000000000000001e-05
-0.000218
-0.00031600000000000004
-0.000333
-0.000291
-0.00018
-1.4000000000000001e-05
0.00011399999999999999
0.00122
0.002944
0.003392
0.002558
0.001394
0.00047400000000000003
-0.000135
-0.000488
-0.000659
-0.000656
-0.00047999999999999996
-0.000197
6.3e-05
0.000193
0.000165
2.9999999999999997e-05
-0.000109
-0.000162
-0.00010700000000000001
-2.3e-05
-1e-06
-5.2000000000000004e-05
-0.00011100000000000001
-0.00011
-3.1e-05
9e-05
0.00017900000000000001
0.000174
7.900000000000001e-05
-2.3e-05
-4.4e-05
1.7e-05
8.9e-05
0.00010700000000000001
5.3e-05
-4e-05
-0.00010700000000000001
-9.7e-05
-1.4999999999999999e-05
0.00145
0.0037579999999999996
0.004465
0.003454
0.001889
0.0006309999999999999
-0.000173
-0.000582
-0.000728
-0.000718
-0.000542
-0.00016299999999999998
0.000266
0.0005059999999999999
0.001884
0.0040149999999999995
0.004543
0.00339
0.001749
0.00047599999999999997
-0.000376
-0.000944
-0.001243
-0.001202
-0.0008179999999999999
-0.00020099999999999998
0.000392
0.0014089999999999999
0.002437
0.00225
0.001366
0.000675
0.000278
2.3e-05
-0.000236
-0.000542
-0.0007769999999999999
-0.0007700000000000001
-0.00048300000000000003
-8.2e-05
0.000165
0.000121
-9e-05
-0.00023999999999999998
-0.00018600000000000002
6.9e-05
0.00035800000000000003
0.000468
0.00032900000000000003
7.4e-05
-7.099999999999999e-05
7.000000000000001e-06
0.000192
0.001883
0.004476
0.0052049999999999996
0.003982
0.002136
0.0006900000000000001
-0.000174
-0.000656
-0.000938
-0.001036
-0.000849
-0.000331
0.00032599999999999996
0.00264
0.005871
0.006847
0.005472
0.003141
0.001106
-0.00017900000000000001
-0.000917
-0.001369
-0.001604
-0.001452
-0.0008
9.7e-05
0.002745
0.006325
0.0074849999999999995
0.006111
0.003629
0.00143
9.8e-05
-0.000661
-0.001216
-0.0016079999999999998
-0.001592
-0.001001
-8.3e-05
0.00066
0.0008730000000000001
0.0005269999999999999
-8.8e-05
-0.000513
-0.000455
-5.1e-05
0.000261
0.000154
-0.000266
-0.00061
-0.000591
-0.00019099999999999998
0.002625
0.0069099999999999995
0.008569
0.007281999999999999
0.0045509999999999995
0.0020109999999999998
0.00046100000000000004
-0.000375
-0.0008699999999999999
-0.001224
-0.001334
-0.0009550000000000001
-0.000161
0.003052
0.007614
0.009193999999999999
0.007553
0.004353
0.001344
-0.00046399999999999995
-0.0012720000000000001
-0.00164
-0.0018579999999999998
-0.001734
-0.00098
0.000252
0.003975
0.009063
0.010990999999999999
0.009385
0.00592
0.0024739999999999996
0.00020899999999999998
-0.001021
-0.001827
-0.002456
-0.002616
-0.0019879999999999997
-0.0007769999999999999
0.002849
0.007783
0.009668000000000001
0.008152
0.004959000000000001
0.002022
0.00035800000000000003
-0.000413
-0.0009550000000000001
-0.00147
-0.001698
-0.001302
-0.000304
0.004154
0.010712000000000001
0.013409
0.011656
0.007629
0.0034340000000000004
0.000466
-0.001119
-0.001973
-0.002522
-0.0026260000000000003
-0.001895
-0.000412
0.004744
0.012041
0.015108000000000002
0.013343
0.009014
0.004259000000000001
0.000763
-0.001119
-0.0022
-0.002971
-0.003204
-0.0024289999999999997
-0.000772
0.0009539999999999999
0.005635
0.012107
0.014383000000000002
0.012332
0.008434
0.004476
0.001367
-0.000918
-0.00267
-0.0036479999999999998
-0.003436
-0.0019079999999999998
0.000292
0.006108
0.013872
0.016773
0.014631
0.010245
0.005591
0.0017879999999999999
-0.001253
-0.003836
-0.005272
-0.005102000000000001
-0.0037189999999999996
-0.001907
0.004151
0.0137
0.019745
0.02081
0.018105
0.013202
0.00761
0.0023190000000000003
-0.002343
-0.006222
-0.008533
-0.008561
-0.006502
0.001158
0.012378
0.018882
0.019409
0.016241
0.011334
0.00601
0.001604
-0.001111
-0.002258
-0.002261
-0.0018059999999999999
-0.001276
0.004759
0.014947
0.019809
0.017914
0.012457
0.006763
0.002764
0.000729
-0.00023500000000000002
-0.000974
-0.001498
-0.001484
-0.000964
0.005469
0.016344
0.021986000000000002
0.02111
0.016378999999999998
0.009975
0.003665
-0.0007700000000000001
-0.002783
-0.003386
-0.0035310000000000003
-0.0031550000000000003
-0.0016690000000000001
0.006774
0.020056
0.027228
0.026244999999999997
0.019941
0.011412
0.003203
-0.002869
-0.006397
-0.007831
-0.007431999999999999
-0.005383
-0.002112
0.007974
0.022826
0.03123
0.031045
0.024794999999999998
0.015609
0.006522
-0.000271
-0.004377000000000001
-0.006593000000000001
-0.007397
-0.006962
-0.005453
0.003782
0.018768
0.027500999999999998
0.028336
0.024252000000000003
0.017779
0.010945
0.004915999999999999
0.00021600000000000002
-0.0029739999999999996
-0.004855
-0.005753
-0.005697
0.003102
0.018966999999999998
0.028544
0.029105000000000002
0.023627000000000002
0.015544999999999998
0.007829000000000001
0.002076
-0.001736
-0.004043
-0.004698
-0.003771
-0.0018800000000000002
0.008294
0.024607
0.033291
0.032368
0.025556
0.015704
0.005508
-0.002167
-0.0063479999999999995
-0.007654
-0.006677
-0.004309
-0.001465
0.001462
0.012116
0.028138999999999997
0.035827
0.033732
0.02609
0.016312
0.0066359999999999995
-0.0012779999999999998
-0.006523999999999999
-0.009
-0.009023999999999999
-0.0073349999999999995
-0.004494
0.007562999999999999
0.026402
0.037258
0.037915
0.032375
0.02387
0.014247999999999999
0.004934
-0.0027670000000000004
-0.008085
-0.010492
-0.009929
-0.007209999999999999
0.004991
0.023843
0.03474
0.035821
0.031238
0.023948
0.015327
0.006813
-0.000101
-0.004817
-0.007243
-0.007518
-0.006219
0.005079
0.024047
0.034913
0.035338
0.030192
0.022791
0.01444
0.006537
0.000357
-0.00373
-0.005501
-0.005055
-0.003356
0.008019
0.026968000000000002
0.038029
0.04004
0.037731
0.032958
0.026136000000000003
0.017436
0.007109999999999999
-0.0022960000000000003
-0.007970999999999999
-0.009367
-0.0072629999999999995
0.005986
0.027347000000000003
0.041151
0.046289
0.047314999999999996
0.045880000000000004
0.042076999999999996
0.035781
0.02683
0.015113
0.002456
-0.006954000000000001
-0.011092
-0.001475
0.018965
0.033412
0.039568
0.041743999999999996
0.041947000000000005
0.040715
0.037843
0.032699
0.0246
0.013324
0.001348
-0.0070810000000000005
-0.000981
0.016486
0.028664999999999996
0.033648000000000004
0.035324
0.035604000000000004
0.034849
0.03271
0.028827999999999996
0.022916
0.014643000000000002
0.004886
-0.002968
-0.006822
0.002022
0.020344
0.032332
0.036932
0.03801
0.037085
0.034102
0.028729
0.021353
0.012465
0.003739
-0.001913
-0.003825
0.006416
0.025754000000000003
0.039785
0.047908
0.052302999999999995
0.053866
0.053188
0.050148000000000005
0.044045999999999995
0.034613
0.022649000000000002
0.009588
-0.000773
0.004159
0.021435
0.035697
0.045596
0.053070000000000006
0.058659
0.062301999999999996
0.06324
0.06047
0.05376
0.043574
0.030537
0.015461
0.011755
0.023162000000000002
0.035463
0.043970999999999996
0.049752
0.054183
0.057937999999999996
0.060279
0.059812
0.056121000000000004
0.049684
0.040918
0.030107
0.028437
0.040081
0.052441999999999996
0.059896000000000005
0.063225
0.06392
0.06350700000000001
0.062497000000000004
0.060166
0.055847
0.049401
0.041157
0.0319
0.022157
0.022977
0.037038999999999996
0.050874
0.05973
0.06467200000000001
0.06681000000000001
0.066495
0.063438
0.057564
0.049196
0.038829
0.027292
0.015684
0.016635
0.032923
0.050011
0.062915
0.072484
0.079789
0.085409
0.088642
0.087684
0.081571
0.070976
0.05744
0.042636
0.03804
0.048053
0.060658000000000004
0.070108
0.076918
0.082192
0.086926
0.09110900000000001
0.0933
0.092106
0.087173
0.078848
0.067838
0.054738
0.049859
0.057461
0.06612799999999999
0.07071799999999999
0.07274
0.07408200000000001
0.075226
0.07512100000000001
0.072823
0.068327
0.062069000000000006
0.054601
0.046537
0.048248
0.063248
0.078805
0.088638
0.093655
0.095942
0.096985
0.096624
0.09354
0.087155
0.07825
0.068161
0.05816
0.058763
0.074003
0.091693
0.10541700000000001
0.115542
0.12299500000000001
0.128471
0.131752
0.13155
0.12708
0.11871199999999998
0.107511
0.09503500000000001
0.08257300000000001
0.079979
0.09160800000000001
0.10590699999999999
0.116665
0.125096
0.132742
0.139716
0.144457
0.145386
0.14216700000000002
0.135257
0.12557100000000002
0.11446700000000001
0.11146700000000001
0.12188199999999999
0.135149
0.144209
0.150077
0.15461
0.159082
0.16326500000000002
0.165414
0.164095
0.15943800000000002
0.152479
0.144242
0.13483900000000001
0.13178
0.140968
0.15348900000000001
0.162356
0.168457
0.173439
0.177785
0.18021099999999998
0.179402
0.17543599999999998
0.169319
0.16228099999999998
0.15521600000000002
0.155777
0.169379
0.18595899999999999
0.19738699999999998
0.20483600000000002
0.21057399999999998
0.215788
0.21983200000000003
0.221363
0.219849
0.21571300000000002
0.20981599999999997
0.20316800000000002
0.196116
0.194667
0.20536100000000002
0.22034600000000001
0.23152399999999998
0.239934
0.24690399999999998
0.252226
0.254252
0.251917
0.245916
0.23780700000000002
0.22919299999999998
0.220946
0.212504
0.20924099999999998
0.218583
0.233483
0.24549899999999997
0.25543699999999997
0.264162
0.270861
0.273811
0.272173
0.266802
0.25958600000000004
0.25209000000000004
0.244362
0.235002
0.22916999999999998
0.235434
0.24848699999999999
0.260542
0.272038
0.28297
0.292037
0.297781
0.299656
0.298224
0.294426
0.288664
0.28024699999999997
0.268032
0.258206
0.259838
0.269067
0.27884699999999996
0.28830900000000004
0.296672
0.302706
0.305843
0.30648600000000004
0.305719
0.304294
0.301794
0.296906
0.28832199999999997
0.281839
0.285157
0.294068
0.30181199999999997
0.307291
0.310388
0.310954
0.309448
0.30692800000000003
0.304504
0.302316
0.299223
0.29381599999999997
0.28543
0.280599
0.287326
0.300923
0.313239
0.321811
0.32617199999999996
0.326517
0.323498
0.31805
0.31128
0.303695
0.294912
0.284537
0.272813
0.26678
0.274686
0.290896
0.306136
0.317948
0.326021
0.330452
0.33142699999999997
0.32929899999999995
0.32455
0.317259
0.307169
0.294406
0.27960799999999997
0.26995
0.273855
0.286087
0.297948
0.307713
0.315728
0.322355
0.3275
0.33053699999999997
0.330494
0.326383
0.317887
0.305724
0.29101
0.280936
0.283375
0.293014
0.301541
0.307539
0.311808
0.314917
0.316911
0.317461
0.316098
0.312421
0.306325
0.29798600000000003
0.293663
0.29992199999999997
0.31154899999999996
0.320866
0.326266
0.328856
0.329789
0.329669
0.32838
0.325365
0.3202
0.312921
0.303963
0.293819
0.28891
0.295902
0.30899499999999996
0.319899
0.327031
0.33149
0.333956
0.334072
0.331231
0.325315
0.316741
0.306323
0.294994
0.28333800000000003
0.277521
0.284121
0.297109
0.308298
0.316519
0.322468
0.326173
0.327004
0.324563
0.31908200000000003
0.311178
0.30166
0.29107
0.279239
0.271887
0.276089
0.286549
0.295741
0.30309899999999995
0.30941399999999997
0.314445
0.31700500000000004
0.315985
0.311158
0.303146
0.293005
0.281463
0.268504
0.26019899999999996
0.264338
0.275408
0.285427
0.293821
0.3008
0.305747
0.307755
0.30641999999999997
0.302201
0.29590700000000003
0.288014
0.27830900000000003
0.26612800000000003
0.25750100000000004
0.26061999999999996
0.270312
0.278829
0.285814
0.291586
0.295702
0.29745900000000003
0.296586
0.293541
0.288881
0.282574
0.274042
0.262571
0.254154
0.25696399999999997
0.265808
0.27300399999999997
0.278229
0.28167800000000004
0.282991
0.281829
0.278359
0.273363
0.26753299999999997
0.260856
0.252794
0.248955
0.256682
0.270073
0.280886
0.288362
0.292554
0.293308
0.29088200000000003
0.285798
0.278647
0.27026300000000003
0.261248
0.251526
0.24068299999999998
0.234636
0.241425
0.255006
0.266754
0.276142
0.283113
0.286993
0.286877
0.282452
0.274412
0.263907
0.25164899999999996
0.237798
0.22256599999999999
0.21270799999999998
0.21693600000000002
0.228844
0.23944400000000002
0.24841999999999997
0.255733
0.260869
0.263108
0.26218
0.258434
0.252119
0.242984
0.23066599999999998
0.215178
0.203586
0.20495500000000003
0.213193
0.219761
0.224687
0.228498
0.231285
0.23264200000000002
0.232281
0.230348
0.226804
0.221189
0.212891
0.20786500000000002
0.214256
0.225906
0.23466900000000002
0.24070500000000003
0.24433200000000002
0.245721
0.24514899999999998
0.242779
0.238794
0.23353600000000002
0.227181
0.219744
0.211155
0.207783
0.217389
0.23259899999999997
0.24418
0.251944
0.25661300000000004
0.258443
0.257164
0.253
0.24686999999999998
0.239377
0.230504
0.220198
0.20859299999999997
0.202501
0.21003000000000002
0.224037
0.23551999999999998
0.24433400000000002
0.250838
0.254655
0.255058
0.252077
0.246446
0.238686
0.22906700000000002
0.21769299999999997
0.21060399999999999
0.21606599999999998
0.22796799999999998
0.23764699999999997
0.24501799999999999
0.250515
0.25437
0.256469
0.256227
0.253092
0.24695799999999998
0.23812199999999997
0.22726500000000002
0.214831
0.206983
0.211772
0.222773
0.231355
0.237702
0.242417
0.245308
0.245785
0.243713
0.239479
0.233341
0.225279
0.215271
0.20338599999999998
0.196465
0.20263299999999998
0.21483200000000002
0.22441599999999998
0.23181300000000002
0.23787800000000003
0.242369
0.244496
0.243943
0.241038
0.23620500000000003
0.229571
0.220844
0.20950500000000002
0.202001
0.206713
0.21705300000000002
0.22474899999999998
0.23045700000000002
0.23502399999999998
0.23846599999999998
0.240213
0.239722
0.237053
0.232702
0.226976
0.219567
0.216175
0.22476999999999997
0.238744
0.249279
0.256535
0.26095799999999997
0.262608
0.261833
0.258997
0.25421900000000003
0.247902
0.240664
0.232829
0.22429699999999997
0.22084
0.230237
0.245619
0.25802800000000004
0.267663
0.274856
0.279017
0.27922399999999997
0.275108
0.267341
0.25719200000000003
0.24556
0.232719
0.21889699999999998
0.210587
0.216036
0.22872800000000001
0.23992800000000003
0.24971
0.258359
0.265268
0.26923400000000003
0.269457
0.26614499999999996
0.259829
0.250578
0.238141
0.222538
0.210429
0.21100500000000003
0.218824
0.225546
0.23129899999999998
0.23659299999999997
0.241346
0.24478899999999998
0.246273
0.24585300000000002
0.243713
0.239632
0.23294099999999998
0.228798
0.23451599999999997
0.244325
0.250751
0.25445100000000004
0.256208
0.256253
0.254782
0.251895
0.247781
0.242831
0.237219
0.230883
0.223584
0.220946
0.23068200000000003
0.24600300000000003
0.257804
0.266099
0.271567
0.274135
0.273045
0.26812600000000003
0.26047600000000004
0.25138499999999997
0.24136100000000002
0.23047199999999998
0.218797
0.212754
0.22063899999999997
0.235765
0.248986
0.26
0.26894
0.275129
0.277377
0.27519099999999996
0.269385
0.26114499999999996
0.251152
0.23940100000000003
0.22537800000000002
0.215104
0.21779099999999998
0.22798400000000002
0.23693899999999998
0.244529
0.251116
0.256458
0.259783
0.26047
0.258392
0.253731
0.24686
0.23786999999999997
0.232273
0.237475
0.248081
0.256605
0.263244
0.26855
0.27223200000000003
0.27386
0.27337100000000003
0.270975
0.26689
0.261146
0.253645
0.24415100000000003
0.23847100000000002
0.244502
0.256744
0.26703499999999997
0.275093
0.28141700000000003
0.28549800000000003
0.28636999999999996
0.283884
0.278938
0.272482
0.264782
0.25551599999999997
0.24430100000000002
0.237195
0.242221
0.25347
0.262452
0.269061
0.27414
0.277605
0.278873
0.27769699999999997
0.274381
0.269393
0.262875
0.254364
0.243121
0.235109
0.238921
0.24934800000000001
0.257995
0.264032
0.267507
0.268418
0.266892
0.26321100000000003
0.25783
0.25130399999999997
0.24395999999999998
0.23561100000000001
0.225744
0.220227
0.227452
0.241286
0.252792
0.261439
0.267065
0.269392
0.268383
0.264276
0.25761100000000003
0.24903699999999998
0.238983
0.227663
0.22128899999999999
0.22805300000000003
0.24191700000000002
0.254307
0.265065
0.274401
0.281886
0.286931
0.288983
0.287722
0.283208
0.27545
0.26422399999999996
0.24966300000000002
0.23868000000000003
0.240105
0.248721
0.256345
0.262544
0.26779200000000003
0.271995
0.274535
0.274908
0.27325900000000003
0.269925
0.264828
0.25752800000000003
0.247552
0.24059899999999998
0.24415900000000001
0.25261100000000003
0.25819000000000003
0.260831
0.261412
0.260549
0.258466
0.255191
0.250974
0.24607600000000002
0.240468
0.23383600000000002
0.225581
0.221216
0.22866399999999998
0.24187199999999998
0.25201599999999996
0.258689
0.26257199999999997
0.263973
0.262525
0.25803400000000004
0.251118
0.242583
0.23292399999999996
0.222504
0.217481
0.225744
0.24099600000000002
0.254434
0.265676
0.27484899999999995
0.281538
0.28507899999999997
0.285059
0.28172600000000003
0.275726
0.267536
0.25755300000000003
0.24608200000000002
0.23910900000000002
0.24424200000000001
0.255813
0.265768
0.27384899999999995
0.280697
0.28625500000000004
0.28973000000000004
0.290419
0.288269
0.283439
0.276027
0.266268
0.254357
0.246381
0.250092
0.260212
0.268785
0.275266
0.280265
0.283614
0.284553
0.282756
0.278661
0.27282
0.265472
0.256441
0.245079
0.236918
0.239975
0.249292
0.25698899999999997
0.26261100000000004
0.26671500000000004
0.269248
0.26976999999999995
0.268094
0.264491
0.259347
0.252835
0.24468
0.234242
0.227161
0.231517
0.241781
0.24982800000000002
0.255676
0.25987899999999997
0.262251
0.262523
0.26076
0.257305
0.25248699999999996
0.246403
0.23885
0.23538299999999998
0.24324
0.256758
0.26794
0.27626300000000004
0.28199
0.284792
0.284418
0.281165
0.275602
0.268362
0.26001799999999997
0.250755
0.24037399999999998
0.234681
0.241367
0.254563
0.265855
0.27470900000000004
0.281383
0.285492
0.28626
0.28328000000000003
0.276862
0.267714
0.25656100000000004
0.243796
0.22953
0.220002
0.22361
0.234553
0.24432600000000002
0.252687
0.259811
0.265303
0.268431
0.268681
0.26611799999999997
0.26097600000000004
0.253224
0.24250500000000003
0.228479
0.21736599999999998
0.21801900000000002
0.22535500000000003
0.23137399999999997
0.236083
0.239961
0.24299
0.244748
0.244887
0.243519
0.24075
0.236296
0.229627
0.22601100000000002
0.232589
0.243573
0.251137
0.255552
0.257827
0.258247
0.25693699999999997
0.254067
0.24981399999999998
0.244525
0.23848000000000003
0.231672
0.223923
0.220865
0.23001
0.245048
0.257256
0.26614099999999996
0.271961
0.274782
0.274389
0.270663
0.264123
0.255708
0.246086
0.23543899999999998
0.223807
0.217232
0.22375799999999998
0.237269
0.249031
0.258704
0.266478
0.271903
0.274037
0.272442
0.267757
0.260797
0.251866
0.240984
0.22802199999999997
0.218854
0.221808
0.231548
0.239947
0.24686
0.252685
0.257272
0.259939
0.260117
0.25776
0.252922
0.245621
0.235992
0.229816
0.234454
0.244773
0.253337
0.259882
0.264921
0.268491
0.270314
0.270057
0.26766100000000004
0.263416
0.25753200000000004
0.249996
0.240617
0.23479099999999997
0.239646
0.250044
0.258554
0.264847
0.269489
0.272365
0.272826
0.270667
0.26643
0.26068
0.25359
0.245049
0.234805
0.22846
0.233515
0.24436300000000002
0.253031
0.259534
0.264733
0.26845399999999997
0.269865
0.268687
0.265436
0.26064299999999996
0.25448699999999996
0.246748
0.242655
0.248966
0.260767
0.270808
0.278325
0.283669
0.28681100000000004
0.287573
0.285916
0.282042
0.276426
0.26965
0.26210100000000003
0.253589
0.249306
0.255963
0.268529
0.27965
0.288528
0.295425
0.299879
0.301099
0.298819
0.293451
0.285661
0.276144
0.265407
0.253625
0.24660300000000002
0.251486
0.263273
0.274552
0.284548
0.293387
0.300346
0.30441399999999996
0.305185
0.302973
0.298197
0.290904
0.280711
0.272853
0.27381500000000003
0.28034899999999996
0.28668899999999997
0.29172800000000004
0.296173
0.30025
0.303654
0.305742
0.30601799999999996
0.304506
0.30141
0.296592
0.289436
0.284884
0.288655
0.296996
0.304257
0.309327
0.312661
0.314052
0.313234
0.31049099999999996
0.306532
0.302031
0.297288
0.292213
0.286385
0.284869
0.293136
0.306724
0.31908000000000003
0.328276
0.334379
0.33732
0.336958
0.33360500000000004
0.328187
0.32158600000000004
0.314044
0.305248
0.29488200000000003
0.28874299999999997
0.29329099999999997
0.304884
0.31712199999999996
0.327827
0.33682
0.343409
0.34654
0.345804
0.341825
0.335407
0.326904
0.316333
0.309206
0.311111
0.319319
0.32869299999999996
0.336898
0.343916
0.349556
0.353615
0.355878
0.356128
0.354244
0.350085
0.343543
0.334574
0.32858200000000004
0.330523
0.337959
0.346169
0.35253
0.35727800000000004
0.360302
0.36125300000000005
0.360184
0.357592
0.353821
0.348715
0.341902
0.33311999999999997
0.3277
0.330486
0.338826
0.34776999999999997
0.354621
0.359661
0.362747
0.36346
0.361824
0.358335
0.353444
0.347247
0.339493
0.33520900000000003
0.338694
0.34768000000000004
0.357569
0.364987
0.37002399999999996
0.37313
0.374552
0.374238
0.372129
0.368317
0.36301100000000003
0.35633000000000004
0.348096
0.343452
0.34677399999999997
0.35580900000000004
0.366001
0.374083
0.38004
0.383581
0.384377
0.382687
0.379144
0.374221
0.368076
0.360844
0.352653
0.348921
0.353825
0.36477800000000005
0.37703600000000004
0.387207
0.395287
0.400973
0.40374299999999996
0.403424
0.400251
0.394681
0.387162
0.377874
0.36695700000000003
0.360189
0.36208
0.370755
0.381739
0.391301
0.39957600000000004
0.406416
0.411179
0.41334899999999997
0.412857
0.409846
0.40428800000000004
0.395869
0.384424
0.375773
0.374433
0.37943000000000005
0.387171
0.393735
0.399279
0.403949
0.407526
0.40971599999999997
0.410313
0.40925300000000003
0.406483
0.4017
0.399634
0.40261199999999997
0.409584
0.41781999999999997
0.42314799999999997
0.42602799999999996
0.427034
0.426533
0.424703
0.421781
0.41797399999999996
0.413312
0.40776999999999997
0.40128
0.398913
0.403229
0.412858
0.42437299999999994
0.432997
0.43860299999999997
0.44106000000000006
0.44015600000000005
0.436061
0.429514
0.42139799999999994
0.41224799999999995
0.402379
0.391994
0.38645
0.389004
0.39822199999999996
0.410301
0.42066800000000004
0.42923100000000003
0.43576899999999996
0.43960699999999997
0.440126
0.43726000000000004
0.43149899999999997
0.423354
0.41310399999999997
0.40081
0.391868
0.38995799999999997
0.394583
0.402661
0.409841
0.416259
0.42185500000000004
0.4261
0.42846000000000006
0.42857
0.42625100000000005
0.421547
0.414525
0.41030200000000006
0.41135299999999997
0.41719300000000004
0.425433
0.431601
0.436125
0.439366
0.441299
0.441888
0.441205
0.439263
0.43605299999999997
0.43157799999999996
0.425649
0.423133
0.42611800000000005
0.43410699999999997
0.444639
0.45294300000000004
0.45937700000000004
0.46393999999999996
0.46618699999999996
0.465872
0.46322399999999997
0.458809
0.45311999999999997
0.44633
0.43836499999999995
0.434334
0.436234
0.443749
0.45439700000000005
0.462783
0.46910799999999997
0.473484
0.475725
0.475758
0.473659
0.469833
0.464649
0.45797
0.449367
0.443712
0.442887
0.44746
0.455842
0.46248
0.467312
0.47028000000000003
0.471153
0.46990200000000004
0.46666
0.461879
0.455967
0.44881899999999997
0.445158
0.44619
0.45236099999999996
0.46234899999999995
0.47058
0.47701899999999997
0.48161400000000004
0.484022
0.483972
0.481466
0.4766
0.46965100000000004
0.46106
0.451092
0.44500100000000004
0.44451
0.450061
0.46009399999999995
0.468955
0.476472
0.482375
0.48610299999999995
0.48727
0.48590900000000004
0.48238000000000003
0.476893
0.469304
0.459504
0.452763
0.450956
0.454951
0.463423
0.47070100000000004
0.47687399999999996
0.482088
0.486099
0.488555
0.489342
0.488592
0.486259
0.481912
0.47500299999999995
0.47029799999999994
0.46899300000000005
0.47233800000000004
0.47962200000000005
0.484907
0.488475
0.49083999999999994
0.492041
0.49206300000000003
0.49098400000000003
0.48895
0.485987
0.481883
0.481271
0.48443400000000003
0.49215299999999995
0.5037729999999999
0.512919
0.5191979999999999
0.522732
0.5236149999999999
0.521958
0.5182359999999999
0.513022
0.506625
0.49933
0.491379
0.487734
0.48898400000000003
0.495932
0.507962
0.5187109999999999
0.5275449999999999
0.534147
0.537849
0.5381819999999999
0.535251
0.529645
0.521871
0.5123300000000001
0.5013920000000001
0.494113
0.491465
0.494666
0.503478
0.511813
0.519151
0.525432
0.5302020000000001
0.5330159999999999
0.5335850000000001
0.5318
0.527555
0.5206529999999999
0.510933
0.503247
0.49868900000000005
0.49881499999999995
0.5040100000000001
0.508633
0.512279
0.515117
0.517038
0.5179699999999999
0.517756
0.516266
0.513408
0.508844
0.5068729999999999
0.507891
0.512253
0.5203810000000001
0.5272060000000001
0.531978
0.534988
0.536217
0.535718
0.533822
0.530701
0.526443
0.521234
0.5150680000000001
0.512679
0.514614
0.520938
0.5315300000000001
0.540884
0.548077
0.5530149999999999
0.5554859999999999
0.555632
0.553679
0.549948
0.544826
0.538484
0.5308510000000001
0.526778
0.527109
0.5320010000000001
0.5417770000000001
0.551132
0.558675
0.5642229999999999
0.5675560000000001
0.5686260000000001
0.567405
0.564186
0.5594859999999999
0.553297
0.545345
0.540438
0.539362
0.542043
0.5495359999999999
0.557154
0.563167
0.567501
0.570017
0.5705359999999999
0.568864
0.565103
0.559569
0.5522739999999999
0.5432100000000001
0.537412
0.535652
0.537894
0.545288
0.5530390000000001
0.5592779999999999
0.563886
0.566647
0.5674239999999999
0.566233
0.563099
0.5579850000000001
0.550733
0.545957
0.544557
0.545782
0.551391
0.558036
0.563596
0.56807
0.57145
0.57344
0.5738260000000001
0.5725979999999999
0.569665
0.564882
0.558144
0.553992
0.553046
0.5546800000000001
0.5606359999999999
0.5670149999999999
0.571612
0.574642
0.576199
0.5761890000000001
0.574716
0.572175
0.568804
0.564549
0.559225
0.557272
0.559044
0.563647
0.572171
0.580164
0.585569
0.58868
0.589596
0.588577
0.586178
0.582688
0.578162
0.57262
0.570503
0.572229
0.57611
0.584368
0.593985
0.60196
0.608192
0.612412
0.614138
0.6132340000000001
0.609812
0.603909
0.595885
0.586395
0.58031
0.5784819999999999
0.579674
0.58617
0.594743
0.602244
0.608394
0.612748
0.614958
0.614989
0.612899
0.608737
0.60265
0.594757
0.589453
0.587465
0.5874149999999999
0.591951
0.598406
0.603878
0.6084149999999999
0.611859
0.614152
0.615219
0.614861
0.612942
0.609209
0.6031890000000001
0.599009
0.597413
0.596793
0.600152
0.6052649999999999
0.609045
0.611451
0.6123430000000001
0.611876
0.610172
0.607274
0.6033970000000001
0.598535
0.596808
0.5986279999999999
0.601464
0.607982
0.6160329999999999
0.6220859999999999
0.626067
0.627965
0.628024
0.626648
0.6239439999999999
0.6199319999999999
0.614881
0.6088520000000001
0.606112
0.607338
0.610147
0.617433
0.627066
0.635077
0.640977
0.644512
0.645744
0.644683
0.641515
0.636875
0.631096
0.624082
0.620324
0.620675
0.622502
0.628938
0.6381359999999999
0.645915
0.651883
0.655854
0.657725
0.657408
0.655022
0.650895
0.6449590000000001
0.637046
0.631853
0.630224
0.629413
0.633355
0.640704
0.6469699999999999
0.651904
0.655471
0.6575439999999999
0.657937
0.656516
0.653179
0.647662
0.639827
0.634312
0.631915
0.630008
0.632818
0.639062
0.6441720000000001
0.648046
0.650636
0.651825
0.651748
0.650432
0.647713
0.64339
0.64148
0.6424300000000001
0.642373
0.645701
0.6522399999999999
0.656887
0.659567
0.6607930000000001
0.660719
0.65941
0.657145
0.653911
0.649525
0.643975
0.64142
0.6423909999999999
0.643466
0.6487229999999999
0.6571319999999999
0.663553
0.667852
0.669971
0.669872
0.66794
0.664629
0.660125
0.654551
0.648125
0.645225
0.646404
0.648352
0.6548930000000001
0.6646810000000001
0.672691
0.6785760000000001
0.682142
0.683521
0.68305
0.680679
0.6764220000000001
0.670619
0.66747
0.6674869999999999
0.666628
0.669814
0.677458
0.684095
0.689524
0.693843
0.6967770000000001
0.698171
0.697779
0.695124
0.69013
0.683057
0.678094
0.6761050000000001
0.673459
0.675207
0.681665
0.687346
0.691832
0.6949029999999999
0.696519
0.696813
0.695711
0.693172
0.689333
0.684138
0.68142
0.681729
0.680949
0.683495
0.689814
0.6949069999999999
0.698468
0.700601
0.701617
0.701691
0.700652
0.698477
0.695109
0.6901930000000001
0.687592
0.687916
0.686909
0.689042
0.695427
0.7010310000000001
0.70485
0.706922
0.7076020000000001
0.706925
0.704705
0.701121
0.696346
0.694312
0.6956859999999999
0.696438
0.700041
0.7076180000000001
0.7146979999999999
0.7198
0.722958
0.724386
0.7241569999999999
0.72233
0.719202
0.715078
0.7099
0.7075739999999999
0.708885
0.709763
0.713489
0.721479
0.729507
0.735833
0.740232
0.742658
0.742985
0.741204
0.737621
0.7324039999999999
0.7256020000000001
0.721488
0.720979
0.720123
0.72228
0.729246
0.736843
0.7429600000000001
0.7474390000000001
0.750271
0.751324
0.750472
0.747687
0.742846
0.7358819999999999
0.73096
0.72875
0.7252569999999999
0.7240409999999999
0.727518
0.732069
0.7357630000000001
0.7385729999999999
0.740504
0.741566
0.7416229999999999
0.740347
0.737359
0.732382
0.729274
0.728522
0.726158
0.725769
0.729428
0.73331
0.735757
0.736943
0.736965
0.736065
0.7344109999999999
0.731943
0.728561
0.727935
0.7304729999999999
0.732217
0.735108
0.741525
0.7486229999999999
0.753776
0.756942
0.757933
0.7569140000000001
0.754497
0.750901
0.74605
0.7401270000000001
0.73715
0.7377859999999999
0.738291
0.741025
0.748313
0.756876
0.76368
0.7682399999999999
0.770604
0.771104
0.769753
0.766443
0.761522
0.755419
0.7520180000000001
0.751901
0.751429
0.753092
0.759246
0.766792
0.773027
0.7777069999999999
0.780888
0.7826380000000001
0.7827189999999999
0.78092
0.777224
0.771446
0.767339
0.76585
0.763462
0.762146
0.765176
0.770406
0.774566
0.777299
0.778799
0.7792
0.77823
0.775628
0.771255
0.768594
0.768262
0.76689
0.7653840000000001
0.7674770000000001
0.772027
0.7753800000000001
0.777465
0.778401
0.778335
0.7772680000000001
0.775113
0.771864
0.767408
0.765192
0.7658689999999999
0.765896
0.7661100000000001
0.770347
0.777144
0.782185
0.785181
0.786672
0.787025
0.786143
0.7840060000000001
0.78083
0.7767189999999999
0.775332
0.777229
0.778547
0.780121
0.785511
0.792902
0.798248
0.801569
0.803239
0.803427
0.802305
0.800044
0.796525
0.7951560000000001
0.796664
0.797602
0.797652
0.8013899999999999
0.8085979999999999
0.814488
0.8187939999999999
0.8214739999999999
0.822434
0.8217260000000001
0.81945
0.815441
0.809505
0.805459
0.80442
0.803154
0.801619
0.804608
0.811615
0.817351
0.8214600000000001
0.824108
0.825297
0.8248629999999999
0.8226760000000001
0.818769
0.813298
0.809976
0.809385
0.8079529999999999
0.8054319999999999
0.806995
0.812632
0.817171
0.8205030000000001
0.8229040000000001
0.82452
0.825275
0.824793
0.822685
0.8187770000000001
0.816508
0.816368
0.814854
0.811619
0.811974
0.816301
0.819476
0.821261
0.8219549999999999
0.821875
0.821091
0.8193540000000001
0.816475
0.815861
0.8180310000000001
0.8195049999999999
0.819624
0.8222139999999999
0.8280280000000001
0.8330280000000001
0.8363389999999999
0.8379059999999999
0.8378059999999999
0.836499
0.8343389999999999
0.831247
0.827132
0.82544
0.826823
0.828032
0.828519
0.8322120000000001
0.8397370000000001
0.8464969999999999
0.8511690000000001
0.8538610000000001
0.8549559999999999
0.8544649999999999
0.85216
0.84824
0.843166
0.8405379999999999
0.840893
0.8409760000000001
0.840418
0.843225
0.850203
0.856857
0.861844
0.8652790000000001
0.867347
0.867877
0.866614
0.8635719999999999
0.858722
0.855447
0.854525
0.8527440000000001
0.8496440000000001
0.849274
0.853361
0.8580180000000001
0.861509
0.8638969999999999
0.865445
0.8660190000000001
0.8651760000000001
0.862532
0.861095
0.861466
0.860772
0.858618
0.857081
0.858959
0.862349
0.864675
0.8659979999999999
0.866447
0.8660540000000001
0.864814
0.86269
0.859532
0.858275
0.859399
0.8598870000000001
0.859166
0.8592850000000001
0.862885
0.867547
0.870268
0.8712219999999999
0.870876
0.869497
0.867174
0.86398
0.86005
0.858668
0.8602770000000001
0.861502
0.8617020000000001
0.86351
0.8689680000000001
0.8750450000000001
0.8793569999999999
0.882094
0.8834280000000001
0.8833129999999999
0.881764
0.878815
0.8744149999999999
0.8719379999999999
0.8721190000000001
0.871783
0.8704219999999999
0.870941
0.875618
0.881423
0.885726
0.88834
0.889487
0.889415
0.887971
0.884791
0.882975
0.883317
0.8829950000000001
0.881632
0.8806719999999999
0.883549
0.8888790000000001
0.8931
0.8960819999999999
0.8979219999999999
0.8986280000000001
0.898092
0.896115
0.892596
0.890682
0.890948
0.890483
0.8890319999999999
0.8877440000000001
0.890381
0.895816
0.8999719999999999
0.9028129999999999
0.9045639999999999
0.9052690000000001
0.9048450000000001
0.9031450000000001
0.900121
0.898825
0.8996940000000001
0.8997280000000001
0.8986209999999999
0.897338
0.8996040000000001
0.904383
0.907594
0.9094270000000001
0.910431
0.910774
0.910301
0.908673
0.905652
0.904315
0.905165
0.9050520000000001
0.903384
0.9011299999999999
0.9022709999999999
0.906048
0.908431
0.909301
0.909005
0.907749
0.905546
0.902206
0.9005280000000001
0.901125
0.9012760000000001
0.9006209999999999
0.8991120000000001
0.901085
0.906452
0.9103620000000001
0.9126190000000001
0.9135340000000001
0.913225
0.9115629999999999
0.9084639999999999
0.904027
0.901399
0.9013190000000001
0.9011170000000001
0.900487
0.8995340000000001
0.9026290000000001
0.9093709999999999
0.9146770000000001
0.918357
0.920638
0.921539
0.9209639999999999
0.918917
0.918285
0.9196219999999999
0.920283
0.920006
0.9189719999999999
0.9202290000000001
0.9252389999999999
0.93081
0.935207
0.9384979999999999
0.9408719999999999
0.9423809999999999
0.942774
0.941541
0.941124
0.942182
0.9424030000000001
0.941508
0.9393950000000001
0.9388569999999999
0.941644
0.944868
0.94689
0.9480190000000001
0.9485379999999999
0.948471
0.947607
0.9457120000000001
0.945473
0.94726
0.9481799999999999
0.9477389999999999
0.9459110000000001
0.945794
0.94871
0.951392
0.952574
0.952672
0.951987
0.950577
0.9482379999999999
0.944783
0.9430379999999999
0.9436
0.9437909999999999
0.943153
0.941556
0.9416209999999999
0.9450620000000001
0.9490219999999999
0.9515979999999999
0.9528049999999999
0.9526959999999999
0.951209
0.948254
0.943918
0.941301
0.94115
0.940843
0.9399700000000001
0.938414
0.9392469999999999
0.943789
0.9485469999999999
0.951888
0.953837
0.9544950000000001
0.953953
0.9521299999999999
0.948901
0.947139
0.9473950000000001
0.946997
0.9457049999999999
0.943585
0.944219
0.9488559999999999
0.9537559999999999
0.95757
0.960368
0.9621040000000001
0.9625469999999999
0.961527
0.959073
0.95811
0.959067
0.9590569999999999
0.9577110000000001
0.955201
0.9551059999999999
0.9588110000000001
0.9626319999999999
0.9650850000000001
0.9664209999999999
0.9667889999999999
0.966109
0.964181
0.960802
0.9587829999999999
0.958715
0.957923
0.9559799999999999
0.9528559999999999
0.9520430000000001
0.9549340000000001
0.9579629999999999
0.959758
0.960533
0.9604469999999999
0.9595239999999999
0.957557
0.9569190000000001
0.9580049999999999
0.9582950000000001
0.957483
0.9556020000000001
0.954051
0.9560040000000001
0.960067
0.962866
0.9643139999999999
0.964527
0.9636020000000001
0.9617399999999999
0.958916
0.9575790000000001
0.958248
0.9585110000000001
0.9580549999999999
0.9569059999999999
0.956467
0.959203
0.963111
0.965199
0.9658120000000001
0.9652930000000001
0.9637129999999999
0.9610879999999999
0.9573360000000001
0.955247
0.9555370000000001
0.955564
0.9548700000000001
0.9535450000000001
0.954048
0.958109
0.962824
0.965951
0.9676020000000001
0.967937
0.9669629999999999
0.964532
0.9603659999999999
0.9572309999999999
0.95596
0.954074
0.9513280000000001
0.9480040000000001
0.946876
0.9496829999999999
0.953483
0.95615
0.957677
0.9581860000000001
0.957551
0.955343
0.951183
0.9479870000000001
0.946658
0.9446709999999999
0.941666
0.9376479999999999
0.93578
0.937483
0.9396530000000001
0.94101
0.941717
0.941951
0.9416110000000001
0.9403229999999999
0.940435
0.9422729999999999
0.9431790000000001
0.9428030000000001
0.9412889999999999
0.9401459999999999
0.942083
0.9455129999999999
0.947517
0.948184
0.94781
0.946631
0.9446100000000001
0.941583
0.940208
0.941147
0.941973
0.9423040000000001
0.9419930000000001
0.942305
0.945659
0.9502299999999999
0.95309
0.954314
0.954217
0.952944
0.950475
0.946876
0.945041
0.9455600000000001
0.945807
0.9453969999999999
0.9442280000000001
0.9444100000000001
0.947981
0.9524469999999999
0.955468
0.957261
0.9581719999999999
0.958091
0.956614
0.9534590000000001
0.9512870000000001
0.9507950000000001
0.949708
0.947799
0.945032
0.943666
0.946
0.949599
0.9519690000000001
0.953169
0.953253
0.9520190000000001
0.9493209999999999
0.9477700000000001
0.9479129999999999
0.9473729999999999
0.9459280000000001
0.943564
0.940875
0.941385
0.944419
0.946304
0.9471139999999999
0.947119
0.9462860000000001
0.9445
0.9416100000000001
0.9399
0.9397479999999999
0.9389360000000001
0.937401
0.9351940000000001
0.933167
0.9345110000000001
0.9380440000000001
0.9403030000000001
0.9415520000000001
0.9420709999999999
0.94178
0.940574
0.9383290000000001
0.9375379999999999
0.9387719999999999
0.9395870000000001
0.9394530000000001
0.938328
0.937707
0.940366
0.944575
0.947298
0.9488190000000001
0.949491
0.949456
0.9486180000000001
0.9466190000000001
0.945909
0.9471229999999999
0.947752
0.947233
0.9454540000000001
0.944084
0.9457700000000001
0.9488620000000001
0.950833
0.9518190000000001
0.9519340000000001
0.9511959999999999
0.94932
0.948458
0.9491879999999999
0.949399
0.9488639999999999
0.947688
0.946154
0.947887
0.9524290000000001
0.9557190000000001
0.9576370000000001
0.9582360000000001
0.957566
0.955778
0.952818
0.9509629999999999
0.9508260000000001
0.9502700000000001
0.949068
0.947459
0.945364
0.9465899999999999
0.9509770000000001
0.9542120000000001
0.9562879999999999
0.957432
0.9576620000000001
0.956722
0.954285
0.952781
0.952953
0.9525319999999999
0.9510940000000001
0.9487180000000001
0.945575
0.94563
0.9488719999999999
0.9512790000000001
0.95288
0.953995
0.9546209999999999
0.9543229999999999
0.952628
0.9518469999999999
0.952499
0.9522209999999999
0.9506979999999999
0.9480270000000001
0.944675
0.94442
0.946923
0.948324
0.948627
0.9482200000000001
0.947249
0.945501
0.9450430000000001
0.946264
0.9469569999999999
0.946818
0.9458479999999999
0.9437780000000001
0.943628
0.9462370000000001
0.948399
0.949362
0.9492700000000001
0.9481930000000001
0.9460290000000001
0.9426760000000001
0.940472
0.9400229999999999
0.9393030000000001
0.938185
0.9368280000000001
0.9350729999999999
0.936364
0.940846
0.944418
0.9465680000000001
0.9475290000000001
0.94742
0.9460790000000001
0.9433469999999999
0.941664
0.9416450000000001
0.941142
0.9399379999999999
0.9381280000000001
0.93565
0.9365829999999999
0.9409
0.9442290000000001
0.946574
0.948198
0.9490270000000001
0.948795
0.947257
0.9466180000000001
0.9472889999999999
0.947041
0.945572
0.9428780000000001
0.939182
0.938845
0.9419200000000001
0.944159
0.9455450000000001
0.946284
0.946308
0.9453370000000001
0.945199
0.9461430000000001
0.9462280000000001
0.945466
0.9440040000000001
0.941724
0.9411649999999999
0.9436379999999999
0.946351
0.9479719999999999
0.948757
0.9487479999999999
0.947893
0.9461790000000001
0.9455969999999999
0.946459
0.9467909999999999
0.946364
0.9451959999999999
0.9432280000000001
0.943051
0.9459040000000001
0.9489920000000001
0.9510299999999999
0.952176
0.9524219999999999
0.9517260000000001
0.9500139999999999
0.9493809999999999
0.950332
0.950895
0.950693
0.9496540000000001
0.9477110000000001
0.9476870000000001
0.95047
0.952995
0.9543959999999999
0.9549290000000001
0.9546399999999999
0.953382
0.95083
0.949066
0.948817
0.9482299999999999
0.946953
0.9449139999999999
0.9420290000000001
0.941544
0.944226
0.946614
0.947807
0.9478479999999999
0.9468540000000001
0.9448340000000001
0.943565
0.9433530000000001
0.942478
0.940825
0.938473
0.93548
0.933522
0.934824
0.9377280000000001
0.9399360000000001
0.941363
0.9419200000000001
0.941458
0.9397409999999999
0.938525
0.9382870000000001
0.9374450000000001
0.935908
0.933831
0.9312590000000001
0.929933
0.931593
0.9343
0.936227
0.93748
0.9381010000000001
0.9380069999999999
0.938876
0.9409770000000001
0.9425520000000001
0.943277
0.943024
0.941759
0.9398700000000001
0.9406899999999999
0.9438120000000001
0.9457709999999999
0.9466530000000001
0.9467120000000001
0.9461149999999999
0.9448139999999999
0.944384
0.9451219999999999
0.9454549999999999
0.9451959999999999
0.944311
0.942673
0.940709
0.941474
0.944473
0.946515
0.947472
0.9474600000000001
0.9465790000000001
0.944665
0.9434889999999999
0.943659
0.9435520000000001
0.942918
0.94181
0.940159
0.9390850000000001
0.9408549999999999
0.9440879999999999
0.9462879999999999
0.9475370000000001
0.948066
0.94778
0.9463790000000001
0.9457040000000001
0.946211
0.9460299999999999
0.944959
0.9432969999999999
0.9410620000000001
0.93927
0.9405680000000001
0.9438139999999999
0.94624
0.947783
0.9484370000000001
0.947926
0.946016
0.944826
0.944996
0.9447479999999999
0.943874
0.9423440000000001
0.939951
0.9382780000000001
0.939725
0.9426389999999999
0.94465
0.9458989999999999
0.946464
0.9461120000000001
0.946422
0.9476829999999999
0.948182
0.947767
0.9466459999999999
0.944765
0.941924
0.941494
0.9440459999999999
0.9461379999999999
0.9473309999999999
0.9478129999999999
0.947577
0.946515
