1.01239
1.01159
1.012008
1.0116040000000002
1.010224
1.0080280000000001
1.005025
1.002732
1.003615
1.005998
1.007266
1.007554
1.007052
1.0057200000000002
1.003428
1.002224
1.002489
1.002134
1.000843
0.998718
0.9958520000000001
0.993793
0.994914
0.997501
0.998941
0.9993110000000001
0.9987969999999999
0.9974639999999999
0.9952559999999999
0.994231
0.9947590000000001
0.9947729999999999
0.99397
0.9923569999999999
0.989848
0.988325
0.9899209999999999
0.9926790000000001
0.994441
0.9952709999999999
0.9952559999999999
0.9943209999999999
0.9943350000000001
0.9956430000000001
0.996401
0.9964290000000001
0.995819
0.994577
0.9929600000000001
0.994425
0.9985040000000001
1.001285
1.002638
1.002801
1.00197
1.000204
0.999469
1.000127
1.000265
0.99964
0.998376
0.996534
0.994734
0.9961059999999999
0.9998
1.002307
1.003596
1.003826
1.00302
1.0011709999999998
1.000404
1.001135
1.001307
1.000605
0.9991
0.996808
0.994813
0.996042
0.999366
1.001707
1.0030569999999999
1.003554
1.0031459999999999
1.001636
1.000881
1.001191
1.000669
0.9992129999999999
0.9970120000000001
0.994079
0.9913489999999999
0.991772
0.994292
0.9958100000000001
0.99646
0.9964649999999999
0.9957799999999999
0.9942350000000001
0.993816
0.994842
0.9951909999999999
0.99451
0.992818
0.990149
0.9881459999999999
0.989325
0.9920629999999999
0.9938030000000001
0.994609
0.9945879999999999
0.993717
0.99195
0.9914139999999999
0.992498
0.99313
0.993025
0.9921969999999999
0.990526
0.9896530000000001
0.991793
0.995132
0.9973209999999999
0.9983620000000001
0.998331
0.997215
0.994964
0.9937739999999999
0.994208
0.994295
0.993713
0.9924360000000001
0.9903860000000001
0.9894
0.991526
0.99466
0.9965200000000001
0.997235
0.997041
0.9959520000000001
0.993828
0.9927540000000001
0.993125
0.992814
0.99156
0.9895430000000001
0.986864
0.985758
0.988094
0.991516
0.993964
0.9954129999999999
0.9958450000000001
0.9951270000000001
0.9951610000000001
0.9963700000000001
0.9969030000000001
0.996503
0.995253
0.993189
0.9902850000000001
0.99041
0.99364
0.9959309999999999
0.9971610000000001
0.997505
0.997017
0.9956309999999999
0.9951639999999999
0.995864
0.9957860000000001
0.994699
0.992798
0.990151
0.986964
0.9868040000000001
0.989345
0.9907530000000001
0.991059
0.99059
0.9894790000000001
0.987662
0.987059
0.98798
0.988397
0.987952
0.9866540000000001
0.9845299999999999
0.982633
0.983883
0.987116
0.9891719999999999
0.990082
0.990041
0.989101
0.987238
0.986432
0.9870270000000001
0.987057
0.9862709999999999
0.9847450000000001
0.982432
0.9804579999999999
0.981467
0.984167
0.9857940000000001
0.986455
0.9862850000000001
0.985226
0.9831209999999999
0.98198
0.9822299999999999
0.9819530000000001
0.980991
0.979447
0.9773040000000001
0.976557
0.979083
0.982612
0.98498
0.986217
0.986456
0.985742
0.983999
0.983295
0.984034
0.984181
0.98349
0.9820690000000001
0.979974
0.979252
0.9818209999999999
0.985453
0.988015
0.989533
0.990025
0.989367
0.989397
0.990535
0.990994
0.9904959999999999
0.9891
0.9868530000000001
0.983741
0.9833559999999999
0.9861030000000001
0.988293
0.9895370000000001
0.989974
0.9896309999999999
0.988419
0.9880629999999999
0.9888
0.988769
0.987784
0.986066
0.9837049999999999
0.980633
0.980658
0.9837670000000001
0.9858959999999999
0.987052
0.987567
0.9875639999999999
0.9869540000000001
0.987541
0.9895959999999999
0.991134
0.991765
0.9914370000000001
0.9900700000000001
0.9880459999999999
0.988925
0.9923489999999999
0.9946879999999999
0.995935
0.996273
0.9956809999999999
0.994066
0.993382
0.994043
0.994168
0.993502
0.9921120000000001
0.989951
0.9875719999999999
0.9881200000000001
0.990869
0.992476
0.9929549999999999
0.992396
0.990743
0.9879190000000001
0.9859760000000001
0.985431
0.98449
0.9829959999999999
0.9810030000000001
0.97845
0.976659
0.978124
0.981284
0.983342
0.9842709999999999
0.984224
0.983276
0.981376
0.980483
0.9809829999999999
0.9809450000000001
0.98011
0.978576
0.9764299999999999
0.975015
0.976986
0.980949
0.9840479999999999
0.9862120000000001
0.98744
0.9875879999999999
0.988342
0.990057
0.991087
0.991276
0.9907040000000001
0.989394
0.9872920000000001
0.9872709999999999
0.990223
0.993131
0.995081
0.9961979999999999
0.996534
0.996033
0.996439
0.9979950000000001
0.998807
0.998556
0.997344
0.995288
0.9923629999999999
0.99198
0.994603
0.9966280000000001
0.997575
0.997656
0.997009
0.9956299999999999
0.9953129999999999
0.996345
0.9968530000000001
0.996524
0.995352
0.993293
0.9902860000000001
0.990074
0.99292
0.994899
0.995715
0.995548
0.994439
0.9923489999999999
0.991135
0.9912200000000001
0.9908469999999999
0.9897450000000001
0.9879620000000001
0.9854790000000001
0.982145
0.9816799999999999
0.984167
0.9856440000000001
0.986092
0.9857610000000001
0.984656
0.982664
0.98164
0.981923
0.981676
0.980751
0.979308
0.977353
0.9756100000000001
0.977131
0.9810129999999999
0.9838889999999999
0.985655
0.986398
0.986136
0.984876
0.98461
0.985714
0.98629
0.9861059999999999
0.985217
0.9836020000000001
0.9821719999999999
0.983925
0.987857
0.99077
0.992632
0.9935360000000001
0.9933930000000001
0.992052
0.991498
0.992243
0.9924290000000001
0.9917520000000001
0.990232
0.9878600000000001
0.985556
0.986347
0.989332
0.991433
0.992649
0.993057
0.992575
0.9928950000000001
0.9942620000000001
0.9948469999999999
0.9943629999999999
0.992949
0.990785
0.987936
0.986922
0.9889690000000001
0.991391
0.9928110000000001
0.993332
0.9931129999999999
0.9922
0.9922639999999999
0.9935790000000001
0.994439
0.9945649999999999
0.993959
0.992534
0.990115
0.989181
0.991145
0.9934620000000001
0.994784
0.995236
0.994919
0.9937870000000001
0.9936149999999999
0.9948040000000001
0.9956309999999999
0.9957969999999999
0.9952979999999999
0.994085
0.991999
0.9921629999999999
0.9951549999999999
0.9976139999999999
0.99898
0.999431
0.9989309999999999
0.99734
0.996439
0.996613
0.9961700000000001
0.995001
0.993273
0.990992
0.9880180000000001
0.9879549999999999
0.991025
0.993296
0.994381
0.994366
0.993291
0.991179
0.989959
0.990016
0.989542
0.9883040000000001
0.986359
0.9837229999999999
0.9807299999999999
0.981037
0.98439
0.9870180000000001
0.9888370000000001
0.989924
0.990166
0.9893540000000001
0.989275
0.9903219999999999
0.990765
0.9904430000000001
0.9894280000000001
0.987707
0.985492
0.986339
0.989978
0.99269
0.994483
0.995511
0.995743
0.995067
0.995326
0.9968370000000001
0.9976879999999999
0.997624
0.996767
0.995115
0.9928370000000001
0.993466
0.9967309999999999
0.9989120000000001
1.000034
1.0003469999999999
0.9999049999999999
0.9985850000000001
0.9982209999999999
0.9991469999999999
0.999452
0.9988360000000001
0.9973049999999999
0.9948290000000001
0.991872
0.992038
0.994966
0.9969950000000001
0.998041
0.998201
0.997394
0.9972780000000001
0.9982340000000001
0.9986799999999999
0.998426
0.997549
0.996065
0.9938799999999999
0.992785
0.994491
0.9969040000000001
0.9981200000000001
0.998317
0.997693
0.996258
0.995682
0.996286
0.9964139999999999
0.995842
0.994704
0.993041
0.990714
0.989959
0.9922059999999999
0.994959
0.9966200000000001
0.997245
0.996965
0.995858
0.99572
0.996822
0.997365
0.997101
0.996123
0.9944959999999999
0.99221
0.9924069999999999
0.995769
0.998923
1.001034
1.002189
1.0023520000000001
1.00136
1.000911
1.0013940000000001
1.0012020000000001
1.000208
0.9985200000000001
0.9961700000000001
0.9930700000000001
0.992474
0.994973
0.997165
0.998508
0.9991610000000001
0.9991030000000001
0.9981760000000001
0.9981180000000001
0.999185
0.999468
0.9986860000000001
0.99698
0.994506
0.9912799999999999
0.991115
0.994157
0.996424
0.9977540000000001
0.9982979999999999
0.998099
0.997102
0.9971260000000001
0.998497
0.9993799999999999
0.9995040000000001
0.99887
0.997394
0.994966
0.995332
0.998748
1.001275
1.002634
1.003008
1.002458
1.000968
1.000458
1.001379
1.001932
1.001794
1.000945
0.9993200000000001
0.9967590000000001
0.9969030000000001
0.9999520000000001
1.002069
1.003148
1.0034100000000001
1.002834
1.001291
1.000602
1.0011
1.00096
1.000024
0.998474
0.996373
0.9937799999999999
0.9944370000000001
0.998194
1.000979
1.002604
1.00314
1.0026
1.001002
1.0002950000000002
1.000867
1.000885
1.000099
0.998549
0.996223
0.993375
0.9937010000000001
0.996948
0.9992489999999999
1.000534
1.000934
1.0003870000000001
1.000523
1.001662
1.00219
1.001888
1.000767
0.9988239999999999
0.996044
0.994452
0.9958450000000001
0.998168
0.999592
1.000139
0.9998520000000001
0.998692
0.998332
0.999058
0.999158
0.998394
0.996928
0.994909
0.992295
0.991434
0.9936290000000001
0.9962479999999999
0.9978
0.9984040000000001
0.998259
0.997459
0.997801
0.99959
1.0010139999999998
1.001715
1.0016260000000001
1.000642
0.998607
0.998432
1.0012
1.003974
1.005794
1.0067840000000001
1.006961
1.006182
1.006146
1.007212
1.007678
1.0073239999999999
1.006238
1.0044540000000002
1.0018790000000002
1.001514
1.004092
1.006376
1.00758
1.0078340000000001
1.007095
1.005242
1.004137
1.004213
1.00376
1.002658
1.001055
0.998927
0.996094
0.9960899999999999
0.9991690000000001
1.001486
1.0026700000000002
1.002839
1.002056
1.000353
0.999597
1.000125
1.000132
0.999367
0.9978739999999999
0.995661
0.992725
0.992662
0.9959370000000001
0.998857
1.000924
1.002177
1.0024959999999998
1.001678
1.001463
1.002275
1.002489
1.001949
1.000715
0.998767
0.9959979999999999
0.9960450000000001
0.999187
1.001636
1.003175
1.003976
1.004027
1.003217
1.003374
1.004782
1.0054809999999998
1.005187
1.0040209999999998
1.002008
0.999223
0.999396
1.002436
1.0044819999999999
1.0055319999999999
1.0058209999999999
1.0053860000000001
1.00409
1.003736
1.004645
1.004933
1.004319
1.002825
1.000415
0.997317
0.9973069999999999
1.000204
1.0020959999999999
1.0028860000000002
1.002708
1.001543
0.99934
0.9981190000000001
0.998403
0.998394
0.997815
0.99666
0.994819
0.9924709999999999
0.993034
0.99608
0.9979319999999999
0.998683
0.9985860000000001
0.9976520000000001
0.997583
0.998675
0.9991760000000001
0.9988309999999999
0.997769
0.996099
0.9938049999999999
0.9930190000000001
0.9953120000000001
0.998337
1.0002799999999998
1.0011219999999998
1.000956
0.999849
0.999541
1.000302
1.000426
0.9997370000000001
0.998394
0.996489
0.994
0.993519
0.9961770000000001
0.9991110000000001
1.000988
1.001908
1.001933
1.000987
1.0008270000000001
1.001831
1.002317
1.002083
1.001169
0.999558
0.997133
0.997023
0.9999040000000001
1.002518
1.0042719999999998
1.0053379999999998
1.0057
1.005184
1.005443
1.006688
1.007074
1.00644
1.0050430000000001
1.00301
1.000237
0.9999629999999999
1.002789
1.0052510000000001
1.00672
1.00738
1.0072709999999998
1.006248
1.0060870000000002
1.007139
1.0075889999999998
1.007184
1.005935
1.003776
1.000624
1.000319
1.003141
1.005187
1.006292
1.006644
1.006232
1.004968
1.0047620000000002
1.006022
1.006892
1.007066
1.006545
1.005239
1.002952
1.00325
1.00641
1.008679
1.009891
1.010268
1.009802
1.008386
1.007846
1.0085549999999999
1.00875
1.008248
1.0071620000000001
1.005478
1.00305
1.003462
1.006959
1.009625
1.011067
1.0114530000000002
1.010894
1.0093530000000002
1.008667
1.009193
1.009112
1.0081959999999999
1.0065469999999999
1.004248
1.00135
1.001719
1.00531
1.008017
1.0097260000000001
1.010529
1.010327
1.0089489999999999
1.008306
1.008882
1.008892
1.0080879999999999
1.0065389999999999
1.004247
1.001328
1.001536
1.004783
1.007204
1.008725
1.009455
1.009343
1.00824
1.007996
1.008924
1.009089
1.008282
1.006683
1.00435
1.001602
1.001951
1.004985
1.006936
1.007762
1.007687
1.006788
1.004999
1.004276
1.005
1.005211
1.004573
1.003061
1.0005950000000001
0.9978450000000001
0.998151
1.000842
1.00248
1.0030370000000002
1.0026549999999999
1.001307
1.000748
1.0013610000000002
1.001469
1.00085
0.999576
0.9976809999999999
0.995101
0.994225
0.996275
0.9986309999999999
0.999956
1.000366
0.9998790000000001
0.998418
0.997717
0.998123
0.997976
0.997149
0.9958290000000001
0.9940450000000001
0.9916309999999999
0.991402
0.9942209999999999
0.996948
0.9985379999999999
0.999099
0.9987659999999999
0.997627
0.9975799999999999
0.998944
0.999858
1.000014
0.9994149999999999
0.9980459999999999
0.9958790000000001
0.996664
1.000613
1.0038040000000001
1.005984
1.00728
1.0076180000000001
1.006799
1.006575
1.007327
1.007352
1.00651
1.004911
1.002585
0.999442
0.999288
1.002211
1.004194
1.0051510000000001
1.005252
1.004472
1.002691
0.999755
0.9955459999999999
0.9900389999999999
0.9833120000000001
0.9785889999999999
0.9765020000000001
0.9739260000000001
0.97024
0.965669
0.965195
0.968857
0.9717049999999999
0.9735870000000001
0.9745360000000001
0.974367
0.9729120000000001
0.970093
0.968675
0.9689610000000001
0.967981
0.9654200000000001
0.9616959999999999
0.959252
0.960744
0.964094
0.966519
0.9676870000000001
0.967449
0.965728
0.9625040000000001
0.9577549999999999
0.951526
0.9467780000000001
0.944213
0.941208
0.937376
0.93275
0.931309
0.9337120000000001
0.935575
0.9359149999999999
0.93501
0.9331879999999999
0.9306530000000001
0.9275110000000001
0.9266559999999999
0.9285
0.930025
0.9306200000000001
0.9302290000000001
0.9317559999999999
0.936579
0.9414969999999999
0.9448840000000001
0.946945
0.9479059999999999
0.947801
0.9465180000000001
0.9438639999999999
0.939684
0.9368110000000001
0.9360350000000001
0.9348850000000001
0.9329729999999999
0.9302239999999999
0.930515
0.93421
0.936742
0.937192
0.9357620000000001
0.9327059999999999
0.928235
0.922479
0.9154959999999999
0.910465
0.907964
0.9049290000000001
0.900943
0.8970670000000001
0.897122
0.9000950000000001
0.901926
0.902533
0.902077
0.9005049999999999
0.897566
0.8929520000000001
0.8893629999999999
0.8874129999999999
0.8845729999999999
0.880691
0.87602
0.8746700000000001
0.8772209999999999
0.8794290000000001
0.88045
0.880239
0.87877
0.8760450000000001
0.872058
0.8667950000000001
0.863102
0.86164
0.8598899999999999
0.857556
0.85495
0.855873
0.859554
0.861398
0.861382
0.860072
0.8579469999999999
0.855246
0.8520110000000001
0.84819
0.8467110000000001
0.847943
0.8487100000000001
0.8483510000000001
0.8482940000000001
0.8515879999999999
0.856665
0.860274
0.8624430000000001
0.863455
0.863418
0.862244
0.859775
0.8559120000000001
0.853708
0.853836
0.8534719999999999
0.8521989999999999
0.8516370000000001
0.854685
0.859432
0.8624629999999999
0.863726
0.8635360000000001
0.862057
0.859237
0.854951
0.849151
0.8450629999999999
0.843413
0.841224
0.837987
0.83581
0.8372440000000001
0.840075
0.841575
0.8417889999999999
0.840894
0.8388959999999999
0.835699
0.831208
0.8282010000000001
0.827101
0.8251229999999999
0.821981
0.818623
0.818854
0.8219879999999999
0.824109
0.825033
0.824883
0.823693
0.821415
0.817946
0.813208
0.809978
0.8089649999999999
0.807658
0.805554
0.8035439999999999
0.804869
0.80835
0.81037
0.810948
0.8104399999999999
0.809133
0.807174
0.804543
0.8011050000000001
0.79961
0.800371
0.800307
0.798867
0.798388
0.801299
0.8052779999999999
0.807882
0.809291
0.809867
0.80979
0.808959
0.807095
0.806758
0.8083060000000001
0.808937
0.8082600000000001
0.8073819999999999
0.809666
0.8140350000000001
0.81694
0.818349
0.818466
0.8173590000000001
0.81503
0.811451
0.806633
0.803493
0.802674
0.8015140000000001
0.799607
0.798379
0.800632
0.804611
0.80696
0.80758
0.80672
0.804632
0.8014979999999999
0.7973439999999999
0.792103
0.788556
0.7872239999999999
0.785429
0.782867
0.781359
0.783614
0.787814
0.7910189999999999
0.793168
0.794384
0.794617
0.793621
0.791085
0.7868430000000001
0.783675
0.782224
0.779953
0.776547
0.773878
0.774863
0.777879
0.7800699999999999
0.781432
0.78215
0.7822399999999999
0.781507
0.779632
0.778994
0.779885
0.779659
0.778014
0.776098
0.777161
0.7802180000000001
0.782031
0.7827930000000001
0.782918
0.782589
0.781754
0.780212
0.777718
0.776782
0.777805
0.778133
0.77733
0.776894
0.779708
0.7842210000000001
0.787309
0.7888850000000001
0.789161
0.788313
0.786442
0.783592
0.77979
0.777802
0.778185
0.778283
0.777575
0.777615
0.78098
0.785755
0.788907
0.790471
0.790814
0.7901199999999999
0.7883060000000001
0.785179
0.780606
0.777312
0.775931
0.773958
0.771055
0.769123
0.770938
0.7747029999999999
0.7775340000000001
0.77932
0.780085
0.779704
0.777989
0.774796
0.772575
0.771779
0.770055
0.767237
0.764092
0.764483
0.7680279999999999
0.770858
0.772794
0.773936
0.774271
0.773678
0.7719550000000001
0.7689010000000001
0.766975
0.7667930000000001
0.7660819999999999
0.7644770000000001
0.7626930000000001
0.764247
0.76847
0.7716890000000001
0.773806
0.775001
0.775355
0.774825
0.77327
0.7705390000000001
0.769158
0.769579
0.76926
0.767872
0.766954
0.769556
0.774227
0.777745
0.7800739999999999
0.78146
0.782013
0.781629
0.780083
0.7796390000000001
0.7806890000000001
0.780871
0.77987
0.777762
0.7786109999999999
0.7825810000000001
0.785493
0.787197
0.7879229999999999
0.787738
0.786602
0.784404
0.781027
0.778874
0.778486
0.7776270000000001
0.7760090000000001
0.7738689999999999
0.775101
0.7793979999999999
0.782421
0.7839430000000001
0.784157
0.783247
0.781339
0.7784260000000001
0.774429
0.771795
0.771081
0.770059
0.768496
0.766862
0.768841
0.7739229999999999
0.778022
0.780921
0.7827390000000001
0.783459
0.78293
0.780996
0.777622
0.7752680000000001
0.774478
0.77304
0.770732
0.768111
0.76918
0.7736390000000001
0.7773329999999999
0.780042
0.781896
0.782883
0.782814
0.781412
0.780794
0.781345
0.780926
0.77941
0.776986
0.777008
0.7802720000000001
0.783351
0.785412
0.78667
0.787288
0.787275
0.78652
0.784833
0.7843899999999999
0.7855979999999999
0.786241
0.785983
0.784787
0.786043
0.790385
0.794107
0.79635
0.797277
0.797076
0.795864
0.79373
0.790721
0.789222
0.789754
0.790097
0.78986
0.788932
0.790552
0.79518
0.799108
0.801618
0.802933
0.803126
0.8021050000000001
0.7997479999999999
0.796033
0.7934359999999999
0.7925760000000001
0.791299
0.789327
0.7867460000000001
0.787103
0.79099
0.794623
0.79715
0.79862
0.799078
0.798488
0.796701
0.793549
0.7914140000000001
0.79088
0.789804
0.787992
0.785556
0.786329
0.7906350000000001
0.794413
0.79715
0.79895
0.7998270000000001
0.799669
0.798304
0.7956489999999999
0.794212
0.794566
0.7943939999999999
0.793305
0.791276
0.792186
0.796409
0.799896
0.8022100000000001
0.80352
0.8039109999999999
0.803323
0.801614
0.798657
0.796875
0.796845
0.7963560000000001
0.795091
0.792981
0.794033
0.7983399999999999
0.801608
0.803689
0.80483
0.805087
0.8043899999999999
0.8026300000000001
0.799722
0.798111
0.798269
0.797779
0.79623
0.793666
0.794308
0.798337
0.8014020000000001
0.803271
0.804158
0.804189
0.803388
0.801687
0.798984
0.797716
0.798359
0.7984899999999999
0.797657
0.795794
0.796858
0.8009970000000001
0.80398
0.805605
0.806143
0.8057
0.804255
0.801746
0.7981729999999999
0.796151
0.796271
0.796134
0.795309
0.7937850000000001
0.795596
0.800606
0.804295
0.806398
0.807127
0.8066840000000001
0.805117
0.802323
0.7982279999999999
0.795425
0.794588
0.793484
0.791818
0.789824
0.791392
0.796221
0.800032
0.802575
0.803934
0.804086
0.802918
0.8003399999999999
0.798713
0.798558
0.797686
0.795844
0.793157
0.79247
0.795179
0.79847
0.800908
0.8025399999999999
0.803447
0.803573
0.8027489999999999
0.800756
0.799771
0.800294
0.8002630000000001
0.7994220000000001
0.7977310000000001
0.798112
0.801569
0.8049430000000001
0.807163
0.808478
0.80906
0.80894
0.808064
0.806342
0.806098
0.807702
0.808707
0.808629
0.807437
0.8084859999999999
0.812591
0.816217
0.8184640000000001
0.81958
0.819794
0.819185
0.817669
0.815094
0.8113859999999999
0.8092020000000001
0.809062
0.808373
0.806658
0.804767
0.806164
0.8099569999999999
0.81252
0.8138479999999999
0.814105
0.813272
0.811226
0.8078960000000001
0.805843
0.805625
0.804855
0.803178
0.800642
0.80074
0.804161
0.8072699999999999
0.809235
0.81016
0.810174
0.809254
0.807207
0.803823
0.8014060000000001
0.8005909999999999
0.7993939999999999
0.797625
0.7952899999999999
0.795696
0.799589
0.803322
0.805846
0.8072159999999999
0.807487
0.806658
0.804768
0.801932
0.8007029999999999
0.801557
0.8020729999999999
0.8018109999999999
0.800726
0.802705
0.8080470000000001
0.812604
0.815971
0.81838
0.819918
0.8204809999999999
0.8198549999999999
0.817813
0.8166869999999999
0.816975
0.816447
0.814855
0.812279
0.8125720000000001
0.816286
0.819468
0.8215600000000001
0.8227479999999999
0.8230559999999999
0.822341
0.820392
0.81704
0.8147760000000001
0.814104
0.812604
0.8099930000000001
0.806443
0.806287
0.8095399999999999
0.811667
0.812539
0.812489
0.8117489999999999
0.8103229999999999
0.8080350000000001
0.804713
0.802828
0.802863
0.802363
0.800905
0.79843
0.799098
0.8029970000000001
0.80577
0.807299
0.807775
0.807269
0.80575
0.803167
0.799555
0.797516
0.797636
0.79757
0.796926
0.795775
0.798028
0.803388
0.807424
0.8099850000000001
0.811377
0.811739
0.810987
0.8089729999999999
0.8056409999999999
0.803716
0.803892
0.803751
0.802874
0.8018489999999999
0.804388
0.8098770000000001
0.8143229999999999
0.8175319999999999
0.8195899999999999
0.820449
0.819998
0.818146
0.814825
0.812686
0.8123100000000001
0.811247
0.80924
0.807099
0.80865
0.813261
0.8169270000000001
0.8194610000000001
0.820951
0.821349
0.820508
0.81825
0.8144640000000001
0.81184
0.811049
0.809661
0.807279
0.8043939999999999
0.804854
0.808234
0.810559
0.811772
0.812078
0.811552
0.810139
0.8076979999999999
0.804084
0.8018310000000001
0.801403
0.800311
0.798266
0.795981
0.797093
0.800901
0.803488
0.8048270000000001
0.80523
0.8048109999999999
0.803491
0.801139
0.800121
0.800904
0.8011560000000001
0.800505
0.798927
0.799702
0.803607
0.807172
0.809481
0.810599
0.8106180000000001
0.809597
0.807562
0.804521
0.80294
0.803353
0.803487
0.8030010000000001
0.8018310000000001
0.803718
0.808813
0.8128449999999999
0.815351
0.816652
0.81695
0.816229
0.814392
0.811409
0.8073670000000001
0.805233
0.805606
0.805696
0.804963
0.80514
0.808854
0.814104
0.817902
0.820216
0.821192
0.820865
0.8192159999999999
0.81619
0.811752
0.808762
0.807822
0.806291
0.803876
0.802211
0.804354
0.8087840000000001
0.8122550000000001
0.814565
0.815699
0.815524
0.813807
0.81034
0.807692
0.806535
0.804585
0.801603
0.797728
0.797133
0.800136
0.802602
0.804248
0.805139
0.8052699999999999
0.8045939999999999
0.803003
0.8003520000000001
0.799045
0.7995180000000001
0.7993979999999999
0.7984220000000001
0.796664
0.798149
0.802714
0.80592
0.8077439999999999
0.808613
0.808783
0.8083140000000001
0.80718
0.805343
0.805299
0.807412
0.8090229999999999
0.809539
0.8089770000000001
0.8113640000000001
0.8165859999999999
0.820334
0.8224969999999999
0.8233719999999999
0.8231649999999999
0.821941
0.819665
0.816261
0.814339
0.814438
0.814025
0.812675
0.810944
0.812587
0.81697
0.819984
0.8215
0.8217909999999999
0.8209690000000001
0.818929
0.815496
0.810587
0.807029
0.8055439999999999
0.803664
0.801059
0.798776
0.800193
0.804229
0.807188
0.8088770000000001
0.809399
0.80883
0.807203
0.804438
0.800393
0.797669
0.7968569999999999
0.795574
0.793571
0.791663
0.793338
0.7977489999999999
0.801079
0.803199
0.804265
0.804299
0.803197
0.800819
0.797141
0.794944
0.794842
0.79427
0.792797
0.791501
0.7937310000000001
0.7984600000000001
0.802194
0.8048609999999999
0.806654
0.807611
0.807589
0.806358
0.80373
0.802389
0.802837
0.802449
0.8009470000000001
0.799864
0.802299
0.806821
0.810185
0.812395
0.813712
0.8142020000000001
0.813718
0.8120470000000001
0.809034
0.807403
0.80765
0.807041
0.80513
0.803331
0.804918
0.808579
0.810913
0.811811
0.811511
0.810221
0.808014
0.804812
0.800502
0.797825
0.797329
0.7963359999999999
0.794375
0.7928649999999999
0.79469
0.79824
0.80033
0.801007
0.8005369999999999
0.7990079999999999
0.7963979999999999
0.792668
0.790389
0.79014
0.789567
0.788363
0.786686
0.788552
0.793792
0.797979
0.800797
0.802292
0.802474
0.801371
0.799024
0.7954060000000001
0.792998
0.792357
0.791222
0.7894
0.787495
0.789352
0.794411
0.798452
0.801262
0.803009
0.803756
0.80342
0.8018350000000001
0.798918
0.797413
0.797866
0.797625
0.796244
0.7948390000000001
0.796868
0.801355
0.804762
0.807012
0.808338
0.808851
0.808453
0.809177
0.811189
0.81212
0.811632
0.8099069999999999
0.80874
0.8105359999999999
0.8136720000000001
0.81567
0.816489
0.816291
0.816788
0.818391
0.819585
0.820039
0.819744
0.818783
0.817258
0.818041
0.8216
0.8247399999999999
0.8265680000000001
0.82709
0.826476
0.824937
0.824174
0.824708
0.8253010000000001
0.8258540000000001
0.826457
0.827051
0.8274309999999999
0.8307549999999999
0.8367549999999999
0.8415530000000001
0.8448950000000001
0.8469979999999999
0.8481879999999999
0.848793
0.8504860000000001
0.853466
0.8560180000000001
0.8577309999999999
0.8586219999999999
0.858771
0.858176
0.860241
0.8649459999999999
0.868675
0.8714149999999999
0.873376
0.874559
0.8747719999999999
0.875359
0.8765120000000001
0.876704
0.875748
0.87376
0.870856
0.8676879999999999
0.867366
0.869418
0.8707739999999999
0.871499
0.871813
0.871732
0.872654
0.874693
0.876167
0.876718
0.8764299999999999
0.875483
0.873916
0.873973
0.8766219999999999
0.8794360000000001
0.881423
0.882875
0.884025
0.8848719999999999
0.8866780000000001
0.8895959999999999
0.8922120000000001
0.8942979999999999
0.895891
0.8969280000000001
0.897193
0.897314
0.8999309999999999
0.904323
0.9078069999999999
0.910424
0.9123530000000001
0.9136280000000001
0.9156299999999999
0.918741
0.921732
0.9243610000000001
0.9265450000000001
0.928108
0.9287799999999999
0.928919
0.9314120000000001
0.93581
0.939275
0.9419770000000001
0.944111
0.945575
0.9461440000000001
0.947256
0.949158
0.950307
0.9505389999999999
0.949943
0.948516
0.9462430000000001
0.9459799999999999
0.948916
0.9522280000000001
0.9547049999999999
0.956285
0.956916
0.95644
0.9563280000000001
0.9568979999999999
0.956683
0.955542
0.953636
0.951108
0.9479780000000001
0.946378
0.947945
0.9504889999999999
0.952254
0.9531229999999999
0.952996
0.9517530000000001
0.9509280000000001
0.9509989999999999
0.950635
0.9496120000000001
0.947952
0.9456620000000001
0.9427049999999999
0.9409870000000001
0.942599
0.9457479999999999
0.948361
0.950332
0.9516049999999999
0.953382
0.9558450000000001
0.957683
0.958742
0.9591719999999999
0.95906
0.958368
0.9570290000000001
0.9582290000000001
0.9624799999999999
0.9664860000000001
0.969727
0.972291
0.974133
0.976499
0.979649
0.9822790000000001
0.984087
0.985017
0.9850469999999999
0.984194
0.982517
0.9834229999999999
0.987392
0.990975
0.993663
0.9955
0.996483
0.9966
0.9975149999999999
0.999558
1.001115
1.001926
1.002003
1.0012940000000001
0.9996940000000001
0.9996079999999999
1.0026620000000002
1.0064170000000001
1.0091649999999999
1.010809
1.01132
1.010636
1.010438
1.011231
1.0115809999999998
1.01129
1.010399
1.008926
1.006791
1.0054450000000001
1.006969
1.00963
1.01106
1.011299
1.010463
1.008538
1.0071350000000001
1.006689
1.005776
1.004262
1.002337
1.000113
0.9975280000000001
0.995862
0.9974280000000001
1.000712
1.003068
1.004343
1.004546
1.003694
1.0035180000000001
1.0044790000000001
1.00508
1.005101
1.0045979999999999
1.003566
1.001934
1.001223
1.003681
1.0077120000000002
1.010923
1.0132430000000001
1.014676
1.015113
1.0161280000000001
1.0181149999999999
1.019616
1.020426
1.0205229999999998
1.019852
1.018324
1.017431
1.019408
1.022707
1.02504
1.026404
1.026845
1.0263309999999999
1.0248059999999999
1.024268
1.025126
1.0254450000000002
1.024964
1.0237969999999998
1.021929
1.019688
1.020536
1.0239969999999998
1.026333
1.027476
1.027644
1.026936
1.025336
1.024875
1.025965
1.026602
1.0263879999999999
1.025289
1.0233370000000002
1.020623
1.021052
1.02455
1.026961
1.028167
1.0283120000000001
1.0274370000000002
1.025571
1.02471
1.0252620000000001
1.025339
1.024633
1.0231729999999999
1.020913
1.017698
1.016897
1.019045
1.020642
1.021242
1.021026
1.020084
1.018399
1.01791
1.0189979999999998
1.0197969999999998
1.020037
1.019699
1.018681
1.016809
1.01783
1.021784
1.024601
1.02623
1.0270219999999999
1.027104
1.026384
1.02674
1.028516
1.029778
1.030245
1.0300129999999998
1.029109
1.0273809999999999
1.028422
1.032455
1.0355530000000002
1.037358
1.0379690000000001
1.037366
1.035533
1.0345959999999998
1.03504
1.034918
1.033965
1.0322440000000002
1.029731
1.026538
1.026569
1.029768
1.0321200000000001
1.033534
1.034144
1.0338829999999999
1.0325600000000001
1.032066
1.032693
1.032468
1.0312430000000001
1.02918
1.026299
1.022799
1.022437
1.02501
1.026642
1.02738
1.027467
1.026897
1.0255370000000001
1.025284
1.026419
1.026872
1.026269
1.0246680000000001
1.022145
1.018831
1.018481
1.020953
1.0223209999999998
1.022616
1.022114
1.020943
1.01908
1.0184870000000001
1.019471
1.019989
1.019711
1.0186309999999998
1.0166600000000001
1.014355
1.015095
1.018334
1.0206309999999998
1.021951
1.022415
1.021973
1.020467
1.0199340000000001
1.020856
1.021315
1.021081
1.020226
1.018727
1.017536
1.0195379999999998
1.023526
1.026278
1.0278180000000001
1.028375
1.027967
1.026451
1.025865
1.0265870000000001
1.026532
1.0254510000000001
1.023513
1.020804
1.01855
1.019595
1.02265
1.024694
1.025682
1.025674
1.024641
1.022542
1.021476
1.021773
1.021324
1.019871
1.0175319999999999
1.014389
1.011944
1.012921
1.015785
1.017643
1.018489
1.018421
1.017356
1.015117
1.013734
1.013676
1.013053
1.011681
1.009628
1.0068709999999998
1.004866
1.006124
1.00905
1.011013
1.012116
1.012464
1.011966
1.012429
1.014081
1.014918
1.0146389999999998
1.0134239999999999
1.0115
1.008934
1.009248
1.012764
1.015677
1.0175100000000001
1.018451
1.018619
1.017975
1.0163360000000001
1.015781
1.016742
1.017156
1.016749
1.0155
1.0132459999999999
1.012453
1.01488
1.017922
1.019819
1.02072
1.020741
1.0198120000000002
1.0178479999999999
1.017263
1.018576
1.019469
1.019542
1.018773
1.017052
1.0170350000000001
1.020035
1.023068
1.024673
1.025068
1.024347
1.022374
1.019
1.016469
1.015317
1.013552
1.011089
1.008127
1.004674
1.003154
1.0051649999999999
1.007925
1.009439
1.009625
1.00845
1.005875
1.004077
1.003579
1.0024440000000001
1.000481
0.9978239999999999
0.9945200000000001
0.9915299999999999
0.9919709999999999
0.994909
0.9970870000000001
0.998433
0.999073
0.9989709999999999
0.997972
0.9979399999999999
0.999217
0.9999319999999999
0.999866
0.999033
0.9973569999999999
0.9956149999999999
0.9968870000000001
1.000282
1.002605
1.003944
1.0044790000000001
1.004226
1.0031379999999999
1.003315
1.0051219999999998
1.0064030000000002
1.0067549999999998
1.006202
1.004769
1.004214
1.006682
1.010173
1.012278
1.013084
1.012808
1.01158
1.0093889999999999
1.008414
1.009056
1.0091450000000002
1.008364
1.006733
1.0041930000000001
1.002979
1.004908
1.007607
1.009166
1.0096370000000001
1.0090709999999998
1.007382
1.00442
1.002425
1.001968
1.001012
0.999318
0.996976
0.993966
0.992554
0.9943190000000001
0.9966450000000001
0.9977209999999999
0.997777
0.9969870000000001
0.995283
0.994577
0.995216
0.9952719999999999
0.994557
0.99325
0.991392
0.989008
0.989655
0.99311
0.995444
0.99656
0.996632
0.99572
0.9938629999999999
0.9931
0.993864
0.994273
0.994082
0.9933540000000001
0.992022
0.9904850000000001
0.9921469999999999
0.996476
0.999843
1.0022149999999999
1.003768
1.004474
1.004167
1.004792
1.0066629999999999
1.007771
1.007945
1.007318
1.00587
1.004718
1.006612
1.0102799999999998
1.012844
1.014468
1.015364
1.0154590000000001
1.0145469999999999
1.014584
1.015849
1.016184
1.0152290000000002
1.013007
1.009557
1.0062
1.0058479999999999
1.007269
1.007559
1.006808
1.00519
1.002745
0.999469
0.997495
0.997207
0.9965219999999999
0.9951180000000001
0.9929709999999999
0.9899399999999999
0.987502
0.988044
0.989977
0.9908530000000001
0.9907100000000001
0.9896659999999999
0.9877309999999999
0.9848610000000001
0.9831770000000001
0.983202
0.983016
0.982326
0.9811209999999999
0.9793229999999999
0.978439
0.9807549999999999
0.9844709999999999
0.986999
0.9884040000000001
0.9888979999999999
0.988491
0.989001
0.990728
0.9917879999999999
0.9918950000000001
0.99116
0.9897360000000001
0.9876780000000001
0.9887459999999999
0.993085
0.996706
0.9993290000000001
1.001048
1.001816
1.0015020000000001
0.9999950000000001
0.9995200000000001
1.00054
1.0009190000000001
1.000361
0.998898
0.9964370000000001
0.9957440000000001
0.998339
1.001391
1.003447
1.0046540000000002
1.005087
1.00462
1.003023
1.002442
1.003214
1.0030780000000001
1.001794
0.999482
0.9961479999999999
0.994518
0.996051
0.997886
0.998532
0.998179
0.996916
0.994608
0.9930680000000001
0.992614
0.9913569999999999
0.9890629999999999
0.9858469999999999
0.9818530000000001
0.9773540000000001
0.9761549999999999
0.9780530000000001
0.978987
0.978822
0.9777290000000001
0.9757969999999999
0.9730719999999999
0.971527
0.9715030000000001
0.971087
0.970039
0.9684370000000001
0.9662290000000001
0.9643729999999999
0.965609
0.9688
0.9710780000000001
0.9725719999999999
0.973468
0.9737819999999999
0.975268
0.978131
0.9804790000000001
0.982075
0.9830260000000001
0.983344
0.982934
0.984884
0.9897090000000001
0.993906
0.996663
0.998116
0.9984190000000001
0.9976729999999999
0.9958459999999999
0.9949450000000001
0.995394
0.9952690000000001
0.9943379999999999
0.9926780000000001
0.9902690000000001
0.989291
0.991566
0.994684
0.9966389999999999
0.997509
0.9973290000000001
0.995936
0.9930979999999999
0.9910540000000001
0.9903569999999999
0.9889020000000001
0.986441
0.983115
0.979007
0.97706
0.978564
0.980567
0.9818100000000001
0.982352
0.982109
0.980835
0.980173
0.980316
0.979409
0.97736
0.974493
0.970982
0.96677
0.9653860000000001
0.9670860000000001
0.9680799999999999
0.9680799999999999
0.967352
0.966017
0.9640290000000001
0.9631799999999999
0.963841
0.96424
0.964084
0.9633120000000001
0.961766
0.9598979999999999
0.961002
0.9645219999999999
0.96703
0.968577
0.969405
0.969557
0.9708120000000001
0.97354
0.97601
0.977917
0.9792719999999999
0.980051
0.980116
0.9821559999999999
0.986952
0.991389
0.994453
0.9963629999999999
0.9972469999999999
0.997036
0.995592
0.9948290000000001
0.995166
0.9948229999999999
0.993706
0.9919549999999999
0.9894950000000001
0.987728
0.98911
0.9919969999999999
0.9937010000000001
0.99424
0.993766
0.992308
0.9897520000000001
0.98816
0.9879049999999999
0.98687
0.984783
0.9817889999999999
0.97803
0.9757
0.976735
0.978927
0.980247
0.980719
0.9803120000000001
0.9788129999999999
0.9778379999999999
0.977721
0.976881
0.9752559999999999
0.9730200000000001
0.970248
0.966888
0.9657479999999999
0.967686
0.9696790000000001
0.9707549999999999
0.970999
0.970461
0.969117
0.9687040000000001
0.969561
0.969973
0.969686
0.9687879999999999
0.967327
0.96519
0.9659610000000001
0.969808
0.972874
0.9749690000000001
0.976324
0.9770610000000001
0.9771700000000001
0.9784879999999999
0.9812770000000001
0.983559
0.984964
0.985452
0.984957
0.983924
0.9858629999999999
0.99035
0.993756
0.9960100000000001
0.99726
0.997495
0.9966299999999999
0.996591
0.9977969999999999
0.998391
0.998082
0.9969120000000001
0.994858
0.992242
0.9924379999999999
0.994942
0.9961459999999999
0.996158
0.995245
0.9934209999999999
0.9906010000000001
0.988733
0.988192
0.9870979999999999
0.9852989999999999
0.982958
0.9800909999999999
0.97744
0.978029
0.9809479999999999
0.9828629999999999
0.983667
0.983434
0.982176
0.9816600000000001
0.982246
0.982276
0.981561
0.9802299999999999
0.978342
0.975881
0.9748319999999999
0.9769260000000001
0.9800190000000001
0.982187
0.9834510000000001
0.983872
0.983375
0.983497
0.984492
0.9847940000000001
0.984284
0.9830909999999999
0.9811989999999999
0.978482
0.97725
0.978935
0.9811120000000001
0.982417
0.983083
0.983246
0.982835
0.9835459999999999
0.985584
0.987017
0.9874709999999999
0.987007
0.9857290000000001
0.9835940000000001
0.984035
0.987403
0.99005
0.9916149999999999
0.992289
0.9921530000000001
0.991168
0.991082
0.992182
0.9926870000000001
0.992374
0.9913200000000001
0.9894809999999999
0.986692
0.986418
0.989133
0.9912120000000001
0.9922030000000001
0.992242
0.991333
0.989361
0.9881719999999999
0.988246
0.987908
0.986952
0.985434
0.983324
0.9804870000000001
0.980672
0.983884
0.986159
0.9875659999999999
0.9883209999999999
0.988342
0.987441
0.9873799999999999
0.988506
0.989065
0.988901
0.988137
0.986735
0.984532
0.985215
0.988983
0.991906
0.993713
0.994504
0.99431
0.994815
0.9963790000000001
0.997425
0.997717
0.997295
0.996132
0.9941629999999999
0.9926360000000001
0.9940760000000001
0.997235
0.9995139999999999
1.000898
1.001447
1.001066
0.9995860000000001
0.9987790000000001
0.999081
0.9988600000000001
0.997972
0.9964649999999999
0.9942799999999999
0.991612
0.9921110000000001
0.9955620000000001
0.9982129999999999
1.000046
1.001166
1.001472
1.002591
1.00476
1.006173
1.0064899999999999
1.005782
1.0041950000000002
1.0017719999999999
1.000384
1.001873
1.004277
1.0056610000000001
1.006105
1.005749
1.0045899999999999
1.004176
1.004751
1.004704
1.0038209999999999
1.002162
0.9996940000000001
0.996282
0.993748
0.9941979999999999
0.9958049999999999
0.9964940000000001
0.9963209999999999
0.9954059999999999
0.993734
0.9930829999999999
0.993901
0.9945700000000001
0.9948389999999999
0.9947020000000001
0.9940700000000001
0.99274
0.993352
0.99682
1.000163
1.002359
1.003634
1.0041010000000001
1.0036770000000002
1.0040120000000001
1.005415
1.006194
1.006127
1.005365
1.004017
1.002033
1.001802
1.0047030000000001
1.008125
1.010469
1.011686
1.011789
1.0107700000000002
1.010425
1.0110860000000002
1.0110190000000001
1.0100280000000001
1.008234
1.005722
1.002524
1.0018200000000002
1.004402
1.006958
1.00861
1.0094379999999998
1.009409
1.008364
1.00803
1.008773
1.0089059999999999
1.008254
1.006892
1.004828
1.001976
1.001422
1.003943
1.006334
1.007863
1.0086629999999999
1.008724
1.007926
1.007947
1.009072
1.0095299999999998
1.009049
1.007736
1.0057049999999998
1.002925
1.002233
1.004602
1.006993
1.0083280000000001
1.0087030000000001
1.008209
1.0068469999999998
1.0064309999999999
1.007321
1.007738
1.007391
1.006261
1.004278
1.001384
1.001109
1.004022
1.006477
1.007891
1.00839
1.007991
1.006631
1.006197
1.007107
1.0075399999999999
1.007189
1.0060850000000001
1.004219
1.001472
1.001508
1.004513
1.006594
1.0076
1.0077450000000001
1.007032
1.005377
1.004643
1.0051889999999999
1.005206
1.0045190000000002
1.0032780000000001
1.001494
0.99902
0.999649
1.003361
1.005958
1.0072459999999999
1.007357
1.0063739999999999
1.004375
1.003364
1.003752
1.003701
1.00296
1.001564
0.9994870000000001
0.9969290000000001
0.99759
1.0012219999999998
1.003896
1.005509
1.006173
1.005816
1.006067
1.007249
1.007762
1.007419
1.0062659999999999
1.004338
1.001643
1.000062
1.001499
1.004035
1.00571
1.006544
1.006574
1.005744
1.005699
1.0067059999999999
1.007034
1.006416
1.004994
1.0029139999999999
1.000143
0.9987450000000001
1.000328
1.002625
1.003898
1.004267
1.003948
1.0030370000000002
1.003326
1.005107
1.006559
1.007312
1.007291
1.006375
1.004389
1.004062
1.006612
1.009268
1.010903
1.011636
1.011514
1.010428
1.0101040000000001
1.0109290000000002
1.0112299999999999
1.0107899999999999
1.0096829999999999
1.007923
1.0053889999999999
1.004894
1.007312
1.009578
1.010756
1.010975
1.010204
1.0083280000000001
1.0071940000000001
1.007219
1.006682
1.005448
1.003663
1.001315
0.9982469999999999
0.997891
1.000653
1.002841
1.00397
1.0041579999999999
1.00347
1.001931
1.001399
1.00219
1.00247
1.001963
1.000689
0.9986360000000001
0.995785
0.99569
0.998873
1.0017040000000001
1.003664
1.004821
1.005091
1.004297
1.0041959999999999
1.00521
1.0056889999999998
1.005458
1.0045520000000001
1.002928
1.000457
1.000626
1.003824
1.006392
1.0079850000000001
1.0087700000000002
1.008745
1.007809
1.007809
1.009041
1.0095690000000002
1.009128
1.00786
1.0058
1.002861
1.002925
1.006069
1.008246
1.009425
1.0098209999999999
1.0094610000000002
1.008203
1.007835
1.008666
1.0088110000000001
1.007994
1.006249
1.003564
1.000005
0.999553
1.0022520000000001
1.004032
1.004792
1.004669
1.003629
1.0015969999999998
1.000545
1.000964
1.001039
1.000481
0.9992840000000001
0.9973479999999999
0.9947010000000001
0.9949620000000001
0.9979979999999999
1.000059
1.001169
1.001458
1.000891
1.0011700000000001
1.0026059999999999
1.003509
1.003692
1.003267
1.002243
1.000525
1.0000930000000001
1.002656
1.0060129999999998
1.008214
1.009236
1.009184
1.008145
1.0061069999999999
1.005016
1.0053040000000002
1.00514
1.004293
1.002839
1.000797
0.999167
1.0008920000000001
1.0048540000000001
1.007873
1.009878
1.010903
1.010821
1.0114020000000001
1.013008
1.013898
1.013847
1.012897
1.011084
1.008409
1.007678
1.009965
1.01241
1.013957
1.0146959999999998
1.014615
1.013572
1.0131729999999999
1.013635
1.013209
1.011751
1.00952
1.006635
1.002985
1.001116
1.002293
1.0037770000000001
1.0042790000000001
1.004003
1.00311
1.001565
1.001174
1.0022739999999999
1.0030270000000001
1.0031079999999999
1.002465
1.000993
0.99859
0.998841
1.00219
1.0049549999999998
1.006757
1.007762
1.007965
1.007274
1.007516
1.009085
1.010211
1.010627
1.010377
1.0094100000000001
1.007541
1.007875
1.0110709999999998
1.013774
1.015325
1.015888
1.015455
1.0139209999999999
1.0131620000000001
1.013574
1.013364
1.0123659999999999
1.010721
1.008443
1.0055530000000001
1.005826
1.00914
1.011425
1.012567
1.012756
1.012084
1.0104870000000001
1.009817
1.010386
1.010291
1.0093159999999999
1.0076049999999999
1.005267
1.002494
1.002987
1.006515
1.009098
1.010625
1.011191
1.0107190000000001
1.0090729999999999
1.008165
1.008523
1.008442
1.007687
1.0063
1.0042309999999999
1.001308
1.001368
1.0045709999999999
1.00692
1.008334
1.008969
1.0088
1.007681
1.007449
1.008406
1.008609
1.007835
1.006265
1.0039799999999999
1.0013239999999999
1.001857
1.005214
1.007639
1.009072
1.0096889999999998
1.0095
1.0083719999999998
1.008213
1.009382
1.0099209999999998
1.009519
1.008173
1.005819
1.0031
1.003399
1.0060850000000001
1.007679
1.008156
1.007674
1.006226
1.003749
1.002308
1.002386
1.002059
1.001017
0.9992639999999999
0.996717
0.994135
0.994503
0.996914
0.9982530000000001
0.998567
0.9979469999999999
0.996337
0.9955229999999999
0.995862
0.995634
0.9946959999999999
0.993224
0.9912709999999999
0.98875
0.9884069999999999
0.9911540000000001
0.9939020000000001
0.995459
0.995865
0.9952350000000001
0.993677
0.993043
0.9936809999999999
0.9938629999999999
0.9933649999999999
0.9922489999999999
0.9905229999999999
0.9881409999999999
0.988442
0.9919469999999999
0.995091
0.99726
0.998591
0.9990879999999999
0.9986200000000001
0.9989899999999999
1.0005540000000002
1.001519
1.001658
1.001008
0.999556
0.9972770000000001
0.997942
1.001525
1.004083
1.0056399999999999
1.006389
1.006307
1.00525
1.00502
1.005884
1.0234219999999998
1.083001
1.163047
1.2364190000000002
1.303293
1.352862
1.374752
1.375186
1.372088
1.3761379999999999
1.393381
1.4318
1.488497
1.548438
1.59779
1.629498
1.639531
1.630008
1.6120510000000001
1.598848
1.598687
1.619942
1.6611779999999998
1.708241
1.748607
1.773857
1.7834919999999999
1.7849080000000002
1.783595
1.784709
1.7959740000000002
1.8203040000000001
1.8552349999999997
1.894111
1.928275
1.9505290000000002
1.9580669999999998
1.9531470000000002
1.9419389999999999
1.9361419999999998
1.942939
1.9612080000000003
1.9883790000000001
2.018843
2.045519
2.06251
2.067257
2.061343
2.053249
2.050284
2.0539419999999997
2.065341
2.083266
2.103557
2.120797
2.130345
2.129988
2.124277
2.1175740000000003
2.111436
2.109803
2.1150130000000003
2.1264790000000002
2.1410869999999997
2.154436
2.162501
2.166928
2.169451
2.168511
2.166163
2.1660060000000003
2.170199
2.178718
2.189448
2.198988
2.208373
2.216227
2.218067
2.215067
2.210306
2.206862
2.206712
2.210022
2.2165939999999997
2.226893
2.236196
2.238778
2.23432
2.224475
2.211999
2.199769
2.189691
2.18207
2.179815
2.181195
2.179522
2.17259
2.1602900000000003
2.143939
2.1258630000000003
2.108525
2.095767
2.090784
2.089846
2.087511
2.081753
2.071508
2.056883
2.0391150000000002
2.0200259999999997
2.005608
1.9974169999999998
1.991055
1.985005
1.977957
1.9686259999999998
1.956309
1.9411310000000002
1.925721
1.914125
1.9053240000000002
1.896511
1.8874009999999999
1.8773939999999998
1.865646
1.8549849999999999
1.845431
1.8333709999999999
1.818927
1.8031979999999999
1.7872669999999997
1.771875
1.757149
1.743232
1.732625
1.7234639999999999
1.711234
1.695704
1.677497
1.657645
1.6412959999999999
1.6297030000000001
1.618778
1.607448
1.5950819999999999
1.581101
1.56526
1.551872
1.541733
1.530801
1.518867
1.506333
1.493243
1.479441
1.464583
1.452468
1.4432209999999999
1.432272
1.419193
1.404556
1.3891799999999999
1.378571
1.372463
1.365089
1.3559139999999998
1.344709
1.3312389999999998
1.3155860000000001
1.2980909999999999
1.279133
1.2636
1.2522229999999999
1.2401950000000002
1.226605
1.21144
1.199948
1.191745
1.1810610000000001
1.168037
1.153326
1.137489
1.120937
1.1037700000000001
1.08576
1.071368
1.060724
1.048405
1.033584
1.022267
1.0149569999999999
1.00585
0.994858
0.982459
0.9689709999999999
0.954599
0.939265
0.922642
0.904473
0.889566
0.878474
0.866123
0.855657
0.849475
0.8434809999999999
0.8351069999999999
0.824549
0.8121109999999999
0.798179
0.783135
0.767093
0.749981
0.731734
0.717341
0.707229
0.697575
0.692167
0.689105
0.683326
0.6750109999999999
0.664698
0.652846
0.639931
0.6261939999999999
0.611474
0.5954520000000001
0.577872
0.5639770000000001
0.554325
0.5491550000000001
0.5484680000000001
0.546017
0.540837
0.533425
0.524211
0.513559
0.501722
0.488642
0.474016
0.457525
0.44471499999999997
0.438151
0.43688
0.43779700000000005
0.435596
0.430647
0.423687
0.415271
0.405725
0.395058
0.382939
0.368879
0.352485
0.339633
0.33576300000000003
0.337376
0.338618
0.336793
0.332547
0.326587
0.31940999999999997
0.311207
0.30183899999999997
0.290943
0.278084
0.262941
0.251714
0.25217399999999995
0.25851199999999996
0.262294
0.262712
0.260443
0.256137
0.250386
0.24350700000000003
0.23547300000000002
0.22605999999999998
0.214912
0.20169
0.19308599999999998
0.197113
0.20641700000000002
0.21203200000000003
0.213956
0.212952
0.209745
0.205015
0.19913
0.192071
0.183598
0.17332899999999998
0.160902
0.154043
0.160031
0.170497
0.177362
0.18076099999999998
0.181474
0.180173
0.177403
0.173354
0.167874
0.160661
0.151357
0.139707
0.13426300000000002
0.142048
0.154038
0.162545
0.167734
0.170327
0.170927
0.170004
0.167675
0.16375499999999998
0.157937
0.149869
0.13931500000000002
0.134965
0.143834
0.15673299999999998
0.165968
0.17176
0.17491800000000002
0.17614200000000002
0.175975
0.174571
0.171725
0.167073
0.160181
0.15073699999999998
0.13877799999999998
0.13328900000000002
0.141328
0.153632
0.162475
0.167967
0.170755
0.171453
0.170652
0.168639
0.165406
0.160778
0.15440299999999998
0.14589100000000002
0.14343499999999998
0.153946
0.168354
0.17877200000000001
0.185444
0.18932000000000002
0.191288
0.192082
0.191991
0.190851
0.188236
0.183585
0.176426
0.16665
0.162363
0.17121
0.184912
0.195267
0.20231
0.20661300000000002
0.208688
0.209067
0.208046
0.20567600000000003
0.20188
0.196429
0.189032
0.186866
0.197731
0.21365599999999998
0.225764
0.23408400000000001
0.23944400000000002
0.242648
0.24444200000000002
0.245214
0.244905
0.24317600000000003
0.23952199999999998
0.233471
0.22486799999999998
0.2204
0.228879
0.24349099999999999
0.25487600000000005
0.26303200000000004
0.268567
0.271961
0.273704
0.27405100000000004
0.272964
0.27028
0.265731
0.25902600000000003
0.25009699999999996
0.24550500000000003
0.253321
0.26715500000000003
0.278136
0.285708
0.290544
0.29330900000000004
0.294678
0.295041
0.29438600000000004
0.292432
0.288682
0.2826
0.273924
0.269063
0.275552
0.287873
0.298086
0.305262
0.310111
0.313251
0.315192
0.316127
0.315884
0.314077
0.310208
0.303822
0.29477800000000004
0.289577
0.29542399999999996
0.307258
0.31750900000000004
0.324714
0.329477
0.332401
0.33403
0.334652
0.3342
0.332353
0.328606
0.322432
0.31356999999999996
0.30841399999999997
0.313792
0.32502600000000004
0.33495
0.34179699999999996
0.34623899999999996
0.348955
0.350504
0.351144
0.350749
0.348911
0.345051
0.338615
0.329359
0.323736
0.328385
0.339037
0.34884299999999996
0.355659
0.360051
0.362614
0.363848
0.364009
0.363021
0.360552
0.356101
0.34918499999999997
0.33959
0.33373
0.337975
0.34828000000000003
0.358012
0.364748
0.369012
0.371395
0.372398
0.372288
0.371003
0.368225
0.36346799999999996
0.35626399999999997
0.34642
0.34034699999999996
0.34427399999999997
0.354391
0.364265
0.371267
0.375839
0.37848899999999996
0.379639
0.379506
0.378029
0.374921
0.369757
0.362148
0.35198
0.339462
0.331318
0.33419299999999996
0.343805
0.353075
0.359356
0.362875
0.36404899999999996
0.36336199999999996
0.361202
0.357719
0.35279299999999997
0.34606
0.33710100000000004
0.325712
0.318302
0.321544
0.330957
0.339491
0.34507
0.348242
0.349545
0.349373
0.34783800000000004
0.344737
0.339677
0.33221300000000004
0.322036
0.309207
0.3005
0.303295
0.3128
0.321422
0.327263
0.330617
0.331781
0.331056
0.328617
0.32445
0.318427
0.31033499999999997
0.299982
0.293754
0.29885100000000003
0.310126
0.319802
0.326293
0.33024000000000003
0.33229699999999995
0.332991
0.332523
0.33069299999999996
0.327048
0.32104699999999997
0.312284
0.30073
0.29318299999999997
0.297313
0.308073
0.317621
0.324347
0.328617
0.330766
0.331113
0.329828
0.326877
0.32211799999999996
0.315323
0.30628
0.29499699999999995
0.288188
0.293376
0.304944
0.31462399999999996
0.320912
0.324348
0.325552
0.32516
0.323565
0.320794
0.316594
0.31051100000000004
0.302075
0.291098
0.284173
0.288878
0.29978699999999997
0.308867
0.314816
0.318204
0.31955700000000004
0.319335
0.317744
0.314695
0.30993699999999996
0.303133
0.294
0.282536
0.275445
0.280468
0.29189499999999996
0.301334
0.30747399999999997
0.310773
0.311739
0.310925
0.308708
0.305177
0.300213
0.29351900000000003
0.28474499999999997
0.27374499999999996
0.267041
0.272376
0.283851
0.292987
0.29875300000000005
0.301744
0.302557
0.30177600000000004
0.29973099999999997
0.29640700000000003
0.291574
0.28485
0.275857
0.26448299999999997
0.257322
0.262399
0.273694
0.28255399999999997
0.288125
0.290966
0.291613
0.290608
0.288267
0.284587
0.279381
0.27231700000000003
0.263046
0.251458
0.24412399999999998
0.24927
0.260549
0.269031
0.27419
0.276667
0.277061
0.275958
0.273674
0.27016399999999996
0.26516999999999996
0.258276
0.24906599999999998
0.237398
0.22984200000000002
0.23495500000000002
0.24618
0.254366
0.259336
0.261761
0.262211
0.261229
0.259071
0.25563400000000003
0.25063
0.24364899999999998
0.234289
0.228809
0.23563699999999999
0.248205
0.257389
0.263148
0.266378
0.267838
0.268136
0.26749
0.26566
0.262175
0.25648000000000004
0.24813400000000002
0.23706300000000002
0.230023
0.235871
0.248071
0.25735
0.263509
0.267115
0.268636
0.268569
0.267201
0.264524
0.26037
0.254422
0.246313
0.23588299999999998
0.229681
0.23627399999999998
0.248854
0.25804299999999997
0.263733
0.266701
0.267676
0.267375
0.266173
0.26398699999999997
0.26045300000000005
0.255004
0.24705700000000003
0.236352
0.22941799999999998
0.234911
0.24639699999999998
0.254823
0.26014
0.263075
0.2642
0.264017
0.26271100000000003
0.26010300000000003
0.25585399999999997
0.249533
0.240749
0.229419
0.215797
0.200251
0.18313
0.164749
0.145299
0.124775
0.10303599999999999
0.079928
0.05536900000000001
0.0294
0.00278
-0.01763
-0.026718000000000002
-0.027280000000000002
-0.022797
-0.016347
-0.010018
-0.004738
-0.0006450000000000001
0.0023899999999999998
0.004516
0.005783
0.0061070000000000004
0.005393
0.003743
0.001509
-0.000797
-0.002625
-0.0035369999999999998
-0.0033710000000000003
-0.002294
-0.000725
0.0008150000000000001
0.001861
0.00215
0.0016940000000000002
0.002194
0.003488
0.0033380000000000003
0.001963
0.000668
9.7e-05
0.000134
0.000437
0.000612
0.000437
-6.3e-05
-0.000704
-0.001231
-0.0014119999999999998
-0.001151
-0.000535
0.00021899999999999998
0.0008619999999999999
0.001187
0.001104
0.000674
7e-05
-0.000489
-0.000822
-0.000839
-0.0005679999999999999
-0.000133
0.000299
0.00058
0.000629
0.000452
0.000135
-0.000197
-0.00043
-0.000491
-0.00037799999999999997
-0.000146
0.00011100000000000001
0.000303
0.000373
0.00031099999999999997
0.00015
-4.3e-05
-0.000199
-0.000269
-0.00023799999999999998
-0.000128
1.4999999999999999e-05
0.000136
0.000195
0.000178
9.8e-05
-1e-05
-0.000105
-0.000155
-0.000143
0.000789
0.002258
0.002644
0.002014
0.00114
0.00042
-4.7e-05
-0.000277
-0.000362
-0.000383
-0.000379
-0.000367
-0.000342
-0.000278
0.000133
0.00056
0.000601
0.000535
0.000426
0.00028399999999999996
0.000127
-2.5e-05
-0.00015900000000000002
-0.000246
-0.000267
-0.00022400000000000002
-0.000135
-2.5e-05
7.4e-05
0.000134
0.000143
0.000105
4e-05
-2.5e-05
-6.7e-05
-7.6e-05
-5.4000000000000005e-05
-1.4000000000000001e-05
2.7000000000000002e-05
5.2000000000000004e-05
5.5e-05
3.5e-05
3e-06
-3.1e-05
-5.3e-05
-5.6999999999999996e-05
-4.2e-05
-1.4000000000000001e-05
1.6e-05
4e-05
5.3e-05
5e-05
3.3e-05
9e-06
-1.3000000000000001e-05
-2.8999999999999997e-05
-3.4e-05
-2.7000000000000002e-05
-1.4000000000000001e-05
0.0
1e-05
1.1e-05
5e-06
-6e-06
-1.6e-05
-2e-05
-1.4000000000000001e-05
2e-06
1.9e-05
3.2e-05
3.6e-05
2.8999999999999997e-05
1.2e-05
-7.000000000000001e-06
-2.3e-05
-3.2e-05
-2.9999999999999997e-05
-2e-05
-7.000000000000001e-06
5e-06
1.1e-05
1.1e-05
5e-06
2e-06
2e-06
6e-06
1.1e-05
1.4000000000000001e-05
1.4000000000000001e-05
8e-06
-1e-06
-1.1e-05
-1.9e-05
-2.3e-05
-2.1e-05
-1.4999999999999999e-05
-6e-06
4e-06
1.1e-05
1.7e-05
2e-05
2e-05
1.6e-05
1e-05
3e-06
-4e-06
-9e-06
-1.1e-05
-1.1e-05
-9e-06
-8e-06
-8e-06
-9e-06
-1e-05
-1e-05
-7.000000000000001e-06
1e-06
1.4000000000000001e-05
2.4e-05
2.8999999999999997e-05
2.7000000000000002e-05
1.7e-05
2e-06
-1.3000000000000001e-05
-2.3e-05
-1e-05
7.000000000000001e-06
9e-06
1e-05
1e-05
8e-06
4e-06
2e-06
2e-06
4e-06
7.000000000000001e-06
9e-06
9e-06
6e-06
-0.0
-7.000000000000001e-06
-1.3000000000000001e-05
-1.6e-05
-1.7e-05
-1.4000000000000001e-05
-1.1e-05
-6e-06
-3e-06
-0.0
6e-06
1.4000000000000001e-05
2.1e-05
2.4e-05
2.2e-05
1.4999999999999999e-05
5e-06
-6e-06
-1.4000000000000001e-05
-1.8e-05
-1.8e-05
-1.4000000000000001e-05
-8e-06
-3e-06
-0.0
-1e-06
-2e-06
-1e-06
0.00014099999999999998
0.00025299999999999997
0.00018999999999999998
0.000118
5.3e-05
5e-06
-2.3e-05
-3.5e-05
-4.1e-05
-4.3e-05
-4.1e-05
-3.8e-05
-3.1e-05
-1.9e-05
-3e-06
1.4999999999999999e-05
3.1e-05
4.2e-05
4.3e-05
3.3e-05
1.6e-05
-3e-06
-2.1e-05
-2.9999999999999997e-05
-3.1e-05
-2.4e-05
-1.2e-05
-2e-06
4e-06
5e-06
1e-06
-4e-06
-4e-06
2e-06
1.1e-05
1.9e-05
2.4e-05
2.2e-05
1.3000000000000001e-05
0.0
-1.2e-05
-2e-05
-2.3e-05
-1.9e-05
-1.1e-05
-4e-06
2e-06
3e-06
1e-06
2e-06
7.000000000000001e-06
1.2e-05
1.7e-05
1.8e-05
1.4000000000000001e-05
6e-06
-5e-06
-1.4999999999999999e-05
-2.1e-05
-2.2e-05
-1.9e-05
-1.2e-05
-3e-06
5e-06
1e-05
1.3000000000000001e-05
1.6e-05
1.6e-05
1.4999999999999999e-05
1.1e-05
6e-06
0.0
-5e-06
-9e-06
-1.1e-05
-1.1e-05
-1.1e-05
-1.1e-05
-1.2e-05
-1.1e-05
-1.1e-05
-7.000000000000001e-06
1e-06
1.3000000000000001e-05
2.4e-05
2.8999999999999997e-05
2.7000000000000002e-05
1.7e-05
3e-06
-1.1e-05
-2.1e-05
-2.4e-05
-2e-05
-1.1e-05
-1e-06
5e-06
6e-06
2e-06
-5e-06
-6e-06
-1e-06
8e-06
1.7e-05
2.3e-05
2.1e-05
1.3000000000000001e-05
-1e-06
-1.4999999999999999e-05
-2.5e-05
-2.8999999999999997e-05
-2.5e-05
7.2e-05
0.000152
0.00011899999999999999
7.900000000000001e-05
4.4e-05
1.9e-05
6e-06
-1e-06
-7.000000000000001e-06
-1.3000000000000001e-05
-1.9e-05
-2.3e-05
-2.4e-05
-2.1e-05
-8e-06
4e-06
8e-06
7.000000000000001e-06
3e-06
-2e-06
-6e-06
-4e-06
4e-06
1.4000000000000001e-05
2.1e-05
2.3e-05
1.7e-05
6e-06
-7.000000000000001e-06
-1.7e-05
-2.1e-05
-1.9e-05
-1.2e-05
-4e-06
3e-06
5e-06
1e-06
-4e-06
-5e-06
0.0
9e-06
1.8e-05
2.3e-05
2.1e-05
1.2e-05
-2e-06
-1.6e-05
-2.6000000000000002e-05
-2.9999999999999997e-05
-2.5e-05
-1.4999999999999999e-05
-2e-06
9e-06
1.4000000000000001e-05
1.3000000000000001e-05
1.1e-05
1e-05
9e-06
8e-06
9e-06
8e-06
5e-06
0.0
-5e-06
-1e-05
-1.4999999999999999e-05
-1.9e-05
-1.9e-05
-1.4000000000000001e-05
-6e-06
3e-06
1.3000000000000001e-05
2.2e-05
2.6000000000000002e-05
2.3e-05
1.4999999999999999e-05
3e-06
-9e-06
-1.8e-05
-2e-05
-1.7e-05
-9e-06
-2e-06
2e-06
1e-06
-4e-06
-1e-05
-1.3000000000000001e-05
-8e-06
5e-06
2e-05
3.1e-05
3.4e-05
2.7000000000000002e-05
1.1e-05
-8e-06
-2.5e-05
-3.4e-05
-3.2e-05
-2.2e-05
-7.000000000000001e-06
7.000000000000001e-06
1.4999999999999999e-05
1.4999999999999999e-05
8e-06
1e-06
-1e-06
1e-06
5e-06
1e-05
1.4000000000000001e-05
7.6e-05
0.00011899999999999999
7.7e-05
3.3e-05
-4e-06
-2.5e-05
-2.9999999999999997e-05
-2.3e-05
-1.1e-05
-0.0
9e-06
1.4000000000000001e-05
1.4000000000000001e-05
1.1e-05
9e-06
7.000000000000001e-06
1e-06
-2e-06
-4e-06
-3e-06
-3e-06
-4e-06
-8e-06
-1.3000000000000001e-05
-1.7e-05
-1.8e-05
-1.4000000000000001e-05
-3e-06
1.4000000000000001e-05
2.8999999999999997e-05
3.7e-05
3.5e-05
2.2e-05
3e-06
-1.6e-05
-2.9999999999999997e-05
-3.3e-05
-2.7000000000000002e-05
-1.4000000000000001e-05
0.0
1.1e-05
1.4999999999999999e-05
1.1e-05
2e-06
-5e-06
-4e-06
1e-06
9e-06
1.7e-05
2e-05
1.4999999999999999e-05
0.001126
0.002938
0.0034460000000000003
0.00262
0.001429
0.0005009999999999999
-5e-05
-0.000276
-0.000333
-0.00035
-0.000384
-0.00044100000000000004
-0.000487
0.001023
0.003646
0.0047740000000000005
0.004151
0.002758
0.001439
0.0004980000000000001
-8.499999999999999e-05
-0.00045
-0.000712
-0.0009029999999999999
-0.001005
-0.0009789999999999998
-0.000782
-0.000424
1.4000000000000001e-05
0.000417
0.0006799999999999999
0.000736
0.0005780000000000001
0.00027
-7.7e-05
-0.00035499999999999996
-0.00048600000000000005
-0.00044400000000000006
-0.000265
-2.4e-05
0.00018999999999999998
0.000308
0.000303
0.000196
3.7e-05
-0.00011200000000000001
-0.000202
-0.000206
-0.000136
-2.4e-05
8.3e-05
0.000148
0.00183
0.004627
0.005643
0.004646
0.002779
0.001102
5.9e-05
-0.000396
-0.000509
-0.000526
-0.0005780000000000001
-0.000695
-0.0008179999999999999
-0.000837
0.000859
0.003782
0.005188
0.0047420000000000006
0.0033450000000000003
0.00185
0.000663
-0.00016299999999999998
-0.000705
-0.0010400000000000001
-0.001186
-0.001159
-0.000974
-8.7e-05
0.001131
0.0015480000000000001
0.001381
0.0010890000000000001
0.000732
0.000361
1.4000000000000001e-05
-0.000281
-0.000487
-0.000567
-0.000517
-0.000362
-0.000144
8e-05
0.000251
0.00032599999999999996
0.000298
0.00018899999999999999
4e-05
-9.7e-05
-0.000182
-0.000195
-0.000144
-5.3e-05
4e-05
0.001731
0.0045049999999999995
0.005534000000000001
0.004576
0.002752
0.001101
5.1e-05
-0.00042800000000000005
-0.000562
-0.000579
-0.000608
-0.000686
-0.0007700000000000001
0.001102
0.004456
0.006072
0.0055780000000000005
0.003952000000000001
0.0022170000000000002
0.0009369999999999999
0.0001
-0.00045700000000000005
-0.000874
-0.00119
-0.0013779999999999999
-0.0013779999999999999
0.000773
0.004524
0.006501000000000001
0.0062380000000000005
0.00461
0.00267
0.001118
2.2e-05
-0.000715
-0.001202
-0.0014789999999999998
-0.001549
-0.0014
-0.0010279999999999998
-0.00048600000000000005
0.00010800000000000001
0.000612
0.000907
0.00093
0.000695
0.000294
-0.000134
-0.000459
-0.000596
-0.000524
-0.000291
0.0022789999999999998
0.006502
0.008433
0.007591
0.005103
0.002357
0.000386
-0.000671
-0.001062
-0.001114
-0.0010689999999999999
-0.001056
-0.001076
0.0014
0.005845
0.008154
0.007809999999999999
0.005895
0.003556
0.0016710000000000002
0.00041
-0.000442
-0.001085
-0.001588
-0.0019219999999999999
-0.001999
0.000837
0.005949
0.008886
0.008948999999999999
0.007154000000000001
0.004565
0.002175
0.00041
-0.000819
-0.001639
-0.0021100000000000003
-0.002255
-0.0020800000000000003
0.000606
0.005168
0.007737000000000001
0.007718000000000001
0.006016
0.003701
0.001666
0.000183
-0.00082
-0.00146
-0.0017989999999999998
-0.001871
-0.001689
0.001906
0.008144
0.011615
0.011487
0.009068000000000001
0.005592
0.002392
0.00021899999999999998
-0.001101
-0.001849
-0.0022370000000000003
-0.002388
-0.002317
0.001477
0.008251
0.012185
0.01237
0.010168
0.006788
0.0034649999999999998
0.00098
-0.000721
-0.0018690000000000002
-0.002602
-0.002975
-0.00296
-0.002496
0.001871
0.009226999999999999
0.013544999999999998
0.013788
0.011275
0.007298999999999999
0.0032939999999999996
0.000295
-0.001592
-0.002594
-0.002945
-0.0028699999999999997
-0.002513
0.001963
0.009691
0.014128
0.014263999999999999
0.011609999999999999
0.007406
0.003022
-0.000267
-0.002125
-0.002763
-0.0023710000000000003
-0.001268
1e-06
0.005333
0.013736000000000002
0.018091
0.017422
0.013612
0.008304
0.002957
-0.001322
-0.004218
-0.0057729999999999995
-0.006019
-0.005143
-0.003514
0.0029879999999999998
0.013353
0.019941999999999998
0.021088
0.01832
0.013344
0.007540000000000001
0.002262
-0.0016350000000000002
-0.004096
-0.0052060000000000006
-0.005185
-0.004386
0.0019329999999999998
0.012336
0.018019999999999998
0.017745
0.014062
0.009341
0.0050799999999999994
0.002081
0.00045099999999999996
-0.00018899999999999999
-0.000199
8e-05
0.000356
0.006379999999999999
0.016834000000000002
0.021856999999999998
0.02018
0.014637
0.007709000000000001
0.001426
-0.002694
-0.004333
-0.004181
-0.003058
-0.001451
0.000404
0.008316
0.020791999999999998
0.027511
0.026757999999999997
0.021099
0.013028999999999999
0.004599
-0.002198
-0.006391
-0.008293
-0.008256
-0.006543000000000001
-0.003565
0.0062369999999999995
0.020791
0.029102
0.029369
0.024297
0.016549
0.00824
0.001158
-0.003682
-0.0063219999999999995
-0.007067
-0.006307
-0.004613
0.004571
0.019438
0.028051
0.028702
0.024346
0.017497
0.010058
0.003511
-0.00123
-0.0040950000000000005
-0.0054
-0.005436
-0.004555
0.004425999999999999
0.019728
0.028586
0.028842000000000003
0.02363
0.016081
0.008579
0.002549
-0.001539
-0.0038590000000000005
-0.004574
-0.003889
-0.002336
0.00731
0.023046
0.031557
0.030815
0.024368
0.015313
0.006038
-0.001312
-0.005714
-0.007312999999999999
-0.006490999999999999
-0.003982
-0.0008460000000000001
0.0019879999999999997
0.012181
0.027967000000000002
0.035826
0.034026999999999995
0.026512
0.016464
0.0061909999999999995
-0.002131
-0.007291
-0.009378000000000001
-0.008964
-0.0068260000000000005
-0.0037170000000000003
0.008052
0.026330000000000003
0.036894
0.037508
0.032138
0.023991
0.014434
0.004757
-0.003043
-0.007922
-0.009916
-0.009379
-0.0071010000000000005
0.004476
0.022959
0.033964999999999995
0.035355000000000004
0.031014999999999997
0.023999
0.015597999999999999
0.0069099999999999995
-0.00026000000000000003
-0.004872
-0.007036
-0.007114
-0.005729
0.005339
0.023788
0.034427
0.035214999999999996
0.030631
0.023627000000000002
0.015181
0.006581999999999999
-8.9e-05
-0.0039759999999999995
-0.005431
-0.00491
-0.003179
0.008169
0.026798000000000002
0.037468
0.039403
0.037282
0.032746
0.026047000000000004
0.017172
0.006575
-0.00264
-0.007670000000000001
-0.008611
-0.006534000000000001
0.006257
0.026831
0.040007
0.045098
0.04637
0.045072
0.041247000000000006
0.034811
0.025657
0.013826
0.001602
-0.007012000000000001
-0.010592
-0.0008230000000000001
0.019253
0.03319
0.039289
0.041932
0.042645999999999996
0.04152
0.038284
0.032504000000000005
0.023898
0.012565
0.000998
-0.0070079999999999995
-0.000826
0.016527
0.028572000000000004
0.033601
0.035532
0.036039999999999996
0.035375
0.033193
0.029081
0.02284
0.014482
0.005055
-0.002517
-0.006595
0.001695
0.019558000000000002
0.031383999999999995
0.036133
0.037509
0.036660000000000005
0.03354
0.028137
0.020846
0.012159999999999999
0.0038060000000000004
-0.0016690000000000001
-0.003774
0.00617
0.025252
0.039063
0.047154
0.05184
0.053727
0.05295
0.049397
0.042868
0.033471
0.021917
0.009258
-0.000973
0.00394
0.021307
0.035744
0.045835
0.053520000000000005
0.059135
0.06239
0.062717
0.059559
0.052764
0.042716000000000004
0.030049
0.015341999999999998
0.011687999999999999
0.022818
0.034858
0.043574
0.049985
0.054854999999999994
0.058391
0.060176
0.059530999999999994
0.056075
0.049904000000000004
0.041292
0.030409
0.028301999999999997
0.039339
0.051389
0.058960000000000005
0.062726
0.064014
0.063876
0.062622
0.059908
0.055408000000000006
0.049177
0.041484
0.03257
0.022466
0.022514
0.036174
0.050177
0.05939199999999999
0.064583
0.066598
0.06575299999999999
0.06216
0.05612
0.048043999999999996
0.038355
0.027589999999999996
0.01629
0.016836
0.032529
0.049371
0.062483000000000004
0.072542
0.080101
0.085174
0.087272
0.08563
0.079737
0.069836
0.056929999999999994
0.042237000000000004
0.037277
0.046943
0.059555
0.069438
0.077025
0.083087
0.087951
0.091386
0.09269
0.09113099999999999
0.086375
0.07849
0.06768300000000001
0.054061
0.048206
0.055298
0.064347
0.069925
0.072929
0.074508
0.07507899999999999
0.074377
0.072025
0.067963
0.062397
0.055529999999999996
0.047382
0.048114
0.061972
0.07700800000000001
0.087086
0.09277300000000001
0.095461
0.096066
0.094724
0.091185
0.085387
0.07770099999999999
0.068749
0.059072
0.059038
0.07346799999999999
0.090911
0.10496099999999998
0.11566900000000001
0.123545
0.128674
0.130726
0.12930899999999998
0.124427
0.116539
0.10633699999999999
0.094598
0.081964
0.07856
0.089782
0.10469
0.11672300000000001
0.126301
0.134121
0.140127
0.14368599999999998
0.144125
0.14113499999999998
0.134819
0.125645
0.11431300000000001
0.11024500000000001
0.11965899999999999
0.13278399999999999
0.14261500000000002
0.149732
0.15521300000000002
0.159592
0.16278399999999998
0.164235
0.16334200000000001
0.159864
0.153933
0.145733
0.135274
0.130969
0.139596
0.152345
0.161916
0.168713
0.17361300000000002
0.17687
0.178205
0.177305
0.174247
0.169453
0.16336199999999998
0.156174
0.15562
0.168248
0.184948
0.197404
0.205916
0.21179499999999998
0.21595100000000003
0.21857
0.21936999999999998
0.21809499999999998
0.21477399999999996
0.209675
0.20309000000000002
0.195122
0.192664
0.203274
0.21919499999999997
0.23172399999999999
0.24106
0.2478
0.251817
0.252691
0.250392
0.245435
0.23852199999999998
0.230283
0.22117399999999998
0.21133400000000002
0.20727800000000002
0.21685300000000002
0.232636
0.24555
0.255691
0.263598
0.26911
0.27166599999999996
0.270882
0.266998
0.260828
0.25313800000000003
0.244139
0.23363699999999998
0.227821
0.23517
0.24948800000000002
0.262015
0.272779
0.28225700000000004
0.290146
0.295712
0.29835300000000003
0.297894
0.294429
0.288002
0.278503
0.265942
0.25704299999999997
0.260345
0.270826
0.280547
0.288799
0.29587600000000003
0.30153
0.30532800000000004
0.307056
0.306815
0.304767
0.30083699999999997
0.294652
0.285707
0.279911
0.284398
0.29405
0.30154899999999996
0.306261
0.309085
0.310381
0.310251
0.308859
0.30644
0.303082
0.298577
0.292514
0.284504
0.280606
0.287921
0.301089
0.31214699999999995
0.319527
0.323548
0.324472
0.32252800000000004
0.318037
0.31150700000000003
0.303526
0.294515
0.284657
0.274011
0.26889
0.27670900000000004
0.291723
0.305467
0.316409
0.324536
0.329517
0.330901
0.32859099999999997
0.323038
0.31491199999999997
0.304689
0.292638
0.279023
0.27048
0.274881
0.28692
0.298507
0.30848400000000004
0.31709
0.324048
0.328723
0.330504
0.329
0.32401599999999997
0.31558
0.304028
0.28989499999999996
0.280019
0.282211
0.29149
0.300103
0.30685500000000004
0.312199
0.316146
0.318395
0.318683
0.316942
0.31316700000000003
0.307225
0.298822
0.293862
0.299002
0.30948200000000003
0.31823
0.323949
0.327419
0.32914499999999997
0.329302
0.327844
0.324646
0.319694
0.313107
0.305014
0.29543600000000003
0.29053
0.297032
0.309533
0.320144
0.327262
0.331513
0.33321799999999996
0.33228800000000003
0.32865700000000003
0.32260300000000003
0.314654
0.30530799999999997
0.29490500000000003
0.28360799999999997
0.277656
0.284062
0.297187
0.308895
0.317709
0.323857
0.327152
0.327262
0.324227
0.318515
0.310674
0.301083
0.289935
0.277305
0.269471
0.27392
0.28530700000000003
0.295692
0.304001
0.310575
0.315187
0.317214
0.316102
0.31167100000000003
0.304175
0.294155
0.282139
0.268461
0.259658
0.26372399999999996
0.275006
0.285116
0.29317
0.29949699999999996
0.30393400000000004
0.30606
0.3056
0.302582
0.297166
0.289385
0.279105
0.26626700000000003
0.257448
0.26092
0.271158
0.27988
0.286467
0.29147
0.29488200000000003
0.296369
0.295698
0.292892
0.288079
0.281258
0.272267
0.260881
0.253279
0.257314
0.267133
0.274517
0.27920100000000003
0.28192
0.28281
0.28175100000000003
0.278748
0.274038
0.267911
0.260492
0.251679
0.24750100000000003
0.255457
0.269254
0.280144
0.287325
0.291232
0.292141
0.290375
0.286275
0.28007600000000005
0.272055
0.262614
0.252106
0.24067199999999997
0.23453200000000002
0.24166500000000002
0.25554899999999997
0.26710500000000004
0.275827
0.281986
0.285285
0.285137
0.281167
0.273594
0.26321700000000003
0.25093699999999997
0.237352
0.22277399999999997
0.21377600000000002
0.218802
0.23102199999999998
0.2412
0.249304
0.255757
0.260344
0.262499
0.26174899999999995
0.257941
0.25111700000000003
0.241298
0.22854699999999997
0.213166
0.202262
0.204504
0.21330900000000003
0.220131
0.225329
0.22954899999999998
0.23271799999999998
0.234369
0.23407199999999997
0.23168000000000002
0.22721
0.22058699999999998
0.211546
0.20635100000000003
0.21307399999999999
0.225002
0.233629
0.239317
0.24282600000000001
0.24451399999999998
0.24453899999999998
0.24291300000000002
0.23961
0.234752
0.228589
0.221259
0.212646
0.209117
0.218466
0.233154
0.243905
0.250821
0.254816
0.25632
0.255294
0.251716
0.245925
0.23844200000000002
0.229638
0.219685
0.208627
0.203157
0.21125700000000003
0.22558899999999998
0.237105
0.24572600000000003
0.251771
0.254942
0.254804
0.251394
0.245256
0.23700100000000002
0.22703099999999998
0.21554600000000002
0.208871
0.215152
0.227723
0.23771799999999998
0.245283
0.25108600000000003
0.255262
0.25754099999999996
0.257416
0.254379
0.24821300000000002
0.239154
0.22777600000000003
0.21459899999999998
0.20621599999999998
0.21081599999999998
0.221716
0.230199
0.236496
0.241223
0.24432600000000002
0.24536999999999998
0.24401399999999998
0.240265
0.23435
0.22643000000000002
0.216509
0.204601
0.19756300000000002
0.203611
0.215727
0.22517199999999998
0.23217600000000002
0.23750500000000002
0.24124400000000001
0.243029
0.24256399999999997
0.239896
0.235252
0.228719
0.22013899999999997
0.21539699999999998
0.22250999999999999
0.23482399999999998
0.24351799999999998
0.249221
0.253208
0.256025
0.25762399999999996
0.257685
0.255847
0.25195700000000004
0.24613600000000002
0.23858600000000002
0.22936700000000002
0.22465500000000002
0.23265
0.24655500000000002
0.257112
0.26424200000000003
0.268437
0.26976100000000003
0.268256
0.264231
0.258232
0.250902
0.242779
0.23411300000000002
0.22481399999999999
0.22080300000000003
0.229996
0.245477
0.257995
0.267495
0.274457
0.27871
0.27970700000000004
0.277063
0.270969
0.26216
0.251404
0.2391
0.225394
0.21658400000000003
0.22124499999999997
0.23331100000000002
0.24399
0.253223
0.26127100000000003
0.26766599999999996
0.27158499999999997
0.272361
0.26976
0.263855
0.254755
0.242614
0.22780799999999998
0.21705500000000003
0.219315
0.22861700000000001
0.236244
0.24242600000000003
0.24772199999999997
0.252042
0.255
0.256291
0.255823
0.25353600000000004
0.24916999999999997
0.242233
0.2383
0.244759
0.255698
0.263209
0.267543
0.269823
0.270565
0.269923
0.267869
0.26432100000000003
0.259317
0.25300900000000004
0.245468
0.236585
0.23232600000000003
0.24049299999999998
0.25454099999999996
0.265378
0.272444
0.276127
0.276604
0.273946
0.26832
0.260214
0.25038299999999997
0.239498
0.227935
0.215806
0.20944899999999997
0.21690500000000001
0.231208
0.24321500000000001
0.252746
0.260054
0.264773
0.266259
0.26418200000000003
0.258857
0.250921
0.240815
0.22871799999999998
0.21478000000000003
0.20556300000000002
0.20958200000000002
0.22059499999999999
0.23005100000000003
0.238073
0.24504
0.25061100000000003
0.254058
0.254734
0.25237600000000004
0.24714299999999997
0.239446
0.229622
0.223827
0.230064
0.24223499999999998
0.251872
0.259062
0.264548
0.268559
0.270997
0.271627
0.27023600000000003
0.266781
0.261338
0.253898
0.24429
0.238591
0.244905
0.257431
0.267756
0.275611
0.28157
0.285575
0.287174
0.286062
0.28237399999999996
0.276519
0.268852
0.25952600000000003
0.248529
0.24190100000000003
0.247271
0.258561
0.267351
0.273447
0.27771
0.280271
0.280804
0.279098
0.27528400000000003
0.26964
0.262308
0.253204
0.24211799999999997
0.234981
0.23963099999999998
0.250294
0.25863
0.26419699999999996
0.267412
0.268304
0.266867
0.26329600000000003
0.257946
0.251206
0.243338
0.23436300000000002
0.22412100000000001
0.218586
0.225935
0.23978899999999997
0.251146
0.259745
0.265819
0.269104
0.26916799999999996
0.265841
0.259473
0.250837
0.24067
0.229352
0.22305
0.229836
0.243623
0.255708
0.265788
0.274239
0.280938
0.28545
0.287246
0.28589499999999995
0.281219
0.27326300000000003
0.26215700000000003
0.24816100000000002
0.237914
0.23997600000000002
0.24887800000000002
0.256348
0.262169
0.26695
0.27061999999999997
0.272694
0.27277199999999996
0.270769
0.266781
0.260832
0.252774
0.242333
0.235327
0.239391
0.248525
0.25459499999999996
0.257821
0.25921500000000003
0.25912199999999996
0.25754499999999997
0.254517
0.250252
0.245011
0.238868
0.231616
0.222875
0.218333
0.225789
0.23884
0.24859499999999998
0.254781
0.257886
0.25816300000000003
0.255729
0.250736
0.243588
0.234896
0.225175
0.214662
0.209418
0.217446
0.232291
0.245025
0.255434
0.26377399999999995
0.26979899999999996
0.273018
0.273071
0.27000100000000005
0.264207
0.256119
0.24604600000000001
0.23423200000000002
0.22700599999999999
0.23258099999999998
0.24493499999999999
0.255467
0.26402800000000004
0.27111199999999996
0.276547
0.279764
0.280269
0.277893
0.27270900000000003
0.264932
0.254914
0.24300300000000002
0.235458
0.24017600000000003
0.251272
0.260336
0.267024
0.271896
0.274999
0.276061
0.274882
0.27153299999999997
0.266216
0.258988
0.24964499999999998
0.237871
0.22959699999999997
0.232988
0.24262399999999998
0.25039
0.25610700000000003
0.260365
0.26318
0.264194
0.263115
0.259955
0.25490100000000004
0.248059
0.239367
0.234567
0.240912
0.252653
0.26168800000000003
0.26759499999999997
0.271278
0.27329899999999996
0.273764
0.272548
0.269575
0.264957
0.258918
0.251604
0.24298000000000003
0.238814
0.24633000000000002
0.259629
0.270433
0.278038
0.28279499999999996
0.284594
0.283225
0.278902
0.272285
0.26409099999999996
0.254823
0.244756
0.233947
0.228296
0.235433
0.249189
0.26093
0.270185
0.27725900000000003
0.28189200000000003
0.283512
0.281675
0.276343
0.267901
0.25698000000000004
0.244152
0.229746
0.219975
0.22316100000000003
0.233593
0.24281799999999998
0.25065
0.25743
0.262863
0.266306
0.26720700000000003
0.26534
0.26068600000000003
0.25317199999999995
0.242628
0.22902399999999998
0.218702
0.220347
0.22846100000000003
0.234783
0.23946599999999998
0.24319000000000002
0.24600300000000003
0.24760500000000002
0.247757
0.24642199999999997
0.24360300000000001
0.23913099999999998
0.23262
0.22953099999999999
0.23701599999999998
0.249087
0.257639
0.262678
0.265298
0.26606199999999997
0.26512399999999997
0.262517
0.2583
0.252648
0.245823
0.238008
0.22918200000000002
0.22512800000000002
0.23337399999999997
0.247646
0.259182
0.267418
0.272717
0.275215
0.274873
0.271649
0.265762
0.257741
0.248182
0.237496
0.225854
0.219241
0.22555
0.238603
0.24969899999999998
0.258558
0.265491
0.270204
0.272098
0.27084400000000003
0.266712
0.260264
0.251862
0.241592
0.229449
0.22140500000000002
0.22546999999999998
0.235985
0.24475999999999998
0.251727
0.257391
0.261594
0.263789
0.263488
0.260494
0.254836
0.246656
0.236217
0.22962800000000003
0.234523
0.24545799999999998
0.254548
0.261461
0.26679400000000003
0.27066799999999996
0.272878
0.27310300000000004
0.27109099999999997
0.26683
0.26048499999999997
0.25218
0.241838
0.23515
0.239533
0.24964299999999998
0.257801
0.26374200000000003
0.268071
0.270831
0.27171799999999996
0.27049
0.267205
0.262123
0.255436
0.24715399999999998
0.237134
0.23106999999999997
0.236328
0.24709099999999998
0.25516300000000003
0.260243
0.26319499999999996
0.264409
0.26379400000000003
0.261233
0.2569
0.251118
0.24405700000000002
0.23563699999999999
0.23139200000000001
0.238344
0.250961
0.261382
0.26900100000000005
0.27429499999999996
0.277355
0.278093
0.276514
0.27273000000000003
0.266924
0.259375
0.250418
0.24030500000000002
0.234948
0.24166100000000001
0.254841
0.266453
0.275826
0.28325
0.288464
0.290892
0.290099
0.286076
0.27925300000000003
0.270323
0.25992
0.25409
0.25958600000000004
0.271507
0.282531
0.291515
0.298993
0.305186
0.309899
0.312664
0.31298200000000004
0.310585
0.305452
0.297609
0.287006
0.27932399999999996
0.28102
0.288377
0.29524
0.30032800000000004
0.30432800000000004
0.30740700000000004
0.309216
0.309342
0.307633
0.304181
0.299108
0.29241999999999996
0.283948
0.27907
0.283611
0.293204
0.301503
0.3073
0.311273
0.313567
0.314029
0.312671
0.309794
0.305785
0.300856
0.29493600000000003
0.287725
0.284525
0.291039
0.303037
0.31401399999999996
0.32209099999999996
0.32763200000000003
0.330836
0.331685
0.33020700000000003
0.32665900000000003
0.321437
0.314824
0.30687800000000004
0.303103
0.308884
0.320738
0.332882
0.343006
0.351312
0.357695
0.36169
0.36277600000000004
0.360722
0.35579099999999997
0.348566
0.339602
0.329235
0.323219
0.32676
0.336675
0.34742
0.356296
0.363494
0.368898
0.372084
0.372733
0.370822
0.366477
0.35979
0.350839
0.3398
0.332427
0.33373
0.341073
0.349499
0.356256
0.361724
0.36594699999999997
0.368577
0.369294
0.36800700000000003
0.36475599999999997
0.3595
0.352038
0.342096
0.334989
0.335514
0.341462
0.34835900000000003
0.353522
0.357387
0.360077
0.361374
0.361106
0.359309
0.356125
0.351603
0.345597
0.34323400000000004
0.34846
0.358688
0.369199
0.37661100000000003
0.38126
0.383626
0.384017
0.382635
0.379639
0.375214
0.369596
0.36296999999999996
0.35536799999999996
0.352145
0.357365
0.368505
0.380796
0.39061799999999997
0.397932
0.402513
0.403895
0.401895
0.396865
0.389488
0.380442
0.370211
0.35907
0.352642
0.35527
0.364553
0.375731
0.38523
0.393079
0.399107
0.402821
0.403787
0.401817
0.396922
0.389239
0.37900100000000003
0.36649299999999996
0.357466
0.356426
0.361696
0.369212
0.375608
0.381161
0.385876
0.389361
0.391194
0.39112199999999997
0.389002
0.384648
0.377816
0.373635
0.375579
0.38245100000000004
0.390926
0.397181
0.40160799999999997
0.404632
0.406395
0.406881
0.406034
0.403852
0.400394
0.395687
0.389625
0.387288
0.39157800000000004
0.400837
0.41143500000000005
0.41919700000000004
0.42449899999999996
0.42769799999999997
0.42879799999999996
0.427777
0.42482600000000004
0.420275
0.41441999999999996
0.407438
0.399387
0.395593
0.39907600000000004
0.40841700000000003
0.41998199999999997
0.429108
0.43572799999999995
0.439857
0.441375
0.440325
0.437008
0.431813
0.425005
0.416704
0.406929
0.400975
0.401846
0.40863299999999997
0.418196
0.425932
0.43189099999999997
0.436039
0.43798000000000004
0.437352
0.434123
0.42856400000000006
0.42103
0.411804
0.406161
0.406621
0.41273000000000004
0.42194
0.42945600000000006
0.43543699999999996
0.440093
0.443287
0.44473100000000004
0.444144
0.44133599999999995
0.436241
0.42889499999999997
0.41943500000000006
0.41322299999999995
0.41291300000000003
0.418333
0.42708500000000005
0.434258
0.43996
0.44428900000000004
0.446984
0.44780200000000003
0.446723
0.443879
0.439391
0.43326400000000004
0.42536
0.420707
0.421583
0.42769700000000005
0.43670299999999995
0.44373599999999996
0.449078
0.45296499999999995
0.455305
0.45602700000000007
0.455201
0.452926
0.449212
0.44391800000000003
0.436805
0.432899
0.43425600000000003
0.44064
0.449729
0.456321
0.46072799999999997
0.463363
0.46432799999999996
0.46368400000000004
0.461546
0.458059
0.453312
0.447263
0.44488599999999995
0.447608
0.455658
0.467254
0.47656099999999996
0.483508
0.48819700000000005
0.490462
0.49017200000000005
0.487418
0.482468
0.475742
0.46770200000000006
0.458663
0.45381000000000005
0.45451199999999997
0.461296
0.472549
0.48213599999999995
0.489854
0.495621
0.499054
0.49982200000000004
0.49782
0.49313900000000005
0.486046
0.47690699999999997
0.46606800000000004
0.45884899999999995
0.45673100000000005
0.46065900000000004
0.46940600000000005
0.47696099999999997
0.48335500000000003
0.48868900000000004
0.49268100000000004
0.49499099999999996
0.49539300000000003
0.49373599999999995
0.489849
0.483491
0.474418
0.467605
0.46438199999999996
0.466168
0.472322
0.47701400000000005
0.48052399999999995
0.48316800000000004
0.484871
0.485466
0.484857
0.48299200000000003
0.47976899999999995
0.474973
0.473234
0.47492399999999996
0.48096000000000005
0.49044399999999994
0.496968
0.50073
0.502328
0.502117
0.500352
0.497216
0.492845
0.48740900000000004
0.48109399999999997
0.473995
0.471046
0.472945
0.480517
0.49252700000000005
0.502302
0.50953
0.514231
0.5162909999999999
0.515688
0.51263
0.507522
0.500788
0.492777
0.48374799999999996
0.47885
0.47887799999999997
0.48501700000000003
0.496337
0.5061640000000001
0.514296
0.520703
0.525005
0.526827
0.526076
0.5229159999999999
0.517575
0.510258
0.5011329999999999
0.495262
0.493462
0.496895
0.505352
0.51279
0.518922
0.523921
0.527593
0.52963
0.5297930000000001
0.5278970000000001
0.5237890000000001
0.517393
0.508736
0.5029100000000001
0.500859
0.503761
0.511605
0.518437
0.523778
0.527766
0.530247
0.53105
0.530147
0.527584
0.523371
0.517418
0.514299
0.514495
0.517984
0.525402
0.531938
0.536539
0.539618
0.541331
0.541613
0.5403939999999999
0.5376350000000001
0.5333289999999999
0.527516
0.520231
0.516209
0.516045
0.519792
0.527767
0.534806
0.5397810000000001
0.542879
0.544108
0.54352
0.541283
0.537611
0.532738
0.526836
0.519938
0.516807
0.517957
0.523454
0.533352
0.5421050000000001
0.548517
0.5526439999999999
0.554483
0.554145
0.551871
0.547975
0.54277
0.536388
0.533412
0.534415
0.538805
0.547671
0.556756
0.564206
0.570138
0.574472
0.576893
0.577026
0.574579
0.569516
0.562099
0.5526989999999999
0.546408
0.544316
0.546177
0.553258
0.561226
0.5680350000000001
0.5735640000000001
0.577539
0.57967
0.579836
0.5780420000000001
0.574336
0.568725
0.56115
0.5562779999999999
0.554823
0.5560229999999999
0.5614979999999999
0.567569
0.5722970000000001
0.5758949999999999
0.578425
0.579838
0.5800890000000001
0.5791029999999999
0.5767399999999999
0.572766
0.56688
0.563437
0.562947
0.564312
0.5694229999999999
0.5748939999999999
0.5784239999999999
0.58022
0.580498
0.579371
0.576946
0.573375
0.568792
0.563221
0.561106
0.562951
0.567187
0.575559
0.584588
0.591317
0.595641
0.597614
0.59733
0.594932
0.590657
0.584867
0.5778979999999999
0.569954
0.5656939999999999
0.5658350000000001
0.569042
0.577158
0.5866939999999999
0.594705
0.600928
0.605059
0.606798
0.606108
0.603173
0.5981989999999999
0.591407
0.583084
0.578023
0.576998
0.578604
0.585062
0.5932430000000001
0.600176
0.6057640000000001
0.609881
0.6123270000000001
0.612952
0.611624
0.608204
0.602631
0.5949260000000001
0.589711
0.5878220000000001
0.5879489999999999
0.592773
0.599468
0.604941
0.609212
0.612262
0.6139680000000001
0.614265
0.613105
0.61038
0.605913
0.603895
0.604787
0.606055
0.6109899999999999
0.617833
0.622835
0.626265
0.62845
0.629412
0.6291260000000001
0.627586
0.62475
0.620578
0.615065
0.612561
0.613637
0.6154890000000001
0.62128
0.629127
0.634777
0.638142
0.6392939999999999
0.6383449999999999
0.635662
0.631646
0.6265539999999999
0.62057
0.613794
0.610592
0.6114850000000001
0.6137560000000001
0.620401
0.629329
0.636312
0.641124
0.6438159999999999
0.644506
0.64332
0.640372
0.635844
0.6298819999999999
0.622492
0.6180770000000001
0.617413
0.6180770000000001
0.62349
0.6318630000000001
0.638999
0.644654
0.648644
0.6506850000000001
0.650582
0.6482939999999999
0.6439090000000001
0.637519
0.633541
0.632904
0.63259
0.636729
0.64445
0.650982
0.6562279999999999
0.660262
0.662993
0.664311
0.664091
0.662155
0.65833
0.652525
0.649058
0.648718
0.648062
0.651476
0.658497
0.664187
0.6684220000000001
0.671277
0.672769
0.672945
0.671828
0.669419
0.665702
0.660604
0.658247
0.65909
0.659173
0.662927
0.6699970000000001
0.6750970000000001
0.678147
0.679492
0.679429
0.6781560000000001
0.675779
0.672331
0.667767
0.6619649999999999
0.6590189999999999
0.659463
0.659387
0.663254
0.6706340000000001
0.6760619999999999
0.679367
0.680747
0.680292
0.678113
0.674429
0.669439
0.66323
0.659924
0.660195
0.659977
0.663949
0.672354
0.679615
0.685276
0.689294
0.6914939999999999
0.691796
0.690248
0.686837
0.68156
0.674658
0.670573
0.670175
0.669428
0.673081
0.681469
0.688948
0.694924
0.699307
0.701974
0.70285
0.701869
0.698988
0.694298
0.6879850000000001
0.6843060000000001
0.683958
0.682886
0.686005
0.6937479999999999
0.700501
0.705815
0.709808
0.712494
0.713855
0.7138140000000001
0.712204
0.708815
0.703425
0.700033
0.6993090000000001
0.697242
0.698462
0.703879
0.7085319999999999
0.711907
0.714196
0.715426
0.715589
0.714607
0.7123109999999999
0.708538
0.70713
0.708572
0.7087600000000001
0.710751
0.716198
0.721317
0.7245
0.725919
0.725721
0.724133
0.721432
0.717735
0.7130569999999999
0.7074699999999999
0.7049479999999999
0.706095
0.706885
0.710287
0.717793
0.725268
0.730581
0.7335109999999999
0.73411
0.7326229999999999
0.72929
0.724309
0.718008
0.710767
0.706733
0.7065859999999999
0.706357
0.7093729999999999
0.717032
0.725014
0.7314729999999999
0.7362350000000001
0.7391810000000001
0.740216
0.739312
0.73648
0.7316699999999999
0.728588
0.727952
0.7263109999999999
0.726082
0.730089
0.735751
0.7404689999999999
0.7442979999999999
0.747272
0.749268
0.7500760000000001
0.749393
0.746884
0.7423390000000001
0.7396199999999999
0.73952
0.7383149999999999
0.7384189999999999
0.742531
0.747855
0.751799
0.754313
0.755564
0.755746
0.754965
0.753228
0.75052
0.746796
0.7458140000000001
0.747958
0.749063
0.751117
0.7568159999999999
0.763371
0.767911
0.770515
0.771586
0.771422
0.770111
0.76763
0.763926
0.758935
0.756406
0.756944
0.7567520000000001
0.7575109999999999
0.762255
0.768564
0.773131
0.775859
0.776821
0.776029
0.77359
0.769692
0.7644529999999999
0.7579199999999999
0.754033
0.75352
0.7525649999999999
0.753189
0.758155
0.764682
0.7696770000000001
0.772927
0.774447
0.774338
0.772738
0.76963
0.7649020000000001
0.762209
0.762308
0.761731
0.761293
0.764965
0.771576
0.7770729999999999
0.781246
0.784099
0.785543
0.785438
0.783619
0.780012
0.774717
0.77145
0.77089
0.7696430000000001
0.768753
0.772311
0.778899
0.784166
0.787837
0.790041
0.7909069999999999
0.790502
0.7888069999999999
0.785756
0.7812600000000001
0.778964
0.779458
0.779067
0.778882
0.782594
0.788655
0.793385
0.79683
0.7992090000000001
0.800664
0.801198
0.800599
0.798562
0.798359
0.80042
0.8012
0.800178
0.802305
0.807913
0.812095
0.814629
0.815646
0.815276
0.813739
0.811144
0.807439
0.802583
0.80013
0.800747
0.800992
0.8003819999999999
0.803697
0.810613
0.815638
0.818344
0.81895
0.817828
0.815254
0.811343
0.806257
0.800279
0.797158
0.797523
0.7978270000000001
0.797763
0.802013
0.81018
0.817052
0.8222430000000001
0.8257770000000001
0.8276180000000001
0.8276370000000001
0.8256870000000001
0.821723
0.81577
0.8113739999999999
0.809375
0.806737
0.8032779999999999
0.804335
0.8100729999999999
0.815098
0.8190529999999999
0.821958
0.8237549999999999
0.824275
0.8232219999999999
0.820305
0.8188449999999999
0.8194799999999999
0.8188850000000001
0.8165600000000001
0.816721
0.8205540000000001
0.82409
0.826463
0.827894
0.8286040000000001
0.8287450000000001
0.8282860000000001
0.827003
0.82463
0.824358
0.8266110000000001
0.8279190000000001
0.8277399999999999
0.830183
0.8362370000000001
0.841527
0.8448200000000001
0.846392
0.846621
0.845725
0.843801
0.840933
0.837211
0.8360540000000001
0.8380120000000001
0.839643
0.8402569999999999
0.843442
0.850158
0.856244
0.8603049999999999
0.862506
0.863037
0.8620399999999999
0.8596290000000001
0.85587
0.850785
0.847778
0.847491
0.8466379999999999
0.844743
0.845607
0.850614
0.8558030000000001
0.8594959999999999
0.8616469999999999
0.862353
0.861668
0.85946
0.8554950000000001
0.852915
0.852427
0.851143
0.848828
0.847867
0.850909
0.855676
0.859349
0.861799
0.863052
0.863074
0.8617469999999999
0.858907
0.8544950000000001
0.851758
0.8513780000000001
0.8503430000000001
0.8482360000000001
0.8474379999999999
0.850622
0.8553870000000001
0.858823
0.8609040000000001
0.861867
0.8618290000000001
0.8607610000000001
0.858554
0.85509
0.8535200000000001
0.854419
0.85469
0.8538600000000001
0.854634
0.8591
0.864424
0.8684209999999999
0.8712489999999999
0.873092
0.8739899999999999
0.873842
0.8724379999999999
0.872648
0.8748600000000001
0.875977
0.875539
0.874741
0.8772540000000001
0.882109
0.88564
0.8877430000000001
0.888619
0.888483
0.8874790000000001
0.8855430000000001
0.882502
0.8813690000000001
0.882706
0.883498
0.883252
0.8832409999999999
0.8867659999999999
0.8922459999999999
0.8958280000000001
0.897488
0.8976729999999999
0.8966879999999999
0.894599
0.8914049999999999
0.887209
0.8853049999999999
0.886338
0.887238
0.8874790000000001
0.8881399999999999
0.8926209999999999
0.8995120000000001
0.9048139999999999
0.908329
0.910183
0.9103959999999999
0.90894
0.905804
0.9009860000000001
0.89751
0.8960549999999999
0.8939739999999999
0.891135
0.888508
0.8901610000000001
0.8953049999999999
0.899581
0.902745
0.90486
0.905833
0.905407
0.9032819999999999
0.9022319999999999
0.902842
0.902357
0.900399
0.897099
0.8967860000000001
0.9002180000000001
0.9032709999999999
0.9054049999999999
0.906827
0.907703
0.908058
0.9077219999999999
0.9064
0.906701
0.908961
0.910283
0.910284
0.9090950000000001
0.9109299999999999
0.916075
0.919963
0.922117
0.9229870000000001
0.922926
0.922074
0.920457
0.9180719999999999
0.917847
0.920256
0.922325
0.923493
0.923592
0.926759
0.933118
0.938018
0.941076
0.942556
0.942635
0.9413879999999999
0.938826
0.934942
0.9327190000000001
0.9327690000000001
0.932312
0.930992
0.928873
0.930232
0.9353950000000001
0.93968
0.9423940000000001
0.943722
0.943815
0.9425879999999999
0.939773
0.937945
0.937636
0.936391
0.9341149999999999
0.931069
0.9297139999999999
0.932134
0.935831
0.938493
0.9400940000000001
0.940709
0.940285
0.938665
0.935717
0.934089
0.934325
0.9339
0.932491
0.930191
0.929314
0.9320280000000001
0.9358770000000001
0.938486
0.9399959999999999
0.9406559999999999
0.9405129999999999
0.939464
0.937349
0.9368040000000001
0.9383440000000001
0.939399
0.939581
0.938795
0.939725
0.9440149999999999
0.948742
0.952182
0.9545399999999999
0.955975
0.9564450000000001
0.955778
0.953766
0.953097
0.95425
0.9544819999999999
0.9534
0.9511370000000001
0.950936
0.954432
0.958353
0.9609549999999999
0.962398
0.9628899999999999
0.9624520000000001
0.9609340000000001
0.95816
0.9569690000000001
0.9578979999999999
0.958124
0.9572069999999999
0.955147
0.955099
0.958404
0.9616950000000001
0.9635540000000001
0.9642350000000001
0.9638950000000001
0.962508
0.959994
0.9563450000000001
0.9545030000000001
0.95509
0.9553790000000001
0.954936
0.9537209999999999
0.9544100000000001
0.9585969999999999
0.96315
0.96598
0.96711
0.96673
0.964993
0.9619280000000001
0.957508
0.9545620000000001
0.95376
0.952614
0.9508979999999999
0.9487110000000001
0.948767
0.9527639999999999
0.9576520000000001
0.961312
0.963708
0.9648399999999999
0.9645469999999999
0.962599
0.961512
0.9618399999999999
0.961158
0.959199
0.9561379999999999
0.953299
0.9540559999999999
0.957393
0.959989
0.9617829999999999
0.962902
0.9633209999999999
0.962859
0.961239
0.9608200000000001
0.9619139999999999
0.96193
0.960583
0.9580790000000001
0.9560709999999999
0.9573290000000001
0.9600719999999999
0.9612360000000001
0.961026
0.9599139999999999
0.958158
0.9557969999999999
0.952785
0.9518030000000001
0.9532780000000001
0.9544309999999999
0.954701
0.9539139999999999
0.9541129999999999
0.957341
0.9611629999999999
0.9632139999999999
0.963628
0.962666
0.960443
0.956989
0.9523520000000001
0.949333
0.948542
0.947476
0.945839
0.943674
0.943398
0.9468280000000001
0.951076
0.953765
0.954924
0.9547530000000001
0.9532459999999999
0.950226
0.948126
0.947428
0.9458139999999999
0.943227
0.939983
0.937342
0.938456
0.9421069999999999
0.9448639999999999
0.946617
0.9474889999999999
0.9474809999999999
0.9465450000000001
0.944607
0.944069
0.9452379999999999
0.9455969999999999
0.944857
0.9431860000000001
0.941917
0.944091
0.9482649999999999
0.9510930000000001
0.952666
0.953319
0.953177
0.9521790000000001
0.950177
0.949677
0.951183
0.952269
0.952594
0.9521
0.9522200000000001
0.9555440000000001
0.9602809999999999
0.963527
0.965458
0.966361
0.9662950000000001
0.965133
0.9626610000000001
0.9613809999999999
0.961764
0.9612809999999999
0.9596049999999999
0.956879
0.9549489999999999
0.956607
0.9600190000000001
0.962227
0.9632790000000001
0.9633799999999999
0.962568
0.960701
0.957548
0.955674
0.9555870000000001
0.954728
0.9527329999999999
0.949616
0.947255
0.9480799999999999
0.950103
0.9508409999999999
0.9505170000000001
0.949361
0.94739
0.9445030000000001
0.9430620000000001
0.943543
0.9436450000000001
0.94304
0.941738
0.9397260000000001
0.940901
0.9450569999999999
0.9477770000000001
0.9488620000000001
0.948507
0.946893
0.944184
0.9404370000000001
0.9379870000000001
0.9373360000000001
0.9363540000000001
0.9348709999999999
0.933049
0.9313969999999999
0.933483
0.9385620000000001
0.9425129999999999
0.945197
0.946772
0.9472309999999999
0.9464309999999999
0.944185
0.9429780000000001
0.943399
0.943104
0.9417719999999999
0.939475
0.9376530000000001
0.9392799999999999
0.942975
0.94575
0.947737
0.949152
0.949946
0.9498479999999999
0.950852
0.9530770000000001
0.954058
0.9535049999999999
0.9516530000000001
0.948623
0.9480350000000001
0.950376
0.951857
0.952018
0.9512510000000001
0.9498049999999999
0.9476889999999999
0.9447709999999999
0.943269
0.9435879999999999
0.9434950000000001
0.9426829999999999
0.941135
0.9387280000000001
0.939407
0.943066
0.9453379999999999
0.9461649999999999
0.945868
0.944631
0.9425180000000001
0.9395629999999999
0.938205
0.9389379999999999
0.9394950000000001
0.9395610000000001
0.939124
0.9382530000000001
0.9406700000000001
0.94599
0.949989
0.9526629999999999
0.954354
0.9551280000000001
0.954775
0.953025
0.9520649999999999
0.952385
0.951923
0.950548
0.9484049999999999
0.94557
0.946191
0.950206
0.9532069999999999
0.9550770000000001
0.9559549999999999
0.95576
0.954334
0.951565
0.9498770000000001
0.949723
0.948735
0.9465950000000001
0.9433860000000001
0.940089
0.940217
0.9429350000000001
0.944717
0.9456120000000001
0.9458260000000001
0.945311
0.9438479999999999
0.943423
0.944276
0.9442389999999999
0.9431649999999999
0.941234
0.9384610000000001
0.937692
0.940048
0.942464
0.9437059999999999
0.9439770000000001
0.943418
0.9420040000000001
0.939641
0.938364
0.938559
0.938226
0.9370959999999999
0.9351860000000001
0.932441
0.931883
0.934499
0.936983
0.938211
0.938408
0.9377559999999999
0.936327
0.9341229999999999
0.9333739999999999
0.934449
0.935089
0.9349129999999999
0.9338780000000001
0.931866
0.9329040000000001
0.9370930000000001
0.9402459999999999
0.942358
0.943631
0.944032
0.9434020000000001
0.943651
0.945108
0.945808
0.945536
0.944412
0.9425
0.941731
0.944099
0.947478
0.9495530000000001
0.9502889999999999
0.949845
0.94834
0.9457620000000001
0.9441209999999999
0.943825
0.942953
0.94135
0.939206
0.936591
0.936068
0.9388860000000001
0.942163
0.9443600000000001
0.945572
0.9458780000000001
0.945207
0.9434110000000001
0.942594
0.9432370000000001
0.9433299999999999
0.942615
0.9411799999999999
0.9390219999999999
0.938934
0.9421280000000001
0.945699
0.948415
0.9503870000000001
0.9516290000000001
0.951959
0.9510940000000001
0.9509
0.951683
0.951427
0.949941
0.947448
0.944042
0.9423309999999999
0.943758
0.945606
0.946393
0.9463379999999999
0.9456370000000001
0.94425
0.943982
0.945092
0.945609
0.945189
0.943815
0.941419
0.939134
0.939625
0.941759
0.9428479999999999
0.942946
0.94225
0.940807
0.938536
0.9372950000000001
0.9375
0.937398
0.936809
0.935832
0.934421
0.9337790000000001
0.9361860000000001
0.9399879999999999
0.942418
0.943514
0.9435309999999999
0.9425600000000001
0.940544
0.9394239999999999
0.939638
0.9393729999999999
0.9384450000000001
0.937008
0.935069
0.93437
0.9368719999999999
0.940557
0.9431930000000001
0.944809
0.945471
0.945134
0.945558
0.947003
0.947592
0.9470219999999999
0.9454110000000001
0.942884
0.9396059999999999
0.9394299999999999
0.9424040000000001
0.944593
0.9458719999999999
0.946407
0.9462010000000001
0.945103
0.9447479999999999
0.9453719999999999
0.945259
0.9443450000000001
0.942842
0.9407719999999999
0.938533
0.9392809999999999
0.9423809999999999
0.944378
0.945377
0.945688
0.9453969999999999
0.9444370000000001
0.944591
0.9461350000000001
0.947183
0.947412
0.946838
0.9454670000000001
0.943973
0.945469
0.9492459999999999
0.9520270000000001
0.9538129999999999
0.954732
0.954743
0.953744
0.953499
0.9543440000000001
0.954542
0.953908
0.9525309999999999
0.9503780000000001
0.9479639999999999
0.9484100000000001
0.951092
0.952757
0.9534530000000001
0.953307
0.952261
0.9501729999999999
0.948866
0.9487469999999999
0.9480850000000001
0.9467049999999999
0.9446680000000001
0.941924
0.9396959999999999
0.940507
0.9429870000000001
0.944427
0.9448469999999999
0.9444100000000001
0.943167
0.94276
0.9434309999999999
0.943507
0.9427700000000001
0.9413
0.9391459999999999
0.936322
0.9356200000000001
0.93799
0.940494
0.942048
0.9426950000000001
0.942421
0.941109
0.9402950000000001
0.940358
0.9399049999999999
0.9388549999999999
0.937308
0.9352459999999999
0.932515
0.932175
0.934781
0.9370280000000001
0.9383670000000001
0.9390040000000001
0.9390040000000001
0.939876
0.9418569999999999
0.943334
0.943931
0.9435959999999999
0.9423600000000001
0.940282
0.9389780000000001
0.940464
0.943098
0.944787
0.945594
0.945642
0.9449489999999999
0.9450049999999999
