1.013616
1.012731
1.013082
1.012661
1.011314
1.009172
1.006213
1.003784
1.004512
1.006915
1.0082280000000001
1.0085819999999999
1.008153
1.006888
1.004651
1.003493
1.0038049999999998
1.0035180000000001
1.002311
1.0002739999999999
0.997502
0.9955350000000001
0.9967280000000001
0.999368
1.000872
1.00132
1.000885
0.9996389999999999
0.9975299999999999
0.996612
0.9972610000000001
0.997411
0.996748
0.99525
0.9928040000000001
0.991268
0.9927870000000001
0.995445
0.997094
0.9978040000000001
0.9976870000000001
0.996677
0.99459
0.993598
0.9942770000000001
0.994605
0.9942799999999999
0.9933129999999999
0.9916219999999999
0.991567
0.994617
0.998023
1.000008
1.000725
1.0004110000000002
0.999102
0.9966879999999999
0.9954129999999999
0.995765
0.9955780000000001
0.9945790000000001
0.992894
0.9905079999999999
0.990078
0.9929319999999999
0.9961270000000001
0.998116
0.9989370000000001
0.998603
0.9970690000000001
0.996409
0.997002
0.996816
0.995597
0.9934959999999999
0.990606
0.987633
0.9879540000000001
0.990923
0.992991
0.994044
0.994225
0.993533
0.991836
0.9909709999999999
0.9912350000000001
0.990783
0.989547
0.9877
0.9852129999999999
0.982819
0.98351
0.986324
0.9880540000000001
0.9889040000000001
0.9891840000000001
0.988942
0.9880760000000001
0.988534
0.9905649999999999
0.9920059999999999
0.992442
0.991834
0.9901690000000001
0.988943
0.9907100000000001
0.993949
0.996052
0.997123
0.997289
0.9965370000000001
0.9948
0.994117
0.994856
0.995014
0.9943569999999999
0.9929290000000001
0.99064
0.9891770000000001
0.990713
0.9934
0.994922
0.9952840000000001
0.9945579999999999
0.992717
0.989664
0.9876290000000001
0.987224
0.9864569999999999
0.9850190000000001
0.9829180000000001
0.9801040000000001
0.9789389999999999
0.98096
0.983535
0.98493
0.985326
0.984942
0.983751
0.983563
0.984641
0.985042
0.9844950000000001
0.98314
0.981153
0.9787239999999999
0.979518
0.983375
0.986353
0.988302
0.989308
0.989332
0.9882620000000001
0.987959
0.988907
0.989403
0.989245
0.9885079999999999
0.9871270000000001
0.985117
0.9860479999999999
0.9897610000000001
0.992469
0.994174
0.995128
0.9954059999999999
0.994891
0.995432
0.997283
0.99846
0.998751
0.9982110000000001
0.9967360000000001
0.9950959999999999
0.996365
0.9997090000000001
1.002058
1.003586
1.004466
1.0045389999999998
1.003519
1.003242
1.004043
1.003983
1.00281
1.000617
0.997492
0.9943040000000001
0.994286
0.9966200000000001
0.9979600000000001
0.998273
0.997633
0.996022
0.993447
0.9919979999999999
0.992125
0.991901
0.991028
0.9894430000000001
0.986978
0.984715
0.985332
0.9876389999999999
0.988975
0.989483
0.9892920000000001
0.988352
0.986504
0.985675
0.986284
0.986482
0.986057
0.985033
0.9833719999999999
0.982419
0.9846969999999999
0.9886590000000001
0.9914649999999999
0.993
0.9933270000000001
0.992491
0.99045
0.9892629999999999
0.989442
0.989108
0.988002
0.986194
0.983735
0.982301
0.984196
0.9876280000000001
0.9900979999999999
0.9915809999999999
0.992091
0.991509
0.9897229999999999
0.988908
0.989502
0.9893639999999999
0.988142
0.98592
0.9827670000000001
0.980877
0.982398
0.9852569999999999
0.987349
0.988657
0.989187
0.9887940000000001
0.9892110000000001
0.990648
0.9911709999999999
0.990598
0.9891770000000001
0.987042
0.9841549999999999
0.984301
0.987507
0.9896469999999999
0.990559
0.990553
0.9897870000000001
0.9882479999999999
0.987786
0.988758
0.989325
0.989175
0.988289
0.986567
0.984043
0.984482
0.987766
0.9899370000000001
0.9909819999999999
0.991138
0.990458
0.988907
0.9884620000000001
0.989497
0.99008
0.989941
0.9891459999999999
0.9876510000000001
0.986073
0.987454
0.990999
0.9934850000000001
0.9949290000000001
0.995392
0.9947870000000001
0.992975
0.9918530000000001
0.9918790000000001
0.9913489999999999
0.990144
0.9883350000000001
0.985872
0.983564
0.9843639999999999
0.987247
0.988957
0.9894629999999999
0.988959
0.987548
0.985159
0.9837629999999999
0.9837879999999999
0.983294
0.981994
0.979973
0.9773360000000001
0.9756600000000001
0.977347
0.98077
0.9833569999999999
0.9850629999999999
0.985872
0.9856159999999999
0.9859889999999999
0.98731
0.987922
0.9877299999999999
0.9868809999999999
0.9854450000000001
0.9833629999999999
0.983698
0.987038
0.990072
0.9921049999999999
0.993238
0.9935149999999999
0.992893
0.993088
0.994375
0.994978
0.994625
0.9934059999999999
0.9914040000000001
0.988509
0.987934
0.990259
0.992075
0.992851
0.992848
0.992252
0.9910549999999999
0.991022
0.992425
0.993367
0.9934850000000001
0.992727
0.9910059999999999
0.988283
0.9884860000000001
0.9917020000000001
0.9938950000000001
0.994999
0.995207
0.9945229999999999
0.992841
0.992008
0.992475
0.992497
0.9918299999999999
0.990535
0.988574
0.985743
0.985776
0.988667
0.99039
0.9909979999999999
0.9907290000000001
0.989577
0.987448
0.986225
0.986283
0.985828
0.98475
0.983183
0.981083
0.979015
0.9801549999999999
0.983775
0.9864229999999999
0.987994
0.988554
0.988094
0.9866
0.98603
0.9867670000000001
0.9869629999999999
0.9864059999999999
0.985144
0.9831540000000001
0.9812549999999999
0.982548
0.9861610000000001
0.988835
0.990533
0.991324
0.9911049999999999
0.989711
0.9891120000000001
0.9898520000000001
0.9901059999999999
0.9895299999999999
0.9880959999999999
0.985764
0.9833209999999999
0.9838790000000001
0.9867040000000001
0.9886879999999999
0.9898379999999999
0.9902350000000001
0.9898040000000001
0.9902219999999999
0.991715
0.9924569999999999
0.9921540000000001
0.990917
0.988916
0.986201
0.985348
0.9875719999999999
0.9901629999999999
0.9917879999999999
0.9925139999999999
0.9924799999999999
0.9917100000000001
0.9918809999999999
0.9932700000000001
0.994185
0.9943780000000001
0.993858
0.992539
0.990231
0.9895889999999999
0.991864
0.99431
0.9957540000000001
0.9963360000000001
0.996149
0.995133
0.9950610000000001
0.9963420000000001
0.997246
0.9974569999999999
0.9969610000000001
0.995706
0.9935209999999999
0.9935459999999999
0.9963629999999999
0.998634
0.999863
1.00023
0.9996780000000001
0.99805
0.997108
0.997231
0.996741
0.995542
0.9937940000000001
0.991482
0.988442
0.9881790000000001
0.991027
0.993182
0.994165
0.9940530000000001
0.9928899999999999
0.990707
0.9893959999999999
0.989353
0.9888319999999999
0.987612
0.985711
0.983118
0.980066
0.980301
0.9836809999999999
0.986381
0.9883149999999999
0.989541
0.989916
0.9892049999999999
0.9891559999999999
0.9901639999999999
0.990547
0.990151
0.989052
0.9872629999999999
0.98495
0.985719
0.989374
0.9921700000000001
0.994087
0.995236
0.9955620000000001
0.994944
0.995217
0.996718
0.997555
0.9974799999999999
0.9966200000000001
0.994956
0.9926809999999999
0.993283
0.996466
0.998575
0.999635
0.999901
0.9994350000000001
0.9980969999999999
0.997712
0.998632
0.9989629999999999
0.998391
0.996901
0.994449
0.991555
0.9917790000000001
0.9947030000000001
0.996734
0.997801
0.997984
0.997173
0.996999
0.997851
0.998186
0.997841
0.9969110000000001
0.995419
0.9932629999999999
0.992226
0.9939959999999999
0.996476
0.997776
0.998078
0.9975510000000001
0.9961909999999999
0.995661
0.9962780000000001
0.9963930000000001
0.995806
0.99466
0.992986
0.990624
0.9898020000000001
0.9919879999999999
0.9947280000000001
0.9964350000000001
0.997151
0.996991
0.9960190000000001
0.995991
0.997152
0.997726
0.997495
0.996553
0.9949530000000001
0.9926879999999999
0.992877
0.9962059999999999
0.999331
1.001419
1.002549
1.0026700000000002
1.001606
1.001054
1.001433
1.001187
1.0002
0.9985620000000001
0.996293
0.993273
0.992712
0.995192
0.997341
0.9986389999999999
0.999238
0.9991209999999999
0.9981260000000001
0.9979709999999999
0.998919
0.9990979999999999
0.998238
0.9964719999999999
0.993958
0.9906959999999999
0.9905129999999999
0.9935649999999999
0.995865
0.997258
0.997873
0.997735
0.996764
0.99675
0.998043
0.998864
0.9989629999999999
0.998339
0.996886
0.994468
0.994843
0.998257
1.000765
1.002108
1.002478
1.001932
1.000441
0.999933
1.0008860000000002
1.001515
1.001477
1.000739
0.9992110000000001
0.996706
0.996877
0.999925
1.002029
1.003121
1.0034040000000002
1.002833
1.001279
1.0005620000000002
1.0010219999999999
1.0008540000000001
0.999922
0.9984149999999999
0.9963799999999999
0.993884
0.994643
0.998483
1.001355
1.003056
1.003632
1.003088
1.00145
1.0006680000000001
1.00116
1.001135
1.000349
0.9988090000000001
0.996483
0.9936219999999999
0.993906
0.997088
0.99934
1.000614
1.0010350000000001
1.000533
1.0007190000000001
1.001893
1.0024540000000002
1.002182
1.001064
0.999086
0.996242
0.994553
0.9958229999999999
0.998042
0.9994059999999999
0.9999239999999999
0.9996149999999999
0.998441
0.9980709999999999
0.998778
0.998866
0.998122
0.996711
0.9947809999999999
0.9922549999999999
0.991433
0.9936229999999999
0.9962219999999999
0.997732
0.998267
0.9980479999999999
0.997186
0.9974700000000001
0.999215
1.00064
1.001387
1.001366
1.0004540000000002
0.9984719999999999
0.9983129999999999
1.001075
1.003846
1.005685
1.0067270000000001
1.006979
1.006257
1.0062389999999999
1.007293
1.007733
1.0073450000000002
1.0062280000000001
1.004429
1.0018479999999998
1.001478
1.004048
1.006332
1.007567
1.007866
1.007164
1.0053290000000001
1.004227
1.004304
1.003868
1.00282
1.0012969999999999
0.999233
0.9964129999999999
0.9963569999999999
0.999347
1.001578
1.002693
1.002816
1.0020149999999999
1.00032
0.9995729999999999
1.000105
1.000138
0.999425
0.997978
0.995785
0.992841
0.992733
0.9959610000000001
0.9988809999999999
1.000987
1.0022870000000002
1.002634
1.001803
1.001522
1.002241
1.002384
1.001808
1.0005629999999999
0.9986309999999999
0.9958879999999999
0.995927
0.9990549999999999
1.00153
1.003115
1.0039559999999998
1.004038
1.0032530000000002
1.0034239999999999
1.004843
1.005563
1.005288
1.004129
1.00209
0.999217
0.999266
1.002213
1.004217
1.005275
1.005614
1.005261
1.004045
1.003738
1.0046709999999999
1.004983
1.004389
1.002899
1.000476
0.9973479999999999
0.9973049999999999
1.000175
1.002049
1.002832
1.002649
1.00146
0.9992059999999999
0.997922
0.998166
0.998158
0.9976200000000001
0.9965350000000001
0.994765
0.9924620000000001
0.993034
0.996064
0.9979
0.9986510000000001
0.998559
0.9976290000000001
0.997566
0.998649
0.9991260000000001
0.998751
0.997663
0.9959610000000001
0.9936209999999999
0.992783
0.995044
0.998079
1.000082
1.00101
1.000933
0.9999100000000001
0.9996510000000001
1.000402
1.0004790000000001
0.99975
0.9983860000000001
0.996469
0.993976
0.9934799999999999
0.996102
0.9990030000000001
1.000859
1.001773
1.001803
1.0008700000000001
1.000715
1.001722
1.002238
1.00206
1.001207
0.999656
0.997274
0.9971479999999999
0.9999629999999999
1.002517
1.004241
1.0053020000000001
1.005676
1.005174
1.005418
1.006614
1.006923
1.006104
1.004342
1.001841
0.998611
0.9979459999999999
1.000444
1.002616
1.003774
1.004009
1.00337
1.001788
1.001079
1.001629
1.001683
1.001002
0.9995809999999999
0.9973200000000001
0.9940969999999999
0.99382
0.9966440000000001
0.998531
0.9993860000000001
0.999433
0.998714
0.9971549999999999
0.996641
0.9975799999999999
0.998117
0.997919
0.9969879999999999
0.9952770000000001
0.992624
0.992808
0.995934
0.998059
0.9992110000000001
0.9995879999999999
0.999143
0.9977520000000001
0.997225
0.997926
0.998102
0.997619
0.9966290000000001
0.9951209999999999
0.993032
0.994073
0.9981120000000001
1.001059
1.002761
1.003326
1.00281
1.001263
1.0006629999999999
1.001419
1.001694
1.001212
0.999958
0.9978879999999999
0.995395
0.996073
0.9995649999999999
1.002178
1.003859
1.004692
1.004557
1.003236
1.002621
1.003201
1.003155
1.002185
1.000338
0.997657
0.9946370000000001
0.994756
0.99761
0.999635
1.0007190000000001
1.000903
1.000127
1.0000850000000001
1.001059
1.001311
1.000597
0.999049
0.996822
0.9939110000000001
0.99234
0.993718
0.995807
0.996806
0.9968
0.9960120000000001
0.9945639999999999
0.99418
0.9951549999999999
0.9957879999999999
0.995783
0.995108
0.9936659999999999
0.991282
0.990459
0.992619
0.9951969999999999
0.996843
0.997669
0.9977469999999999
0.99698
0.9971049999999999
0.998511
0.999497
0.999812
0.9995069999999999
0.998583
0.9968940000000001
0.9975069999999999
1.000984
1.0039770000000001
1.005893
1.006886
1.0068979999999998
1.005783
1.005332
1.005932
1.005874
1.005048
1.0036129999999999
1.001551
0.9986889999999999
0.998418
1.00119
1.003354
1.004373
1.0043440000000001
1.0033159999999999
1.001296
1.000158
1.000256
0.9997940000000001
0.9985459999999999
0.996553
0.993822
0.990439
0.9903129999999999
0.9934700000000001
0.995914
0.9975430000000001
0.9984219999999999
0.9984139999999999
0.997302
0.9968370000000001
0.997448
0.997509
0.996884
0.995635
0.993741
0.9910559999999999
0.991288
0.99459
0.997078
0.998657
0.9994799999999999
0.999532
0.9987090000000001
0.9968540000000001
0.9938459999999999
0.989618
0.986926
0.986402
0.985383
0.983267
0.97998
0.978318
0.9804930000000001
0.9838469999999999
0.986297
0.98788
0.988497
0.9878870000000001
0.9859
0.982509
0.9776530000000001
0.974283
0.9728760000000001
0.9705469999999999
0.967159
0.963068
0.962683
0.9664510000000001
0.9696040000000001
0.9711719999999999
0.971152
0.96962
0.966623
0.9621780000000001
0.9563450000000001
0.9521229999999999
0.950034
0.9471799999999999
0.943176
0.938199
0.936299
0.9383670000000001
0.940166
0.9405540000000001
0.939707
0.9378540000000001
0.9350370000000001
0.931167
0.928911
0.9287639999999999
0.9280879999999999
0.926527
0.9241879999999999
0.923442
0.92627
0.9300430000000001
0.932376
0.933314
0.933092
0.93186
0.929709
0.926615
0.925093
0.925681
0.926058
0.9259370000000001
0.9252290000000001
0.9260440000000001
0.930118
0.934632
0.937161
0.937787
0.9368120000000001
0.9345120000000001
0.931104
0.926639
0.921059
0.917365
0.916141
0.914473
0.911953
0.909331
0.910575
0.9147629999999999
0.917481
0.918676
0.9185479999999999
0.9170149999999999
0.913808
0.908681
0.901647
0.896116
0.892905
0.8891049999999999
0.8843790000000001
0.8802760000000001
0.88023
0.882756
0.884166
0.884289
0.883242
0.88103
0.877483
0.8723569999999999
0.868475
0.866434
0.863577
0.8597020000000001
0.8552719999999999
0.854276
0.856281
0.856975
0.8563139999999999
0.8546590000000001
0.852258
0.8491850000000001
0.845384
0.8407709999999999
0.8382280000000001
0.8382879999999999
0.8381040000000001
0.837153
0.836471
0.8392129999999999
0.8440120000000001
0.8471989999999999
0.848715
0.8488950000000001
0.847981
0.8460840000000001
0.843305
0.839786
0.8386520000000001
0.8404719999999999
0.8422120000000001
0.8432120000000001
0.8449620000000001
0.8500770000000001
0.856498
0.860981
0.8636010000000001
0.864816
0.864842
0.863575
0.8607879999999999
0.8563290000000001
0.8533069999999999
0.8524450000000001
0.850842
0.848035
0.846036
0.847728
0.851153
0.8533299999999999
0.8542069999999999
0.85388
0.8522549999999999
0.849141
0.844398
0.8379459999999999
0.8329219999999999
0.829982
0.826191
0.821216
0.8177800000000001
0.818175
0.819751
0.820141
0.8194110000000001
0.8177409999999999
0.815167
0.811595
0.8068890000000001
0.803838
0.803017
0.80167
0.7992520000000001
0.796702
0.79728
0.800006
0.8014979999999999
0.801725
0.800884
0.799139
0.7965800000000001
0.7931590000000001
0.7913180000000001
0.7914439999999999
0.791029
0.7896989999999999
0.7876529999999999
0.789038
0.793723
0.797245
0.7993140000000001
0.8001159999999999
0.799884
0.798826
0.797002
0.794363
0.793657
0.795379
0.79676
0.797261
0.798218
0.802424
0.808129
0.812051
0.8143279999999999
0.815413
0.815585
0.814918
0.813311
0.810649
0.8097770000000001
0.811127
0.811751
0.811125
0.810855
0.813754
0.818075
0.820735
0.821728
0.8212959999999999
0.8196030000000001
0.81667
0.812321
0.806361
0.8016409999999999
0.7988350000000001
0.7954
0.791139
0.787994
0.788671
0.791289
0.7929189999999999
0.7934640000000001
0.793025
0.791552
0.788821
0.784558
0.7786810000000001
0.774148
0.77163
0.768486
0.764379
0.761534
0.762451
0.765131
0.767176
0.768638
0.769691
0.770295
0.770181
0.768991
0.768985
0.770438
0.77084
0.769947
0.768446
0.7699020000000001
0.773783
0.776452
0.778007
0.77883
0.779103
0.778794
0.77775
0.775795
0.775458
0.7771710000000001
0.778295
0.778293
0.778482
0.781724
0.786512
0.789695
0.7912779999999999
0.791613
0.790963
0.789439
0.787038
0.78372
0.782281
0.78322
0.78373
0.7832600000000001
0.783747
0.787573
0.792543
0.795953
0.797862
0.798592
0.7982199999999999
0.796538
0.793284
0.7883399999999999
0.784503
0.782512
0.77995
0.776522
0.7739020000000001
0.775048
0.778366
0.780701
0.781874
0.781892
0.780628
0.777928
0.773727
0.770511
0.7687729999999999
0.766215
0.76265
0.7586390000000001
0.75813
0.760925
0.763092
0.764496
0.765271
0.765412
0.764788
0.763162
0.762547
0.763292
0.76335
0.762544
0.76093
0.761476
0.7652359999999999
0.7691600000000001
0.7721359999999999
0.774234
0.775524
0.7760130000000001
0.775617
0.7741779999999999
0.7739189999999999
0.775297
0.776104
0.775982
0.774965
0.7769510000000001
0.782196
0.786481
0.789337
0.791063
0.791931
0.7920510000000001
0.791327
0.789569
0.789146
0.79045
0.791003
0.7903789999999999
0.788862
0.7903680000000001
0.794625
0.79757
0.7993020000000001
0.800187
0.800315
0.7995479999999999
0.7975899999999999
0.7942130000000001
0.7918970000000001
0.7912279999999999
0.789922
0.7877069999999999
0.78489
0.785461
0.789187
0.791779
0.793009
0.793006
0.79186
0.789592
0.786084
0.781234
0.777552
0.775694
0.7735350000000001
0.770883
0.767979
0.7687039999999999
0.772839
0.776157
0.778439
0.7797930000000001
0.780189
0.779458
0.777456
0.774193
0.772139
0.77181
0.7709699999999999
0.7693439999999999
0.76732
0.768964
0.774107
0.77854
0.782037
0.7847189999999999
0.786557
0.787346
0.78682
0.787076
0.7885270000000001
0.7891060000000001
0.788675
0.787359
0.788007
0.791821
0.7958069999999999
0.798652
0.8005220000000001
0.8015899999999999
0.801875
0.801283
0.7996449999999999
0.796806
0.79533
0.795767
0.795611
0.794366
0.792996
0.794916
0.799087
0.80189
0.803305
0.803573
0.802798
0.8010189999999999
0.7982199999999999
0.794374
0.792148
0.7920689999999999
0.791564
0.790181
0.788691
0.7904770000000001
0.794711
0.79779
0.799579
0.800098
0.7992560000000001
0.796926
0.7930649999999999
0.790096
0.788668
0.7867430000000001
0.7841229999999999
0.7809560000000001
0.7801739999999999
0.782925
0.786101
0.7882100000000001
0.7891279999999999
0.788894
0.7875939999999999
0.7852140000000001
0.7816609999999999
0.7792939999999999
0.7787109999999999
0.777842
0.776501
0.774741
0.7762439999999999
0.7812720000000001
0.785734
0.789047
0.791334
0.792686
0.793094
0.79246
0.790744
0.790446
0.7920689999999999
0.793225
0.793492
0.792812
0.7951020000000001
0.800588
0.805068
0.808191
0.810184
0.811168
0.811077
0.809718
0.806914
0.805082
0.804809
0.803913
0.8021050000000001
0.799341
0.7997029999999999
0.803301
0.805818
0.807132
0.807503
0.8069890000000001
0.805491
0.802848
0.798949
0.7963319999999999
0.795521
0.794075
0.7916
0.7884
0.788542
0.7918689999999999
0.794188
0.795373
0.79565
0.795147
0.793906
0.79185
0.788886
0.787479
0.788133
0.788446
0.78793
0.786443
0.787808
0.7921279999999999
0.795219
0.796884
0.797416
0.796949
0.795508
0.7930560000000001
0.791876
0.792567
0.793078
0.793061
0.792458
0.793454
0.7975399999999999
0.802167
0.805427
0.8072739999999999
0.807866
0.807384
0.805845
0.803095
0.7990470000000001
0.796358
0.795758
0.794995
0.7937109999999999
0.792509
0.794864
0.799979
0.803986
0.8067840000000001
0.808525
0.809177
0.808579
0.8066369999999999
0.8058270000000001
0.806611
0.806584
0.8053939999999999
0.803108
0.802726
0.805531
0.8086220000000001
0.810828
0.812272
0.813028
0.81297
0.811815
0.8092590000000001
0.807442
0.806924
0.805765
0.8037529999999999
0.8008649999999999
0.799768
0.8018350000000001
0.8042590000000001
0.805635
0.80613
0.805872
0.804867
0.803082
0.800495
0.799528
0.800606
0.8012779999999999
0.801021
0.79974
0.800879
0.805111
0.808802
0.811244
0.812709
0.813419
0.8134640000000001
0.812753
0.81111
0.810779
0.812176
0.8129850000000001
0.812775
0.811495
0.812067
0.81567
0.819241
0.821565
0.8228
0.823009
0.822109
0.819947
0.816457
0.8141930000000001
0.8137909999999999
0.812976
0.811384
0.808995
0.809304
0.812926
0.816067
0.817897
0.818628
0.818503
0.817537
0.815523
0.812267
0.8101970000000001
0.809898
0.80916
0.807692
0.805478
0.806164
0.810355
0.8142050000000001
0.816974
0.818724
0.8194299999999999
0.81894
0.817121
0.8139890000000001
0.812013
0.811732
0.8109430000000001
0.809339
0.806964
0.8073060000000001
0.811186
0.814951
0.817647
0.819384
0.820191
0.819946
0.818466
0.8156220000000001
0.813932
0.814036
0.813617
0.812233
0.809846
0.810357
0.814348
0.817926
0.8206100000000001
0.822528
0.8236889999999999
0.8239690000000001
0.82315
0.8210139999999999
0.8199709999999999
0.820475
0.820098
0.81855
0.8160270000000001
0.8166220000000001
0.8207139999999999
0.8241149999999999
0.82632
0.827512
0.827836
0.827275
0.8256870000000001
0.822974
0.8216469999999999
0.82219
0.822141
0.8210639999999999
0.818897
0.819443
0.823139
0.825991
0.8275049999999999
0.82785
0.827142
0.8253790000000001
0.8225040000000001
0.818549
0.816125
0.815769
0.815081
0.8136909999999999
0.8115640000000001
0.812796
0.817435
0.8209420000000001
0.822995
0.8238639999999999
0.8236540000000001
0.8222430000000001
0.819465
0.815287
0.8124180000000001
0.811617
0.810603
0.809009
0.8069149999999999
0.8084720000000001
0.813551
0.817603
0.8203309999999999
0.8218260000000001
0.8220879999999999
0.8210770000000001
0.818772
0.815131
0.8127439999999999
0.812195
0.811076
0.809085
0.806686
0.807955
0.812599
0.816367
0.819067
0.820807
0.821556
0.8211579999999999
0.819409
0.816242
0.8144520000000001
0.81466
0.814292
0.81292
0.811168
0.812901
0.8176329999999999
0.8213379999999999
0.823807
0.8251879999999999
0.825565
0.8249
0.8230559999999999
0.8199200000000001
0.81814
0.81822
0.817619
0.81605
0.814144
0.815645
0.819943
0.8229860000000001
0.824682
0.825335
0.825089
0.8239059999999999
0.821679
0.818318
0.816455
0.816577
0.81608
0.8145220000000001
0.812412
0.813581
0.817578
0.82037
0.821781
0.8220069999999999
0.8211579999999999
0.819259
0.816332
0.812381
0.810102
0.810038
0.809609
0.808349
0.806888
0.808752
0.813104
0.816037
0.817546
0.8178989999999999
0.817149
0.815237
0.812112
0.80784
0.805289
0.8050609999999999
0.804519
0.8032060000000001
0.802103
0.8045640000000001
0.809476
0.8130850000000001
0.815185
0.8158979999999999
0.815337
0.813584
0.810593
0.806292
0.8035
0.802846
0.801774
0.799974
0.79886
0.801501
0.8064439999999999
0.810282
0.812833
0.814189
0.8143630000000001
0.813243
0.810652
0.8065399999999999
0.80385
0.803217
0.8019390000000001
0.799603
0.797812
0.79957
0.803383
0.806168
0.807864
0.808655
0.8085939999999999
0.807561
0.805343
0.8043600000000001
0.804974
0.8046770000000001
0.8032520000000001
0.800822
0.801495
0.8052729999999999
0.807825
0.809109
0.809447
0.8089970000000001
0.807757
0.8056399999999999
0.802549
0.800972
0.8013819999999999
0.801316
0.800345
0.798541
0.799905
0.804283
0.807293
0.808757
0.808983
0.8082229999999999
0.806616
0.804211
0.801018
0.799686
0.800708
0.801458
0.801401
0.800982
0.803755
0.809002
0.812705
0.81482
0.815753
0.815702
0.814581
0.812182
0.8083670000000001
0.8058350000000001
0.805272
0.804251
0.802408
0.800474
0.802095
0.806527
0.809816
0.811752
0.812439
0.811944
0.810281
0.807311
0.802855
0.7996260000000001
0.798289
0.796428
0.793794
0.791639
0.793104
0.7969350000000001
0.799766
0.801552
0.8024560000000001
0.8024720000000001
0.8014319999999999
0.799094
0.795359
0.793036
0.792717
0.791791
0.78986
0.7881739999999999
0.789995
0.7942060000000001
0.797487
0.799793
0.801313
0.802046
0.801805
0.8003560000000001
0.797555
0.796067
0.7963859999999999
0.795937
0.794411
0.7931060000000001
0.795187
0.799384
0.802337
0.804068
0.804909
0.804988
0.804203
0.802374
0.799374
0.7979189999999999
0.798474
0.7982520000000001
0.796728
0.795502
0.797691
0.8018109999999999
0.8046840000000001
0.8062229999999999
0.806659
0.806163
0.804747
0.8022560000000001
0.7985329999999999
0.796327
0.7962229999999999
0.7955720000000001
0.7939229999999999
0.792824
0.795122
0.7991159999999999
0.801692
0.802871
0.802856
0.801683
0.7993100000000001
0.795694
0.793424
0.793094
0.7923439999999999
0.790877
0.788855
0.7903060000000001
0.795079
0.79877
0.801089
0.8021050000000001
0.801828
0.800289
0.797533
0.7935180000000001
0.7907270000000001
0.789729
0.788258
0.78613
0.784033
0.785755
0.790665
0.794601
0.7973359999999999
0.799018
0.799692
0.799246
0.79748
0.794331
0.792574
0.792792
0.792387
0.790932
0.789503
0.7915770000000001
0.796205
0.799793
0.802238
0.803776
0.8045140000000001
0.804334
0.8052010000000001
0.807266
0.8082
0.807667
0.8058529999999999
0.804609
0.806308
0.809317
0.8112560000000001
0.812122
0.812081
0.8112739999999999
0.811525
0.813117
0.814214
0.8144640000000001
0.81395
0.812806
0.812865
0.815846
0.8196700000000001
0.822153
0.823255
0.823183
0.822133
0.821836
0.822767
0.8235979999999999
0.824247
0.8248409999999999
0.825371
0.8258110000000001
0.829269
0.835363
0.840241
0.84357
0.845508
0.8463780000000001
0.8465469999999999
0.8476469999999999
0.849843
0.851491
0.8522790000000001
0.8523350000000001
0.851809
0.850642
0.8521129999999999
0.8563270000000001
0.8597299999999999
0.862192
0.8639479999999999
0.865065
0.865395
0.866266
0.8678239999999999
0.868506
0.868091
0.866675
0.864383
0.8619530000000001
0.862309
0.864842
0.866642
0.867834
0.8686940000000001
0.869242
0.870768
0.8733
0.875181
0.8760680000000001
0.8760760000000001
0.875425
0.874166
0.8742030000000001
0.876742
0.879642
0.881624
0.882978
0.883949
0.8845200000000001
0.885925
0.888309
0.890288
0.8917010000000001
0.892652
0.893124
0.892892
0.892963
0.895595
0.899651
0.902854
0.9052950000000001
0.9071239999999999
0.908306
0.910192
0.913121
0.9158290000000001
0.918135
0.920035
0.921393
0.9219219999999999
0.9222969999999999
0.92505
0.929375
0.932808
0.9355549999999999
0.9377639999999999
0.9392799999999999
0.9398639999999999
0.9409559999999999
0.942851
0.94409
0.944524
0.944176
0.9429559999999999
0.940781
0.9405540000000001
0.9434469999999999
0.946642
0.949023
0.950541
0.951149
0.950683
0.950631
0.951356
0.9513969999999999
0.950569
0.9489690000000001
0.946709
0.94381
0.9427180000000001
0.9448340000000001
0.947692
0.9498049999999999
0.951011
0.9511569999999999
0.9501040000000001
0.949421
0.949636
0.9494239999999999
0.9485629999999999
0.9470780000000001
0.944974
0.9422
0.940817
0.942785
0.9461219999999999
0.948866
0.950896
0.952152
0.9538610000000001
0.9562280000000001
0.957965
0.95893
0.959269
0.9590270000000001
0.95814
0.9565440000000001
0.957464
0.961417
0.965101
0.968032
0.970301
0.971857
0.973972
0.97693
0.9794280000000001
0.981151
0.9820209999999999
0.9819889999999999
0.9810559999999999
0.9792780000000001
0.980108
0.983975
0.987384
0.989886
0.991518
0.9923040000000001
0.9922790000000001
0.993108
0.995115
0.996706
0.997611
0.997818
0.997251
0.995783
0.995833
0.999008
1.002846
1.005654
1.0073379999999998
1.007882
1.007221
1.0070299999999999
1.00783
1.008191
1.0079040000000001
1.007019
1.005584
1.0035319999999999
1.002413
1.004194
1.007017
1.0086190000000002
1.009039
1.00837
1.006584
1.0053219999999998
1.005016
1.004204
1.0027540000000001
1.000881
0.9987030000000001
0.996142
0.9946510000000001
0.996391
0.999677
1.002037
1.003348
1.0036180000000001
1.002856
1.002795
1.00387
1.0045600000000001
1.00465
1.004192
1.0031649999999999
1.00149
1.000731
1.003098
1.006966
1.010023
1.012224
1.013569
1.013942
1.014894
1.016809
1.018254
1.019026
1.019087
1.018377
1.0168030000000001
1.015836
1.0177120000000002
1.02093
1.0232219999999999
1.024576
1.025024
1.024522
1.024789
1.0261850000000001
1.027034
1.027045
1.0262950000000002
1.0248950000000001
1.0227979999999999
1.0218180000000001
1.023796
1.026709
1.0285090000000001
1.029213
1.0289979999999999
1.02796
1.026071
1.025316
1.026141
1.026626
1.026385
1.025336
1.0234219999999998
1.020853
1.0214219999999998
1.024923
1.027391
1.028761
1.029187
1.028676
1.027234
1.0269190000000001
1.028127
1.028846
1.028699
1.027682
1.0257450000000001
1.022757
1.022432
1.025073
1.026894
1.02769
1.027584
1.026597
1.024674
1.023717
1.024147
1.024194
1.023654
1.022542
1.020793
1.018266
1.0186549999999999
1.022054
1.024393
1.025398
1.02531
1.024348
1.022572
1.021967
1.022937
1.0235379999999998
1.023419
1.022573
1.021012
1.018756
1.01965
1.023654
1.026681
1.028605
1.029511
1.029357
1.028095
1.027762
1.028759
1.029102
1.0284879999999998
1.0270139999999999
1.02472
1.021551
1.021562
1.024894
1.02735
1.028775
1.0293
1.028918
1.027495
1.02692
1.027507
1.0273139999999998
1.026174
1.024205
1.021398
1.018086
1.01787
1.020377
1.021884
1.022506
1.022527
1.021954
1.020632
1.020465
1.021708
1.022237
1.0216889999999998
1.020184
1.017886
1.0153809999999999
1.015997
1.019111
1.0211709999999998
1.0221719999999999
1.022303
1.02165
1.020155
1.019758
1.020797
1.021304
1.021026
1.0199850000000001
1.0180719999999999
1.0158559999999999
1.0165879999999998
1.019626
1.0216049999999999
1.022533
1.022598
1.021796
1.01996
1.019133
1.01983
1.020118
1.0197049999999999
1.018621
1.0168139999999999
1.015269
1.016815
1.020251
1.022486
1.0235969999999999
1.02383
1.023174
1.02144
1.0206389999999999
1.021172
1.021009
1.019927
1.0181040000000001
1.0156049999999999
1.013617
1.01494
1.018274
1.020592
1.021815
1.0219690000000001
1.021013
1.01892
1.017798
1.018033
1.017586
1.0162209999999998
1.014025
1.011033
1.008729
1.009829
1.0128190000000001
1.014843
1.0159049999999998
1.016086
1.0152700000000001
1.0132459999999999
1.012044
1.0121440000000002
1.0116450000000001
1.010351
1.008317
1.005541
1.003731
1.005197
1.008124
1.010135
1.0113290000000001
1.0117639999999999
1.011336
1.01188
1.0136290000000001
1.014573
1.014429
1.013371
1.011606
1.0091510000000001
1.0096450000000001
1.013216
1.0158989999999999
1.017414
1.017978
1.017747
1.016714
1.016715
1.018025
1.018756
1.0187
1.017925
1.016358
1.013976
1.014514
1.017888
1.020157
1.021309
1.021595
1.021084
1.019672
1.017255
1.0162229999999999
1.0171370000000002
1.017781
1.017794
1.0171270000000001
1.0155610000000002
1.015824
1.019131
1.0224010000000001
1.024353
1.025241
1.0251370000000002
1.023854
1.021205
1.019506
1.01929
1.018426
1.016745
1.014377
1.011307
1.010225
1.012613
1.015543
1.017263
1.017688
1.016686
1.0141129999999998
1.012092
1.011147
1.009395
1.00671
1.003266
0.999115
0.9951620000000001
0.9946879999999999
0.996878
0.998346
0.9989889999999999
0.9988879999999999
0.99798
0.996132
0.995297
0.995892
0.996073
0.9956360000000001
0.994555
0.992706
0.991167
0.9926870000000001
0.996043
0.9984149999999999
0.9999299999999999
1.00075
1.000889
1.000305
1.001044
1.0034399999999999
1.005352
1.0063540000000002
1.006437
1.005619
1.005305
1.007947
1.011949
1.0146110000000002
1.015968
1.01621
1.015465
1.01371
1.013082
1.014022
1.014428
1.01395
1.012565
1.010198
1.0088709999999999
1.01062
1.01334
1.014923
1.015413
1.014883
1.0132459999999999
1.010312
1.008325
1.007866
1.0068540000000001
1.005028
1.002497
0.999275
0.997734
0.999426
1.001678
1.002725
1.002773
1.001948
1.000134
0.997175
0.99525
0.994865
0.994034
0.992613
0.990677
0.988074
0.986743
0.988561
0.9912690000000001
0.9927520000000001
0.9930620000000001
0.992309
0.990542
0.9898319999999999
0.990617
0.991
0.990727
0.989833
0.98824
0.9862360000000001
0.987419
0.991467
0.9946229999999999
0.99682
0.9982030000000001
0.998713
0.998172
0.998444
0.999819
1.000385
1.000068
0.9990680000000001
0.9973989999999999
0.996002
0.997763
1.0015459999999998
1.004256
1.006034
1.007096
1.007418
1.0068700000000002
1.007474
1.00952
1.01082
1.010972
1.009922
1.0076399999999999
1.005611
1.0064520000000001
1.008678
1.009676
1.009611
1.008681
1.0069299999999999
1.004332
1.002926
1.003056
1.002675
1.001479
0.999452
0.996474
0.993784
0.9940040000000001
0.995809
0.996497
0.996057
0.9945870000000001
0.992088
0.988492
0.985958
0.9851040000000001
0.984057
0.98254
0.9805510000000001
0.9780110000000001
0.976669
0.9785459999999999
0.981585
0.983468
0.984301
0.984309
0.983492
0.9836530000000001
0.985075
0.9858540000000001
0.9857030000000001
0.9847459999999999
0.9831540000000001
0.980967
0.981981
0.9862719999999999
0.989816
0.9924280000000001
0.9941840000000001
0.9950120000000001
0.994756
0.995274
0.996983
0.998059
0.9982610000000001
0.997684
0.9963139999999999
0.9943649999999999
0.9953420000000001
0.998942
1.001485
1.002991
1.003709
1.003717
1.002909
1.003187
1.004809
1.005667
1.005459
1.004317
1.002255
1.000075
1.0007840000000001
1.003458
1.004937
1.0053379999999998
1.0049549999999998
1.0038209999999999
1.001747
1.000556
1.000577
0.999898
0.99826
0.995735
0.9923930000000001
0.9888959999999999
0.988607
0.990857
0.992092
0.992295
0.991606
0.990016
0.987469
0.985942
0.9858180000000001
0.985186
0.9838049999999999
0.981727
0.978876
0.976234
0.9766040000000001
0.978943
0.9804649999999999
0.9812870000000001
0.981518
0.981081
0.979772
0.979461
0.9805219999999999
0.9810979999999999
0.9810030000000001
0.9802770000000001
0.978872
0.978331
0.980967
0.985009
0.987876
0.98955
0.9901549999999999
0.989751
0.9902049999999999
0.991834
0.992848
0.9930530000000001
0.992517
0.991258
0.989259
0.990072
0.993941
0.997043
0.9989889999999999
0.9999020000000001
0.999762
0.9984379999999999
0.9957469999999999
0.993783
0.9931409999999999
0.9919450000000001
0.9899690000000001
0.987281
0.9838129999999999
0.981883
0.983284
0.9856520000000001
0.9872549999999999
0.988174
0.988416
0.9878
0.9880629999999999
0.9894229999999999
0.9899100000000001
0.9892989999999999
0.9877790000000001
0.985433
0.9823139999999999
0.982118
0.9847959999999999
0.986503
0.9872350000000001
0.987244
0.986555
0.984985
0.9841790000000001
0.9844569999999999
0.984124
0.982964
0.9810120000000001
0.978201
0.974418
0.9736549999999999
0.9760409999999999
0.97746
0.9778540000000001
0.977402
0.9760969999999999
0.9738979999999999
0.9729110000000001
0.9736540000000001
0.974226
0.9743440000000001
0.974007
0.9730790000000001
0.972785
0.975483
0.979599
0.9825200000000001
0.984403
0.985409
0.985461
0.9844120000000001
0.9841610000000001
0.9850780000000001
0.985325
0.984793
0.9836389999999999
0.981851
0.980532
0.982404
0.9861469999999999
0.988718
0.990029
0.990183
0.989217
0.988906
0.9895200000000001
0.9893
0.988082
0.986
0.9831479999999999
0.9795959999999999
0.9787020000000001
0.9809459999999999
0.9827959999999999
0.983685
0.983786
0.983124
0.9815799999999999
0.980843
0.9812360000000001
0.981107
0.9803229999999999
0.978984
0.977103
0.974535
0.9746790000000001
0.977852
0.9804639999999999
0.9822569999999999
0.983397
0.9839040000000001
0.983664
0.9843360000000001
0.986175
0.987397
0.98774
0.987302
0.9861709999999999
0.984241
0.9848549999999999
0.9883940000000001
0.991239
0.9929540000000001
0.99371
0.9935950000000001
0.992533
0.992289
0.993232
0.9935959999999999
0.9931049999999999
0.991749
0.98945
0.986287
0.986118
0.988924
0.9907540000000001
0.991533
0.991432
0.9904350000000001
0.988439
0.9874069999999999
0.987786
0.987692
0.9868450000000001
0.985301
0.98303
0.980617
0.9811629999999999
0.9839100000000001
0.985567
0.9862479999999999
0.9861489999999999
0.9852350000000001
0.983406
0.982534
0.982994
0.9829969999999999
0.982411
0.981359
0.9797870000000001
0.978037
0.9793719999999999
0.9832049999999999
0.985914
0.987391
0.9877379999999999
0.986999
0.9869889999999999
0.9881110000000001
0.9887319999999999
0.988657
0.9879479999999999
0.9865799999999999
0.9844879999999999
0.98385
0.986284
0.989507
0.991823
0.9932860000000001
0.993927
0.993627
0.99397
0.9952549999999999
0.9959129999999999
0.9957809999999999
0.9948940000000001
0.993236
0.9907309999999999
0.9899459999999999
0.992167
0.994814
0.9966889999999999
0.997869
0.9983569999999999
0.9980549999999999
0.998642
1.000364
1.001401
1.001441
1.000565
0.9988819999999999
0.996332
0.9956290000000001
0.997834
1.000075
1.001269
1.0015530000000001
1.001076
0.999841
0.999554
1.000541
1.001079
1.000867
0.9998600000000001
0.997959
0.9949979999999999
0.993885
0.9957520000000001
0.997663
0.998604
0.998669
0.997868
0.996064
0.995042
0.9952700000000001
0.9950950000000001
0.994296
0.9929309999999999
0.9909889999999999
0.988324
0.9883569999999999
0.991418
0.993851
0.995338
0.9960190000000001
0.995809
0.994556
0.994066
0.9947370000000001
0.9948610000000001
0.9943069999999999
0.993207
0.991516
0.989059
0.9893430000000001
0.9927469999999999
0.9955299999999999
0.9972409999999999
0.9979629999999999
0.997735
0.996577
0.996339
0.997375
0.997916
0.997685
0.996656
0.9947870000000001
0.9920629999999999
0.992366
0.9959549999999999
0.9988969999999999
1.000964
1.002217
1.002538
1.0017260000000001
1.00157
1.0025
1.002839
1.002413
1.0012729999999999
0.9994219999999999
0.9968299999999999
0.997297
1.000824
1.003439
1.005096
1.0059040000000001
1.0058129999999998
1.0047139999999999
1.004432
1.005296
1.005433
1.004617
1.003018
1.000666
0.9974559999999999
0.9972280000000001
1.000047
1.001889
1.00272
1.002777
1.002102
1.000542
0.999862
1.000412
1.0003549999999999
0.99939
0.9975139999999999
0.9946889999999999
0.9910979999999999
0.9906149999999999
0.993173
0.99485
0.9955719999999999
0.995466
0.9944709999999999
0.9942409999999999
0.995167
0.9957010000000001
0.9956520000000001
0.995075
0.9939549999999999
0.992157
0.9914639999999999
0.9935350000000001
0.996245
0.9977280000000001
0.998179
0.9977879999999999
0.9965709999999999
0.9962260000000001
0.9970690000000001
0.9974299999999999
0.997107
0.99626
0.99495
0.993042
0.992915
0.9958440000000001
0.999158
1.001387
1.0025549999999999
1.002751
1.0020229999999999
1.002155
1.0034049999999999
1.0039870000000002
1.00371
1.002701
1.001036
0.99872
0.9989020000000001
1.0022440000000001
1.0053729999999999
1.007483
1.0086680000000001
1.008882
1.007937
1.007509
1.0079870000000002
1.007788
1.00678
1.00505
1.002617
0.9993700000000001
0.998343
1.000317
1.002153
1.0031729999999999
1.00353
1.003219
1.002083
1.001806
1.002646
1.002761
1.001881
1.000127
0.997635
0.9943799999999999
0.9938239999999999
0.9964290000000001
0.9985780000000001
0.9997959999999999
1.0002
0.9998360000000001
0.99864
0.998393
0.999461
1.0001010000000001
1.0000639999999998
0.99934
0.997816
0.995358
0.9955379999999999
0.9987879999999999
1.001369
1.0028290000000002
1.003331
1.002913
1.00153
1.0010940000000002
1.0020790000000002
1.0026959999999998
1.002609
1.001795
1.000183
0.997604
0.997763
1.000848
1.002998
1.004162
1.00454
1.0040870000000002
1.002675
1.002142
1.0028219999999999
1.002879
1.002154
1.0008190000000001
0.998906
0.996518
0.997326
1.001109
1.003858
1.005396
1.0058
1.005103
1.003358
1.002537
1.0030569999999999
1.003115
1.002453
1.001064
0.9988969999999999
0.996158
0.996539
0.999811
1.00211
1.0033809999999999
1.003754
1.003168
1.0014610000000002
1.000546
1.000923
1.000773
0.999768
0.997923
0.995266
0.992192
0.992258
0.9951629999999999
0.997281
0.998499
0.998856
0.998281
0.998449
0.9996079999999999
0.9999979999999999
0.9993790000000001
0.997908
0.995778
0.9930180000000001
0.9917520000000001
0.993517
0.9959709999999999
0.9973629999999999
0.997751
0.99734
0.996243
0.996199
0.997501
0.9984280000000001
0.998677
0.998207
0.996916
0.9946149999999999
0.9938440000000001
0.9959809999999999
0.9984270000000001
0.9999120000000001
1.0005879999999998
1.0005540000000002
0.9997280000000001
0.999856
1.001307
1.002338
1.002675
1.002357
1.001383
0.99961
1.000124
1.003476
1.0063030000000002
1.008025
1.008801
1.008577
1.0072139999999998
1.006507
1.006858
1.006593
1.0056260000000001
1.004127
1.002066
0.9992469999999999
0.9989319999999999
1.001638
1.003808
1.004809
1.0047409999999999
1.003671
1.001617
1.000436
1.000477
0.999959
0.998649
0.996576
0.9937440000000001
0.9901690000000001
0.989771
0.9927600000000001
0.995175
0.996849
0.997835
0.9979790000000001
0.997036
0.9967299999999999
0.9974709999999999
0.997624
0.997051
0.995827
0.993941
0.991258
0.9914790000000001
0.994778
0.9972790000000001
0.998864
0.9996870000000001
0.9997389999999999
0.998927
0.999067
1.000483
1.001298
1.001233
1.000381
0.9987
0.9961059999999999
0.996368
0.99951
1.001637
1.002765
1.003149
1.002838
1.0016690000000001
1.0014379999999998
1.002478
1.002901
1.002407
1.001001
0.998649
0.9957809999999999
0.99605
0.999125
1.001292
1.002461
1.002716
1.001962
1.0000879999999999
0.999102
0.999548
0.9996389999999999
0.9991200000000001
0.9980030000000001
0.996174
0.993866
0.9944370000000001
0.997411
0.999192
0.99989
0.9997389999999999
0.998742
0.998603
0.999616
1.000039
0.9996229999999999
0.9984870000000001
0.9967
0.994209
0.993075
0.9949620000000001
0.997642
0.999273
0.999833
0.9994069999999999
0.998065
0.997519
0.998015
0.9978809999999999
0.996984
0.9954930000000001
0.993489
0.9909540000000001
0.9904629999999999
0.993135
0.996116
0.998066
0.9990629999999999
0.999149
0.998238
0.9980629999999999
0.9990209999999999
0.999495
0.999291
0.9984350000000001
0.996901
0.994556
0.994491
0.997391
1.00005
1.0019049999999998
1.003125
1.003684
1.0033860000000001
1.003846
1.005254
1.0057399999999999
1.005044
1.003336
1.000823
0.997532
0.996876
0.999397
1.001527
1.002665
1.0029059999999999
1.002291
1.000746
1.0001
1.0007409999999999
1.000895
1.000326
0.999034
0.996917
0.993923
0.9939120000000001
0.9968940000000001
0.9988360000000001
0.9996809999999999
0.999656
0.998818
0.997117
0.996467
0.997296
0.997757
0.9975219999999999
0.9965930000000001
0.994915
0.992316
0.992562
0.995748
0.9979299999999999
0.99913
0.99954
0.9991030000000001
0.9976870000000001
0.9970829999999999
0.997655
0.997662
0.996984
0.995793
0.9940979999999999
0.991818
0.992717
0.996708
0.999662
1.001415
1.002061
1.001641
1.000193
0.9996790000000001
1.000502
1.0008270000000001
1.000372
0.9991209999999999
0.99703
0.994503
0.995129
0.998552
1.0011
1.00273
1.0035370000000001
1.0034040000000002
1.002117
1.001563
1.002225
1.002271
1.001395
0.9996379999999999
0.9970379999999999
0.994124
0.994337
0.9972280000000001
0.999266
1.000334
1.000469
0.999613
0.9994709999999999
1.000335
1.000481
0.9996780000000001
0.998072
0.995825
0.9929319999999999
0.9914940000000001
0.99303
0.995192
0.9962489999999999
0.9962850000000001
0.9955219999999999
0.994082
0.9936959999999999
0.99466
0.9952700000000001
0.995231
0.9945069999999999
0.9930049999999999
0.990549
0.989706
0.9918530000000001
0.9943770000000001
0.995991
0.99682
0.996933
0.9962290000000001
0.996433
0.997922
0.998985
0.999368
0.999114
0.9982209999999999
0.9965430000000001
0.9971459999999999
1.000592
1.003536
1.00539
1.006314
1.006256
1.00508
1.0045870000000001
1.0051729999999999
1.005139
1.004376
1.0030379999999999
1.001093
0.9983540000000001
0.9981979999999999
1.0010649999999999
1.00329
1.004341
1.004312
1.003258
1.00119
0.9999899999999999
1.0000209999999998
0.9994930000000001
0.9981899999999999
0.996157
0.99341
0.990044
0.9899600000000001
0.9931760000000001
0.995693
0.997403
0.9983549999999999
0.998402
0.997316
0.99685
0.997434
0.9974459999999999
0.9967530000000001
0.995425
0.993447
0.9906780000000001
0.990842
0.994085
0.996509
0.9980379999999999
0.9988290000000001
0.99887
0.998057
0.998181
1.007892
1.060624
1.1425239999999999
1.2131809999999998
1.261371
1.271598
1.268101
1.283504
1.325452
1.39059
1.453694
1.4940879999999999
1.508843
1.5076319999999999
1.513123
1.538039
1.579027
1.621875
1.6486560000000001
1.6538220000000001
1.645603
1.6441139999999999
1.662695
1.696088
1.732504
1.7587700000000002
1.768832
1.774073
1.785875
1.807336
1.8393599999999999
1.8744040000000002
1.902221
1.9169889999999998
1.921229
1.923618
1.932362
1.949716
1.970855
1.987814
1.99952
2.0074400000000003
2.013327
2.023072
2.039181
2.058554
2.074926
2.08359
2.084701
2.0870900000000003
2.096666
2.111425
2.128704
2.143754
2.1525279999999998
2.154384
2.152307
2.150568
2.155214
2.166211
2.177085
2.184314
2.1872849999999997
2.188012
2.1894259999999997
2.1931540000000003
2.198309
2.205146
2.2130799999999997
2.2182939999999998
2.220361
2.222315
2.226307
2.232052
2.237193
2.23902
2.236256
2.234239
2.235861
2.2385650000000004
2.24215
2.24566
2.247541
2.2467330000000003
2.243364
2.240686
2.2424880000000003
2.2461580000000003
2.247459
2.245495
2.240294
2.2326599999999996
2.223734
2.21429
2.204213
2.196797
2.191566
2.18372
2.1729979999999998
2.160568
2.147607
2.134589
2.121221
2.1078930000000002
2.097824
2.0895639999999998
2.0792610000000002
2.067483
2.054866
2.041409
2.026591
2.0139709999999997
2.0038259999999997
1.992214
1.9793880000000001
1.966386
1.953705
1.940996
1.9274799999999999
1.912563
1.900296
1.891072
1.880736
1.869091
1.8562290000000001
1.8419709999999998
1.829525
1.819259
1.8077889999999999
1.7950549999999998
1.7817180000000001
1.7681619999999998
1.7542119999999999
1.7393509999999999
1.723589
1.710407
1.699401
1.6869880000000002
1.6733959999999999
1.6588939999999999
1.643386
1.630552
1.620624
1.609357
1.596342
1.582223
1.567608
1.552645
1.541388
1.533642
1.524413
1.513295
1.500902
1.48769
1.473596
1.458129
1.445106
1.434733
1.422657
1.408954
1.394628
1.3812010000000001
1.372566
1.36656
1.357673
1.345745
1.3316709999999998
1.316431
1.3005229999999999
1.283817
1.265715
1.250275
1.237898
1.224076
1.208713
1.193519
1.183099
1.175469
1.164917
1.151329
1.135701
1.119216
1.1025530000000001
1.085621
1.067693
1.052684
1.040678
1.0267950000000001
1.010951
0.9998610000000001
0.99371
0.985677
0.97496
0.9617829999999999
0.946825
0.930834
0.9142680000000001
0.897056
0.878705
0.863558
0.8519680000000001
0.8390290000000001
0.828508
0.822766
0.81743
0.8098770000000001
0.79987
0.787596
0.773455
0.757976
0.7415619999999999
0.7243310000000001
0.706184
0.692005
0.682156
0.673395
0.668964
0.666546
0.661845
0.654892
0.645944
0.635141
0.622546
0.6082850000000001
0.592501
0.575361
0.562455
0.5543640000000001
0.550932
0.551875
0.5509890000000001
0.547417
0.5417810000000001
0.53452
0.525622
0.5147649999999999
0.501631
0.486138
0.468629
0.449666
0.43545500000000004
0.42902700000000005
0.42850200000000005
0.42963199999999996
0.42726499999999995
0.42217299999999996
0.41543900000000006
0.40755
0.39831
0.387153
0.373621
0.357715
0.339962
0.32711399999999996
0.32512399999999997
0.32931900000000003
0.33229200000000003
0.33114899999999997
0.326892
0.32085199999999997
0.313865
0.306015
0.29674
0.285329
0.271466
0.25543699999999997
0.243986
0.245035
0.252252
0.256402
0.256441
0.253452
0.24860300000000002
0.242575
0.23543699999999998
0.22671999999999998
0.215862
0.202701
0.187606
0.178347
0.182869
0.193046
0.19951
0.201945
0.201408
0.198888
0.19487000000000002
0.189331
0.181873
0.172152
0.160274
0.146778
0.140453
0.148292
0.160856
0.169485
0.174016
0.175609
0.175263
0.17338199999999998
0.16980699999999999
0.164016
0.155633
0.144808
0.132153
0.126925
0.13583900000000002
0.14901099999999998
0.158127
0.16319
0.165501
0.16612000000000002
0.165411
0.163077
0.158419
0.15093
0.140715
0.128443
0.12381099999999999
0.133609
0.147644
0.15759700000000001
0.163495
0.166681
0.168271
0.168669
0.16759200000000002
0.16433
0.158353
0.14975
0.139176
0.136096
0.14748699999999998
0.163304
0.17489100000000002
0.18219000000000002
0.186556
0.189187
0.190608
0.190645
0.188654
0.184118
0.177098
0.168204
0.158163
0.155341
0.16636199999999998
0.18143
0.191708
0.197641
0.20110799999999998
0.203493
0.20509499999999997
0.205319
0.203225
0.198312
0.190934
0.182035
0.179887
0.192119
0.209745
0.22300799999999998
0.23164200000000001
0.237143
0.24100100000000002
0.243921
0.24568099999999998
0.245402
0.242315
0.23641900000000002
0.228502
0.21959499999999998
0.216797
0.22802600000000003
0.244968
0.257272
0.265027
0.270069
0.273929
0.277057
0.278888
0.278361
0.274765
0.268345
0.260123
0.251181
0.248261
0.258527
0.27426799999999996
0.28574499999999997
0.29273499999999997
0.29730999999999996
0.301145
0.30462100000000003
0.30693899999999996
0.306792
0.303343
0.29684499999999997
0.28841
0.27919
0.27584200000000003
0.28477399999999997
0.298989
0.309587
0.315826
0.31985399999999997
0.323423
0.326896
0.32935
0.329325
0.325875
0.319211
0.31048400000000004
0.300908
0.29714
0.305105
0.31831
0.32839
0.334165
0.337814
0.341183
0.344692
0.347398
0.34775300000000003
0.344699
0.338352
0.329814
0.320302
0.316484
0.323938
0.33664
0.346655
0.35238
0.355969
0.359306
0.362858
0.365686
0.366209
0.36330100000000004
0.357012
0.348412
0.338727
0.328388
0.32309899999999997
0.328043
0.3376
0.34474299999999997
0.34863099999999997
0.351511
0.354622
0.357526
0.358756
0.356883
0.351437
0.343116
0.333177
0.328712
0.335545
0.34818899999999997
0.358736
0.364757
0.36804000000000003
0.37056500000000003
0.373196
0.375364
0.375558
0.372394
0.365535
0.35583200000000004
0.344629
0.332752
0.32636
0.330908
0.340679
0.34818699999999997
0.352117
0.354527
0.356756
0.358622
0.358858
0.35607300000000003
0.349722
0.340452
0.329606
0.318252
0.31277699999999997
0.318799
0.330088
0.33860100000000004
0.343091
0.34575100000000003
0.348215
0.350535
0.351443
0.34930500000000003
0.343242
0.333689
0.322035
0.309631
0.30316
0.308622
0.319708
0.32805500000000004
0.332328
0.334554
0.336334
0.33778
0.337692
0.334461
0.327206
0.316407
0.303579
0.296565
0.302745
0.316125
0.327588
0.33473200000000003
0.33871399999999996
0.34115999999999996
0.34302
0.344094
0.34320100000000003
0.33905100000000005
0.331198
0.320355
0.307911
0.301329
0.307579
0.32054699999999997
0.331379
0.338072
0.342036
0.344785
0.34692
0.347926
0.346567
0.34176999999999996
0.333406
0.322393
0.31007199999999996
0.303689
0.30991599999999997
0.32244
0.332475
0.338269
0.341485
0.343727
0.345502
0.346137
0.344317
0.339033
0.330307
0.31916500000000003
0.30691599999999997
0.294236
0.287233
0.292111
0.302158
0.309046
0.312427
0.31441399999999997
0.31619
0.317379
0.316639
0.312651
0.30502399999999996
0.294564
0.282679
0.27678800000000003
0.284111
0.297746
0.308195
0.314023
0.316922
0.318687
0.320062
0.320504
0.318646
0.313323
0.30444
0.293032
0.280531
0.27417199999999997
0.281109
0.294209
0.30387800000000004
0.308954
0.311212
0.312349
0.312946
0.312398
0.30945900000000004
0.30322899999999997
0.293879
0.282558
0.270592
0.265027
0.273007
0.286877
0.296723
0.30180799999999997
0.304146
0.305544
0.306553
0.306464
0.303942
0.298062
0.28902100000000003
0.277988
0.266253
0.260676
0.268217
0.281326
0.29033600000000004
0.29467600000000005
0.29644499999999996
0.297425
0.298053
0.29746999999999996
0.29425
0.287472
0.277433
0.265426
0.252837
0.246547
0.25375
0.266577
0.27507600000000004
0.279015
0.280564
0.28151
0.282238
0.28182399999999996
0.27879299999999996
0.27222199999999996
0.262443
0.250783
0.238623
0.232787
0.24065999999999999
0.25406100000000004
0.262788
0.266967
0.268863
0.270278
0.27155100000000004
0.27167800000000003
0.26910500000000004
0.262862
0.253274
0.241673
0.23578600000000002
0.244069
0.25905500000000004
0.270268
0.27670500000000003
0.279775
0.28123000000000004
0.282118
0.282354
0.280866
0.276431
0.268619
0.25806799999999996
0.246
0.23975900000000003
0.247484
0.261437
0.271262
0.276514
0.278975
0.280356
0.281371
0.2816
0.279877
0.275181
0.267394
0.257334
0.246114
0.240738
0.24893099999999999
0.262833
0.272308
0.27724499999999996
0.279721
0.281508
0.28312600000000004
0.283862
0.282356
0.27759
0.26960500000000004
0.259384
0.248088
0.242524
0.250082
0.263083
0.27170900000000003
0.275887
0.27778200000000003
0.27915700000000004
0.280411
0.280674
0.278504
0.272935
0.264162
0.253327
0.241666
0.23597600000000002
0.243748
0.25702600000000003
0.265746
0.270038
0.27215500000000004
0.27389
0.2756
0.27632199999999996
0.274537
0.26926
0.260737
0.250182
0.23886500000000002
0.227163
0.214317
0.199075
0.180647
0.15930899999999998
0.136215
0.11261199999999999
0.08906599999999999
0.065203
0.040118
0.0131
-0.011054000000000001
-0.025319
-0.029058999999999998
-0.025573
-0.018548
-0.01093
-0.004435000000000001
0.000327
0.003403
0.0050100000000000006
0.00533
0.0045509999999999995
0.0029980000000000002
0.001189
-0.00031099999999999997
-0.0011220000000000002
-0.001207
-0.000843
-0.00041799999999999997
-0.000197
-0.000207
-0.00028399999999999996
-0.000244
-3.3e-05
0.000242
0.001739
0.0038689999999999996
0.0042829999999999995
0.003078
0.0016010000000000002
0.0006349999999999999
0.00011100000000000001
-0.000231
-0.000576
-0.000904
-0.001045
-0.000868
-0.00041500000000000006
0.000101
0.000429
0.00044400000000000006
0.000217
-5.4000000000000005e-05
-0.000181
-0.00010800000000000001
7.099999999999999e-05
0.0002
0.000181
3.3e-05
-0.000133
-0.000199
-0.000129
1.9e-05
0.000136
0.000145
5.2000000000000004e-05
-6.8e-05
-0.000131
-0.0001
-7.000000000000001e-06
7.7e-05
9.499999999999999e-05
4.2e-05
-3.6e-05
-7.8e-05
-5.6000000000000006e-05
9e-06
6.8e-05
7.900000000000001e-05
3.6e-05
-2.6000000000000002e-05
-6.6e-05
-5.7999999999999994e-05
-1.4000000000000001e-05
3.1e-05
4.5e-05
2.2e-05
-1.8e-05
-4.5e-05
-3.7e-05
0.0
0.000909
0.002307
0.002593
0.001891
0.001037
0.00041900000000000005
2.6000000000000002e-05
-0.00023999999999999998
-0.000446
-0.000583
-0.000593
-0.00044800000000000005
-0.000195
6.1e-05
0.00046399999999999995
0.000667
0.00044500000000000003
0.0002
5.1e-05
1.7e-05
3.5e-05
2.9999999999999997e-05
-2.8999999999999997e-05
-0.00011499999999999999
-0.000165
-0.00014
-5.2000000000000004e-05
4.5e-05
9.4e-05
7.3e-05
9e-06
-4.7e-05
-5.6000000000000006e-05
-1.4999999999999999e-05
4.2e-05
7.099999999999999e-05
5.2000000000000004e-05
1e-06
-4.5e-05
-5.6999999999999996e-05
-3.1e-05
1e-05
3.6e-05
2.8999999999999997e-05
-2e-06
-3.4e-05
-4.2e-05
-2.3e-05
1.1e-05
3.8e-05
4.3e-05
2.5e-05
-2e-06
-1.9e-05
-1.8e-05
-3e-06
1.2e-05
1.4999999999999999e-05
4e-06
-1.3000000000000001e-05
-2.4e-05
-2.3e-05
-1.2e-05
2e-06
1e-05
8e-06
4e-06
2e-06
6e-06
1.2e-05
1.4000000000000001e-05
1e-05
0.0
-9e-06
-1.3000000000000001e-05
-1.1e-05
-6e-06
-2e-06
-2e-06
-6e-06
-9e-06
-7.000000000000001e-06
-1e-06
1e-05
1.8e-05
2e-05
1.4000000000000001e-05
3e-06
-6e-06
-1e-05
-8e-06
-3e-06
-1e-06
-3e-06
-8e-06
-1.2e-05
-1.2e-05
-5e-06
4e-06
1.4999999999999999e-05
2.1e-05
1.8e-05
1e-05
-0.0
-6e-06
-7.000000000000001e-06
-3e-06
-0.0
-0.0
-5e-06
-1e-05
-1.3000000000000001e-05
-1.2e-05
-8e-06
-2e-06
3e-06
7.000000000000001e-06
1.1e-05
1.4000000000000001e-05
1.4999999999999999e-05
1.1e-05
4e-06
-3e-06
-7.000000000000001e-06
-8e-06
-7.000000000000001e-06
-5e-06
-5e-06
-7.000000000000001e-06
-9e-06
-7.000000000000001e-06
-0.0
1.1e-05
2e-05
2.2e-05
1.4000000000000001e-05
1e-06
-9e-06
-1.1e-05
-6e-06
0.0
3e-06
-1e-06
-8e-06
-1.4000000000000001e-05
-1.4999999999999999e-05
-1e-05
-3e-06
3e-06
7.000000000000001e-06
1.1e-05
1.4999999999999999e-05
1.6e-05
1.3000000000000001e-05
7.000000000000001e-06
-0.0
-6e-06
-9e-06
-8e-06
-6e-06
-5e-06
-7.000000000000001e-06
-9e-06
-9e-06
-5e-06
2e-06
1.1e-05
0.00014199999999999998
0.000239
0.000169
9.300000000000001e-05
3.6e-05
2e-06
-1.6e-05
-2.9999999999999997e-05
-4.2e-05
-4.9e-05
-4.6e-05
-3.2e-05
-1.1e-05
8e-06
1.9e-05
2.2e-05
1.9e-05
1.4999999999999999e-05
1.2e-05
9e-06
6e-06
1e-06
-4e-06
-8e-06
-1.1e-05
-1e-05
-8e-06
-7.000000000000001e-06
-7.000000000000001e-06
-7.000000000000001e-06
-6e-06
-2e-06
4e-06
1.3000000000000001e-05
1.8e-05
1.6e-05
9e-06
-0.0
-7.000000000000001e-06
-8e-06
-5e-06
-1e-06
-1e-06
-4e-06
-9e-06
-1.3000000000000001e-05
-1.2e-05
-6e-06
3e-06
1.2e-05
1.8e-05
1.8e-05
1.3000000000000001e-05
5e-06
-3e-06
-6e-06
-6e-06
-5e-06
-4e-06
-6e-06
-9e-06
-1.1e-05
-1e-05
-5e-06
4e-06
1.3000000000000001e-05
1.9e-05
1.8e-05
1.1e-05
2e-06
-5e-06
-7.000000000000001e-06
-4e-06
-0.0
0.0
-3e-06
-8e-06
-1.3000000000000001e-05
-1.3000000000000001e-05
-1e-05
-5e-06
0.0
6e-06
1.2e-05
1.7e-05
1.7e-05
1.2e-05
4e-06
-3e-06
-8e-06
-8e-06
-6e-06
-5e-06
-5e-06
-7.000000000000001e-06
-9e-06
-8e-06
-4e-06
3e-06
1.1e-05
1.6e-05
1.6e-05
1e-05
2e-06
-4e-06
-6e-06
-4e-06
-2e-06
-2e-06
-5e-06
-9e-06
6.3e-05
0.000122
8.9e-05
5.7999999999999994e-05
3.7e-05
2.5e-05
1.3000000000000001e-05
-3e-06
-2e-05
-3.1e-05
-2.8999999999999997e-05
-1.7e-05
-2e-06
7.000000000000001e-06
6e-06
-2e-06
-1.1e-05
-1.4999999999999999e-05
-1e-05
-2e-06
5e-06
1e-05
1.2e-05
1.1e-05
9e-06
6e-06
3e-06
-0.0
-2e-06
-4e-06
-5e-06
-7.000000000000001e-06
-8e-06
-9e-06
-9e-06
-7.000000000000001e-06
-4e-06
2e-06
9e-06
1.6e-05
1.7e-05
1.3000000000000001e-05
5e-06
-3e-06
-7.000000000000001e-06
-8e-06
-5e-06
-3e-06
-4e-06
-7.000000000000001e-06
-1e-05
-1e-05
-7.000000000000001e-06
-1e-06
5e-06
1.1e-05
1.4000000000000001e-05
1.4999999999999999e-05
1.2e-05
6e-06
-0.0
-4e-06
-6e-06
-5e-06
-5e-06
-6e-06
-8e-06
-1e-05
-1e-05
-6e-06
2e-06
1.3000000000000001e-05
2e-05
2e-05
1.2e-05
1e-06
-8e-06
-1e-05
-6e-06
-1e-06
0.0
-3e-06
-8e-06
-1.3000000000000001e-05
-1.2e-05
-8e-06
-2e-06
3e-06
7.000000000000001e-06
1.1e-05
1.4000000000000001e-05
1.4999999999999999e-05
1.1e-05
5e-06
-2e-06
-6e-06
-8e-06
-7.000000000000001e-06
-6e-06
-6e-06
-8e-06
-9e-06
-8e-06
-3e-06
5e-06
1.3000000000000001e-05
1.7e-05
1.4999999999999999e-05
9e-06
-0.0
-6e-06
4.6e-05
9e-05
6.6e-05
3.8e-05
1.4000000000000001e-05
-4e-06
-1.6e-05
-2.2e-05
-2.2e-05
-1.7e-05
-5e-06
9e-06
1.9e-05
1.9e-05
1.2e-05
2e-06
-5e-06
-7.000000000000001e-06
-4e-06
-2e-06
-2e-06
-7.000000000000001e-06
-1.2e-05
-1.4000000000000001e-05
-1.1e-05
-4e-06
4e-06
1.1e-05
1.4999999999999999e-05
1.4999999999999999e-05
1.1e-05
5e-06
-1e-06
-4e-06
-5e-06
-4e-06
-4e-06
-5e-06
-7.000000000000001e-06
-9e-06
-1e-05
-7.000000000000001e-06
-2e-06
4e-06
1.1e-05
1.6e-05
1.6e-05
1.2e-05
5e-06
-2e-06
-7.000000000000001e-06
0.001104
0.002915
0.003433
0.002635
0.001511
0.000657
8.1e-05
-0.000322
-0.000616
-0.000787
-0.0007740000000000001
-0.000563
-0.00022999999999999998
0.001557
0.004209
0.005123
0.004155
0.002502
0.001139
0.00026000000000000003
-0.000312
-0.0007509999999999999
-0.001084
-0.0012
-0.001005
-0.000541
3e-06
0.00038700000000000003
0.000475
0.000306
5e-05
-0.00010700000000000001
-8.9e-05
4.3e-05
0.000157
0.00015
2.4e-05
-0.000131
-0.000204
-0.00015
-1.2e-05
0.000113
0.000146
8e-05
-2.6000000000000002e-05
-9.300000000000001e-05
-8e-05
-6e-06
6.8e-05
8.8e-05
4.4e-05
-2.9999999999999997e-05
0.001588
0.004422
0.005568
0.00475
0.003066
0.0014990000000000001
0.00036
-0.00044
-0.000993
-0.001306
-0.001314
-0.001007
-0.000493
2.4e-05
0.0018960000000000001
0.004571
0.005416
0.004357
0.002654
0.001282
0.00039
-0.00024900000000000004
-0.000801
-0.001234
-0.001376
-0.001116
-0.000542
0.000669
0.0019190000000000001
0.001966
0.0012109999999999998
0.000471
2.4e-05
-0.000103
-7.099999999999999e-05
-6.7e-05
-0.000175
-0.000331
-0.0004
-0.000302
-6.9e-05
0.000168
0.000279
0.000217
4.9e-05
-0.000101
-0.00014
-6.3e-05
5.5e-05
0.00011999999999999999
8.6e-05
-1.4999999999999999e-05
-0.00010700000000000001
0.001506
0.004332
0.005488
0.004682
0.0030039999999999997
0.001442
0.00031299999999999996
-0.000462
-0.0009789999999999998
-0.0012619999999999999
-0.0012640000000000001
-0.000975
-0.000492
0.001859
0.005377000000000001
0.006786
0.005822
0.003744
0.001805
0.0005059999999999999
-0.000336
-0.0009480000000000001
-0.0014
-0.0015789999999999999
-0.0013650000000000001
-0.000796
0.001831
0.005697
0.007311
0.006338
0.004065
0.001891
0.00047400000000000003
-0.000371
-0.000942
-0.0013859999999999999
-0.001616
-0.0014759999999999999
-0.000942
-0.00020299999999999997
0.00041799999999999997
0.00067
0.000526
0.000175
-0.00011200000000000001
-0.000169
-1.9e-05
0.000171
0.000229
0.00010400000000000001
-0.00011100000000000001
-0.00026000000000000003
0.0020559999999999997
0.006222999999999999
0.008223000000000001
0.0075120000000000004
0.005229
0.0027010000000000003
0.000763
-0.0005480000000000001
-0.001387
-0.0018510000000000002
-0.0019190000000000001
-0.001578
-0.000927
0.002229
0.007033
0.009235
0.008375
0.005837
0.0031030000000000003
0.001068
-0.00027400000000000005
-0.0012109999999999998
-0.001882
-0.002184
-0.00197
-0.001263
0.002248
0.007567
0.010074
0.009209
0.006453
0.0034159999999999998
0.001143
-0.00028700000000000004
-0.001232
-0.001918
-0.0022789999999999998
-0.002137
-0.001458
0.001823
0.006739
0.009072
0.008269
0.005666
0.002848
0.0008269999999999999
-0.00037999999999999997
-0.00112
-0.0016460000000000001
-0.001941
-0.001849
-0.0013
0.0027890000000000002
0.009370999999999999
0.012723
0.012023
0.00895
0.0051340000000000005
0.001911
-0.000231
-0.001629
-0.00255
-0.002979
-0.0027719999999999997
-0.001929
0.002768
0.010121
0.013938999999999998
0.013314
0.010071
0.005952000000000001
0.0023899999999999998
-2.3e-05
-0.001621
-0.002709
-0.003266
-0.003118
-0.002234
-0.0009
0.003952000000000001
0.011104000000000001
0.014421000000000002
0.013294
0.009828
0.005807
0.002477
0.000176
-0.001546
-0.002889
-0.003632
-0.003452
-0.002337
0.003198
0.011663
0.016023
0.015266
0.011514
0.006667
0.002118
-0.0011480000000000001
-0.002845
-0.003064
-0.002085
-0.0005809999999999999
0.000712
0.00589
0.014100999999999999
0.018165999999999998
0.017126
0.012958
0.007426
0.002171
-0.001627
-0.00387
-0.005031
-0.005405
-0.0049299999999999995
-0.0036030000000000003
0.002797
0.013177000000000001
0.019831
0.021119
0.018591999999999997
0.013838999999999999
0.008087
0.002629
-0.001596
-0.004389
-0.0057469999999999995
-0.0058460000000000005
-0.005006
0.001527
0.012301000000000001
0.01841
0.018386000000000003
0.014641
0.009676
0.005175
0.0020329999999999997
0.00037
-0.000229
-0.000144
0.000266
0.0006519999999999999
0.006692
0.017034
0.021838
0.019913
0.014165
0.007129000000000001
0.000889
-0.003034
-0.004392
-0.003986
-0.002764
-0.001233
0.00048499999999999997
0.008333
0.020839
0.027614999999999997
0.026922
0.021324
0.013316999999999999
0.004921
-0.001912
-0.006248
-0.008375
-0.008555
-0.006968000000000001
-0.0039689999999999994
0.005934
0.020608
0.029081
0.029508
0.024505000000000002
0.016713
0.008334999999999999
0.0012230000000000001
-0.0036409999999999997
-0.0063159999999999996
-0.007073
-0.00628
-0.004523
0.004744
0.019659
0.028221
0.028741000000000003
0.024215999999999998
0.017218999999999998
0.009756
0.003322
-0.001289
-0.004076
-0.005328
-0.005353
-0.0045119999999999995
0.004438
0.019757
0.028635
0.028877999999999997
0.023625999999999998
0.016069999999999997
0.00866
0.002746
-0.001356
-0.0038179999999999998
-0.004682
-0.004086
-0.002553
0.007145
0.022989
0.031597
0.030889
0.024433
0.015359000000000001
0.006078
-0.001268
-0.005706
-0.0073739999999999995
-0.0065769999999999995
-0.004051
-0.000869
0.0020800000000000003
0.012419
0.028248000000000002
0.035989
0.034007
0.026358999999999997
0.016281999999999998
0.006074
-0.002169
-0.007298000000000001
-0.009392
-0.008989
-0.006856999999999999
-0.00373
0.008101
0.026407999999999997
0.036918
0.037468
0.032086
0.023992
0.014565999999999999
0.005011
-0.0028239999999999997
-0.007887
-0.010077
-0.009623999999999999
-0.007292
0.004413
0.022986000000000003
0.033995
0.035367
0.031009
0.023961
0.015569999999999999
0.006954000000000001
-0.00019099999999999998
-0.004883
-0.007134000000000001
-0.0072120000000000005
-0.0057399999999999994
0.005462
0.024031
0.03468
0.035387
0.030712
0.023625999999999998
0.015169
0.006647
-5e-06
-0.003992
-0.005535
-0.005009
-0.003222
0.008199
0.026907
0.037630000000000004
0.039550999999999996
0.037358999999999996
0.032776
0.026125
0.017388
0.0068790000000000006
-0.002436
-0.007678
-0.008765
-0.0067269999999999995
0.0061189999999999994
0.026826
0.040131
0.045257
0.046492
0.045173000000000005
0.041394
0.035058
0.025976999999999997
0.014141999999999998
0.001786
-0.00702
-0.010708
-0.0009289999999999999
0.019271
0.033339
0.03946
0.042023000000000005
0.042651999999999995
0.041526
0.038373000000000004
0.032687
0.024134
0.012804
0.001144
-0.006984000000000001
-0.000831
0.016556
0.028629
0.033616
0.035449
0.035891
0.035229
0.033107
0.029085000000000003
0.022925
0.014594
0.0051
-0.002555
-0.006623
0.0017399999999999998
0.019652
0.031469
0.036177999999999995
0.037516
0.036681
0.033613
0.028225
0.020907
0.012156
0.0037229999999999997
-0.0017530000000000002
-0.003757
0.006306
0.025458
0.039298
0.047385000000000004
0.052025999999999996
0.053872
0.053128999999999996
0.049668000000000004
0.043179
0.033706
0.022027
0.009304
-0.0009220000000000001
0.004002
0.021347
0.035738
0.045772
0.053412
0.059039
0.062415
0.062926
0.059881
0.053084000000000006
0.042976
0.030235
0.01548
0.011804
0.022934
0.034979
0.043617
0.049883
0.054687
0.058317999999999995
0.060261
0.059674
0.05616
0.049913
0.041273000000000004
0.030432999999999998
0.028441
0.039622000000000004
0.051753
0.05928200000000001
0.06290499999999999
0.064038
0.06385700000000001
0.062667
0.06
0.055473
0.049157
0.041362
0.032421
0.022432
0.022664
0.036433999999999994
0.050414999999999995
0.059538
0.064666
0.066726
0.06601
0.062527
0.056512
0.04835
0.038475
0.027530000000000002
0.016181
0.016826
0.032636
0.049499
0.06255
0.072538
0.080104
0.085338
0.087702
0.08623600000000001
0.080316
0.070247
0.057178999999999994
0.042457999999999996
0.037566
0.047285
0.059875
0.06964
0.077034
0.082923
0.087772
0.09137100000000001
0.092855
0.091353
0.086551
0.07861699999999999
0.067844
0.054383
0.048723
0.055909
0.064885
0.070236
0.072991
0.07448099999999999
0.075145
0.07455
0.072185
0.068003
0.062282000000000004
0.055317
0.047228
0.048183
0.06229
0.077456
0.087503
0.093084
0.095742
0.096464
0.095295
0.091809
0.085862
0.077896
0.06867999999999999
0.058896000000000004
0.058948
0.073525
0.091023
0.105012
0.11561800000000001
0.12345999999999999
0.128727
0.13105999999999998
0.129889
0.125089
0.11710799999999999
0.10671900000000001
0.09485199999999999
0.082243
0.078943
0.090191
0.10495
0.11671
0.12604400000000002
0.13381099999999999
0.139987
0.143783
0.14435
0.141355
0.134964
0.125745
0.11451199999999999
0.11066300000000001
0.120247
0.133374
0.143035
0.149904
0.155198
0.159566
0.162894
0.164438
0.163452
0.15975599999999998
0.15365
0.14546099999999998
0.135196
0.13112200000000002
0.13988699999999998
0.15263800000000002
0.162109
0.16880499999999998
0.17374
0.177188
0.17869200000000002
0.177766
0.174499
0.169446
0.163186
0.15601099999999998
0.155624
0.16841199999999998
0.185118
0.197424
0.205761
0.21160900000000002
0.21593600000000002
0.21880700000000003
0.219771
0.218491
0.21505300000000002
0.20984299999999997
0.203263
0.195431
0.193105
0.203692
0.219421
0.231704
0.240889
0.24768
0.251915
0.25297600000000003
0.250682
0.245569
0.238458
0.230133
0.221137
0.21152800000000002
0.20764499999999997
0.217231
0.232897
0.24568
0.255787
0.263797
0.269473
0.272088
0.271152
0.266999
0.26065
0.25300100000000003
0.244198
0.233862
0.228044
0.235227
0.249342
0.261771
0.272615
0.282323
0.29046900000000003
0.296161
0.298746
0.298155
0.294635
0.288279
0.278901
0.266352
0.257272
0.260272
0.270523
0.280229
0.288643
0.295915
0.30167
0.30542600000000003
0.30701999999999996
0.30669
0.304714
0.301012
0.295094
0.28630900000000004
0.280489
0.28480700000000003
0.294286
0.301722
0.30643899999999996
0.309226
0.31038499999999997
0.31004899999999996
0.308488
0.306056
0.302861
0.298589
0.292694
0.284715
0.280738
0.28796900000000003
0.301169
0.312399
0.31999
0.324133
0.325049
0.32297
0.318268
0.311554
0.303476
0.29441
0.284468
0.27370300000000003
0.268489
0.276336
0.291522
0.305508
0.316654
0.324891
0.329905
0.331279
0.32895599999999997
0.323449
0.315413
0.305232
0.293114
0.279325
0.270543
0.274714
0.286607
0.298136
0.308094
0.31671
0.323746
0.328583
0.330581
0.329312
0.324517
0.316168
0.304611
0.290414
0.280436
0.282526
0.291743
0.300311
0.30696999999999997
0.312171
0.315972
0.318098
0.318297
0.31652800000000003
0.3128
0.30697399999999997
0.298752
0.294005
0.299335
0.30996
0.318793
0.32450300000000004
0.327878
0.329482
0.32954
0.327999
0.324709
0.319659
0.312974
0.304787
0.295138
0.290191
0.296694
0.309241
0.319943
0.3272
0.331654
0.333606
0.332872
0.329308
0.323207
0.315137
0.305627
0.295062
0.283646
0.27760999999999997
0.28394
0.296989
0.308637
0.317431
0.323623
0.327016
0.32721999999999996
0.32424899999999995
0.31859499999999996
0.310841
0.301386
0.290405
0.277897
0.270058
0.27436
0.285531
0.295709
0.303856
0.310357
0.314988
0.31706
0.31595100000000004
0.311488
0.30397399999999997
0.29399899999999995
0.282085
0.268498
0.259732
0.263802
0.275108
0.285289
0.293443
0.29985900000000004
0.304321
0.30635999999999997
0.305705
0.30247199999999996
0.29691599999999996
0.289115
0.278906
0.266144
0.257351
0.260799
0.271003
0.27973400000000004
0.286393
0.291506
0.29502399999999995
0.296576
0.295919
0.293126
0.28835900000000003
0.281599
0.272631
0.261183
0.253424
0.257254
0.266911
0.27424899999999997
0.27899
0.281802
0.282771
0.28174099999999996
0.278712
0.273979
0.267892
0.260575
0.251882
0.24778699999999998
0.255758
0.269536
0.28042399999999995
0.287622
0.291517
0.29234699999999997
0.290459
0.28620999999999996
0.27984699999999996
0.27171999999999996
0.262291
0.25188499999999997
0.240567
0.23449899999999999
0.24164499999999997
0.255519
0.267102
0.275916
0.282215
0.285664
0.28560100000000005
0.281597
0.273912
0.263425
0.251054
0.23735799999999999
0.222648
0.21352100000000002
0.21843200000000002
0.230579
0.240779
0.249004
0.255637
0.260411
0.262689
0.261972
0.25817199999999996
0.25140500000000005
0.24169000000000002
0.229028
0.213666
0.20266199999999998
0.204701
0.213292
0.21994899999999998
0.22503499999999999
0.229192
0.232355
0.234023
0.233736
0.23139099999999999
0.22705799999999998
0.220648
0.211833
0.20677600000000002
0.213502
0.22536799999999999
0.233961
0.23964899999999997
0.243142
0.244777
0.244713
0.242936
0.23942
0.23437199999999997
0.22811700000000001
0.22080300000000003
0.21228200000000003
0.20888
0.21833699999999998
0.23311700000000002
0.24398699999999998
0.251052
0.25521900000000003
0.256872
0.255867
0.252163
0.246216
0.23863
0.229758
0.21973600000000001
0.20859699999999998
0.203015
0.210966
0.225162
0.23663299999999998
0.24533400000000002
0.251571
0.254981
0.255019
0.251682
0.245579
0.23737199999999997
0.227471
0.21605100000000002
0.20935
0.215477
0.227841
0.237661
0.245114
0.25085
0.254998
0.257284
0.257154
0.254075
0.24789
0.23889899999999997
0.22769899999999998
0.214754
0.206525
0.21114499999999997
0.221992
0.230422
0.23670100000000002
0.241446
0.24456
0.245529
0.24399
0.24004
0.23400100000000001
0.22605300000000003
0.216167
0.204315
0.19733
0.20340999999999998
0.215533
0.22501100000000002
0.23212800000000003
0.23765
0.24158400000000002
0.24344699999999997
0.24291
0.240116
0.23539200000000002
0.22885100000000003
0.22028699999999998
0.20932699999999999
0.202323
0.20740300000000003
0.21793099999999999
0.22572399999999998
0.231444
0.23588699999999999
0.23904099999999998
0.240485
0.23985399999999998
0.237144
0.232609
0.226415
0.218462
0.214846
0.22361399999999998
0.237923
0.24875999999999998
0.256202
0.260801
0.262764
0.262333
0.259757
0.255217
0.249069
0.24180700000000002
0.233721
0.22474699999999997
0.220844
0.23002899999999998
0.24541300000000002
0.25776
0.267058
0.273737
0.27753099999999997
0.277802
0.274173
0.267004
0.257266
0.24588400000000002
0.23333
0.219793
0.21164299999999997
0.217229
0.230028
0.241121
0.250513
0.258513
0.264689
0.26821
0.268429
0.265223
0.258774
0.249187
0.236535
0.22112600000000002
0.209691
0.21113600000000002
0.219597
0.226638
0.232568
0.237921
0.24251799999999998
0.24577399999999996
0.24718
0.24658400000000003
0.243982
0.23916700000000002
0.23166799999999999
0.22704000000000002
0.232888
0.24316100000000002
0.249856
0.25354699999999997
0.255334
0.255696
0.254808
0.252654
0.249191
0.24455700000000002
0.238958
0.23241199999999998
0.224671
0.221561
0.231001
0.24608000000000002
0.257488
0.265196
0.269969
0.272023
0.27103499999999997
0.266822
0.259893
0.251158
0.24132800000000001
0.230754
0.21953899999999998
0.214015
0.22234299999999999
0.23762600000000003
0.250648
0.261183
0.269381
0.27476799999999996
0.276725
0.27517199999999997
0.270635
0.263726
0.254825
0.24406
0.231377
0.222951
0.22735300000000003
0.23874499999999999
0.248577
0.256869
0.26403000000000004
0.269751
0.273287
0.273987
0.27163000000000004
0.266401
0.258684
0.24875999999999998
0.242732
0.248229
0.259765
0.269434
0.27683800000000003
0.28258
0.286756
0.289127
0.289381
0.287354
0.283157
0.27699
0.268885
0.258646
0.252184
0.25709099999999996
0.26811
0.277396
0.284308
0.289398
0.292617
0.293518
0.29184099999999996
0.28780100000000003
0.281819
0.274158
0.264833
0.253703
0.246664
0.251161
0.261459
0.2695
0.275021
0.278881
0.28116399999999997
0.281483
0.27961199999999997
0.275723
0.27013200000000004
0.262988
0.254177
0.24344200000000002
0.236709
0.24185700000000002
0.25313
0.262121
0.268259
0.271857
0.272893
0.271365
0.267529
0.261871
0.254918
0.246984
0.23804499999999998
0.227848
0.222375
0.229868
0.243968
0.255656
0.26462399999999997
0.27108499999999996
0.27476300000000003
0.27519499999999997
0.272165
0.26600799999999997
0.25748499999999996
0.247286
0.235748
0.229095
0.235413
0.24879600000000002
0.260723
0.270848
0.279521
0.286553
0.291452
0.293638
0.292662
0.28839000000000004
0.280902
0.270295
0.256778
0.24692199999999997
0.24898299999999998
0.257723
0.26518
0.270939
0.2756
0.27910300000000005
0.280976
0.28086
0.278781
0.274926
0.269307
0.2617
0.251745
0.245125
0.249104
0.258004
0.26411
0.267409
0.268857
0.268782
0.267146
0.263946
0.259427
0.253918
0.247525
0.24003400000000003
0.23104499999999997
0.22622199999999998
0.233224
0.245952
0.255757
0.26209899999999997
0.265363
0.265763
0.263355
0.258242
0.25088499999999997
0.241984
0.232064
0.221317
0.21570100000000003
0.22313200000000002
0.237339
0.24954
0.259473
0.267396
0.273064
0.275955
0.275509
0.271497
0.264329
0.254726
0.243216
0.230089
0.221619
0.22611199999999998
0.237461
0.24699899999999997
0.254742
0.261185
0.266115
0.268892
0.268988
0.266293
0.26095
0.253175
0.243302
0.231607
0.22417600000000001
0.22898200000000002
0.23990999999999998
0.24849200000000002
0.254827
0.259583
0.262782
0.26405500000000004
0.26313400000000003
0.26013200000000003
0.255322
0.24876199999999998
0.24018499999999998
0.22916599999999998
0.221586
0.22585
0.236404
0.244941
0.251467
0.25654899999999997
0.26009099999999996
0.261573
0.26066
0.257524
0.25256799999999996
0.24600500000000003
0.237758
0.227582
0.221336
0.227037
0.238563
0.24734499999999998
0.253496
0.257769
0.26026
0.260758
0.259246
0.25601599999999997
0.25138
0.24540599999999999
0.23788499999999999
0.23441399999999998
0.24220999999999998
0.255484
0.266164
0.27376999999999996
0.27875
0.281117
0.280773
0.277841
0.272629
0.265517
0.25690100000000005
0.247081
0.236154
0.230046
0.23642800000000003
0.249331
0.26026
0.268679
0.27481
0.278304
0.278532
0.275127
0.268268
0.25858200000000003
0.246887
0.233846
0.219757
0.210698
0.21493099999999998
0.22624899999999998
0.235828
0.243668
0.250179
0.25514000000000003
0.257957
0.25814699999999996
0.255592
0.25034
0.242296
0.231196
0.216923
0.20586100000000002
0.20690799999999998
0.214547
0.22057100000000002
0.225359
0.22955
0.233031
0.23525900000000002
0.23576799999999998
0.234435
0.231304
0.226278
0.219043
0.215141
0.22219
0.234102
0.242738
0.248529
0.252271
0.254181
0.254337
0.252843
0.249836
0.245579
0.240378
0.234352
0.22731500000000002
0.22493000000000002
0.234686
0.25007199999999996
0.262236
0.270795
0.276226
0.278754
0.278389
0.27518899999999996
0.269588
0.262238
0.25358
0.24376199999999998
0.232814
0.226768
0.23348200000000002
0.24696300000000002
0.258669
0.26814499999999997
0.27557800000000005
0.280513
0.282168
0.28014
0.274841
0.26705500000000004
0.257292
0.24574200000000002
0.232481
0.223519
0.226854
0.23699299999999998
0.24577800000000002
0.25287600000000005
0.258642
0.262892
0.26508699999999996
0.264762
0.261783
0.256189
0.248042
0.237496
0.23046399999999997
0.23434000000000002
0.24393499999999999
0.251766
0.25759299999999996
0.26208899999999996
0.26542899999999997
0.267449
0.267818
0.266243
0.262646
0.257079
0.249522
0.239806
0.233537
0.23809499999999997
0.24823299999999998
0.256363
0.262205
0.266307
0.268667
0.268931
0.266889
0.262783
0.25706999999999997
0.25004
0.24172
0.23775500000000002
0.245054
0.25788
0.268169
0.27528600000000003
0.280169
0.283437
0.285098
0.284775
0.28221799999999997
0.277588
0.271252
0.263443
0.254156
0.249052
0.25502800000000003
0.266846
0.276938
0.284474
0.289853
0.292926
0.29328699999999996
0.290875
0.286138
0.27970300000000003
0.272092
0.2636
0.254214
0.249502
0.256209
0.26903699999999997
0.280434
0.289537
0.296709
0.301755
0.304109
0.30335700000000004
0.299552
0.293147
0.284747
0.274769
0.263331
0.25622
0.260418
0.271394
0.282086
0.291391
0.299519
0.306085
0.310337
0.311728
0.310196
0.305929
0.298993
0.28926399999999997
0.282302
0.284386
0.292067
0.299493
0.305271
0.310046
0.31403600000000004
0.31702600000000003
0.31863400000000003
0.31856100000000004
0.316733
0.313188
0.307845
0.300396
0.296095
0.300383
0.309215
0.31653600000000004
0.320825
0.322952
0.323275
0.321728
0.318378
0.313629
0.30797800000000003
0.301702
0.29477
0.286912
0.283435
0.290025
0.302213
0.313252
0.321187
0.326293
0.32873600000000003
0.32847600000000005
0.325525
0.320194
0.31304
0.304571
0.295011
0.289858
0.294675
0.305818
0.317346
0.327202
0.335596
0.342402
0.347099
0.34902
0.347771
0.343535
0.336846
0.328201
0.317885
0.31161500000000003
0.314837
0.324219
0.334142
0.342373
0.349296
0.35485900000000004
0.358588
0.360094
0.35932600000000003
0.3564
0.35134499999999996
0.344154
0.334896
0.329261
0.332308
0.341146
0.350636
0.35818
0.36418
0.368664
0.371257
0.371668
0.36995700000000004
0.36637600000000003
0.361045
0.353817
0.34436700000000003
0.337955
0.339329
0.34624699999999997
0.354172
0.36030300000000004
0.364976
0.368195
0.369628
0.369052
0.366566
0.36243600000000004
0.356804
0.349569
0.340476
0.334869
0.33747699999999997
0.345559
0.354023
0.359914
0.363648
0.365539
0.365646
0.364079
0.361093
0.356955
0.35173699999999997
0.34526
0.342638
0.347879
0.358509
0.36994299999999997
0.37886
0.385392
0.389534
0.391018
0.389679
0.385689
0.379485
0.37159000000000003
0.362415
0.352184
0.346455
0.34965300000000005
0.35933699999999996
0.370683
0.380183
0.387771
0.393176
0.395856
0.395441
0.391965
0.38584
0.37763800000000003
0.367821
0.356637
0.349663
0.351351
0.35941300000000004
0.369273
0.37769400000000003
0.384915
0.390919
0.395298
0.397648
0.397768
0.395569
0.390886
0.38344
0.378349
0.37908800000000004
0.38475
0.392372
0.398289
0.403008
0.406893
0.409841
0.411504
0.411566
0.409912
0.40659
0.40165100000000004
0.395004
0.391752
0.394759
0.402507
0.411526
0.41764399999999996
0.42129700000000003
0.422901
0.42252700000000004
0.420281
0.416545
0.411826
0.406471
0.400548
0.393866
0.391428
0.39600599999999997
0.406008
0.41781499999999994
0.426911
0.43328900000000004
0.436986
0.43789700000000004
0.43608
0.431913
0.425888
0.418363
0.409526
0.399443
0.39342699999999997
0.394662
0.402254
0.412979
0.422221
0.42978999999999995
0.43536499999999995
0.43831400000000004
0.438163
0.43492299999999995
0.42900900000000003
0.42090299999999997
0.410972
0.404558
0.404328
0.409807
0.418411
0.425487
0.431253
0.43596599999999996
0.43952299999999994
0.441658
0.442094
0.440594
0.43696199999999996
0.431014
0.42263999999999996
0.41705600000000004
0.416835
0.421862
0.42988699999999996
0.43613
0.440854
0.444238
0.446043
0.44605900000000004
0.44433500000000004
0.441082
0.436472
0.43051000000000006
0.423029
0.41897
0.42042399999999996
0.426821
0.43566000000000005
0.442043
0.446297
0.44875
0.449338
0.448064
0.445158
0.440917
0.43551000000000006
0.428874
0.420771
0.41617600000000005
0.41744
0.424066
0.433433
0.44063500000000005
0.445938
0.449597
0.451509
0.45153699999999997
0.449671
0.446062
0.440895
0.43423
0.431084
0.43320600000000004
0.44071000000000005
0.451694
0.46069899999999997
0.467703
0.472772
0.47566499999999995
0.476195
0.47443100000000005
0.47062600000000004
0.46519099999999997
0.458535
0.450829
0.447118
0.44882799999999995
0.456172
0.467337
0.476499
0.483624
0.488745
0.491555
0.49181099999999994
0.48950200000000005
0.48479300000000003
0.47797700000000004
0.469376
0.459226
0.45283100000000004
0.451874
0.45699300000000004
0.46668000000000004
0.47509300000000004
0.48220799999999997
0.487997
0.49204200000000003
0.493946
0.49352399999999996
0.49077299999999996
0.485706
0.47821400000000003
0.46811899999999995
0.460463
0.45681499999999997
0.45847899999999997
0.464667
0.469678
0.4737
0.47693900000000006
0.47921899999999995
0.48030500000000004
0.480067
0.47844899999999996
0.475333
0.47043100000000004
0.46825500000000003
0.469159
0.47416400000000003
0.482633
0.48853500000000005
0.492237
0.494345
0.495118
0.494626
0.492925
0.490117
0.486339
0.48170100000000005
0.476179
0.47459300000000004
0.477469
0.48568500000000003
0.498129
0.508074
0.515201
0.519522
0.520957
0.519592
0.515857
0.510417
0.503843
0.49645900000000004
0.48838400000000004
0.484608
0.485732
0.49284300000000003
0.505061
0.515677
0.524405
0.5311520000000001
0.535486
0.53701
0.535647
0.531633
0.525249
0.516735
0.506314
0.499133
0.49616499999999997
0.498717
0.5067689999999999
0.514313
0.520857
0.526381
0.53051
0.532821
0.5330229999999999
0.530936
0.526418
0.519388
0.5098729999999999
0.50293
0.499555
0.501001
0.5074029999999999
0.512953
0.517183
0.5202899999999999
0.522195
0.5228229999999999
0.522189
0.5203
0.517057
0.512191
0.5100819999999999
0.511073
0.51512
0.5228520000000001
0.529472
0.533992
0.536871
0.538279
0.5381859999999999
0.5365989999999999
0.5335489999999999
0.529086
0.523311
0.516299
0.512831
0.513523
0.518519
0.527948
0.536403
0.542737
0.5469729999999999
0.54898
0.5487810000000001
0.546575
0.5426380000000001
0.537291
0.530791
0.52323
0.51945
0.520033
0.525153
0.53489
0.543666
0.550343
0.5549569999999999
0.557458
0.557908
0.556441
0.553268
0.548638
0.5425770000000001
0.539579
0.5402020000000001
0.543797
0.551669
0.559789
0.566292
0.5713729999999999
0.57499
0.576843
0.576579
0.573913
0.5688310000000001
0.5616270000000001
0.5526260000000001
0.546818
0.545229
0.547435
0.5546939999999999
0.562758
0.569469
0.57465
0.578013
0.579335
0.5786
0.575933
0.5715060000000001
0.565413
0.557604
0.5526979999999999
0.551397
0.5529270000000001
0.558864
0.565545
0.5710270000000001
0.575435
0.578739
0.580816
0.581549
0.580828
0.578519
0.574393
0.568156
0.5642119999999999
0.563163
0.56403
0.568803
0.574159
0.577789
0.579847
0.580511
0.579839
0.57789
0.574814
0.5707439999999999
0.56565
0.563922
0.565999
0.570253
0.578432
0.587075
0.59328
0.597121
0.598845
0.598551
0.5964079999999999
0.592761
0.587909
0.582014
0.575186
0.572063
0.573317
0.577434
0.586344
0.596676
0.605353
0.6120479999999999
0.616387
0.618041
0.616997
0.613527
0.607949
0.600636
0.592041
0.587005
0.5862850000000001
0.5882539999999999
0.5952770000000001
0.604328
0.612117
0.6184609999999999
0.623189
0.626081
0.626989
0.625795
0.622373
0.6166510000000001
0.608628
0.602842
0.600137
0.5989939999999999
0.602554
0.608492
0.613495
0.617607
0.6207699999999999
0.622804
0.623571
0.622913
0.620624
0.616452
0.6144850000000001
0.6151399999999999
0.615584
0.619488
0.625501
0.6295810000000001
0.632035
0.633202
0.633109
0.631831
0.629486
0.626108
0.621715
0.61632
0.614178
0.615761
0.6180770000000001
0.62429
0.632558
0.638494
0.641983
0.643055
0.641835
0.638775
0.634314
0.628745
0.622321
0.6151760000000001
0.611683
0.6124029999999999
0.6147050000000001
0.621634
0.631089
0.638829
0.644519
0.64795
0.649027
0.647879
0.644587
0.639263
0.632182
0.623545
0.617862
0.615975
0.615595
0.620116
0.62769
0.634221
0.639482
0.6432829999999999
0.645367
0.645546
0.643754
0.640043
0.634378
0.6309640000000001
0.630575
0.630182
0.633872
0.640776
0.64631
0.6505569999999999
0.653709
0.655721
0.656518
0.655991
0.6539510000000001
0.650229
0.644725
0.641721
0.641998
0.642191
0.646511
0.654367
0.660883
0.665796
0.6690470000000001
0.670628
0.67061
0.669071
0.66614
0.661971
0.656604
0.6542180000000001
0.655285
0.655927
0.660445
0.668357
0.674445
0.6785680000000001
0.6810189999999999
0.682048
0.681794
0.680301
0.677552
0.673424
0.667714
0.66452
0.664429
0.663561
0.6665810000000001
0.6732600000000001
0.678163
0.6811510000000001
0.682409
0.681977
0.679925
0.6764479999999999
0.671712
0.665748
0.662629
0.662995
0.6627350000000001
0.66643
0.674362
0.681013
0.685864
0.6888880000000001
0.689947
0.689076
0.686479
0.682234
0.6763979999999999
0.669258
0.665205
0.665022
0.664613
0.668673
0.677478
0.685354
0.691684
0.6963239999999999
0.699127
0.7000109999999999
0.6988840000000001
0.6956939999999999
0.690574
0.683761
0.6795260000000001
0.6786270000000001
0.677161
0.6802050000000001
0.688134
0.695268
0.7012010000000001
0.705955
0.709443
0.7115859999999999
0.71225
0.711236
0.708317
0.703242
0.700005
0.699281
0.6970609999999999
0.698087
0.703236
0.707529
0.710591
0.712641
0.7137760000000001
0.714063
0.7134119999999999
0.7116140000000001
0.708469
0.707765
0.7098939999999999
0.710647
0.713112
0.718856
0.724023
0.7270939999999999
0.7282350000000001
0.7275689999999999
0.725376
0.722
0.7175739999999999
0.712182
0.7059949999999999
0.7030350000000001
0.703937
0.704705
0.708334
0.71622
0.724137
0.729924
0.733248
0.7340939999999999
0.732703
0.7292850000000001
0.72404
0.7173729999999999
0.7097140000000001
0.705186
0.704495
0.703761
0.706329
0.713653
0.721512
0.7280770000000001
0.733154
0.7366050000000001
0.738296
0.73812
0.7360270000000001
0.7318899999999999
0.725541
0.7210449999999999
0.7193890000000001
0.716879
0.7170979999999999
0.721921
0.7274649999999999
0.732069
0.7356729999999999
0.738232
0.739654
0.739718
0.738124
0.734612
0.732979
0.733897
0.733503
0.73421
0.738662
0.7441180000000001
0.748164
0.7508199999999999
0.7522310000000001
0.752509
0.751687
0.7497010000000001
0.746494
0.74206
0.740212
0.74148
0.741897
0.743568
0.749181
0.755842
0.760558
0.763257
0.764254
0.763808
0.7620399999999999
0.759062
0.754989
0.749873
0.7475310000000001
0.748532
0.748948
0.750598
0.756158
0.7628739999999999
0.7677149999999999
0.77068
0.771933
0.771574
0.7697609999999999
0.766662
0.7622909999999999
0.760157
0.7608189999999999
0.760728
0.76051
0.7641399999999999
0.770532
0.775573
0.779064
0.780997
0.7813
0.779993
0.777127
0.77263
0.7664340000000001
0.762323
0.7612479999999999
0.75984
0.759146
0.762864
0.7693760000000001
0.774624
0.778284
0.780392
0.7810050000000001
0.780103
0.777606
0.773579
0.7682260000000001
0.765319
0.765364
0.7647
0.764732
0.769139
0.776103
0.781806
0.786122
0.789211
0.791137
0.791812
0.791003
0.788454
0.7839619999999999
0.781122
0.780648
0.779109
0.777621
0.780148
0.7854220000000001
0.7896479999999999
0.792726
0.7947420000000001
0.795798
0.795882
0.794792
0.7923
0.791867
0.793991
0.7950109999999999
0.794696
0.79764
0.803556
0.807755
0.81018
0.811034
0.8105829999999999
0.809191
0.8070430000000001
0.804104
0.800325
0.7991689999999999
0.801165
0.802774
0.8033600000000001
0.8077529999999999
0.815757
0.821824
0.825491
0.826943
0.8265239999999999
0.8244370000000001
0.8207260000000001
0.815591
0.8094060000000001
0.805908
0.805791
0.8056760000000001
0.80501
0.8086770000000001
0.816625
0.823371
0.8283799999999999
0.8316549999999999
0.833201
0.8329059999999999
0.830622
0.826324
0.820026
0.815248
0.8128029999999999
0.80961
0.8054439999999999
0.805693
0.810667
0.815072
0.818597
0.8212969999999999
0.82314
0.8239120000000001
0.823211
0.820642
0.819433
0.820212
0.8197049999999999
0.817427
0.817366
0.820944
0.8244540000000001
0.8267610000000001
0.827987
0.828327
0.827942
0.8268340000000001
0.824843
0.821809
0.820994
0.822875
0.824018
0.8238540000000001
0.8264309999999999
0.83263
0.837996
0.8412860000000001
0.842793
0.8429270000000001
0.841916
0.8398610000000001
0.8368639999999999
0.8330110000000001
0.831736
0.833584
0.835103
0.835641
0.8391569999999999
0.846383
0.8528700000000001
0.857526
0.860504
0.861936
0.861883
0.8603459999999999
0.8573120000000001
0.852772
0.850167
0.8501850000000001
0.849549
0.847786
0.8487319999999999
0.8537819999999999
0.858951
0.8625729999999999
0.864617
0.865242
0.8645520000000001
0.8624
0.8585450000000001
0.856144
0.855893
0.854851
0.852712
0.8517450000000001
0.854619
0.859136
0.8624790000000001
0.8645579999999999
0.8654370000000001
0.865115
0.8634870000000001
0.860367
0.8556889999999999
0.852709
0.8521190000000001
0.850941
0.848801
0.848016
0.85131
0.856323
0.8600409999999999
0.8623940000000001
0.8635790000000001
0.863668
0.862597
0.860267
0.856611
0.854784
0.855391
0.855426
0.8544219999999999
0.854857
0.8589610000000001
0.864107
0.867966
0.8706799999999999
0.872455
0.8733559999999999
0.873273
0.8719600000000001
0.87225
0.8745139999999999
0.8756459999999999
0.8751559999999999
0.874195
0.8764540000000001
0.8810399999999999
0.88431
0.8861709999999999
0.8868450000000001
0.886581
0.885518
0.8835540000000001
0.880497
0.879409
0.8808819999999999
0.88189
0.8819379999999999
0.8824120000000001
0.886461
0.89231
0.896176
0.8980229999999999
0.8983040000000001
0.8973110000000001
0.895099
0.891691
0.887243
0.8851209999999999
0.8860020000000001
0.8868309999999999
0.887094
0.887891
0.892545
0.899593
0.9050790000000001
0.908803
0.9108860000000001
0.911322
0.910034
0.906977
0.902121
0.898508
0.8968520000000001
0.894525
0.8914190000000001
0.8885350000000001
0.889969
0.894971
0.899208
0.902435
0.904717
0.9059459999999999
0.9058200000000001
0.90396
0.9030090000000001
0.903459
0.9026540000000001
0.9003479999999999
0.896667
0.89579
0.8984030000000001
0.900488
0.901646
0.902185
0.9023209999999999
0.902092
0.901329
0.899724
0.8998659999999999
0.9020870000000001
0.903479
0.903626
0.90261
0.904597
0.90971
0.9132879999999999
0.914961
0.915286
0.9146610000000001
0.913184
0.910833
0.907653
0.906681
0.908487
0.9101530000000001
0.911111
0.911163
0.91466
0.921423
0.926507
0.9297790000000001
0.931506
0.9318559999999999
0.93086
0.9284610000000001
0.9273879999999999
0.928176
0.928272
0.927456
0.925859
0.926184
0.930174
0.9349700000000001
0.93855
0.9408719999999999
0.942069
0.9422280000000001
0.94119
0.938615
0.9370459999999999
0.9370719999999999
0.936319
0.934681
0.9323100000000001
0.9319040000000001
0.9351079999999999
0.9389290000000001
0.941428
0.942786
0.943199
0.9426370000000001
0.940951
0.9380850000000001
0.936896
0.9379149999999999
0.938383
0.937841
0.9362799999999999
0.936308
0.939759
0.943857
0.946664
0.9484049999999999
0.949282
0.949205
0.947903
0.94511
0.943448
0.943564
0.943091
0.9417559999999999
0.9395319999999999
0.938942
0.941995
0.9460870000000001
0.9491729999999999
0.951318
0.952556
0.952744
0.951652
0.949082
0.9478270000000001
0.9484540000000001
0.948226
0.9467059999999999
0.9439780000000001
0.943435
0.9465969999999999
0.9501139999999999
0.9525129999999999
0.954015
0.95483
0.954989
0.9543389999999999
0.952673
0.9527399999999999
0.954982
0.956509
0.956791
0.9557620000000001
0.9563889999999999
0.960166
0.963825
0.9657129999999999
0.9661629999999999
0.9654799999999999
0.963709
0.960767
0.956594
0.954142
0.9541870000000001
0.9541360000000001
0.953535
0.952276
0.9531350000000001
0.9575379999999999
0.96214
0.9649540000000001
0.965985
0.965418
0.96341
0.959945
0.957512
0.9565959999999999
0.9548479999999999
0.9522079999999999
0.949041
0.946594
0.948045
0.9521940000000001
0.955573
0.958053
0.9596600000000001
0.9602350000000001
0.959499
0.957133
0.955521
0.955253
0.954068
0.9517620000000001
0.94852
0.9456969999999999
0.946473
0.9495809999999999
0.951751
0.953074
0.953842
0.95411
0.953717
0.952421
0.952741
0.95505
0.956593
0.9569040000000001
0.9560290000000001
0.9559120000000001
0.9588469999999999
0.9626309999999999
0.9646899999999999
0.965307
0.964967
0.9638620000000001
0.961885
0.958866
0.957492
0.9583079999999999
0.958683
0.958184
0.9567180000000001
0.9565299999999999
0.9596370000000001
0.9634879999999999
0.965751
0.9664309999999999
0.9656450000000001
0.9633719999999999
0.959558
0.954269
0.9504739999999999
0.9488979999999999
0.947055
0.944682
0.9418040000000001
0.941177
0.944293
0.947953
0.950216
0.951206
0.9511459999999999
0.950003
0.947551
0.9461649999999999
0.946263
0.9454610000000001
0.943623
0.940992
0.9384
0.939327
0.943
0.9457120000000001
0.94737
0.948134
0.9479850000000001
0.946759
0.944308
0.9430950000000001
0.9436459999999999
0.943641
0.9427760000000001
0.941066
0.939471
0.9412299999999999
0.9451930000000001
0.947815
0.949155
0.9495399999999999
0.9491
0.947787
0.945456
0.944641
0.9458770000000001
0.946738
0.9468340000000001
0.9460200000000001
0.945996
0.94916
0.953543
0.9566100000000001
0.958562
0.9595819999999999
0.9596120000000001
0.9584520000000001
0.955865
0.9543590000000001
0.954426
0.9535620000000001
0.9514459999999999
0.948233
0.946016
0.947399
0.950317
0.9520270000000001
0.952575
0.9521299999999999
0.9507389999999999
0.9483010000000001
0.947176
0.947799
0.947801
0.946843
0.9449280000000001
0.9423959999999999
0.942867
0.945823
0.947341
0.947542
0.9468059999999999
0.94529
0.9430200000000001
0.939924
0.9383469999999999
0.938825
0.93916
0.939048
0.938467
0.937694
0.9402309999999999
0.945376
0.9489989999999999
0.9509799999999999
0.9515110000000001
0.950741
0.9488030000000001
0.945716
0.943943
0.9440569999999999
0.9438030000000001
0.9429200000000001
0.9415389999999999
0.9404899999999999
0.943042
0.948168
0.952175
0.9550200000000001
0.9568450000000001
0.9575620000000001
0.956886
0.9544819999999999
0.952766
0.952367
0.9509920000000001
0.948363
0.9446209999999999
0.9410639999999999
0.9409799999999999
0.943325
0.944938
0.9459129999999999
0.946417
0.946348
0.945384
0.945542
0.947009
0.947376
0.946382
0.944264
0.941091
0.940622
0.943084
0.9444670000000001
0.9445690000000001
0.9438110000000001
0.942451
0.9405190000000001
0.937908
0.936815
0.937667
0.93829
0.9383530000000001
0.9377770000000001
0.9363
0.9376549999999999
0.941959
0.945009
0.946574
0.9469719999999999
0.946375
0.9448129999999999
0.9423090000000001
0.9412959999999999
0.942315
0.9431579999999999
0.943493
0.9432709999999999
0.9425319999999999
0.94504
0.9504299999999999
0.954462
0.9571639999999999
0.9589059999999999
0.9597399999999999
0.959425
0.9576600000000001
0.956683
0.956988
0.956443
0.9549
0.95249
0.949541
0.950026
0.9536709999999999
0.956325
0.957915
0.958562
0.9581540000000001
0.9565030000000001
0.9534870000000001
0.9515290000000001
0.9511200000000001
0.949951
0.947716
0.944472
0.940945
0.940816
0.9434530000000001
0.945111
0.94581
0.945737
0.944844
0.942933
0.942001
0.9423469999999999
0.941915
0.9406030000000001
0.9385680000000001
0.935782
0.934837
0.937041
0.939557
0.940958
0.9414299999999999
0.9410850000000001
0.9398770000000001
0.937693
0.9365450000000001
0.9368219999999999
0.9365459999999999
0.9354620000000001
0.9335870000000001
0.9308770000000001
0.930456
0.933261
0.935948
0.9374950000000001
0.9381139999999999
0.937932
0.9369770000000001
0.9372969999999999
0.939213
0.9406479999999999
0.941258
0.941039
0.9399200000000001
0.9396770000000001
0.942249
0.945674
0.947961
0.94931
0.9498620000000001
0.949586
0.9483469999999999
0.9480139999999999
0.9489350000000001
0.949269
0.948842
0.947728
0.945892
0.945364
0.947892
0.9511200000000001
0.952982
0.9535520000000001
0.953033
0.951558
0.949082
0.947667
0.9477620000000001
0.9473659999999999
0.9462430000000001
0.944528
0.9422780000000001
0.942262
0.945542
0.949083
0.951623
0.95326
0.953989
0.9536209999999999
0.9518790000000001
0.950766
0.950822
0.9501729999999999
0.948636
0.9463530000000001
0.943349
0.9421139999999999
0.944212
0.947118
0.9492649999999999
0.9507049999999999
0.951434
0.951256
0.9498790000000001
0.949258
0.949781
0.9494100000000001
0.9479139999999999
0.945462
0.9420799999999999
0.940541
0.9421290000000001
0.9439709999999999
0.944823
0.9449299999999999
0.9445030000000001
0.943501
0.9437030000000001
0.945366
0.946542
0.94689
0.94637
0.944875
0.943177
0.944191
0.947105
0.948925
0.9496469999999999
0.949441
0.948332
0.946226
0.9449690000000001
0.945053
0.944844
0.944192
0.943197
0.941794
0.940909
0.9430540000000001
0.9468540000000001
0.9493090000000001
0.9504450000000001
0.950523
0.949606
0.9475969999999999
0.946442
0.946572
0.946117
0.9448790000000001
0.943032
0.9406120000000001
0.939426
0.941485
0.944817
0.9472520000000001
0.94881
0.949491
0.949091
0.947385
0.946313
0.9462959999999999
0.9454459999999999
0.9435709999999999
0.9407909999999999
0.9371229999999999
0.934682
0.935478
0.937415
0.938506
0.938815
0.938393
0.9370950000000001
0.936566
0.9370629999999999
0.936891
0.9359770000000001
0.9344520000000001
0.932241
0.929652
0.9299209999999999
0.9325760000000001
0.934163
0.9347530000000001
0.934616
0.933787
0.932177
0.931523
0.93215
0.93232
0.9318059999999999
0.930674
0.928949
0.927364
0.9289299999999999
0.932823
0.93581
0.93786
0.939056
0.939376
0.940492
0.942731
0.944471
0.945492
0.945868
0.9455819999999999
0.9444950000000001
0.944983
0.948091
0.9511950000000001
0.953232
0.954433
0.9549049999999999
0.954606
0.95506
0.956456
0.9571700000000001
0.9570540000000001
0.956227
0.954673
0.9522450000000001
0.95163
0.953766
0.955741
0.956549
0.956318
0.9551719999999999
0.9531629999999999
0.951982
0.9519280000000001
0.9513809999999999
0.950158
0.948324
0.945887
0.942788
0.9423819999999999
0.945016
0.947132
0.948319
0.9486629999999999
0.948082
0.9463719999999999
0.9450440000000001
0.9444799999999999
0.9432940000000001
0.9414239999999999
0.9389870000000001
0.9360129999999999
0.932398
0.931283
0.933251
0.935031
0.936105
0.936582
0.93639
0.9368780000000001
0.938205
0.938836
0.9385129999999999
0.937255
0.935125
0.9322010000000001
0.9300129999999999
0.9306719999999999
0.9326909999999999
0.933944
0.9344819999999999
0.934406
0.9337340000000001
0.934019
