1.011179
1.011711
1.013303
1.013866
1.0132290000000002
1.0115809999999998
1.008993
1.0070540000000001
1.008319
1.011136
1.012831
1.013482
1.013213
1.011926
1.009448
1.0079200000000001
1.007758
1.006817
1.0048110000000001
1.001888
0.9981629999999999
0.9957889999999999
0.996597
0.998233
0.998654
0.998026
0.996584
0.99444
0.9915649999999999
0.9900530000000001
0.9902340000000001
0.989949
0.9888680000000001
0.986973
0.98415
0.982361
0.9836219999999999
0.985878
0.9871110000000001
0.987418
0.9869110000000001
0.9855370000000001
0.9851219999999999
0.986032
0.9865280000000001
0.9864620000000001
0.9859180000000001
0.9848809999999999
0.9832629999999999
0.9847360000000001
0.9891139999999999
0.992207
0.9938600000000001
0.994331
0.9938319999999999
0.9924280000000001
0.9920690000000001
0.993107
0.9936219999999999
0.993343
0.992373
0.990777
0.9893059999999999
0.99105
0.995132
0.998202
1.000248
1.001401
1.001616
1.000796
1.001001
1.002569
1.003356
1.003042
1.001739
0.999516
0.997705
0.9991120000000001
1.002434
1.004769
1.006106
1.006559
1.006058
1.00441
1.0035129999999999
1.0037
1.003056
1.00148
0.999142
0.996029
0.993128
0.993289
0.9953540000000001
0.996318
0.9963489999999999
0.9957
0.9943559999999999
0.9921770000000001
0.991159
0.991625
0.991468
0.9903280000000001
0.988224
0.985194
0.982899
0.983874
0.986499
0.98821
0.989052
0.9891059999999999
0.988323
0.9866290000000001
0.986082
0.9870610000000001
0.9875450000000001
0.9872700000000001
0.986266
0.9844370000000001
0.983392
0.9854299999999999
0.988826
0.991174
0.992469
0.9927739999999999
0.99206
0.990251
0.989507
0.9903559999999999
0.990806
0.9905129999999999
0.989447
0.987535
0.986742
0.989057
0.992289
0.9942549999999999
0.995094
0.995028
0.9940690000000001
0.992075
0.991157
0.991717
0.991613
0.9905950000000001
0.988848
0.986477
0.9859319999999999
0.9888469999999999
0.992568
0.9951969999999999
0.996698
0.997043
0.9961120000000001
0.9958540000000001
0.9967360000000001
0.9969389999999999
0.996243
0.994762
0.9925450000000001
0.989664
0.9898879999999999
0.993166
0.995511
0.996785
0.9971409999999999
0.996624
0.995157
0.9945350000000001
0.995002
0.994626
0.99319
0.9909040000000001
0.987864
0.9842860000000001
0.983785
0.9860760000000001
0.987325
0.9875639999999999
0.9871120000000001
0.98608
0.984381
0.9838979999999999
0.984925
0.9854379999999999
0.985072
0.983833
0.9817520000000001
0.97988
0.981136
0.9843639999999999
0.986411
0.987308
0.987252
0.986303
0.9844430000000001
0.983664
0.984324
0.984468
0.983848
0.982534
0.9804719999999999
0.978866
0.980253
0.983216
0.985058
0.985873
0.985777
0.984712
0.982527
0.981268
0.98139
0.980987
0.979923
0.978318
0.9761639999999999
0.975641
0.978448
0.9820969999999999
0.984569
0.985891
0.986183
0.9854870000000001
0.9857229999999999
0.987175
0.9879120000000001
0.987707
0.986685
0.984936
0.98249
0.9831840000000001
0.986986
0.9897819999999999
0.991459
0.9921840000000001
0.991957
0.990685
0.990183
0.990884
0.9910690000000001
0.990474
0.9891469999999999
0.987075
0.98413
0.983942
0.986828
0.989007
0.990232
0.9907030000000001
0.990482
0.9894850000000001
0.989499
0.990778
0.991391
0.991094
0.9900459999999999
0.9882989999999999
0.986041
0.9868309999999999
0.990402
0.9929790000000001
0.994576
0.9954629999999999
0.9956790000000001
0.9950559999999999
0.995348
0.99684
0.997624
0.997391
0.9961610000000001
0.9939100000000001
0.99093
0.990957
0.993793
0.9956280000000001
0.996401
0.9962489999999999
0.995129
0.992957
0.991778
0.992058
0.991876
0.9909610000000001
0.989359
0.987001
0.9847629999999999
0.9854780000000001
0.9880969999999999
0.989643
0.99018
0.9898100000000001
0.988492
0.9861559999999999
0.984825
0.984973
0.9847819999999999
0.984065
0.9828459999999999
0.981032
0.979635
0.9813930000000001
0.9850389999999999
0.987503
0.988734
0.988901
0.9881
0.9863149999999999
0.985513
0.9861129999999999
0.986226
0.9855659999999999
0.984195
0.982176
0.980651
0.9824729999999999
0.9864620000000001
0.9895799999999999
0.9917530000000001
0.9929969999999999
0.993166
0.993965
0.995721
0.9967239999999999
0.9967870000000001
0.995986
0.994373
0.9919459999999999
0.991705
0.9945290000000001
0.997343
0.99928
1.000437
1.0008270000000001
1.000368
1.000773
1.00227
1.002976
1.002584
1.001212
0.9989870000000001
0.995878
0.995007
0.997072
0.9987370000000001
0.9992549999999999
0.998842
0.9976870000000001
0.995843
0.995131
0.9958629999999999
0.996195
0.995784
0.994585
0.9925129999999999
0.9894790000000001
0.9890770000000001
0.991699
0.993575
0.994288
0.994023
0.99284
0.990705
0.989474
0.989559
0.989196
0.988125
0.986416
0.9840700000000001
0.980958
0.9808520000000001
0.983783
0.985707
0.986617
0.986734
0.9860389999999999
0.984405
0.9836870000000001
0.9842200000000001
0.984159
0.983359
0.981994
0.9800909999999999
0.9783649999999999
0.9798950000000001
0.983808
0.9867290000000001
0.988566
0.9894129999999999
0.989291
0.988193
0.9881110000000001
0.9893959999999999
0.9901030000000001
0.989983
0.9890899999999999
0.9874120000000001
0.9858600000000001
0.987467
0.9912569999999999
0.9940200000000001
0.9957280000000001
0.9964799999999999
0.996193
0.994717
0.994043
0.994683
0.9947940000000001
0.9940829999999999
0.992567
0.990232
0.98788
0.98861
0.991608
0.993684
0.9948299999999999
0.995133
0.994525
0.994683
0.9958629999999999
0.9962620000000001
0.995598
0.9940049999999999
0.991668
0.988654
0.98731
0.9890540000000001
0.991409
0.992827
0.993395
0.993266
0.992466
0.992634
0.994016
0.9949
0.994999
0.994315
0.992776
0.9902280000000001
0.9891280000000001
0.990959
0.993231
0.9945440000000001
0.9950200000000001
0.994758
0.993714
0.9936659999999999
0.995007
0.996007
0.996359
0.9960479999999999
0.9950110000000001
0.993074
0.9933780000000001
0.996467
0.998944
1.0002719999999998
1.000645
1.000043
0.9983489999999999
0.997368
0.9974940000000001
0.997033
0.995876
0.994192
0.9919879999999999
0.989118
0.989194
0.992409
0.9947959999999999
0.9959610000000001
0.995983
0.9948959999999999
0.992725
0.991408
0.9913379999999999
0.990721
0.989344
0.9872799999999999
0.984562
0.981503
0.981786
0.985175
0.9878680000000001
0.989766
0.9909450000000001
0.9912860000000001
0.9905729999999999
0.9905780000000001
0.991683
0.9921549999999999
0.991828
0.9907729999999999
0.988986
0.9866020000000001
0.987268
0.990819
0.993467
0.9952190000000001
0.996237
0.9964850000000001
0.9958450000000001
0.9961479999999999
0.997705
0.9986010000000001
0.9985790000000001
0.997761
0.996149
0.993848
0.9944430000000001
0.997726
0.999909
1.0010059999999998
1.001267
1.00075
0.999342
0.99889
0.9997370000000001
0.999985
0.999337
0.9978040000000001
0.9953569999999999
0.992453
0.9926879999999999
0.99569
0.9977860000000001
0.998885
0.99908
0.998291
0.998172
0.9991040000000001
0.999502
0.9991760000000001
0.998207
0.9966200000000001
0.994331
0.993157
0.9948040000000001
0.997173
0.998365
0.9985620000000001
0.9979600000000001
0.996566
0.9960450000000001
0.996708
0.996892
0.996365
0.99525
0.993584
0.9912299999999999
0.990434
0.9926200000000001
0.9952850000000001
0.9968469999999999
0.9973770000000001
0.9970209999999999
0.995869
0.9957239999999999
0.9968610000000001
0.9974770000000001
0.9973139999999999
0.9964559999999999
0.994951
0.9927790000000001
0.9930620000000001
0.9964850000000001
0.999682
1.001807
1.002946
1.003072
1.0020280000000001
1.001523
1.001954
1.001723
1.00071
0.999031
0.996719
0.993685
0.9931450000000001
0.995712
0.998006
0.99944
1.000159
1.00014
0.999225
0.999157
1.000197
1.0004389999999999
0.999606
0.9978440000000001
0.9953129999999999
0.992036
0.9917950000000001
0.99477
0.997017
0.998339
0.9988879999999999
0.9987030000000001
0.997733
0.997793
0.9992030000000001
1.000117
1.000257
0.999619
0.9981209999999999
0.995655
0.9959379999999999
0.999258
1.001716
1.003003
1.003305
1.0026899999999999
1.001147
1.000601
1.001503
1.002054
1.001927
1.001103
0.999511
0.9969899999999999
0.9971540000000001
1.000212
1.0023440000000001
1.003423
1.00367
1.003067
1.00149
1.000764
1.001225
1.00105
1.0000799999999999
0.998503
0.9963860000000001
0.9937959999999999
0.9944729999999999
0.998268
1.001106
1.002797
1.003407
1.002944
1.001417
1.000772
1.0013889999999999
1.001427
1.000636
0.999058
0.99669
0.9937940000000001
0.994074
0.997283
0.999556
1.0008299999999999
1.0012379999999999
1.000721
1.00091
1.002119
1.002726
1.002501
1.001444
0.999547
0.9967879999999999
0.995186
0.9965440000000001
0.998818
1.000175
1.000648
1.000291
0.999072
0.9986719999999999
0.9993780000000001
0.9994780000000001
0.9987299999999999
0.997292
0.995308
0.992732
0.9918879999999999
0.9940950000000001
0.9967379999999999
0.998302
0.9989030000000001
0.9987389999999999
0.997908
0.998208
0.999948
1.00132
1.00197
1.001837
1.0008190000000001
0.998763
0.998554
1.0013020000000001
1.004102
1.0059559999999999
1.006982
1.007195
1.006449
1.006443
1.007531
1.0080049999999998
1.0076459999999998
1.006541
1.004726
1.002114
1.001684
1.004203
1.006461
1.007649
1.007894
1.007157
1.005318
1.0042389999999999
1.004351
1.003934
1.002866
1.001292
0.999187
0.996374
0.996376
0.999453
1.00177
1.0029430000000001
1.003091
1.002277
1.000541
0.9997540000000001
1.000257
1.000245
0.999467
0.997972
0.995771
0.9928610000000001
0.992833
0.996149
0.9991129999999999
1.00122
1.0025030000000001
1.002843
1.002032
1.001811
1.002604
1.002782
1.0021950000000002
1.000908
0.998909
0.996102
0.996124
0.99926
1.001724
1.003293
1.0041360000000001
1.004237
1.003479
1.003683
1.005124
1.005842
1.005547
1.004362
1.002316
0.9994860000000001
0.99961
1.0026110000000001
1.0046190000000002
1.0056399999999999
1.005909
1.005469
1.004182
1.00385
1.004791
1.0051139999999998
1.004535
1.003069
1.000683
0.9975940000000001
0.9975860000000001
1.0004790000000001
1.002356
1.00312
1.00291
1.001711
0.9994780000000001
0.99823
0.998491
0.998467
0.9978809999999999
0.9967290000000001
0.994901
0.992574
0.993165
0.996245
0.998125
0.9988969999999999
0.9988100000000001
0.997877
0.9978
0.998875
0.9993549999999999
0.998986
0.9978969999999999
0.996202
0.9938870000000001
0.993082
0.9953649999999999
0.9983920000000001
1.000342
1.001192
1.001036
0.999944
0.9996520000000001
1.000432
1.000574
0.999899
0.9985649999999999
0.996662
0.9941709999999999
0.993676
0.996317
0.999238
1.001098
1.0019959999999999
1.001997
1.0010290000000002
1.000853
1.00185
1.002338
1.002114
1.001219
0.999634
0.99724
0.99716
1.000069
1.002709
1.004476
1.005541
1.005888
1.0053459999999999
1.005573
1.006787
1.007118
1.006311
1.0045469999999999
1.0020229999999999
0.99877
0.998099
1.000593
1.002744
1.003873
1.004086
1.003436
1.001876
1.001248
1.0019069999999999
1.002035
1.001369
0.999915
0.997603
0.994345
0.9940540000000001
0.9968809999999999
0.9987729999999999
0.999619
0.999635
0.9988739999999999
0.997291
0.996782
0.9977370000000001
0.9982850000000001
0.998093
0.997166
0.9954639999999999
0.992843
0.9930760000000001
0.996244
0.9983719999999999
0.9994719999999999
0.999776
0.9992719999999999
0.99785
0.997331
0.9980709999999999
0.998287
0.997814
0.9968030000000001
0.9952610000000001
0.9931399999999999
0.9941639999999999
0.9981979999999999
1.001136
1.002825
1.003391
1.002894
1.00138
1.000833
1.001637
1.001914
1.00139
1.000083
0.997978
0.995467
0.9961540000000001
0.9996780000000001
1.0023030000000002
1.003959
1.0047469999999998
1.004564
1.0032219999999998
1.002628
1.0032450000000002
1.003227
1.0022870000000002
1.000475
0.997821
0.994816
0.994956
0.997816
0.9998049999999999
1.0008350000000001
1.000977
1.0001790000000002
1.000139
1.001142
1.001428
1.000723
0.999158
0.996891
0.993949
0.992373
0.993777
0.995908
0.996948
0.996986
0.9962290000000001
0.994792
0.994411
0.9953860000000001
0.9959950000000001
0.9959389999999999
0.9952040000000001
0.99371
0.991301
0.9904850000000001
0.9926709999999999
0.9952799999999999
0.996941
0.9977590000000001
0.997814
0.9970399999999999
0.9971959999999999
0.998659
0.999697
1.000049
0.9997530000000001
0.998798
0.9970540000000001
0.9976079999999999
1.001045
1.0040129999999998
1.005894
1.0068540000000001
1.006859
1.005767
1.005366
1.006023
1.006005
1.0051780000000001
1.0037049999999998
1.001598
0.99872
0.9984709999999999
1.0012860000000001
1.003488
1.004517
1.004471
1.0034020000000001
1.0013290000000001
1.000162
1.00026
0.99979
0.998518
0.996505
0.9937819999999999
0.990426
0.990345
0.993553
0.9960180000000001
0.9976299999999999
0.9984729999999999
0.998439
0.9973280000000001
0.9969049999999999
0.9975729999999999
0.997658
0.9970129999999999
0.995714
0.993751
0.991009
0.9912290000000001
0.994554
0.9970610000000001
0.99865
0.9994930000000001
0.999574
0.998778
0.996958
0.993972
0.9897370000000001
0.987014
0.9864440000000001
0.985391
0.9832870000000001
0.980049
0.978435
0.98062
0.9839450000000001
0.986341
0.987859
0.9884350000000001
0.987834
0.985884
0.982519
0.977678
0.9743209999999999
0.972937
0.9706459999999999
0.967289
0.9632
0.962791
0.966519
0.9696379999999999
0.9712040000000001
0.9712139999999999
0.9697040000000001
0.9667
0.962227
0.956347
0.952067
0.94994
0.947101
0.943156
0.93825
0.9364030000000001
0.9384889999999999
0.940305
0.9407260000000001
0.939897
0.938011
0.9351200000000001
0.931183
0.928891
0.928746
0.928105
0.926587
0.92427
0.9235190000000001
0.9263129999999999
0.93004
0.9323530000000001
0.933309
0.933134
0.931952
0.9298209999999999
0.926725
0.9252090000000001
0.925825
0.926214
0.926062
0.9252889999999999
0.9260379999999999
0.9300709999999999
0.9345889999999999
0.937157
0.937825
0.9368700000000001
0.9345540000000001
0.931098
0.9265899999999999
0.921004
0.917342
0.916175
0.9145700000000001
0.9120879999999999
0.9094639999999999
0.910697
0.9148930000000001
0.9176120000000001
0.918768
0.9185549999999999
0.916924
0.913652
0.9085340000000001
0.9015700000000001
0.896116
0.892958
0.889175
0.8844299999999999
0.8803049999999999
0.88026
0.882808
0.884259
0.884432
0.883408
0.8811690000000001
0.877569
0.8724139999999999
0.868526
0.866466
0.863559
0.859611
0.855137
0.8541700000000001
0.8562569999999999
0.857038
0.8564440000000001
0.854816
0.852398
0.849284
0.845456
0.8408530000000001
0.838349
0.8384520000000001
0.838282
0.837297
0.8365530000000001
0.8392440000000001
0.8440059999999999
0.847167
0.848657
0.848794
0.8478459999999999
0.8459690000000001
0.8432790000000001
0.839879
0.8388450000000001
0.8407129999999999
0.84244
0.843384
0.845067
0.850136
0.8565370000000001
0.861024
0.863649
0.864827
0.864783
0.863454
0.8606440000000001
0.8562
0.853211
0.852368
0.850776
0.848009
0.84609
0.847874
0.85136
0.8535510000000001
0.854389
0.8539770000000001
0.852253
0.8490690000000001
0.844301
0.8378680000000001
0.832879
0.8299469999999999
0.826132
0.8211280000000001
0.8176869999999999
0.818106
0.819725
0.820153
0.8194540000000001
0.817815
0.81528
0.811752
0.807086
0.804052
0.803191
0.801754
0.799238
0.796618
0.797181
0.799934
0.801458
0.80171
0.800883
0.799137
0.796571
0.793161
0.791361
0.791536
0.7911560000000001
0.789851
0.7878229999999999
0.789212
0.793891
0.797392
0.799413
0.800145
0.7998390000000001
0.798721
0.796882
0.794281
0.793633
0.795399
0.7968029999999999
0.797305
0.798243
0.802427
0.808137
0.8120970000000001
0.814416
0.81553
0.815709
0.815026
0.813403
0.8107300000000001
0.80983
0.811135
0.811707
0.811033
0.810739
0.813649
0.818005
0.8207040000000001
0.821729
0.821313
0.8196129999999999
0.816661
0.812322
0.806417
0.801764
0.799003
0.7955760000000001
0.791285
0.788095
0.788732
0.7913060000000001
0.7928890000000001
0.793397
0.792924
0.7914220000000001
0.7886850000000001
0.784461
0.781271
0.7796649999999999
0.77723
0.773714
0.769787
0.769224
0.771705
0.773552
0.7747430000000001
0.7754800000000001
0.775837
0.7757350000000001
0.774933
0.773107
0.7724949999999999
0.7734340000000001
0.7735350000000001
0.77254
0.7711100000000001
0.772807
0.776947
0.779709
0.781189
0.7818689999999999
0.7820229999999999
0.781678
0.7807310000000001
0.77905
0.779219
0.7815850000000001
0.783315
0.783775
0.7844220000000001
0.788028
0.792986
0.79637
0.798268
0.799018
0.798833
0.7977380000000001
0.795615
0.7923
0.790495
0.790725
0.790305
0.788808
0.788094
0.790845
0.795126
0.798021
0.799504
0.799797
0.798928
0.796709
0.792917
0.787481
0.783277
0.781058
0.7783640000000001
0.77489
0.7724850000000001
0.7738729999999999
0.777208
0.779539
0.780738
0.780848
0.779796
0.7774770000000001
0.773838
0.771319
0.770351
0.768584
0.7657970000000001
0.762286
0.762241
0.76575
0.76862
0.770656
0.7719659999999999
0.7725270000000001
0.772199
0.7707609999999999
0.767997
0.766283
0.766239
0.765699
0.764332
0.762636
0.764365
0.769093
0.77289
0.77561
0.777407
0.77835
0.778401
0.777423
0.777672
0.7794939999999999
0.780488
0.780263
0.778904
0.780339
0.785015
0.788948
0.791664
0.793377
0.794281
0.7944399999999999
0.79372
0.79185
0.788602
0.786571
0.7863220000000001
0.785341
0.783245
0.781803
0.783732
0.7872140000000001
0.789412
0.790413
0.790403
0.789385
0.787265
0.783982
0.782107
0.782142
0.781617
0.780173
0.7781359999999999
0.779337
0.783496
0.786515
0.78818
0.788596
0.78784
0.785949
0.782818
0.7782640000000001
0.774571
0.772374
0.769745
0.766634
0.763208
0.763576
0.7677579999999999
0.7712640000000001
0.773684
0.775038
0.775277
0.774297
0.772054
0.768632
0.766602
0.766502
0.7660020000000001
0.76478
0.763586
0.766021
0.771389
0.77585
0.779277
0.781896
0.783783
0.784808
0.784701
0.7854760000000001
0.787425
0.78837
0.7881279999999999
0.7868569999999999
0.787456
0.791175
0.7950689999999999
0.797825
0.7995760000000001
0.8004479999999999
0.800419
0.799361
0.797103
0.7935220000000001
0.791234
0.790871
0.790009
0.788216
0.786641
0.788452
0.792343
0.794816
0.7958310000000001
0.795657
0.79447
0.7923600000000001
0.789339
0.787849
0.788327
0.788355
0.787543
0.785882
0.786814
0.790826
0.79427
0.7965720000000001
0.797863
0.798099
0.7971189999999999
0.79475
0.790917
0.7879390000000001
0.7864770000000001
0.7846420000000001
0.782281
0.779509
0.7793
0.7825979999999999
0.786031
0.7881640000000001
0.788985
0.788628
0.787229
0.784848
0.7815
0.779675
0.779929
0.7799729999999999
0.779458
0.778388
0.780714
0.786347
0.790959
0.794409
0.796925
0.7985979999999999
0.7993399999999999
0.7989350000000001
0.797207
0.796566
0.797531
0.797796
0.797034
0.795311
0.796619
0.801353
0.805399
0.8082600000000001
0.810028
0.810711
0.810188
0.8082779999999999
0.804862
0.8024640000000001
0.801739
0.800485
0.798404
0.7954979999999999
0.79579
0.799211
0.801447
0.802495
0.80267
0.802088
0.800719
0.7984640000000001
0.7952100000000001
0.793381
0.793383
0.792716
0.790946
0.788133
0.7885449999999999
0.7923100000000001
0.795064
0.796652
0.797291
0.797098
0.796104
0.794255
0.791484
0.7902170000000001
0.7909689999999999
0.7913979999999999
0.791042
0.789772
0.7913060000000001
0.795817
0.799177
0.801042
0.801693
0.8012819999999999
0.799849
0.7973819999999999
0.7939069999999999
0.79205
0.792377
0.792437
0.79176
0.790471
0.792499
0.797614
0.801507
0.803971
0.805226
0.805437
0.804578
0.802457
0.801276
0.801485
0.8009689999999999
0.7996260000000001
0.7976489999999999
0.797814
0.801381
0.805425
0.808429
0.810337
0.811132
0.810729
0.809012
0.80592
0.801519
0.79847
0.797379
0.795871
0.7935439999999999
0.790916
0.791734
0.795441
0.798068
0.799608
0.800355
0.800391
0.799614
0.797856
0.7974
0.7986270000000001
0.799181
0.798686
0.79711
0.797482
0.8009
0.804363
0.8069310000000001
0.808767
0.809898
0.8102020000000001
0.80947
0.807462
0.8063359999999999
0.806559
0.80601
0.80443
0.8019270000000001
0.801589
0.804605
0.8077529999999999
0.809647
0.810395
0.810198
0.809192
0.807412
0.804833
0.803914
0.8051020000000001
0.805905
0.8058
0.8046449999999999
0.805933
0.81012
0.813438
0.815446
0.816499
0.816767
0.816227
0.814735
0.8121520000000001
0.810826
0.8112560000000001
0.81119
0.810296
0.808602
0.809303
0.813299
0.817082
0.819434
0.8204629999999999
0.820341
0.819067
0.816492
0.8125180000000001
0.809653
0.808602
0.807262
0.805353
0.802828
0.8032729999999999
0.8071729999999999
0.810621
0.812924
0.8142159999999999
0.814539
0.813802
0.811882
0.8087270000000001
0.8067880000000001
0.80653
0.805601
0.803706
0.800981
0.801445
0.805634
0.809528
0.812581
0.814883
0.8163699999999999
0.816823
0.815979
0.813666
0.8123739999999999
0.812769
0.812628
0.811578
0.8095829999999999
0.810401
0.81457
0.818185
0.8206549999999999
0.8221209999999999
0.8226620000000001
0.822269
0.820851
0.818296
0.817054
0.817545
0.8172590000000001
0.815817
0.813333
0.8139689999999999
0.817999
0.8211510000000001
0.823105
0.8241120000000001
0.824334
0.8237399999999999
0.8221579999999999
0.819433
0.818045
0.818475
0.818289
0.8171229999999999
0.8149890000000001
0.815945
0.8202389999999999
0.8236110000000001
0.8256959999999999
0.8266100000000001
0.8263950000000001
0.825017
0.822441
0.818713
0.816445
0.8161970000000001
0.8155789999999999
0.814203
0.812021
0.812975
0.817199
0.8203290000000001
0.822008
0.8225399999999999
0.822081
0.820551
0.817792
0.8137310000000001
0.811013
0.810315
0.809296
0.807588
0.805345
0.806719
0.8115720000000001
0.81542
0.817974
0.819305
0.8193969999999999
0.818211
0.815736
0.811966
0.809528
0.8090149999999999
0.80804
0.8063170000000001
0.804398
0.806203
0.811247
0.815308
0.818171
0.819946
0.82063
0.8201129999999999
0.8182229999999999
0.814829
0.812609
0.812224
0.811233
0.8092600000000001
0.806922
0.8080109999999999
0.811988
0.814942
0.816812
0.817786
0.817905
0.81708
0.815131
0.8118890000000001
0.809955
0.809824
0.808975
0.807138
0.8051729999999999
0.806614
0.810581
0.813233
0.814555
0.814883
0.8143640000000001
0.812941
0.810493
0.80696
0.805034
0.80523
0.8049069999999999
0.803565
0.801932
0.803534
0.807606
0.810397
0.811789
0.811984
0.811105
0.809191
0.806257
0.802307
0.800064
0.800089
0.7997920000000001
0.798707
0.797765
0.800229
0.8049850000000001
0.8084359999999999
0.810559
0.8115600000000001
0.811443
0.8101079999999999
0.807487
0.8036369999999999
0.801459
0.8015720000000001
0.8013170000000001
0.800242
0.799611
0.802535
0.8076180000000001
0.811375
0.81363
0.814497
0.814078
0.812445
0.809581
0.807994
0.808157
0.807651
0.806222
0.80402
0.805045
0.8095359999999999
0.813288
0.815841
0.8172590000000001
0.817551
0.816671
0.814508
0.810937
0.808469
0.807752
0.8065319999999999
0.804501
0.801673
0.802176
0.8061010000000001
0.8090470000000001
0.810787
0.811555
0.8114979999999999
0.8106399999999999
0.8088930000000001
0.806131
0.8048270000000001
0.805375
0.805253
0.804132
0.8022640000000001
0.803565
0.807742
0.810588
0.812161
0.8128989999999999
0.813
0.81239
0.810866
0.808242
0.8070039999999999
0.8075899999999999
0.807443
0.806113
0.803897
0.804822
0.808717
0.811438
0.812844
0.8131550000000001
0.812497
0.810891
0.808292
0.804652
0.802672
0.802916
0.802798
0.80185
0.800844
0.8031560000000001
0.807808
0.811025
0.812747
0.8133020000000001
0.812858
0.811372
0.808715
0.804816
0.802425
0.8022020000000001
0.801653
0.80038
0.799205
0.801601
0.806652
0.810526
0.813025
0.814258
0.814299
0.813178
0.810818
0.80709
0.80461
0.8039810000000001
0.802816
0.800872
0.798986
0.800708
0.805221
0.808703
0.811048
0.812419
0.812816
0.812084
0.810017
0.806516
0.804335
0.8040470000000001
0.8030510000000001
0.80095
0.798805
0.8001739999999999
0.804217
0.8073779999999999
0.8095939999999999
0.8110430000000001
0.811733
0.81148
0.810022
0.807148
0.8054720000000001
0.805483
0.804628
0.8026409999999999
0.8006979999999999
0.802198
0.8060689999999999
0.808722
0.810127
0.810563
0.810139
0.808783
0.8063600000000001
0.802771
0.800712
0.800672
0.799946
0.7980520000000001
0.796343
0.798064
0.801896
0.8044060000000001
0.805475
0.805339
0.804207
0.802158
0.79911
0.794942
0.792395
0.792038
0.791222
0.789508
0.788554
0.791091
0.795285
0.798112
0.7995939999999999
0.799941
0.799191
0.79727
0.794098
0.792258
0.792339
0.791975
0.790883
0.789405
0.7914640000000001
0.796751
0.8009729999999999
0.8038390000000001
0.805401
0.805667
0.804657
0.802397
0.798847
0.796521
0.795971
0.794884
0.793061
0.791189
0.7930619999999999
0.79804
0.8019649999999999
0.804628
0.806189
0.806705
0.806089
0.804185
0.8009350000000001
0.799091
0.79923
0.79875
0.797226
0.795639
0.79755
0.8021020000000001
0.805601
0.807924
0.80928
0.809764
0.809277
0.809808
0.811534
0.812163
0.8113739999999999
0.809358
0.807683
0.8089850000000001
0.81191
0.813776
0.8145399999999999
0.8143779999999999
0.8134319999999999
0.813488
0.8148529999999999
0.815774
0.815913
0.815325
0.814103
0.813732
0.8162149999999999
0.819843
0.8221700000000001
0.823124
0.8229120000000001
0.821743
0.8213450000000001
0.82224
0.8231370000000001
0.823918
0.8246709999999999
0.8253729999999999
0.825953
0.829527
0.8357530000000001
0.840774
0.84425
0.8463219999999999
0.8472780000000001
0.847449
0.84851
0.8506950000000001
0.8523850000000001
0.8532649999999999
0.85344
0.853038
0.85201
0.853786
0.858352
0.861982
0.86462
0.866482
0.867612
0.867869
0.868663
0.870185
0.8708450000000001
0.87041
0.8689620000000001
0.8665950000000001
0.8641479999999999
0.8645149999999999
0.8670190000000001
0.868822
0.87003
0.8708809999999999
0.871392
0.872898
0.8754719999999999
0.8774379999999999
0.878423
0.8785059999999999
0.877869
0.876566
0.876526
0.879006
0.8818940000000001
0.883868
0.885192
0.8861
0.886599
0.887966
0.890394
0.892502
0.894078
0.895166
0.8957149999999999
0.895523
0.895466
0.897958
0.902026
0.905214
0.9075790000000001
0.9092870000000001
0.9103610000000001
0.9121959999999999
0.915143
0.917916
0.9202739999999999
0.922169
0.9234680000000001
0.9239290000000001
0.9241540000000001
0.926801
0.931163
0.93461
0.937307
0.9394319999999999
0.940883
0.941443
0.94255
0.944469
0.9457
0.946074
0.9456469999999999
0.944375
0.9421950000000001
0.941939
0.944774
0.94789
0.9501440000000001
0.9515309999999999
0.952042
0.951548
0.951542
0.952334
0.9524040000000001
0.951564
0.949942
0.947658
0.944736
0.943593
0.945626
0.948371
0.95034
0.951428
0.9515110000000001
0.9504540000000001
0.9498059999999999
0.950047
0.94984
0.948982
0.947516
0.945457
0.9427620000000001
0.941443
0.943436
0.9467840000000001
0.949525
0.9515600000000001
0.952838
0.954586
0.9570049999999999
0.9587899999999999
0.959792
0.960158
0.9599620000000001
0.959152
0.9576520000000001
0.9586
0.962565
0.9663299999999999
0.96935
0.971722
0.973403
0.975642
0.978691
0.981225
0.9829379999999999
0.9837670000000001
0.983685
0.9827110000000001
0.9809040000000001
0.981651
0.9854569999999999
0.9889049999999999
0.991461
0.993173
0.9940479999999999
0.994087
0.9949530000000001
0.9969790000000001
0.998556
0.9994149999999999
0.999554
0.9989049999999999
0.997353
0.997252
1.000265
1.0040149999999999
1.006768
1.008427
1.0089629999999998
1.00831
1.008147
1.008965
1.0093159999999999
1.008995
1.008055
1.0065309999999998
1.004364
1.0030860000000001
1.004728
1.0074889999999999
1.009049
1.009435
1.00874
1.0069350000000001
1.0056399999999999
1.005287
1.004436
1.002958
1.001053
0.9988389999999999
0.9962639999999999
0.994761
0.996501
0.999811
1.002192
1.0035120000000002
1.003783
1.003023
1.002967
1.00406
1.004781
1.004892
1.004438
1.0034100000000001
1.001741
1.001012
1.003439
1.007384
1.010518
1.012781
1.0141790000000002
1.014599
1.0155969999999999
1.01756
1.0190299999999999
1.019802
1.0198559999999999
1.01914
1.017569
1.016637
1.018584
1.021865
1.024182
1.025534
1.025966
1.025443
1.025695
1.027094
1.027954
1.027978
1.02724
1.025843
1.0237530000000001
1.022784
1.024774
1.027686
1.0294590000000001
1.030124
1.0298559999999999
1.028758
1.026829
1.0260479999999998
1.026837
1.027272
1.026983
1.025909
1.0240049999999998
1.0214370000000002
1.022023
1.025579
1.0280799999999999
1.029444
1.029827
1.029259
1.027755
1.027368
1.028502
1.029159
1.028968
1.027927
1.025993
1.023038
1.022736
1.025399
1.027248
1.028058
1.027963
1.026975
1.0250350000000001
1.024075
1.024514
1.02455
1.023976
1.022831
1.02106
1.018522
1.018907
1.022316
1.0246979999999999
1.025868
1.026147
1.025671
1.024377
1.02423
1.025619
1.026589
1.0268469999999998
1.026469
1.025474
1.02375
1.025108
1.029517
1.032834
1.0349469999999998
1.03597
1.035881
1.034659
1.0343790000000002
1.035483
1.036024
1.035721
1.034629
1.032724
1.029927
1.0301870000000002
1.033742
1.0365229999999999
1.038302
1.039209
1.039196
1.038087
1.03777
1.038557
1.0385
1.037434
1.035499
1.032708
1.0291299999999999
1.028651
1.031207
1.032792
1.033453
1.03344
1.0327540000000002
1.0312540000000001
1.030853
1.0318209999999999
1.03205
1.031176
1.029288
1.026499
1.0230139999999999
1.022571
1.024976
1.026299
1.026542
1.025954
1.024653
1.022617
1.021794
1.0225
1.022738
1.022202
1.0208899999999999
1.018707
1.0159770000000001
1.016249
1.0191729999999999
1.0211059999999998
1.022016
1.022066
1.0212510000000001
1.019449
1.018701
1.019487
1.019884
1.019633
1.018774
1.01726
1.015967
1.017841
1.021758
1.024446
1.025941
1.026486
1.02611
1.024669
1.024205
1.025091
1.0252379999999999
1.0244
1.022748
1.020374
1.018585
1.020129
1.023599
1.02603
1.027364
1.02765
1.026859
1.024957
1.024068
1.024538
1.024248
1.022945
1.020751
1.017744
1.0154100000000001
1.016472
1.019404
1.021315
1.022201
1.022162
1.021115
1.018881
1.017501
1.0174379999999998
1.016774
1.015327
1.013169
1.010286
1.0081040000000001
1.00918
1.011961
1.013778
1.014734
1.01494
1.014313
1.012679
1.012063
1.0127979999999999
1.0127709999999999
1.011782
1.010062
1.007691
1.006381
1.008393
1.011823
1.0142010000000001
1.015607
1.0162149999999999
1.015983
1.014707
1.0144790000000001
1.015709
1.016263
1.015833
1.014433
1.0120040000000001
1.01078
1.012789
1.015729
1.017533
1.018281
1.018071
1.016835
1.014499
1.013407
1.014081
1.014329
1.0138280000000002
1.012591
1.010507
1.010001
1.012546
1.015341
1.016707
1.016887
1.016061
1.0141870000000002
1.013262
1.013658
1.0133969999999999
1.012297
1.010584
1.008377
1.006047
1.0070299999999999
1.01078
1.013425
1.014764
1.014859
1.013672
1.01118
1.009459
1.008989
1.007917
1.006075
1.003619
1.000572
0.997583
0.997977
1.0010219999999999
1.003172
1.004393
1.0048549999999998
1.004543
1.003298
1.003081
1.00427
1.0049
1.004699
1.0036459999999998
1.001657
1.000063
1.001495
1.0045629999999999
1.006637
1.00786
1.008357
1.00805
1.006775
1.006548
1.007691
1.008066
1.007361
1.005701
1.00319
1.001588
1.003148
1.005953
1.0074940000000001
1.007795
1.007021
1.005272
1.002558
1.001127
1.001452
1.001391
1.00062
0.9991200000000001
0.9967719999999999
0.995928
0.998193
1.0010219999999999
1.002735
1.0034450000000001
1.0032459999999999
1.0020799999999999
0.999811
0.9986459999999999
0.9991049999999999
0.99911
0.998384
0.9969819999999999
0.99487
0.994251
0.9968020000000001
1.0000149999999999
1.0019959999999999
1.002941
1.002987
1.002025
0.9998969999999999
0.998777
0.999152
0.9989959999999999
0.998114
0.996577
0.9942799999999999
0.9933549999999999
0.9955870000000001
0.9985809999999999
1.000368
1.001019
1.00063
0.9992219999999999
0.998878
1.000003
1.000581
1.000298
0.999193
0.997251
0.994925
0.9957719999999999
0.9994059999999999
1.0021520000000002
1.003914
1.004818
1.00481
1.003725
1.003416
1.004186
1.00416
1.003263
1.001709
0.999516
0.99723
0.998074
1.0012889999999999
1.003366
1.004393
1.004627
1.004102
1.0027469999999998
1.0026030000000001
1.00399
1.004756
1.0044790000000001
1.0031
1.000581
0.998192
0.998751
1.000983
1.002037
1.002039
1.001208
0.999602
0.9971979999999999
0.996028
0.996403
0.996243
0.995237
0.9934
0.990648
0.9883930000000001
0.9891700000000001
0.9914879999999999
0.9927219999999999
0.992856
0.9919680000000001
0.9900389999999999
0.9870049999999999
0.985052
0.984741
0.984124
0.9829389999999999
0.9812200000000001
0.9789120000000001
0.97805
0.980425
0.9836790000000001
0.985719
0.98667
0.9867540000000001
0.9859879999999999
0.9862540000000001
0.987827
0.988712
0.9886149999999999
0.9876790000000001
0.986088
0.9840899999999999
0.9853709999999999
0.9897459999999999
0.993275
0.9958040000000001
0.9974200000000001
0.998057
0.997577
0.995878
0.9951709999999999
0.995959
0.996201
0.9956290000000001
0.994259
0.991964
0.9912979999999999
0.993866
0.996985
0.9990760000000001
1.000306
1.0007840000000001
1.000405
1.00108
1.003024
1.004059
1.003841
1.002483
1.000065
0.997235
0.9973059999999999
0.999685
1.000966
1.001185
1.0006
0.999238
0.996935
0.9954270000000001
0.9949959999999999
0.9937950000000001
0.991613
0.988585
0.984823
0.980715
0.9798889999999999
0.981931
0.9829370000000001
0.982842
0.98185
0.980067
0.9775469999999999
0.976361
0.976885
0.977108
0.976706
0.975671
0.9738870000000001
0.972598
0.974258
0.97744
0.9796219999999999
0.980978
0.981672
0.981661
0.9807680000000001
0.980849
0.982237
0.983051
0.983118
0.9825200000000001
0.9812379999999999
0.980699
0.9833360000000001
0.987452
0.9902559999999999
0.9917040000000001
0.991933
0.9910100000000001
0.9889020000000001
0.9877360000000001
0.987991
0.987675
0.986534
0.984657
0.982086
0.9811549999999999
0.98355
0.9867370000000001
0.988836
0.989909
0.9899870000000001
0.9889209999999999
0.988533
0.9891209999999999
0.9888110000000001
0.98744
0.985167
0.982109
0.9785
0.9780260000000001
0.980555
0.98229
0.983192
0.983403
0.982878
0.9814700000000001
0.9808479999999999
0.9812549999999999
0.9809180000000001
0.9797170000000001
0.9779059999999999
0.9755510000000001
0.9724520000000001
0.9721700000000001
0.97485
0.9766
0.977309
0.977326
0.976806
0.9756870000000001
0.9757790000000001
0.9773950000000001
0.9786159999999999
0.97906
0.9786370000000001
0.9772209999999999
0.975406
0.976519
0.979991
0.982477
0.9840040000000001
0.984727
0.984567
0.9833639999999999
0.9830540000000001
0.9840530000000001
0.984476
0.984102
0.983033
0.98125
0.979815
0.981417
0.984743
0.986828
0.9877520000000001
0.987671
0.986518
0.9841719999999999
0.982675
0.982475
0.981676
0.980137
0.978
0.9752379999999999
0.973512
0.974999
0.9777950000000001
0.979466
0.980036
0.979661
0.978402
0.978074
0.978907
0.979031
0.978215
0.9765959999999999
0.97429
0.971357
0.971052
0.973917
0.976475
0.9780190000000001
0.978668
0.9784370000000001
0.977224
0.9766889999999999
0.977224
0.977316
0.976864
0.97596
0.9745659999999999
0.9724940000000001
0.972816
0.976107
0.979044
0.9810700000000001
0.9823930000000001
0.983085
0.983068
0.984086
0.9863719999999999
0.9879879999999999
0.988582
0.9882190000000001
0.9869959999999999
0.984935
0.9858520000000001
0.9897870000000001
0.992767
0.9947309999999999
0.99584
0.9961030000000001
0.9953930000000001
0.9954729999999999
0.9966389999999999
0.9970450000000001
0.996453
0.994935
0.992489
0.989233
0.989015
0.9917540000000001
0.9934209999999999
0.9938899999999999
0.9933200000000001
0.99174
0.9891409999999999
0.987547
0.9874350000000001
0.986942
0.985772
0.983944
0.9813959999999999
0.9785379999999999
0.9785940000000001
0.980964
0.982216
0.982476
0.981999
0.9807879999999999
0.980484
0.981351
0.981676
0.981232
0.9801979999999999
0.9787170000000001
0.976778
0.9762790000000001
0.978879
0.9824069999999999
0.98488
0.98625
0.986555
0.9858290000000001
0.9858129999999999
0.986915
0.9875729999999999
0.9875870000000001
0.9870399999999999
0.985907
0.9840549999999999
0.9837450000000001
0.9864940000000001
0.9898969999999999
0.9923930000000001
0.9941
0.995101
0.995294
0.996339
0.9985229999999999
1.000107
1.000801
1.0005700000000002
0.9993690000000001
0.9971479999999999
0.9969629999999999
0.999768
1.002546
1.00451
1.00576
1.006232
1.0057479999999999
1.005953
1.007102
1.007401
1.00661
1.004899
1.002442
0.999235
0.9980399999999999
0.999873
1.001742
1.002489
1.002219
1.001076
0.99911
0.9981399999999999
0.998548
0.9986010000000001
0.998001
0.9967
0.9945729999999999
0.991451
0.990411
0.9924129999999999
0.9943719999999999
0.995466
0.9958110000000001
0.9954209999999999
0.9941700000000001
0.9937739999999999
0.994612
0.9950030000000001
0.994715
0.9938020000000001
0.992266
0.9899979999999999
0.990038
0.993115
0.9959819999999999
0.9978819999999999
0.99892
0.999031
0.998082
0.997866
0.998801
0.999216
0.99895
0.998109
0.9966520000000001
0.994409
0.9947530000000001
0.998152
1.000973
1.002653
1.003293
1.0029549999999998
1.00167
1.001344
1.002316
1.002723
1.002275
1.001
0.998916
0.996051
0.9964049999999999
1.0001360000000001
1.00315
1.0052450000000002
1.006458
1.00665
1.005615
1.0051510000000001
1.005695
1.005588
1.0047139999999999
1.003179
1.001004
0.998092
0.998225
1.0014889999999999
1.003863
1.00522
1.00571
1.005321
1.003975
1.003509
1.004242
1.0042870000000002
1.003392
1.00169
0.999209
0.995815
0.995383
0.9980389999999999
0.9997459999999999
1.0004879999999998
1.000521
0.999892
0.99846
0.9979870000000001
0.998778
0.998958
0.998231
0.996613
0.994087
0.9908889999999999
0.990826
0.993757
0.9957719999999999
0.9967719999999999
0.9968799999999999
0.996057
0.9959879999999999
0.997079
0.997775
0.997886
0.9974719999999999
0.9965229999999999
0.994908
0.9944639999999999
0.996791
0.999685
1.0013040000000002
1.001837
1.001494
1.000298
0.999964
1.000817
1.00116
1.000769
0.999798
0.998331
0.996266
0.996028
0.998866
1.002063
1.004151
1.005164
1.0052
1.004314
1.004316
1.0054889999999999
1.006029
1.0057120000000002
1.0046620000000002
1.0029540000000001
1.00058
1.000578
1.0037049999999998
1.006675
1.008575
1.009511
1.009483
1.00835
1.007803
1.008225
1.008003
1.0069860000000002
1.0052510000000001
1.002804
0.999541
0.998376
1.000229
1.0020870000000002
1.003112
1.003454
1.0031139999999998
1.001942
1.001647
1.002484
1.0025870000000001
1.001682
0.999906
0.9974120000000001
0.994208
0.9937459999999999
0.996475
0.998765
1.000109
1.000623
1.00035
0.9992540000000001
0.999157
1.0004030000000002
1.001185
1.001232
1.000542
0.999026
0.9965780000000001
0.996814
1.0001200000000001
1.0027030000000001
1.004152
1.00464
1.004225
1.002884
1.0025389999999998
1.0036260000000001
1.004316
1.004268
1.0034610000000002
1.001835
0.999244
0.999398
1.0024600000000001
1.004534
1.0055610000000001
1.005781
1.005187
1.003667
1.003074
1.0037399999999999
1.003807
1.003092
1.0017610000000001
0.999856
0.9974370000000001
0.9982049999999999
1.001968
1.004677
1.0061639999999998
1.006534
1.0058340000000001
1.004111
1.003332
1.003888
1.003932
1.003204
1.001733
0.9994959999999999
0.9966229999999999
0.996907
1.000217
1.00258
1.003917
1.004358
1.00384
1.002209
1.001372
1.0018
1.001662
1.000649
0.998791
0.9961120000000001
0.992957
0.992956
0.9958530000000001
0.997934
0.9991049999999999
0.9994350000000001
0.998862
0.999064
1.0003030000000002
1.000792
1.000256
0.998835
0.996712
0.993935
0.9926379999999999
0.994376
0.996807
0.998166
0.998527
0.998084
0.996949
0.996872
0.998149
0.999035
0.9992190000000001
0.9986790000000001
0.997326
0.9949950000000001
0.994236
0.996417
0.998917
1.000432
1.001099
1.00102
1.00014
1.000232
1.00166
1.002664
1.002969
1.002607
1.001566
0.99972
1.00016
1.003474
1.006305
1.008034
1.00883
1.008661
1.007391
1.0068030000000001
1.0072709999999998
1.007091
1.006143
1.004597
1.002464
0.999592
0.999238
1.001943
1.004159
1.005205
1.0051729999999999
1.004125
1.002083
1.000934
1.0010270000000001
1.000548
0.9992540000000001
0.997202
0.994418
0.990914
0.990575
0.9936149999999999
0.996066
0.997713
0.9986309999999999
0.9987
0.997705
0.9973920000000001
0.998152
0.9983069999999999
0.997708
0.996441
0.994501
0.9917809999999999
0.992002
0.9953360000000001
0.997877
0.99949
1.000342
1.000419
0.999616
0.9997469999999999
1.001121
1.001844
1.001652
1.00066
0.9988670000000001
0.9962190000000001
0.9964940000000001
0.999683
1.001837
1.002968
1.003333
1.002987
1.0017989999999999
1.001585
1.002656
1.003092
1.002592
1.0011700000000001
0.9988020000000001
0.9959120000000001
0.9961540000000001
0.999199
1.00132
1.002427
1.002629
1.00186
1.000022
0.999108
0.9996200000000001
0.999748
0.9992340000000001
0.9981030000000001
0.996266
0.993991
0.9946379999999999
0.997697
0.9995450000000001
1.0002719999999998
1.0001209999999998
0.9991030000000001
0.9989239999999999
0.9998940000000001
1.000281
0.9998360000000001
0.9986790000000001
0.9969020000000001
0.994469
0.9934360000000001
0.995433
0.998188
0.9998440000000001
1.000392
0.9999389999999999
0.998561
0.9979959999999999
0.9985139999999999
0.998418
0.997533
0.996022
0.99398
0.9913959999999999
0.990865
0.993524
0.996505
0.998452
0.999445
0.999531
0.9986280000000001
0.9984780000000001
0.999466
0.9999389999999999
0.999705
0.998808
0.99723
0.9948520000000001
0.9947940000000001
0.9977389999999999
1.000434
1.002277
1.003443
1.003918
1.00353
1.00393
1.0053219999999998
1.005819
1.005147
1.003472
1.000988
0.997734
0.9971200000000001
0.9996700000000001
1.0017969999999998
1.002903
1.003099
1.002433
1.000858
1.000232
1.00092
1.0010940000000002
1.000499
0.99915
0.996977
0.9939620000000001
0.993972
0.9970030000000001
0.999006
0.9999020000000001
0.9999040000000001
0.9990700000000001
0.997374
0.99674
0.997577
0.998028
0.997771
0.996816
0.9951190000000001
0.9925280000000001
0.992815
0.9960399999999999
0.998216
0.999359
0.999699
0.9992129999999999
0.9977809999999999
0.997215
0.997868
0.9979620000000001
0.997344
0.996174
0.994476
0.992186
0.9930680000000001
0.997028
0.999934
1.001627
1.002226
1.001781
1.000328
0.999842
1.0007030000000001
1.001033
1.000553
0.9992790000000001
0.997193
0.9946959999999999
0.9953799999999999
0.998872
1.001459
1.0030780000000001
1.003836
1.003636
1.002293
1.001717
1.002371
1.002406
1.00153
0.9997860000000001
0.9972040000000001
0.994301
0.9945360000000001
0.997444
0.9994620000000001
1.000499
1.000621
0.999776
0.9996700000000001
1.000597
1.000803
1.000026
0.998403
0.996099
0.993142
0.9916520000000001
0.993158
0.9953139999999999
0.996374
0.9964270000000001
0.995684
0.994258
0.993893
0.9948889999999999
0.995517
0.9954709999999999
0.994734
0.9932209999999999
0.990771
0.989949
0.9921209999999999
0.994655
0.9962479999999999
0.99702
0.9970559999999999
0.996292
0.9964850000000001
0.9980049999999999
0.999114
0.9995430000000001
0.9993200000000001
0.9984270000000001
0.9967290000000001
0.9973069999999999
1.0007409999999999
1.003683
1.0055180000000001
1.00642
1.006359
1.005205
1.004752
1.00538
1.005364
1.0045709999999999
1.003162
1.001142
0.9983620000000001
0.99821
1.001111
1.003383
1.004464
1.0044469999999999
1.003385
1.001299
1.000105
1.000168
0.999659
0.998346
0.9963
0.993552
0.990186
0.99011
0.99334
0.995842
0.997499
0.998389
0.998396
0.997315
0.9969100000000001
0.997582
0.997654
0.996977
0.995634
0.993613
0.9908049999999999
0.990957
0.9942129999999999
0.99665
0.9981780000000001
0.998975
0.999025
0.998218
0.998352
0.999719
1.000424
1.000194
0.9991399999999999
1.015886
1.0739290000000001
1.1531209999999998
1.228875
1.300886
1.368357
1.4313639999999999
1.489997
1.544266
1.594194
1.636752
1.6597680000000001
1.651474
1.6210959999999999
1.588487
1.560649
1.536543
1.520969
1.5145620000000002
1.512183
1.51338
1.521399
1.548453
1.6025260000000001
1.6729720000000001
1.742878
1.802773
1.851684
1.8909470000000002
1.92166
1.9447400000000001
1.9602279999999999
1.965982
1.957438
1.931718
1.8935119999999999
1.857834
1.834544
1.8223200000000002
1.8190970000000002
1.822927
1.8323369999999999
1.8468799999999999
1.8679919999999999
1.902405
1.9519099999999998
2.008432
2.062452
2.105696
2.134631
2.149921
2.153743
2.148151
2.13755
2.122497
2.09918
2.067683
2.031982
1.999078
1.975575
1.964348
1.964352
1.977079
2.00038
2.028041
2.059171
2.0944990000000003
2.13349
2.172742
2.206266
2.232353
2.2482279999999997
2.249795
2.239478
2.221125
2.197662
2.170553
2.140421
2.1087919999999998
2.0832759999999997
2.067283
2.059336
2.061322
2.072644
2.090564
2.111935
2.134424
2.15676
2.182517
2.210937
2.23493
2.250167
2.253101
2.2419
2.217561
2.183491
2.144763
2.10958
2.079057
2.049297
2.021418
1.997381
1.979518
1.9699509999999998
1.9695220000000002
1.9815909999999999
2.003757
2.0277220000000002
2.049961
2.06888
2.083376
2.09213
2.093411
2.087576
2.075416
2.0540990000000003
2.02267
1.9846560000000002
1.944264
1.904887
1.868644
1.840313
1.821115
1.808126
1.8018459999999998
1.803205
1.81203
1.82638
1.8428360000000001
1.8597599999999999
1.8759119999999998
1.8867990000000001
1.889209
1.882871
1.867723
1.843602
1.8106490000000002
1.76988
1.7276310000000001
1.6877509999999998
1.6497220000000001
1.6160889999999999
1.588869
1.568677
1.5559049999999999
1.554274
1.562207
1.574083
1.588367
1.602968
1.615051
1.621631
1.624707
1.623318
1.612559
1.592644
1.565118
1.5315450000000002
1.494266
1.458669
1.425311
1.392005
1.361081
1.3348010000000001
1.3145200000000001
1.300466
1.291886
1.291881
1.299472
1.308534
1.316876
1.322845
1.326471
1.328116
1.3235290000000002
1.308957
1.285057
1.253649
1.216992
1.177366
1.136673
1.096354
1.062251
1.036422
1.015817
1.001107
0.9978600000000001
1.005793
1.017703
1.030698
1.042902
1.052599
1.05829
1.058656
1.052425
1.038349
1.020261
0.9988379999999999
0.970514
0.9373819999999999
0.907198
0.881244
0.8554200000000001
0.83095
0.809132
0.790934
0.77712
0.768127
0.7636609999999999
0.7676029999999999
0.778371
0.7883640000000001
0.8006939999999999
0.8135020000000001
0.819177
0.8166680000000001
0.8058350000000001
0.786841
0.7602270000000001
0.727105
0.689383
0.6495850000000001
0.610212
0.573325
0.545856
0.529366
0.524911
0.531281
0.5405979999999999
0.551366
0.562581
0.572702
0.579944
0.582676
0.5796060000000001
0.56989
0.5532630000000001
0.535489
0.517778
0.501612
0.486908
0.467581
0.444796
0.420915
0.39818000000000003
0.37837800000000005
0.36253
0.35073200000000004
0.34235
0.33644
0.337859
0.35034499999999996
0.369209
0.387343
0.399936
0.40574099999999996
0.404022
0.39458499999999996
0.37788499999999997
0.354808
0.326384
0.293799
0.258585
0.22869299999999998
0.21416
0.21020300000000003
0.20864499999999997
0.209511
0.21324
0.219396
0.227028
0.235012
0.242083
0.24679299999999998
0.24777600000000002
0.244114
0.241648
0.24763800000000002
0.254905
0.254343
0.24594000000000002
0.23138000000000003
0.212417
0.190867
0.16858199999999998
0.147129
0.12750999999999998
0.11036800000000001
0.09639
0.095184
0.11204800000000001
0.135732
0.157777
0.176562
0.191052
0.200233
0.203403
0.200302
0.19088
0.175087
0.153224
0.12646500000000002
0.10553599999999999
0.09853200000000001
0.09690499999999999
0.094043
0.090795
0.088212
0.08679500000000001
0.086798
0.088385
0.091331
0.09473999999999999
0.097414
0.107846
0.131203
0.156184
0.174603
0.185719
0.189659
0.186677
0.177317
0.16256099999999998
0.143782
0.122482
0.100161
0.0784
0.058660000000000004
0.05224500000000001
0.064264
0.082978
0.101708
0.119875
0.137026
0.15221300000000001
0.164305
0.172209
0.17486
0.171371
0.161544
0.14611
0.134871
0.13561900000000002
0.139435
0.138969
0.135303
0.130189
0.12507000000000001
0.12116099999999999
0.11932999999999999
0.119703
0.12156700000000001
0.12401500000000001
0.12659600000000001
0.137718
0.163056
0.19178
0.214889
0.231262
0.24061100000000002
0.242864
0.238527
0.22874099999999997
0.21477600000000002
0.19758599999999998
0.178124
0.157865
0.138518
0.129881
0.13911199999999999
0.156863
0.175029
0.192885
0.20987600000000003
0.22514499999999998
0.238008
0.24793
0.254128
0.255616
0.25185799999999997
0.24314699999999997
0.23015
0.219889
0.221426
0.228186
0.23114400000000002
0.23097399999999998
0.22903800000000002
0.226508
0.22448
0.22367199999999998
0.22405799999999998
0.22504899999999997
0.22611799999999999
0.227117
0.227884
0.234172
0.25288299999999997
0.276163
0.294041
0.305448
0.310652
0.310218
0.305017
0.295933
0.28355199999999997
0.268325
0.251098
0.23332199999999997
0.21654299999999999
0.20836
0.217261
0.23578200000000002
0.254031
0.271096
0.28674
0.30062
0.31235100000000005
0.321295
0.326375
0.326381
0.320682
0.309638
0.29423499999999997
0.281781
0.280276
0.284894
0.288093
0.288983
0.288774
0.28865799999999997
0.289599
0.292002
0.295402
0.298676
0.300747
0.301088
0.299531
0.302171
0.31511500000000003
0.332504
0.346149
0.353754
0.355771
0.35310199999999997
0.346889
0.338187
0.327558
0.315146
0.301216
0.286559
0.27224899999999996
0.265469
0.274147
0.292115
0.310164
0.326342
0.340287
0.35170100000000004
0.360388
0.366055
0.368016
0.36533000000000004
0.357425
0.344593
0.327798
0.31439
0.311882
0.316388
0.32107199999999997
0.324069
0.326133
0.32803499999999997
0.330424
0.333572
0.33704
0.339767
0.340688
0.33924099999999996
0.335275
0.334962
0.344043
0.357887
0.369371
0.37558400000000003
0.37689
0.374054
0.36806500000000003
0.359892
0.350103
0.338862
0.326391
0.31334
0.300593
0.295135
0.304142
0.32212399999999997
0.340571
0.356779
0.370197
0.38039
0.38708000000000004
0.39003499999999997
0.388816
0.38286
0.37199499999999996
0.356837
0.33857
0.32464
0.322349
0.32797800000000005
0.33477199999999996
0.340364
0.345127
0.349418
0.353475
0.35727
0.360243
0.3614
0.359881
0.35541500000000004
0.348173
0.344647
0.350677
0.362004
0.371803
0.37704499999999996
0.37809699999999996
0.375639
0.370488
0.36340500000000003
0.354775
0.344634
0.333129
0.320882
0.30876
0.303763
0.312822
0.33042
0.348117
0.363068
0.374788
0.382944
0.38737699999999997
0.387981
0.384457
0.3764
0.363811
0.347472
0.328687
0.308725
0.29492199999999996
0.294971
0.303657
0.312809
0.32055300000000003
0.32726700000000003
0.33318000000000003
0.33815
0.341622
0.342697
0.340457
0.334399
0.324719
0.318399
0.322355
0.331903
0.33960100000000004
0.343067
0.34281799999999996
0.339644
0.334468
0.328167
0.321183
0.313391
0.30451500000000004
0.294721
0.284589
0.281055
0.291551
0.309822
0.326702
0.339864
0.348851
0.353392
0.353599
0.349887
0.342539
0.331588
0.317256
0.300379
0.282167
0.270069
0.27238
0.283321
0.294098
0.303225
0.310771
0.316741
0.321229
0.324258
0.325418
0.323907
0.31909699999999996
0.310979
0.29993400000000003
0.292636
0.296229
0.30538899999999997
0.312204
0.31505
0.314562
0.31150700000000003
0.306737
0.300973
0.294453
0.286997
0.278519
0.26937
0.26004299999999997
0.257117
0.268038
0.285868
0.301018
0.311845
0.318295
0.320515
0.318898
0.313875
0.305611
0.294091
0.279627
0.263171
0.24594000000000002
0.235181
0.239465
0.252164
0.263728
0.273251
0.280868
0.28665
0.29069
0.29289699999999996
0.29273299999999997
0.289375
0.28234000000000004
0.271895
0.258742
0.24978699999999998
0.253125
0.262531
0.269088
0.271994
0.27195199999999997
0.269743
0.26619899999999996
0.261918
0.25690599999999997
0.250706
0.242995
0.234004
0.230634
0.24130300000000002
0.25888
0.273518
0.284301
0.291171
0.294061
0.293275
0.289444
0.283022
0.273997
0.262294
0.248376
0.233131
0.223719
0.22911199999999998
0.24249400000000002
0.254222
0.263927
0.27171100000000004
0.27743
0.281095
0.28281100000000003
0.282344
0.279088
0.272624
0.263151
0.251166
0.243373
0.247959
0.258498
0.266043
0.270221
0.27177399999999996
0.271342
0.269592
0.267009
0.26354299999999997
0.258739
0.252312
0.244484
0.23560999999999999
0.232105
0.24191999999999997
0.257893
0.270343
0.27862800000000004
0.283159
0.28437199999999996
0.282789
0.27878200000000003
0.272308
0.263108
0.251289
0.237618
0.223092
0.20834
0.19356800000000002
0.178755
0.163708
0.14815699999999998
0.131991
0.115369
0.09851599999999999
0.081329
0.063221
0.043396
0.021275
-0.0017289999999999999
-0.019295
-0.027537
-0.028564
-0.025051
-0.019569
-0.014044
-0.009426
-0.005789
-0.002822
-0.00032599999999999996
0.001686
0.0032329999999999998
0.004497999999999999
0.00566
0.0067659999999999994
0.00778
0.008598999999999999
0.008990999999999999
0.008637
0.0073420000000000004
0.005224
0.002677
0.000106
-0.000468
0.00032900000000000003
-0.0007379999999999999
-0.0035
-0.00629
-0.008172
-0.008836
-0.008202
-0.006486
-0.004125
-0.0015660000000000001
0.000927
0.0032380000000000004
0.0052380000000000005
0.006751999999999999
0.007679000000000001
0.007997
0.0076879999999999995
0.0067480000000000005
0.005274
0.003472
0.0015630000000000002
-0.000323
-0.002137
-0.0038079999999999998
-0.005213000000000001
-0.006229999999999999
-0.006784999999999999
-0.006822
-0.006312
-0.005303
-0.0039299999999999995
-0.002362
-0.0007160000000000001
0.0009400000000000001
0.002536
0.003961999999999999
0.005096
0.0058460000000000005
0.006147
0.005965
0.0053170000000000005
0.004291
0.003007
0.0015689999999999999
5.1e-05
-0.001475
-0.002907
-0.004128
-0.005036
-0.00555
-0.005622
-0.005251
-0.004493
-0.003438
-0.002175
-0.00061
0.000995
0.002337
0.003488
0.004388
0.004964
0.005164
0.004972
0.004417
0.0035590000000000005
0.002472
0.001233
-8.3e-05
-0.001392
-0.0021809999999999998
-0.002787
-0.003643
-0.0042450000000000005
-0.004438
-0.004215
-0.003628
-0.002755
-0.001684
-0.0005
0.000708
0.001854
0.002846
0.003585
0.004002
0.004079999999999999
0.0038469999999999997
0.003353
0.002653
0.0018039999999999998
0.000858
-0.000136
-0.001118
-0.00202
-0.002759
-0.003268
-0.003511
-0.0034909999999999997
-0.003232
-0.002768
-0.00213
-0.001356
-0.000487
0.00042300000000000004
0.001308
0.002092
0.002706
0.0031
0.003258
0.00318
0.002884
0.002391
0.002085
0.0017050000000000001
0.000763
-0.000376
-0.001425
-0.002275
-0.002863
-0.003167
-0.003198
-0.0029809999999999997
-0.002543
-0.0019149999999999998
-0.00114
-0.00029
0.000552
0.001315
0.0019489999999999998
0.002416
0.002691
0.0027660000000000002
0.002641
0.002325
0.001836
0.001206
0.000491
-0.00023999999999999998
-0.0009220000000000001
-0.001503
-0.0019489999999999998
-0.002238
-0.00236
-0.002314
-0.002106
-0.001748
-0.001265
-0.000699
-0.000101
0.000475
0.000991
0.001418
0.001736
0.00193
0.0019920000000000003
0.0019219999999999999
0.001721
0.0014
0.000982
0.0005009999999999999
-2e-06
-0.0004940000000000001
-0.000942
-0.001323
-0.001614
-0.0017989999999999998
-0.00186
-0.0017870000000000002
-0.00158
-0.0012519999999999999
-0.000833
-0.000356
0.000144
0.0006349999999999999
0.0010810000000000001
0.001449
0.0017109999999999998
0.001843
0.001831
0.001673
0.0013830000000000001
0.001045
0.0006190000000000001
8.2e-05
-0.00045
-0.000932
-0.001326
-0.001605
-0.0017469999999999999
-0.0017420000000000003
-0.001594
-0.00132
-0.000947
-0.0005110000000000001
-5.2000000000000004e-05
0.000391
0.000787
0.0011099999999999999
0.0013369999999999999
0.0014529999999999999
0.0014529999999999999
0.001342
0.0011330000000000001
0.0008470000000000001
0.0005110000000000001
0.000157
-0.00018700000000000002
-0.000499
-0.000763
-0.000964
-0.001092
-0.00114
-0.0011099999999999999
-0.001005
-0.0008380000000000001
-0.000624
-0.000379
-0.00011899999999999999
0.000143
0.000392
0.000614
0.000796
0.0009279999999999999
0.001159
0.001291
0.001151
0.0009390000000000001
0.000683
0.000401
0.00011
-0.000178
-0.00045099999999999996
-0.000695
-0.000892
-0.001024
-0.001076
-0.001049
-0.0009480000000000001
-0.000776
-0.000541
-0.00025699999999999996
5.3e-05
0.000363
0.000646
0.000874
0.001026
0.0010869999999999999
0.0010550000000000002
0.0009369999999999999
0.000746
0.000495
0.00020800000000000001
-9e-05
-0.00037400000000000004
-0.00062
-0.0008039999999999999
-0.00091
-0.000933
-0.000878
-0.0007570000000000001
-0.000584
-0.000376
-0.00015
7.6e-05
0.00028199999999999997
0.000453
0.000576
0.000647
0.000666
0.0006349999999999999
0.0005650000000000001
0.000463
0.000342
0.00021099999999999998
7.8e-05
-5.2000000000000004e-05
-0.000174
-0.00028199999999999997
-0.000371
-0.000436
-0.00047599999999999997
-0.000492
-0.00048499999999999997
-0.000454
-0.000395
-0.000308
-0.000196
-6.4e-05
8e-05
0.00022799999999999999
0.000365
0.000482
0.0005679999999999999
0.000614
0.0006129999999999999
0.000562
0.000462
0.00031800000000000003
0.00014099999999999998
-5.5e-05
-0.00025299999999999997
-0.00043099999999999996
-0.000572
-0.000665
-0.0007
-0.0006730000000000001
-0.000584
-0.000442
-0.000261
-5.9e-05
0.000145
0.000332
0.00048499999999999997
0.000588
0.0006349999999999999
0.0006230000000000001
0.000554
0.00044
0.000294
0.00013000000000000002
-3.7e-05
-0.000192
-0.00031800000000000003
-0.000404
-0.000446
-0.000446
-0.000411
-0.00034700000000000003
-0.000264
-0.00016999999999999999
-7.4e-05
1.4999999999999999e-05
9e-05
0.000147
0.000261
0.000343
0.000314
0.00027400000000000005
0.00023500000000000002
0.00020299999999999997
0.000178
0.000157
0.000134
0.000106
7e-05
2.5e-05
-2.8000000000000003e-05
-9e-05
-0.000162
-0.00023700000000000001
-0.000303
-0.000348
-0.000364
-0.000346
-0.000295
-0.000212
-0.000103
2e-05
0.000147
0.000268
0.00037200000000000004
0.00044400000000000006
0.000475
0.00045999999999999996
0.000397
0.000294
0.00016
1.2e-05
-0.000134
-0.000266
-0.000373
-0.000446
-0.00047400000000000003
-0.000452
-0.000384
-0.00028
-0.000153
-1.8e-05
0.00011
0.00022
0.000302
0.000349
0.00036
0.000335
0.00028
0.000202
0.000113
2e-05
-6.4e-05
-0.000129
-0.000169
-0.000183
-0.000177
-0.000157
-0.000129
-9.7e-05
-6.500000000000001e-05
-3.6e-05
-1.6e-05
-6e-06
-6e-06
-1.2e-05
-1.8e-05
-1.8e-05
-1e-05
1.1e-05
4.2e-05
8e-05
0.00011899999999999999
0.000153
0.000177
0.00018600000000000002
0.000177
0.000147
9.6e-05
2.7000000000000002e-05
-5.5e-05
-0.00014
-0.000215
-0.00027
-0.000301
-0.000301
-0.000268
-0.000205
-0.000117
-1.4999999999999999e-05
9.2e-05
0.00019099999999999998
0.000271
0.000323
0.00033999999999999997
0.000321
0.000266
0.000184
8.499999999999999e-05
-2e-05
-0.00011999999999999999
-0.000205
-0.000267
-0.000298
-0.000292
-0.000254
-0.00018899999999999999
-0.00011
-2.6000000000000002e-05
0.000105
0.000212
0.000234
0.000231
0.000207
0.000168
0.00011899999999999999
6.6e-05
1.4000000000000001e-05
-2.9999999999999997e-05
-5.9999999999999995e-05
-7.3e-05
-7e-05
-5.4000000000000005e-05
-3.3e-05
-1.2e-05
8e-06
2.2e-05
2.8999999999999997e-05
2.5e-05
8e-06
-2e-05
-5.6000000000000006e-05
-9.1e-05
-0.000117
-0.000128
-0.000121
-9.4e-05
-5e-05
7.000000000000001e-06
6.8e-05
0.000127
0.000177
0.00021099999999999998
0.000223
0.00021
0.00016999999999999999
0.000105
2.4e-05
-6.2e-05
-0.00014199999999999998
-0.000207
-0.000252
-0.000272
-0.000261
-0.000218
-0.00015
-6.4e-05
2.8999999999999997e-05
0.00011599999999999999
0.000188
0.001366
0.003235
0.003774
0.0029219999999999997
0.001645
0.000582
-0.000162
-0.000585
-0.0007469999999999999
-0.000725
-0.000591
-0.00038199999999999996
-0.000121
0.001518
0.003994
0.004821
0.0038450000000000003
0.002182
0.000733
-0.00024900000000000004
-0.0007650000000000001
-0.000918
-0.0008550000000000001
-0.0007019999999999999
-0.000493
-0.000202
0.000128
0.00036899999999999997
0.000434
0.000344
0.000181
2.7000000000000002e-05
-6.4e-05
-7.4e-05
-2.1e-05
2.7000000000000002e-05
-6e-06
-0.000128
-0.00026000000000000003
-0.000319
-0.000283
-0.00019099999999999998
-9.2e-05
-1.8e-05
1.8e-05
2.7000000000000002e-05
4.7e-05
0.000117
0.00023799999999999998
0.00035299999999999996
0.000398
0.000348
0.001906
0.004607
0.005579
0.004575
0.002711
0.000964
-0.000291
-0.001036
-0.00133
-0.001266
-0.000958
-0.0005009999999999999
1.7e-05
0.00046399999999999995
0.0022440000000000003
0.004832
0.0056
0.0044329999999999994
0.00252
0.0008410000000000001
-0.000293
-0.000918
-0.00117
-0.001196
-0.001068
-0.000769
-0.000291
0.000858
0.002146
0.002255
0.001529
0.000733
0.0001
-0.000262
-0.00035800000000000003
-0.00029
-0.000213
-0.000239
-0.000342
-0.000393
-0.000317
-0.000153
1.7e-05
0.000127
0.000149
9.8e-05
2.7000000000000002e-05
1.1e-05
9.4e-05
0.00023199999999999997
0.00031800000000000003
0.000278
0.000135
0.0016
0.0042369999999999994
0.005229
0.0043289999999999995
0.002617
0.001011
-0.00016
-0.000859
-0.001112
-0.001004
-0.000667
-0.000227
0.000217
0.0024230000000000002
0.005746
0.006934
0.005749
0.0034289999999999998
0.0011970000000000001
-0.00034700000000000003
-0.0012050000000000001
-0.001515
-0.001463
-0.001212
-0.00082
-0.000281
0.002268
0.006095000000000001
0.007697
0.0067
0.004259000000000001
0.001715
-0.000101
-0.001102
-0.001426
-0.001344
-0.001123
-0.0008699999999999999
-0.0005269999999999999
-8.499999999999999e-05
0.000315
0.0005200000000000001
0.000487
0.000281
1.4999999999999999e-05
-0.000206
-0.000299
-0.00023799999999999998
-9.4e-05
-6e-06
-5.6999999999999996e-05
-0.00018899999999999999
0.002016
0.00603
0.007944
0.007267
0.005054
0.0025210000000000002
0.000535
-0.000722
-0.0012699999999999999
-0.001245
-0.000874
-0.000367
0.000134
0.002967
0.007387
0.009179999999999999
0.007940000000000001
0.005009
0.0018789999999999998
-0.00042300000000000004
-0.0017420000000000003
-0.00223
-0.002137
-0.0017120000000000002
-0.001084
-0.00028700000000000004
0.00312
0.008282
0.010671
0.009718000000000001
0.006758
0.0032770000000000004
0.000491
-0.001182
-0.001877
-0.0019260000000000002
-0.0016870000000000001
-0.0013310000000000002
-0.0008320000000000001
0.002167
0.0068969999999999995
0.009134
0.008311
0.00561
0.002454
-2.8000000000000003e-05
-0.001485
-0.001977
-0.001796
-0.0013289999999999999
-0.000824
-0.000306
0.003544
0.009895000000000001
0.013087999999999999
0.01234
0.009168
0.004986
0.001235
-0.001219
-0.002392
-0.002573
-0.002187
-0.0015429999999999999
-0.000768
0.0035659999999999997
0.010469
0.013859
0.012931999999999999
0.0094
0.004841
0.00085
-0.00164
-0.002718
-0.002757
-0.002228
-0.001437
-0.00047699999999999994
0.000508
0.004919
0.011766
0.014899
0.013596
0.009682
0.004804
0.0006230000000000001
-0.001912
-0.0029980000000000002
-0.0031309999999999997
-0.002759
-0.002037
-0.000976
0.00424
0.012417000000000001
0.016623
0.015836000000000003
0.011904999999999999
0.006379999999999999
0.000299
-0.005594
-0.010198
-0.012232999999999999
-0.011119
-0.007084
-0.001066
0.009497
0.022598
0.030467
0.030882
0.025481
0.016906
0.007587999999999999
-0.00022999999999999998
-0.005414
-0.008282
-0.009316
-0.008999
-0.007845
-0.001917
0.007442
0.012689
0.013019
0.010859
0.008305
0.006625
0.006233
0.006546
0.006474
0.005336
0.003173
0.000585
0.00392
0.012429
0.016808
0.015614
0.011276000000000001
0.00599
0.001334
-0.001999
-0.004136
-0.005214
-0.005117
-0.003764
-0.001344
0.007242
0.020309
0.02793
0.028018
0.022671
0.014376
0.005483
-0.0014990000000000001
-0.0051990000000000005
-0.006157
-0.005424
-0.0038770000000000002
-0.002068
0.005266
0.01659
0.022216999999999997
0.020822
0.015250999999999999
0.008213
0.001953
-0.0020039999999999997
-0.003547
-0.0034909999999999997
-0.002581
-0.001196
0.000515
0.009396
0.023733
0.031561
0.030945999999999998
0.024883000000000002
0.016065
0.006601999999999999
-0.0013800000000000002
-0.006673
-0.009389
-0.009909999999999999
-0.00868
-0.0062640000000000005
0.0035380000000000003
0.018945
0.028502999999999997
0.030378
0.027106
0.020845
0.013346
0.0059960000000000005
3.9e-05
-0.003927
-0.006026
-0.006481000000000001
-0.0057020000000000005
0.00307
0.017905
0.026358
0.026372000000000003
0.021066
0.0136
0.006429000000000001
0.001168
-0.001779
-0.002898
-0.002592
-0.001297
0.000334
0.009978
0.025749
0.033916
0.032836000000000004
0.02624
0.016759
0.006725
-0.001416
-0.006426
-0.008427
-0.007851
-0.005448
-0.0022600000000000003
0.000822
0.011322
0.027496
0.036026999999999997
0.034966000000000004
0.027999
0.018233000000000003
0.007871
-0.0009689999999999999
-0.006837
-0.009512999999999999
-0.009473
-0.007483
-0.00435
0.007568000000000001
0.026014999999999996
0.036626
0.037094
0.031412
0.022915
0.013182
0.0037670000000000004
-0.003447
-0.007705
-0.009175
-0.008316
-0.00598
0.005490999999999999
0.023796
0.034543
0.035703
0.031264
0.024252000000000003
0.015832
0.006996
-0.000397
-0.005217
-0.007553
-0.007743000000000001
-0.006377000000000001
0.0047079999999999995
0.023216
0.034055
0.035037
0.030514
0.023556999999999998
0.015256
0.006834000000000001
0.000234
-0.003693
-0.0052369999999999995
-0.0048189999999999995
-0.003189
0.008092
0.026681
0.037304000000000004
0.039166
0.036906
0.032155
0.025179
0.016008
0.005471
-0.003282
-0.007831999999999999
-0.008376
-0.006035
0.006864
0.027411
0.040536
0.045623000000000004
0.046904
0.045610000000000005
0.041782
0.035335000000000005
0.026151
0.014256
0.001846
-0.007031
-0.010806
-0.001168
0.018844999999999997
0.032694
0.038633
0.041158999999999994
0.041847
0.040776
0.03765
0.032006
0.023531
0.012296
0.0008359999999999999
-0.007063
-0.0008300000000000001
0.01654
0.028576999999999998
0.033576
0.035461
0.035903
0.035146
0.032855
0.028633999999999996
0.022311
0.013921000000000001
0.004666
-0.002587
-0.006423000000000001
0.001999
0.019892
0.031721
0.036492000000000004
0.037874
0.037002999999999994
0.033847
0.028401999999999997
0.021065
0.012324
0.0038759999999999997
-0.0017100000000000001
-0.003889
0.006017
0.025088
0.038889
0.046973
0.051690999999999994
0.053645000000000005
0.05295
0.049484
0.043039999999999995
0.033718
0.022216999999999997
0.009549
-0.000796
0.003973
0.021261000000000002
0.035666
0.04573
0.053382000000000006
0.058950999999999996
0.062148
0.062417999999999994
0.059223000000000005
0.052423000000000004
0.042405
0.029795
0.015158000000000001
0.011588
0.022795
0.034883
0.04363
0.050053
0.054907000000000004
0.0584
0.060127
0.059421
0.055907000000000005
0.049679
0.041006
0.030057
0.027917
0.038939
0.050961
0.05853099999999999
0.062339
0.063698
0.06364500000000001
0.062478
0.05984400000000001
0.055412
0.049227
0.041551
0.032616
0.022456
0.022438
0.036037
0.04999
0.059173
0.064348
0.066359
0.06551599999999999
0.061937
0.055929
0.047909
0.038292
0.027601
0.016358
0.016929
0.032619999999999996
0.049447000000000005
0.062527
0.072535
0.080022
0.085006
0.08701
0.085287
0.07934
0.069413
0.0565
0.041806
0.036851999999999996
0.046534
0.05917000000000001
0.069101
0.07675499999999999
0.082889
0.087812
0.091281
0.092601
0.091047
0.086283
0.078376
0.067525
0.053845000000000004
0.047935000000000005
0.054988999999999996
0.064023
0.069618
0.072661
0.074286
0.074901
0.07424700000000001
0.07195399999999999
0.067963
0.062470000000000005
0.055663
0.047547000000000006
0.048272
0.062094
0.077086
0.087119
0.09275800000000001
0.095391
0.095937
0.09454
0.090964
0.085159
0.07749400000000001
0.06858
0.05894099999999999
0.05894099999999999
0.073401
0.09087999999999999
0.10497999999999999
0.11574200000000001
0.123662
0.12880999999999998
0.130849
0.129397
0.124471
0.11653800000000002
0.10628599999999999
0.09449
0.081794
0.07833999999999999
0.089538
0.104451
0.116523
0.12616
0.134042
0.140102
0.143706
0.144188
0.141237
0.13495
0.125781
0.114419
0.110284
0.119611
0.132654
0.14241600000000001
0.14948
0.154919
0.15926600000000002
0.16244
0.16389700000000001
0.163043
0.159629
0.15376900000000002
0.145628
0.135208
0.130925
0.139571
0.152334
0.161915
0.168708
0.17357999999999998
0.176788
0.178065
0.177117
0.174027
0.169217
0.16312000000000001
0.15592899999999998
0.155385
0.168041
0.18479
0.19731500000000002
0.205906
0.21185199999999998
0.216052
0.218692
0.2195
0.21822399999999997
0.214894
0.209772
0.20314100000000002
0.195105
0.192575
0.203128
0.219018
0.231541
0.24088600000000002
0.24764099999999997
0.251679
0.25258600000000003
0.250337
0.245444
0.238596
0.23040300000000002
0.22131199999999998
0.21146199999999998
0.20738099999999998
0.21693
0.23268899999999998
0.245574
0.25567199999999995
0.263523
0.268977
0.271489
0.270685
0.266806
0.260656
0.25299
0.24401799999999998
0.233551
0.227787
0.23520100000000002
0.24958699999999998
0.262165
0.272949
0.282414
0.290267
0.295788
0.298383
0.29787199999999997
0.29434699999999997
0.287853
0.278292
0.265692
0.256789
0.260128
0.27066999999999997
0.280455
0.28876799999999997
0.295901
0.301612
0.305464
0.307236
0.30701300000000004
0.304946
0.300964
0.294705
0.285684
0.279823
0.284265
0.29388600000000004
0.30136
0.306057
0.30888499999999997
0.310212
0.310136
0.308812
0.30646
0.303156
0.298687
0.292646
0.284647
0.280752
0.288052
0.301182
0.31218
0.31948699999999997
0.323434
0.324299
0.322317
0.317807
0.311273
0.303299
0.29431199999999996
0.284495
0.273905
0.26885
0.276733
0.291796
0.305564
0.31650700000000004
0.32461799999999996
0.32956799999999997
0.330909
0.328547
0.32293299999999997
0.314746
0.304471
0.29238800000000004
0.278765
0.27024000000000004
0.274683
0.286775
0.298413
0.30844099999999997
0.317096
0.32409699999999997
0.328805
0.330606
0.329102
0.324104
0.315643
0.304058
0.289889
0.279974
0.28213
0.291377
0.29996300000000004
0.3067
0.31204299999999996
0.316004
0.31828
0.318606
0.316909
0.313179
0.307277
0.298908
0.293969
0.299117
0.30958800000000003
0.318316
0.32400100000000004
0.327426
0.329099
0.329203
0.32769699999999996
0.324465
0.319494
0.312904
0.304824
0.29527600000000004
0.290414
0.29696999999999996
0.30952399999999997
0.32018
0.32733
0.331595
0.333296
0.332347
0.328685
0.322594
0.314603
0.305213
0.294765
0.283429
0.277447
0.28384499999999996
0.29698
0.308709
0.317552
0.323736
0.327072
0.327225
0.324235
0.31856100000000004
0.310745
0.301161
0.290001
0.277343
0.269472
0.273882
0.285229
0.295575
0.303844
0.310386
0.314979
0.31700700000000004
0.315919
0.311531
0.304088
0.294121
0.28215500000000004
0.268519
0.259751
0.263837
0.275123
0.285219
0.293238
0.299516
0.3039
0.305979
0.305485
0.302444
0.29701500000000003
0.28922800000000004
0.278953
0.266133
0.257349
0.26087
0.271161
0.279926
0.286544
0.291566
0.294986
0.29647399999999996
0.295794
0.292968
0.288121
0.28125700000000003
0.27221799999999996
0.26079
0.253157
0.257178
0.266995
0.274384
0.27908
0.28182199999999996
0.282749
0.281738
0.278789
0.27412800000000004
0.26803699999999997
0.260635
0.25182
0.247623
0.25554299999999996
0.26929699999999995
0.28013899999999997
0.28726799999999997
0.291125
0.291995
0.290207
0.28610599999999997
0.279927
0.271939
0.262538
0.25207399999999996
0.24068299999999998
0.234587
0.241758
0.255668
0.267234
0.275946
0.282075
0.285331
0.285134
0.281117
0.273505
0.26309499999999997
0.250789
0.23718699999999998
0.22260700000000003
0.213627
0.21868800000000002
0.23095300000000002
0.241179
0.24932600000000002
0.255815
0.26043
0.262606
0.261868
0.25805700000000004
0.251211
0.241352
0.228548
0.213114
0.202164
0.204377
0.213166
0.219984
0.225189
0.22942800000000002
0.23263000000000003
0.23432399999999998
0.23408
0.231738
0.227305
0.220702
0.21166300000000002
0.20645300000000003
0.213152
0.22505100000000003
0.233645
0.23929099999999998
0.242756
0.244405
0.244403
0.242769
0.239477
0.234641
0.228502
0.22119699999999998
0.21261
0.20911
0.21849200000000002
0.233208
0.24397800000000003
0.2509
0.254886
0.256369
0.255319
0.251718
0.24590399999999998
0.23839499999999997
0.229564
0.219584
0.20850500000000002
0.20303
0.211144
0.22550100000000003
0.23704699999999998
0.245696
0.251766
0.254961
0.25485
0.25146599999999997
0.245346
0.237096
0.227113
0.21559899999999999
0.208887
0.21513200000000002
0.227677
0.23764899999999997
0.24519499999999997
0.25098200000000004
0.255148
0.257429
0.257322
0.254316
0.24818600000000002
0.23915999999999998
0.227807
0.21464499999999997
0.20627199999999998
0.21088200000000001
0.221789
0.23026799999999997
0.23654699999999998
0.241242
0.244304
0.24530900000000003
0.243923
0.240157
0.234231
0.226305
0.216381
0.204479
0.197463
0.203549
0.215709
0.225194
0.232227
0.23756999999999998
0.241314
0.243098
0.242625
0.23994000000000001
0.23526599999999998
0.22869299999999998
0.220067
0.215285
0.222372
0.23468000000000003
0.24338600000000002
0.249111
0.253125
0.25597
0.257602
0.25769899999999996
0.255902
0.25204499999999996
0.246241
0.23868699999999998
0.22944699999999998
0.22470700000000002
0.232673
0.24655300000000002
0.257085
0.264185
0.268352
0.26965300000000003
0.26813899999999996
0.264125
0.258155
0.250859
0.24276799999999998
0.23412600000000003
0.224845
0.22085300000000002
0.230066
0.245563
0.25808600000000004
0.267572
0.274506
0.278723
0.279686
0.277016
0.270903
0.26207800000000003
0.251307
0.23899099999999998
0.22528499999999999
0.216491
0.221189
0.233301
0.244019
0.253277
0.261335
0.267733
0.271652
0.272427
0.269818
0.263892
0.254759
0.242581
0.227742
0.216969
0.219228
0.228537
0.236171
0.24236
0.247667
0.25200700000000004
0.25499299999999997
0.256317
0.25587600000000005
0.253604
0.249237
0.24228899999999998
0.238342
0.244786
0.255715
0.263212
0.267527
0.269782
0.27050100000000005
0.26984400000000003
0.267787
0.264248
0.25926
0.252965
0.245437
0.236569
0.232332
0.240525
0.25459699999999996
0.265446
0.272507
0.276172
0.276625
0.273943
0.26829899999999995
0.260179
0.250332
0.239431
0.22785300000000003
0.215718
0.20936799999999997
0.216844
0.231173
0.243205
0.252754
0.260073
0.264801
0.266295
0.264225
0.25890100000000005
0.25095500000000004
0.24082800000000001
0.22870700000000002
0.214746
0.205517
0.20953400000000003
0.22055100000000002
0.23000900000000002
0.23802800000000002
0.244993
0.25056799999999996
0.254027
0.254722
0.25238499999999997
0.247167
0.23947800000000002
0.22965500000000003
0.223861
0.23009699999999997
0.24226799999999998
0.2519
0.25907800000000003
0.264548
0.26854
0.270961
0.27158499999999997
0.27019699999999996
0.26675
0.261311
0.253871
0.244265
0.238576
0.24490900000000002
0.257457
0.26779899999999995
0.275659
0.281614
0.285608
0.287197
0.28607899999999997
0.282386
0.276523
0.268844
0.25950300000000004
0.248493
0.24186
0.247236
0.25853899999999996
0.267341
0.273441
0.277704
0.28026799999999996
0.28081
0.279119
0.275319
0.26968400000000003
0.262352
0.253238
0.24213800000000002
0.23499
0.239634
0.250292
0.258619
0.26417199999999996
0.26737
0.268253
0.266818
0.26326
0.25792800000000005
0.251204
0.243346
0.23437800000000003
0.224144
0.218621
0.225981
0.239839
0.251188
0.259768
0.265817
0.26908000000000004
0.269129
0.265796
0.25942800000000005
0.250792
0.240625
0.22931100000000001
0.223019
0.229823
0.243631
0.255735
0.265826
0.274279
0.280975
0.28548
0.287271
0.28591500000000003
0.28123000000000004
0.273258
0.262133
0.248121
0.237866
0.23993299999999998
0.248846
0.256328
0.26215700000000003
0.266945
0.270621
0.272706
0.27279899999999996
0.270808
0.266827
0.260876
0.252807
0.242351
0.23533
0.239384
0.248509
0.254571
0.257786
0.259169
0.25907399999999997
0.25750300000000004
0.25449099999999997
0.250246
0.245022
0.238889
0.23163899999999998
0.22289699999999998
0.21835500000000002
0.22581199999999998
0.23886
0.248606
0.254776
0.257861
0.25812199999999996
0.255681
0.25069
0.243549
0.23486300000000002
0.22514499999999998
0.21463400000000002
0.20939699999999997
0.21743400000000002
0.23229
0.245033
0.255445
0.263781
0.26979699999999995
0.273007
0.273057
0.269988
0.264194
0.256102
0.24601900000000002
0.234195
0.226963
0.23254299999999997
0.244908
0.255448
0.26401199999999997
0.271095
0.27652899999999997
0.27974899999999997
0.280263
0.277897
0.272721
0.264945
0.254921
0.24300100000000002
0.235449
0.24016700000000002
0.251263
0.260324
0.267005
0.271867
0.274962
0.276024
0.274853
0.271516
0.26620900000000003
0.258984
0.24964
0.23786500000000002
0.229594
0.232992
0.242637
0.25040500000000004
0.256116
0.260363
0.263166
0.26417399999999996
0.263096
0.259937
0.25488
0.248031
0.239331
0.23452699999999999
0.240875
0.252626
0.26167199999999996
0.26758899999999997
0.271277
0.2733
0.273768
0.272559
0.269594
0.264981
0.258938
0.251612
0.24297
0.23879
0.246299
0.25959699999999997
0.270401
0.278005
0.28275900000000004
0.284558
0.283196
0.278888
0.27229200000000003
0.264115
0.254858
0.24479
0.23397600000000002
0.228321
0.235456
0.24921100000000002
0.260945
0.270185
0.27724
0.281857
0.283468
0.28163299999999997
0.27631
0.267876
0.25696199999999997
0.244139
0.229739
0.21998
0.22318400000000002
0.23363299999999998
0.242867
0.250698
0.257468
0.262887
0.26631900000000003
0.267212
0.265339
0.260671
0.25314000000000003
0.24258000000000002
0.228967
0.218648
0.220307
0.228442
0.23478200000000002
0.23947600000000002
0.24320999999999998
0.246033
0.247648
0.24781199999999998
0.246481
0.24365599999999998
0.239166
0.232632
0.22951999999999997
0.23698899999999998
0.24905
0.25759699999999996
0.26263200000000003
0.26525
0.266016
0.265088
0.26250100000000004
0.258308
0.25268
0.245871
0.23806300000000002
0.22923600000000002
0.225179
0.233423
0.24769000000000002
0.25921500000000003
0.267431
0.27270700000000003
0.275181
0.274821
0.271593
0.26570900000000003
0.25769699999999995
0.248148
0.237472
0.22584200000000001
0.219246
0.225577
0.23865100000000003
0.249761
0.25862199999999996
0.265546
0.270244
0.272122
0.270855
0.26671
0.260245
0.251825
0.241536
0.229381
0.22133699999999998
0.22541799999999998
0.235958
0.244756
0.25174
0.257415
0.261628
0.263834
0.26354299999999997
0.26055500000000004
0.254891
0.24669699999999997
0.236236
0.229625
0.23450500000000002
0.24543099999999998
0.25451599999999996
0.261425
0.266753
0.27062600000000003
0.272841
0.27308000000000004
0.27109
0.266851
0.260521
0.252222
0.24187899999999998
0.23519099999999998
0.23957399999999998
0.249685
0.25784
0.263771
0.268081
0.27081900000000003
0.27169
0.27045399999999997
0.267171
0.26209099999999996
0.255405
0.24712199999999998
0.237105
0.23105
0.236328
0.24715399999999998
0.25550100000000003
0.26132
0.265502
0.268177
0.268975
0.267664
0.264411
0.259556
0.253278
0.245511
0.24181599999999998
0.24902399999999997
0.261815
0.272544
0.280384
0.285801
0.288905
0.289632
0.288016
0.284231
0.278574
0.271438
0.263158
0.253838
0.249196
0.25611999999999996
0.269264
0.280928
0.29018499999999997
0.297349
0.302208
0.304223
0.302991
0.298512
0.29122
0.281805
0.270908
0.258895
0.251713
0.25640799999999997
0.267946
0.278814
0.288005
0.29581
0.301964
0.30585
0.306975
0.305203
0.30062
0.29325100000000004
0.283
0.275451
0.276989
0.284044
0.290624
0.295476
0.299369
0.302668
0.305243
0.306672
0.306515
0.304523
0.300642
0.294821
0.286866
0.28215999999999997
0.286552
0.29583200000000004
0.303768
0.309108
0.312521
0.314157
0.313892
0.311794
0.308234
0.303679
0.298448
0.2926
0.285929
0.28378000000000003
0.291781
0.305253
0.317306
0.326024
0.33177199999999996
0.334802
0.33519299999999996
0.33307800000000004
0.328809
0.322845
0.31551
0.306883
0.296919
0.291337
0.296244
0.307769
0.319517
0.329403
0.337432
0.34317600000000004
0.345938
0.34532399999999996
0.34155100000000005
0.33519299999999996
0.32676700000000003
0.31657199999999996
0.310361
0.313609
0.32307800000000003
0.33316100000000004
0.341483
0.348377
0.353937
0.35793400000000003
0.360019
0.35986399999999996
0.357259
0.352126
0.344535
0.33467600000000003
0.328307
0.330494
0.338435
0.347035
0.353644
0.358668
0.362192
0.36394299999999996
0.363702
0.361503
0.35752
0.351858
0.344458
0.335136
0.329202
0.331425
0.339086
0.34727600000000003
0.35335700000000003
0.357745
0.360561
0.361607
0.36074
0.35805
0.35375500000000004
0.347987
0.340686
0.337024
0.341113
0.350354
0.36003
0.367079
0.372098
0.375631
0.377785
0.378375
0.377181
0.374178
0.369528
0.36341
0.355875
0.352331
0.356914
0.367165
0.378392
0.387085
0.39333
0.39705799999999997
0.39805100000000004
0.396391
0.39255
0.387162
0.380742
0.37354299999999996
0.365573
0.362196
0.367265
0.378327
0.390783
0.400955
0.408957
0.414725
0.41786
0.418023
0.415167
0.40956
0.401638
0.391808
0.380396
0.37309699999999996
0.373961
0.381472
0.391728
0.400804
0.40869099999999997
0.415163
0.41965399999999997
0.42167200000000005
0.421013
0.41767299999999996
0.41164700000000004
0.40286900000000003
0.391369
0.382828
0.38128
0.385748
0.392839
0.398631
0.403407
0.40732399999999996
0.410189
0.411796
0.41206499999999996
0.41093
0.40817800000000004
0.403433
0.401498
0.404704
0.41202700000000003
0.42063900000000004
0.426199
0.429333
0.43074700000000005
0.43076099999999995
0.429465
0.426918
0.423212
0.41845299999999996
0.412711
0.405965
0.40337
0.407547
0.417288
0.429174
0.43816099999999997
0.44401999999999997
0.44671000000000005
0.44618100000000005
0.44266099999999997
0.43670600000000004
0.428996
0.42010699999999995
0.41043999999999997
0.40020500000000003
0.394776
0.39720500000000003
0.406096
0.417804
0.427674
0.43562
0.44150500000000004
0.444866
0.445291
0.44268900000000005
0.437276
0.429378
0.419304
0.407301
0.398883
0.397407
0.402275
0.410533
0.417739
0.424005
0.42928599999999995
0.43312399999999995
0.43502399999999997
0.43466000000000005
0.431881
0.42668199999999995
0.419162
0.414624
0.41557700000000003
0.421702
0.430536
0.43720699999999996
0.442063
0.445564
0.447822
0.44878199999999996
0.44836800000000004
0.44652600000000003
0.44323100000000004
0.438438
0.432001
0.42892600000000003
0.431245
0.438687
0.44899700000000003
0.457113
0.463283
0.467689
0.47014399999999995
0.470484
0.46875600000000006
0.465185
0.460049
0.453556
0.445775
0.441875
0.44362799999999997
0.450837
0.461208
0.469121
0.474728
0.478346
0.48000299999999996
0.47971499999999995
0.47759399999999996
0.473818
0.468525
0.46169499999999997
0.453175
0.447991
0.44782299999999997
0.452985
0.46170100000000003
0.468311
0.47284499999999996
0.475401
0.47583400000000003
0.474128
0.470488
0.46524099999999996
0.45865500000000003
0.45080200000000004
0.441641
0.43633299999999997
0.43689399999999995
0.44331400000000004
0.45340600000000003
0.46160500000000004
0.46778800000000004
0.47190299999999996
0.473642
0.47277600000000003
0.469318
0.46353
0.4558
0.446475
0.440828
0.440586
0.44629300000000005
0.45634399999999997
0.464996
0.472225
0.478146
0.48254600000000003
0.4851
0.48549899999999996
0.48350600000000005
0.47898900000000005
0.471945
0.462529
0.45610100000000003
0.454427
0.458424
0.46678800000000004
0.47367700000000007
0.479178
0.483501
0.486509
0.48801700000000003
0.487958
0.48635500000000004
0.483209
0.478418
0.471761
0.468141
0.46861400000000003
0.473763
0.482308
0.488389
0.492421
0.494986
0.49622799999999995
0.496151
0.49482600000000004
0.492334
0.488678
0.48373599999999994
0.47730100000000003
0.47426599999999997
0.475492
0.48177299999999995
0.491868
0.49933500000000003
0.504157
0.506627
0.506788
0.504742
0.50078
0.495246
0.48843400000000003
0.48054300000000005
0.47656400000000004
0.477166
0.483368
0.494408
0.503811
0.511266
0.516821
0.5202140000000001
0.521104
0.519321
0.514941
0.508239
0.499646
0.489612
0.483332
0.481646
0.485774
0.49518
0.503505
0.510434
0.51598
0.519814
0.521578
0.52107
0.518258
0.513288
0.5063979999999999
0.49776400000000004
0.49244099999999996
0.49121499999999996
0.49515600000000004
0.503842
0.5111220000000001
0.516811
0.5211899999999999
0.524181
0.52563
0.525456
0.523612
0.519992
0.514374
0.5112949999999999
0.51131
0.514753
0.522174
0.52864
0.533458
0.537103
0.539678
0.541044
0.540992
0.5393319999999999
0.535985
0.5310060000000001
0.524473
0.521258
0.521935
0.526543
0.535231
0.5426310000000001
0.547722
0.5507489999999999
0.5518029999999999
0.551036
0.548704
0.545096
0.540488
0.535051
0.528763
0.526295
0.5280590000000001
0.533738
0.543628
0.552539
0.559036
0.563145
0.564819
0.564109
0.561222
0.5564859999999999
0.550275
0.542816
0.534165
0.529121
0.528452
0.532155
0.540941
0.5498649999999999
0.5572590000000001
0.5629270000000001
0.566473
0.567504
0.565843
0.5615939999999999
0.555053
0.546506
0.536223
0.529362
0.526904
0.529131
0.5366850000000001
0.54446
0.551066
0.556475
0.560484
0.562861
0.563448
0.562098
0.5585979999999999
0.552697
0.548917
0.547978
0.549245
0.554481
0.56016
0.5644399999999999
0.567629
0.569876
0.5711189999999999
0.571206
0.5699569999999999
0.56721
0.562859
0.556813
0.553635
0.553883
0.556761
0.5637340000000001
0.570766
0.575646
0.578504
0.579433
0.578488
0.575902
0.572033
0.56721
0.56161
0.5552199999999999
0.5526449999999999
0.5543100000000001
0.559204
0.5682510000000001
0.576984
0.583306
0.5874199999999999
0.5894689999999999
0.58959
0.58806
0.585093
0.5807100000000001
0.574856
0.567476
0.56326
0.5629649999999999
0.565805
0.573448
0.5819979999999999
0.588974
0.594162
0.597248
0.5979909999999999
0.596398
0.592596
0.5867979999999999
0.5793229999999999
0.574972
0.574523
0.576477
0.583066
0.5912
0.597809
0.602859
0.606337
0.608102
0.608003
0.605908
0.60172
0.595496
0.587425
0.582196
0.580623
0.58132
0.5867720000000001
0.594028
0.5999680000000001
0.604539
0.6076560000000001
0.609156
0.608963
0.607059
0.603428
0.598035
0.590839
0.586433
0.5856210000000001
0.586793
0.592377
0.599594
0.605388
0.609739
0.612643
0.6140869999999999
0.614133
0.612813
0.6100720000000001
0.605777
0.604115
0.605513
0.607241
0.6124
0.619239
0.624042
0.627053
0.628659
0.62915
0.628663
0.6271260000000001
0.624404
0.620417
0.615123
0.6129439999999999
0.6144930000000001
0.6172380000000001
0.624188
0.633152
0.63998
0.644407
0.6464260000000001
0.646138
0.643755
0.6396069999999999
0.6341720000000001
0.627885
0.6209600000000001
0.617917
0.6193569999999999
0.622462
0.630197
0.640425
0.648842
0.655154
0.659224
0.6608729999999999
0.660037
0.6568
0.651346
0.643826
0.634416
0.6278060000000001
0.625019
0.623527
0.627107
0.634361
0.6409090000000001
0.646493
0.650909
0.653829
0.6549550000000001
0.6540199999999999
0.6508109999999999
0.645282
0.637542
0.6321680000000001
0.630005
0.628609
0.63183
0.638183
0.643409
0.647496
0.650588
0.652709
0.653859
0.653968
0.6528520000000001
0.650231
0.650035
0.652582
0.653931
0.658602
0.66632
0.67199
0.675793
0.678168
0.679237
0.679026
0.677571
0.674856
0.670854
0.6655989999999999
0.663415
0.664968
0.666304
0.671829
0.680963
0.6880229999999999
0.692702
0.6950149999999999
0.695006
0.692994
0.68939
0.684495
0.678545
0.67171
0.668353
0.669048
0.669769
0.674909
0.683906
0.6911579999999999
0.696354
0.6995060000000001
0.700649
0.699922
0.697368
0.692962
0.686792
0.678995
0.67387
0.672181
0.67004
0.672489
0.679595
0.685652
0.690351
0.693591
0.695136
0.694768
0.692314
0.6877270000000001
0.681128
0.6767310000000001
0.6753060000000001
0.673026
0.674583
0.680707
0.686226
0.690505
0.693653
0.695639
0.696392
0.695833
0.693811
0.690157
0.684757
0.681668
0.681556
0.68037
0.682793
0.6893640000000001
0.694788
0.69868
0.7012149999999999
0.702453
0.702484
0.701367
0.699086
0.695607
0.690871
0.688947
0.6903199999999999
0.6905939999999999
0.694366
0.702146
0.708422
0.7126170000000001
0.714967
0.71578
0.715283
0.713542
0.71055
0.706314
0.700802
0.698144
0.698902
0.698741
0.702141
0.7096
0.715651
0.7196670000000001
0.721856
0.722334
0.7211850000000001
0.718565
0.714622
0.709398
0.7068949999999999
0.7077479999999999
0.707961
0.710929
0.7181489999999999
0.725482
0.731271
0.735453
0.737889
0.738413
0.736978
0.733635
0.7284510000000001
0.7215739999999999
0.717255
0.716489
0.715532
0.717483
0.724112
0.731467
0.737366
0.741582
0.7440399999999999
0.744721
0.743606
0.740661
0.735884
0.7293689999999999
0.725217
0.724111
0.722069
0.722379
0.727122
0.7325729999999999
0.736821
0.739916
0.741969
0.742993
0.742867
0.741347
0.7381449999999999
0.7329939999999999
0.729727
0.729011
0.727025
0.727166
0.7313890000000001
0.735981
0.739287
0.741444
0.742503
0.742486
0.741401
0.7391770000000001
0.735689
0.7347
0.736696
0.73765
0.739672
0.745193
0.751332
0.755559
0.757955
0.758672
0.757938
0.756055
0.753154
0.749212
0.744258
0.742236
0.743783
0.744961
0.7479100000000001
0.755091
0.763374
0.769709
0.77379
0.775658
0.775522
0.7735529999999999
0.769849
0.764655
0.7583479999999999
0.755055
0.755468
0.7557050000000001
0.757783
0.764365
0.7725350000000001
0.779155
0.783996
0.787032
0.788219
0.7874760000000001
0.784737
0.780011
0.7733
0.768437
0.766235
0.7632220000000001
0.761488
0.764335
0.769505
0.773798
0.7770819999999999
0.7793439999999999
0.78049
0.7803100000000001
0.7784909999999999
0.774716
0.768782
0.7645810000000001
0.7629239999999999
0.760099
0.758223
0.7604609999999999
0.764505
0.767456
0.769271
0.7700899999999999
0.77003
0.769091
0.7671439999999999
0.76402
0.763249
0.765232
0.766089
0.766526
0.770323
0.776191
0.7802180000000001
0.782267
0.7825770000000001
0.781474
0.779211
0.775872
0.771473
0.766067
0.763393
0.764109
0.764545
0.765775
0.771158
0.778659
0.784308
0.787905
0.78955
0.789312
0.787367
0.7840090000000001
0.7794770000000001
0.777464
0.778571
0.779251
0.779778
0.784435
0.792374
0.798948
0.80388
0.8072199999999999
0.8089770000000001
0.809217
0.807986
0.805171
0.800606
0.797846
0.797721
0.79694
0.795423
0.79801
0.804422
0.8096
0.813232
0.815435
0.816304
0.815837
0.8139029999999999
0.810353
0.805189
0.802163
0.801951
0.800933
0.799243
0.801628
0.80762
0.812416
0.815817
0.818029
0.81917
0.81921
0.81797
0.8152159999999999
0.810761
0.808062
0.807674
0.806146
0.8034319999999999
0.804593
0.8094859999999999
0.813088
0.815333
0.816511
0.816738
0.8159890000000001
0.81413
0.810992
0.8098390000000001
0.8111550000000001
0.811535
0.810442
0.811941
0.816967
0.821378
0.824183
0.8254469999999999
0.8253459999999999
0.8241940000000001
0.822227
0.8194319999999999
0.815703
0.8144319999999999
0.816244
0.817751
0.818308
0.8221579999999999
0.829731
0.836126
0.8403280000000001
0.842526
0.843094
0.8422940000000001
0.840195
0.836875
0.832528
0.830786
0.832274
0.833536
0.833989
0.837933
0.8459409999999999
0.8532190000000001
0.858722
0.862507
0.864625
0.8650110000000001
0.863555
0.8602120000000001
0.854975
0.851308
0.8499629999999999
0.8478549999999999
0.844776
0.8449780000000001
0.849693
0.854716
0.8586600000000001
0.861509
0.8632489999999999
0.863722
0.862617
0.8596010000000001
0.8544799999999999
0.8507610000000001
0.849231
0.8466370000000001
0.8425469999999999
0.841182
0.8439450000000001
0.8468620000000001
0.848756
0.8497870000000001
0.850126
0.8497979999999999
0.848642
0.8464149999999999
0.8461219999999999
0.8481040000000001
0.849046
0.848499
0.8488559999999999
0.852672
0.857527
0.860677
0.862252
0.8626280000000001
0.862015
0.8604370000000001
0.8578610000000001
0.854291
0.8529610000000001
0.854485
0.8557370000000001
0.856143
0.8581190000000001
0.863759
0.870159
0.874699
0.877394
0.878451
0.8780600000000001
0.876409
0.8736440000000001
0.8698309999999999
0.868367
0.869859
0.8709690000000001
0.871116
0.873361
0.879541
0.88628
0.891351
0.894756
0.896705
0.897333
0.8965299999999999
0.8940100000000001
0.889598
0.886713
0.886179
0.8849370000000001
0.8826209999999999
0.8819950000000001
0.8855459999999999
0.890503
0.8941309999999999
0.8963200000000001
0.897109
0.896395
0.8939809999999999
0.889763
0.886948
0.88618
0.884447
0.881426
0.8784649999999999
0.879396
0.8831950000000001
0.8860040000000001
0.887698
0.888443
0.8882969999999999
0.8872
0.884993
0.881474
0.879524
0.879634
0.878949
0.877215
0.875632
0.8778
0.882492
0.8857940000000001
0.887762
0.888761
0.888965
0.8883979999999999
0.8869940000000001
0.887551
0.890466
0.892782
0.893961
0.8939290000000001
0.8969010000000001
0.903177
0.908192
0.911386
0.912947
0.91322
0.912544
0.91101
0.9084540000000001
0.907652
0.909133
0.9101020000000001
0.9101469999999999
0.909333
0.912117
0.9182170000000001
0.9225760000000001
0.92504
0.92604
0.925853
0.9244979999999999
0.921884
0.9180010000000001
0.916061
0.916725
0.917024
0.9165709999999999
0.9159450000000001
0.919234
0.925696
0.9307120000000001
0.934099
0.9360620000000001
0.936658
0.935834
0.9335129999999999
0.9296040000000001
0.9270459999999999
0.926452
0.9251229999999999
0.922895
0.9199940000000001
0.9208799999999999
0.9257790000000001
0.9299440000000001
0.932883
0.9347340000000001
0.935493
0.9349559999999999
0.9328209999999999
0.928874
0.926133
0.925356
0.923817
0.9211379999999999
0.917385
0.9172459999999999
0.921042
0.9240790000000001
0.92616
0.927566
0.928406
0.9285620000000001
0.9277639999999999
0.9285479999999999
0.931192
0.932796
0.93289
0.931558
0.931628
0.934924
0.9386110000000001
0.940795
0.941672
0.941584
0.9407469999999999
0.939182
0.936775
0.9361659999999999
0.937839
0.939135
0.9396
0.939117
0.9403440000000001
0.944787
0.9493450000000001
0.952141
0.953276
0.952968
0.951417
0.948815
0.945293
0.9437719999999999
0.9447610000000001
0.945443
0.945393
0.944593
0.9463959999999999
0.9517620000000001
0.9568450000000001
0.9602639999999999
0.9622459999999999
0.9630620000000001
0.9627180000000001
0.960988
0.9576520000000001
0.955535
0.955314
0.954442
0.952686
0.950207
0.950224
0.954182
0.9586290000000001
0.9617870000000001
0.9636809999999999
0.964335
0.963606
0.9613459999999999
0.9575379999999999
0.955131
0.9547040000000001
0.953514
0.951242
0.9480540000000001
0.9473809999999999
0.9505899999999999
0.9541639999999999
0.9566110000000001
0.9580860000000001
0.958706
0.9583799999999999
0.956879
0.953952
0.952343
0.952608
0.952102
0.950527
0.9479290000000001
0.9476180000000001
0.9509549999999999
0.954514
0.956916
0.958359
0.958952
0.958626
0.9572139999999999
0.9572200000000001
0.959018
0.9599690000000001
0.959676
0.9581770000000001
0.956918
0.958952
0.962825
0.9652879999999999
0.966292
0.9660780000000001
0.964836
0.9626889999999999
0.959623
0.958216
0.958935
0.959227
0.9587129999999999
0.957362
0.956973
0.9598780000000001
0.963836
0.9660920000000001
0.9668680000000001
0.966507
0.9650989999999999
0.962593
0.9589260000000001
0.956893
0.957133
0.957066
0.9563159999999999
0.9549030000000001
0.955211
0.9591430000000001
0.963917
0.967148
0.968881
0.9693360000000001
0.968623
0.9666399999999999
0.9631540000000001
0.960782
0.9601280000000001
0.958791
0.9566379999999999
0.9538260000000001
0.952743
0.9554370000000001
0.959291
0.961944
0.963425
0.963809
0.9629709999999999
0.960686
0.956831
0.9543299999999999
0.953844
0.952699
0.9505450000000001
0.947476
0.946651
0.9496870000000001
0.9533799999999999
0.9560559999999999
0.957857
0.9589040000000001
0.959084
0.958153
0.955883
0.955
0.955967
0.955994
0.954734
0.952364
0.9519700000000001
0.955139
0.9586389999999999
0.9606530000000001
0.961375
0.9611190000000001
0.9600059999999999
0.957958
0.9574790000000001
0.9589719999999999
0.959843
0.95967
0.95841
0.956995
0.958644
0.9623120000000001
0.964511
0.9651219999999999
0.9643219999999999
0.962269
0.959111
0.954957
0.952416
0.9519489999999999
0.9510930000000001
0.949575
0.9474790000000001
0.9462870000000001
0.94862
0.9525680000000001
0.954931
0.955758
0.9554
0.95401
0.951542
0.9478989999999999
0.945709
0.9455389999999999
0.9449690000000001
0.943742
0.941925
0.9415620000000001
0.9448770000000001
0.9495030000000001
0.9527959999999999
0.954784
0.955622
0.955268
0.9535950000000001
0.9505049999999999
0.9486399999999999
0.948486
0.9474790000000001
0.9453159999999999
0.942155
0.940544
0.9426700000000001
0.945976
0.9481360000000001
0.94924
0.9494229999999999
0.9485979999999999
0.946522
0.9455549999999999
0.9460200000000001
0.945421
0.9436110000000001
0.940823
0.9384469999999999
0.9394040000000001
0.942247
0.943833
0.944262
0.9438489999999999
0.9427129999999999
0.9408340000000001
0.938098
0.9368920000000001
0.937585
0.9377030000000001
0.9369129999999999
0.935306
0.934233
0.936531
0.9405530000000001
0.9429850000000001
0.943917
0.943765
0.942818
0.9411579999999999
0.938707
0.937941
0.939319
0.940341
0.9405709999999999
0.9399129999999999
0.939702
0.942574
0.9468850000000001
0.949758
0.951398
0.9520770000000001
0.9518209999999999
0.950477
0.947876
0.9466190000000001
0.9472799999999999
0.947393
0.946635
0.9450620000000001
0.9444620000000001
0.9473229999999999
0.9516290000000001
0.9545440000000001
0.9560780000000001
0.9564309999999999
0.955677
0.953709
0.952818
0.953369
0.953011
0.951569
0.949308
0.946574
0.947275
0.951132
0.953916
0.955472
0.955957
0.955376
0.953608
0.9504739999999999
0.948277
0.9475620000000001
0.946192
0.9439540000000001
0.940953
0.937366
0.9371450000000001
0.94009
0.9419930000000001
0.94284
0.9429219999999999
0.942342
0.9410209999999999
0.9387780000000001
0.9378709999999999
0.9386450000000001
0.938686
0.937658
0.935675
0.933451
0.934433
0.937838
0.939976
0.940976
0.941248
0.94096
0.940005
0.9403969999999999
0.942368
0.9436399999999999
0.9438350000000001
0.942951
0.9409219999999999
0.940842
0.9436459999999999
0.946106
0.947291
0.9473790000000001
0.946499
0.9446469999999999
0.941738
0.940031
0.9400129999999999
0.9395620000000001
0.938467
0.9368360000000001
0.934632
0.9357989999999999
0.940117
0.9430780000000001
0.944636
0.945183
0.944876
0.943623
0.941262
0.9401010000000001
0.9406370000000001
0.9407120000000001
0.9401309999999999
0.938967
0.937334
0.9390639999999999
0.943868
0.94752
0.949938
0.95131
0.951623
0.9507620000000001
0.948624
0.9474610000000001
0.947716
0.947225
0.945739
0.943361
0.940153
0.9403239999999999
0.944
0.946832
0.9486870000000001
0.949752
0.9499700000000001
0.9491139999999999
0.9491209999999999
0.950262
0.9504600000000001
0.94958
0.947809
0.945177
0.9441450000000001
0.9462389999999999
0.948894
0.9505879999999999
0.9515469999999999
0.951931
0.951692
0.9506600000000001
0.950759
0.9522360000000001
0.9529700000000001
0.9526479999999999
0.9513
0.9489219999999999
0.948011
0.9501459999999999
0.9527030000000001
0.9540379999999999
0.954332
0.9537629999999999
0.9523969999999999
0.950234
0.949398
0.9502790000000001
0.950787
0.950575
0.949592
0.947679
0.9475100000000001
0.9501780000000001
0.9527
0.95393
0.954134
0.9534159999999999
0.9516959999999999
0.9488209999999999
0.946886
0.946385
0.945384
0.943701
0.941418
0.9385180000000001
0.938322
0.941533
0.944508
0.94629
0.946932
0.9464530000000001
0.944809
0.943943
0.944161
0.9435180000000001
0.941833
0.939291
0.9360569999999999
0.9339870000000001
0.9353379999999999
0.938268
0.940377
0.9416540000000001
0.942167
0.941823
0.940428
0.939802
0.94029
0.9400780000000001
0.9390299999999999
0.937249
0.9347110000000001
0.933343
0.9350209999999999
0.937636
0.939234
0.9400209999999999
0.940174
0.939692
0.9384629999999999
0.938426
0.9398719999999999
0.940732
0.940736
0.9400059999999999
0.938515
0.938617
0.941672
0.94501
0.947101
0.9481729999999999
0.948441
0.947881
0.946292
0.945614
0.946248
0.946227
0.9452940000000001
0.9434899999999999
0.940782
0.939875
0.9422219999999999
0.945052
0.946897
0.947829
0.947858
0.946824
0.946542
0.947399
0.947593
0.946918
0.9455020000000001
0.943401
0.941415
0.942422
0.9454629999999999
0.9473600000000001
0.9481440000000001
0.948098
0.947312
0.945693
0.945009
0.94557
0.945574
0.9448549999999999
0.9436
0.94183
0.9402719999999999
0.9417549999999999
0.945274
0.947641
0.948817
0.9489280000000001
0.947967
0.945916
0.9447610000000001
0.944981
0.944788
0.943941
0.9424870000000001
0.940363
0.938823
0.9404309999999999
0.9438139999999999
0.946263
0.9477909999999999
0.948491
0.9482450000000001
0.9468120000000001
0.945945
0.9459639999999999
0.9450850000000001
0.9432209999999999
0.9405610000000001
0.9371510000000001
0.9347040000000001
0.935491
0.9377469999999999
0.9391379999999999
0.939766
0.9397549999999999
0.9390040000000001
