1.013631
1.012753
1.013109
1.0126879999999998
1.011334
1.0091809999999999
1.006213
1.003778
1.004505
1.006907
1.008218
1.008567
1.008134
1.006869
1.0046389999999998
1.003492
1.003816
1.003536
1.0023309999999999
1.000293
0.997517
0.995549
0.9967450000000001
0.999387
1.000887
1.001326
1.000881
0.999627
0.9975139999999999
0.996598
0.997252
0.997403
0.9967379999999999
0.995238
0.9927950000000001
0.991267
0.992799
0.995467
0.9971190000000001
0.997828
0.997704
0.9966860000000001
0.9945959999999999
0.993607
0.994288
0.994612
0.9942780000000001
0.993302
0.991604
0.991548
0.994604
0.998016
1.000005
1.000724
1.000412
0.9991049999999999
0.9967
0.9954370000000001
0.9957940000000001
0.995606
0.9946
0.9929040000000001
0.9905079999999999
0.9900770000000001
0.992933
0.996128
0.9981110000000001
0.998926
0.998584
0.9970469999999999
0.99639
0.996992
0.996816
0.995604
0.993506
0.990617
0.987648
0.987975
0.9909469999999999
0.993014
0.9940620000000001
0.994231
0.993527
0.991822
0.990956
0.991224
0.990775
0.9895360000000001
0.987682
0.985193
0.9828
0.983499
0.9863270000000001
0.9880700000000001
0.988925
0.9892049999999999
0.9889620000000001
0.988094
0.9885510000000001
0.9905809999999999
0.992017
0.9924430000000001
0.991823
0.990149
0.9889190000000001
0.990691
0.9939389999999999
0.9960469999999999
0.997117
0.997281
0.9965299999999999
0.9947969999999999
0.9941270000000001
0.9948819999999999
0.9950479999999999
0.99439
0.9929540000000001
0.990654
0.989183
0.990717
0.993401
0.994917
0.9952700000000001
0.9945370000000001
0.992692
0.989643
0.9876209999999999
0.9872280000000001
0.9864639999999999
0.985025
0.982923
0.980109
0.978949
0.980982
0.9835649999999999
0.9849600000000001
0.985348
0.98495
0.9837450000000001
0.98355
0.9846290000000001
0.985029
0.9844799999999999
0.983123
0.9811350000000001
0.9787100000000001
0.979514
0.983384
0.986369
0.988318
0.9893209999999999
0.989341
0.9882709999999999
0.987974
0.98893
0.9894299999999999
0.989266
0.9885139999999999
0.987116
0.9850959999999999
0.986028
0.9897469999999999
0.99246
0.9941690000000001
0.995124
0.995402
0.994891
0.995441
0.997302
0.998483
0.998771
0.998223
0.996741
0.995102
0.9963770000000001
0.999726
1.002074
1.00359
1.0044540000000002
1.004513
1.003492
1.0032219999999998
1.0040360000000002
1.003984
1.002815
1.000622
0.9974959999999999
0.9943110000000001
0.9943
0.996641
0.9979809999999999
0.998286
0.9976389999999999
0.996024
0.993449
0.9920059999999999
0.992137
0.991907
0.9910200000000001
0.9894200000000001
0.986949
0.984692
0.985323
0.9876450000000001
0.9889899999999999
0.9895
0.9893059999999999
0.9883639999999999
0.986516
0.985692
0.9863059999999999
0.9865010000000001
0.9860680000000001
0.985037
0.9833719999999999
0.982419
0.984699
0.9886590000000001
0.9914569999999999
0.992981
0.9933040000000001
0.992469
0.99044
0.9892700000000001
0.9894649999999999
0.989136
0.9880260000000001
0.9862120000000001
0.9837469999999999
0.982311
0.984209
0.987642
0.9901059999999999
0.9915799999999999
0.992083
0.9914959999999999
0.9897100000000001
0.9888959999999999
0.9894879999999999
0.989346
0.988122
0.9859040000000001
0.9827600000000001
0.980885
0.9824209999999999
0.9852860000000001
0.9873770000000001
0.9886780000000001
0.9891979999999999
0.9887950000000001
0.989209
0.9906459999999999
0.9911690000000001
0.9905930000000001
0.989166
0.9870260000000001
0.984138
0.984284
0.987492
0.989635
0.9905520000000001
0.990553
0.9897940000000001
0.9882639999999999
0.9878129999999999
0.988791
0.989358
0.9891979999999999
0.988298
0.986563
0.984031
0.984469
0.987757
0.9899319999999999
0.990976
0.991129
0.990445
0.988893
0.988451
0.9894950000000001
0.990088
0.989956
0.989166
0.9876719999999999
0.986094
0.9874780000000001
0.991023
0.993501
0.9949309999999999
0.995382
0.994766
0.9929520000000001
0.991836
0.991873
0.99135
0.990144
0.988331
0.985865
0.983557
0.9843639999999999
0.987259
0.988978
0.9894879999999999
0.988983
0.9875659999999999
0.9851719999999999
0.983775
0.9837969999999999
0.983295
0.9819829999999999
0.9799540000000001
0.9773139999999999
0.975643
0.9773430000000001
0.980778
0.983368
0.985072
0.985875
0.985614
0.9859889999999999
0.9873219999999999
0.9879450000000001
0.987759
0.986908
0.9854639999999999
0.9833709999999999
0.9837
0.987038
0.9900690000000001
0.9920950000000001
0.993224
0.993499
0.9928790000000001
0.993082
0.994381
0.994991
0.9946379999999999
0.9934129999999999
0.991402
0.988505
0.9879379999999999
0.990276
0.992099
0.9928739999999999
0.992864
0.9922549999999999
0.9910459999999999
0.991009
0.9924139999999999
0.9933559999999999
0.9934729999999999
0.992712
0.990992
0.988274
0.9884860000000001
0.991711
0.993908
0.995009
0.9952110000000001
0.9945209999999999
0.992841
0.9920200000000001
0.992497
0.9925229999999999
0.991849
0.99054
0.9885639999999999
0.9857239999999999
0.985758
0.988655
0.990384
0.990994
0.990726
0.989577
0.987452
0.9862360000000001
0.986301
0.98585
0.9847670000000001
0.983193
0.981089
0.979025
0.9801719999999999
0.9837959999999999
0.9864379999999999
0.9879979999999999
0.9885430000000001
0.988073
0.986575
0.9860120000000001
0.986762
0.9869680000000001
0.9864139999999999
0.985151
0.9831610000000001
0.9812629999999999
0.982562
0.98618
0.9888530000000001
0.9905440000000001
0.9913280000000001
0.9911040000000001
0.989711
0.989117
0.989858
0.9901030000000001
0.989516
0.988072
0.9857370000000001
0.9833
0.983873
0.986712
0.9887020000000001
0.9898530000000001
0.990247
0.989812
0.9902290000000001
0.991725
0.992469
0.9921629999999999
0.9909209999999999
0.988914
0.986196
0.985344
0.9875700000000001
0.990159
0.991777
0.992499
0.9924639999999999
0.9916969999999999
0.9918790000000001
0.993283
0.994209
0.994403
0.993876
0.992548
0.990233
0.989592
0.99187
0.994317
0.9957590000000001
0.9963360000000001
0.996144
0.995125
0.9950549999999999
0.996339
0.997243
0.997453
0.996956
0.9957010000000001
0.9935209999999999
0.993556
0.996383
0.998659
0.999883
1.000238
0.999676
0.998044
0.9971049999999999
0.9972340000000001
0.99675
0.995549
0.9937950000000001
0.991476
0.9884350000000001
0.988174
0.991027
0.9931840000000001
0.994168
0.9940559999999999
0.9928950000000001
0.990714
0.989411
0.989376
0.9888549999999999
0.987624
0.985712
0.9831120000000001
0.9800610000000001
0.980302
0.98369
0.9863930000000001
0.988323
0.989541
0.989909
0.989194
0.98915
0.990167
0.990555
0.99016
0.9890620000000001
0.9872709999999999
0.9849600000000001
0.985733
0.989391
0.992182
0.9940899999999999
0.995231
0.995554
0.9949379999999999
0.995218
0.9967239999999999
0.997561
0.9974799999999999
0.996611
0.9949399999999999
0.9926659999999999
0.9932780000000001
0.9964709999999999
0.9985860000000001
0.999648
0.9999120000000001
0.999442
0.998102
0.997718
0.99864
0.998966
0.9983860000000001
0.996891
0.9944379999999999
0.991548
0.991778
0.994706
0.9967370000000001
0.997798
0.997974
0.99716
0.996992
0.997857
0.998202
0.9978629999999999
0.9969299999999999
0.995431
0.993267
0.992226
0.9939959999999999
0.996476
0.997775
0.998073
0.9975440000000001
0.996186
0.99566
0.996281
0.9964
0.995813
0.994661
0.992981
0.990619
0.989807
0.9920040000000001
0.99475
0.9964559999999999
0.9971639999999999
0.996994
0.9960129999999999
0.9959809999999999
0.9971459999999999
0.997725
0.9974959999999999
0.996554
0.9949530000000001
0.9926879999999999
0.9928790000000001
0.9962120000000001
0.99934
1.001426
1.00255
1.002667
1.001606
1.0010629999999998
1.001451
1.001208
1.0002149999999999
0.998568
0.996287
0.993259
0.9927
0.995189
0.997347
0.998648
0.999246
0.999125
0.9981260000000001
0.997973
0.998925
0.9991049999999999
0.998243
0.996474
0.993958
0.990698
0.990525
0.993583
0.9958809999999999
0.997265
0.997869
0.9977229999999999
0.996749
0.996743
0.99805
0.998878
0.998977
0.998345
0.996884
0.9944629999999999
0.99484
0.998258
1.000768
1.0021120000000001
1.002481
1.001934
1.0004469999999999
0.999944
1.0009
1.001524
1.001478
1.00073
0.9991959999999999
0.9966940000000001
0.996875
0.999935
1.002042
1.0031299999999999
1.0034040000000002
1.0028270000000001
1.001271
1.000558
1.001024
1.0008629999999998
0.999934
0.998425
0.9963879999999999
0.993893
0.9946520000000001
0.998491
1.001356
1.003049
1.0036200000000002
1.003076
1.001444
1.000673
1.001174
1.0011510000000001
1.000357
0.998808
0.9964770000000001
0.993617
0.993907
0.9971
0.999358
1.00063
1.001047
1.0005389999999998
1.00072
1.001893
1.002451
1.002176
1.001055
0.999077
0.996236
0.994555
0.995835
0.998059
0.9994190000000001
0.9999290000000001
0.9996139999999999
0.9984370000000001
0.9980690000000001
0.998784
0.9988809999999999
0.9981389999999999
0.996725
0.994785
0.9922479999999999
0.991424
0.9936149999999999
0.996215
0.997725
0.9982629999999999
0.9980479999999999
0.997189
0.9974790000000001
0.999231
1.000656
1.001396
1.0013670000000001
1.000448
0.9984639999999999
0.9983120000000001
1.001083
1.00386
1.005699
1.006733
1.006972
1.006243
1.006226
1.0072860000000001
1.007732
1.007351
1.0062360000000001
1.004437
1.0018559999999999
1.001487
1.004059
1.006342
1.00757
1.0078610000000001
1.007155
1.0053219999999998
1.004229
1.004316
1.0038850000000001
1.002832
1.001296
0.9992209999999999
0.996398
0.996348
0.9993489999999999
1.001587
1.0027059999999999
1.002828
1.0020229999999999
1.000324
0.999577
1.0001120000000001
1.0001440000000001
0.999425
0.997973
0.9957799999999999
0.992841
0.992742
0.995977
0.9988969999999999
1.000992
1.0022799999999998
1.0026190000000001
1.001789
1.0015180000000001
1.00225
1.002401
1.001825
1.000575
0.9986360000000001
0.9958889999999999
0.995928
0.999059
1.001534
1.003116
1.0039559999999998
1.004039
1.003258
1.003434
1.0048540000000001
1.00557
1.005285
1.004117
1.002073
0.9992059999999999
0.9992700000000001
1.0022280000000001
1.0042360000000001
1.005291
1.005623
1.005261
1.00404
1.003735
1.004674
1.004987
1.004392
1.0029
1.000476
0.9973489999999999
0.997308
1.000177
1.002047
1.002825
1.002638
1.00145
0.9992059999999999
0.997936
0.998189
0.998182
0.9976370000000001
0.996539
0.994758
0.992453
0.993028
0.996065
0.9979049999999999
0.998655
0.998561
0.9976299999999999
0.9975649999999999
0.998648
0.9991260000000001
0.9987520000000001
0.997662
0.9959600000000001
0.993625
0.9927950000000001
0.995064
0.998101
1.000097
1.0010139999999998
1.0009270000000001
0.9998959999999999
0.9996360000000001
1.0003950000000001
1.0004819999999999
0.9997590000000001
0.998394
0.9964719999999999
0.993975
0.993476
0.996101
0.999006
1.000865
1.001778
1.001809
1.000877
1.000726
1.001737
1.0022520000000001
1.002066
1.001203
0.999642
0.9972559999999999
0.997135
0.999964
1.002529
1.004256
1.005312
1.005679
1.0051700000000001
1.005413
1.006615
1.0069299999999999
1.006114
1.0043520000000001
1.0018479999999998
0.998617
0.9979540000000001
1.000453
1.002622
1.003773
1.004001
1.003356
1.001775
1.001077
1.001643
1.0017040000000001
1.001019
0.9995879999999999
0.997316
0.9940889999999999
0.993816
0.996648
0.998541
0.9993989999999999
0.9994430000000001
0.998719
0.997157
0.9966450000000001
0.997585
0.9981190000000001
0.997916
0.99698
0.995266
0.992618
0.992813
0.99595
0.998077
0.9992209999999999
0.9995870000000001
0.999135
0.9977440000000001
0.997223
0.997935
0.9981190000000001
0.997635
0.99664
0.995124
0.993031
0.994072
0.9981120000000001
1.0010569999999999
1.0027549999999998
1.003318
1.002804
1.001263
1.000673
1.001436
1.00171
1.001219
0.999956
0.9978819999999999
0.995392
0.996079
0.9995799999999999
1.002197
1.003873
1.004697
1.004551
1.003225
1.002612
1.003196
1.00315
1.002181
1.0003360000000001
0.997658
0.994643
0.99477
0.997626
0.9996459999999999
1.000722
1.0009
1.0001229999999999
1.000084
1.001066
1.0013239999999999
1.00061
0.9990549999999999
0.996817
0.993898
0.992326
0.99371
0.9958040000000001
0.996808
0.9968049999999999
0.9960209999999999
0.994574
0.994193
0.9951709999999999
0.9958030000000001
0.995792
0.995109
0.993661
0.991275
0.990458
0.992626
0.9952059999999999
0.99685
0.997669
0.9977370000000001
0.996965
0.9970950000000001
0.99851
0.999505
0.999826
0.999524
0.998597
0.9969040000000001
0.9975149999999999
1.000992
1.003983
1.005893
1.006879
1.006887
1.005774
1.005331
1.005939
1.0058850000000001
1.005055
1.0036120000000002
1.001541
0.9986780000000001
0.9984149999999999
1.001199
1.003371
1.004391
1.004358
1.003323
1.001296
1.000157
1.000257
0.9997950000000001
0.9985430000000001
0.9965450000000001
0.993815
0.9904360000000001
0.990318
0.993483
0.995927
0.997549
0.9984190000000001
0.9984059999999999
0.997295
0.99684
0.9974629999999999
0.9975299999999999
0.9969020000000001
0.9956450000000001
0.993741
0.99105
0.991283
0.994591
0.99708
0.998657
0.9994790000000001
0.999533
0.998712
0.9968629999999999
0.993859
0.9896290000000001
0.9869319999999999
0.9864
0.985375
0.9832629999999999
0.979986
0.978333
0.98051
0.983859
0.9863
0.987874
0.9884860000000001
0.987878
0.9858979999999999
0.98251
0.9776549999999999
0.9742860000000001
0.972881
0.970556
0.9671709999999999
0.9630780000000001
0.9626870000000001
0.966447
0.9695959999999999
0.971167
0.9711559999999999
0.9696309999999999
0.966635
0.9621879999999999
0.956349
0.952119
0.950024
0.9471700000000001
0.9431709999999999
0.9382
0.9363030000000001
0.93837
0.9401709999999999
0.940565
0.939723
0.937867
0.935039
0.931161
0.928902
0.928759
0.92809
0.926535
0.9241969999999999
0.9234479999999999
0.92627
0.930034
0.9323629999999999
0.9333049999999999
0.933089
0.9318639999999999
0.9297139999999999
0.9266200000000001
0.9251010000000001
0.925696
0.926076
0.925949
0.9252290000000001
0.926033
0.9301010000000001
0.9346190000000001
0.937157
0.937792
0.9368190000000001
0.934516
0.9311
0.92663
0.92105
0.9173620000000001
0.9161450000000001
0.914483
0.9119659999999999
0.9093399999999999
0.910582
0.914774
0.9174959999999999
0.918688
0.9185459999999999
0.916998
0.913782
0.908659
0.90164
0.896123
0.892918
0.889117
0.8843840000000001
0.8802760000000001
0.88023
0.88276
0.8841760000000001
0.884307
0.8832629999999999
0.8810450000000001
0.87749
0.872361
0.868482
0.86644
0.8635729999999999
0.859683
0.855244
0.8542540000000001
0.856275
0.856985
0.8563360000000001
0.854684
0.8522780000000001
0.849196
0.84539
0.840779
0.838242
0.838307
0.8381209999999999
0.837161
0.836467
0.839203
0.844001
0.84719
0.8487040000000001
0.848878
0.847958
0.8460639999999999
0.8433
0.839801
0.8386819999999999
0.840505
0.8422379999999999
0.843225
0.8449629999999999
0.850073
0.8564940000000001
0.86098
0.8636030000000001
0.864812
0.864827
0.8635510000000001
0.860764
0.856311
0.8532959999999999
0.852435
0.85083
0.8480260000000001
0.84604
0.847749
0.8511850000000001
0.8533629999999999
0.854232
0.8538899999999999
0.8522489999999999
0.849125
0.8443799999999999
0.8379340000000001
0.832916
0.829976
0.8261790000000001
0.821197
0.817762
0.8181649999999999
0.81975
0.8201459999999999
0.819419
0.817752
0.815184
0.81162
0.806921
0.803872
0.803042
0.8016770000000001
0.799241
0.796679
0.797258
0.799992
0.801492
0.801724
0.800884
0.799139
0.796578
0.793161
0.7913279999999999
0.791461
0.791049
0.78972
0.787676
0.789061
0.793747
0.7972670000000001
0.7993279999999999
0.800117
0.799871
0.798802
0.796977
0.794347
0.7936529999999999
0.7953819999999999
0.796765
0.7972640000000001
0.798218
0.8024220000000001
0.808131
0.81206
0.814343
0.8154319999999999
0.815603
0.8149310000000001
0.813321
0.810657
0.80978
0.811121
0.8117340000000001
0.8111
0.810828
0.8137340000000001
0.8180649999999999
0.820734
0.821733
0.8213020000000001
0.819606
0.8166680000000001
0.8123199999999999
0.80637
0.80166
0.798859
0.795423
0.791155
0.788003
0.788675
0.791287
0.79291
0.793449
0.7930050000000001
0.791529
0.7888
0.784547
0.778683
0.774159
0.771644
0.7684979999999999
0.764386
0.761541
0.762465
0.765153
0.767203
0.7686649999999999
0.76971
0.770302
0.770177
0.7689779999999999
0.768968
0.770419
0.7708189999999999
0.7699239999999999
0.768424
0.769889
0.7737850000000001
0.776467
0.7780279999999999
0.778852
0.779121
0.778808
0.7777649999999999
0.775816
0.775483
0.777193
0.778307
0.778288
0.778462
0.7816960000000001
0.7864800000000001
0.789665
0.791255
0.7915949999999999
0.79095
0.7894329999999999
0.787045
0.783742
0.782312
0.7832520000000001
0.783754
0.783275
0.783756
0.7875800000000001
0.792549
0.795956
0.797858
0.7985760000000001
0.798189
0.796499
0.793246
0.788312
0.784489
0.782509
0.779954
0.776532
0.773922
0.7750779999999999
0.7784
0.780732
0.7818970000000001
0.781903
0.780628
0.777922
0.773718
0.770502
0.768762
0.766196
0.762622
0.758606
0.758102
0.7609100000000001
0.763093
0.7645109999999999
0.765295
0.765441
0.764818
0.763192
0.7625770000000001
0.76332
0.763368
0.762547
0.7609199999999999
0.76146
0.765219
0.769145
0.772123
0.774221
0.775509
0.775996
0.7756029999999999
0.774176
0.773934
0.775325
0.776138
0.776016
0.774995
0.7769729999999999
0.7822100000000001
0.7864909999999999
0.789341
0.791058
0.7919149999999999
0.792027
0.791301
0.78955
0.789133
0.790442
0.790995
0.790371
0.788855
0.7903680000000001
0.794637
0.7975949999999999
0.799334
0.800218
0.800339
0.799558
0.797589
0.794209
0.7918930000000001
0.79122
0.789907
0.7876850000000001
0.784867
0.785443
0.789176
0.791776
0.79301
0.79301
0.791866
0.7895989999999999
0.786099
0.781262
0.7775880000000001
0.77573
0.773562
0.770894
0.767977
0.768696
0.772831
0.776148
0.778428
0.779779
0.780172
0.779442
0.777447
0.7741939999999999
0.772148
0.7718229999999999
0.770985
0.769359
0.767339
0.768989
0.774137
0.778569
0.782057
0.784726
0.7865479999999999
0.787326
0.786796
0.7870550000000001
0.78851
0.78909
0.788658
0.787341
0.7879970000000001
0.791821
0.795816
0.798667
0.800541
0.801611
0.801895
0.8013020000000001
0.799663
0.796822
0.7953399999999999
0.795764
0.7955909999999999
0.794334
0.79296
0.794884
0.799064
0.801876
0.803296
0.803567
0.802798
0.801026
0.798236
0.794399
0.792177
0.792098
0.791587
0.790196
0.7886989999999999
0.790479
0.7947069999999999
0.797776
0.799554
0.8000659999999999
0.799221
0.7968970000000001
0.793048
0.790094
0.788676
0.786756
0.78414
0.780976
0.780199
0.782954
0.78613
0.788234
0.789145
0.788903
0.787593
0.785203
0.781644
0.779273
0.7786850000000001
0.777814
0.776474
0.7747189999999999
0.7762359999999999
0.781277
0.785751
0.789071
0.7913600000000001
0.7927109999999999
0.793115
0.7924800000000001
0.790763
0.790461
0.792077
0.7932239999999999
0.793481
0.792792
0.795077
0.800563
0.805044
0.8081729999999999
0.810171
0.8111619999999999
0.811078
0.8097300000000001
0.806936
0.8051119999999999
0.8048420000000001
0.803941
0.802124
0.799354
0.799711
0.803305
0.805818
0.807127
0.807491
0.8069689999999999
0.805465
0.802823
0.79893
0.796323
0.79552
0.794079
0.791608
0.788415
0.788564
0.791895
0.7942170000000001
0.7953979999999999
0.795666
0.795154
0.7939039999999999
0.791842
0.788879
0.787471
0.788121
0.7884260000000001
0.787905
0.7864180000000001
0.7877890000000001
0.7921199999999999
0.7952229999999999
0.796896
0.797434
0.79697
0.7955300000000001
0.79308
0.7919039999999999
0.792592
0.793094
0.7930659999999999
0.792451
0.793441
0.797525
0.8021520000000001
0.8054100000000001
0.8072560000000001
0.807848
0.807366
0.805829
0.80309
0.799057
0.7963819999999999
0.7957890000000001
0.795025
0.793737
0.7925300000000001
0.794882
0.7999930000000001
0.8039930000000001
0.8067810000000001
0.8085100000000001
0.8091510000000001
0.80855
0.806611
0.805805
0.8065939999999999
0.80657
0.8053819999999999
0.8031
0.802728
0.805546
0.808649
0.810862
0.812307
0.813055
0.8129850000000001
0.811819
0.8092560000000001
0.8074359999999999
0.806913
0.8057439999999999
0.803722
0.8008310000000001
0.799739
0.8018149999999999
0.804249
0.805634
0.806135
0.8058810000000001
0.8048810000000001
0.803104
0.8005260000000001
0.799564
0.800639
0.801299
0.801026
0.799732
0.800862
0.80509
0.808782
0.811222
0.812685
0.813395
0.813443
0.812742
0.8111109999999999
0.810793
0.8121970000000001
0.813008
0.812797
0.8115180000000001
0.812091
0.815693
0.819261
0.821575
0.8227959999999999
0.8229920000000001
0.822081
0.819917
0.8164319999999999
0.814175
0.8137770000000001
0.812966
0.811376
0.8089930000000001
0.809312
0.8129430000000001
0.8160890000000001
0.817921
0.818652
0.818522
0.817549
0.81553
0.812271
0.8101970000000001
0.80989
0.809142
0.807664
0.805449
0.806143
0.810344
0.8142020000000001
0.8169770000000001
0.818731
0.81944
0.818952
0.8171390000000001
0.814013
0.81204
0.811759
0.810963
0.80935
0.806966
0.807304
0.81118
0.814942
0.817634
0.819367
0.8201709999999999
0.8199299999999999
0.818458
0.815625
0.813945
0.8140539999999999
0.813634
0.812248
0.809862
0.810376
0.814369
0.817946
0.820623
0.822533
0.823684
0.8239559999999999
0.823132
0.820996
0.8199540000000001
0.820456
0.8200790000000001
0.818534
0.816018
0.816623
0.820725
0.824131
0.8263379999999999
0.827528
0.82785
0.8272870000000001
0.8256979999999999
0.8229850000000001
0.8216549999999999
0.822189
0.8221290000000001
0.821042
0.81887
0.8194170000000001
0.823117
0.825974
0.827493
0.827845
0.8271440000000001
0.8253860000000001
0.82252
0.8185720000000001
0.81615
0.815793
0.8151010000000001
0.813703
0.81157
0.812797
0.817431
0.820931
0.8229799999999999
0.823843
0.823628
0.8222149999999999
0.8194440000000001
0.815277
0.812421
0.811629
0.81062
0.809028
0.806937
0.808496
0.813574
0.8176220000000001
0.8203440000000001
0.821831
0.822083
0.8210649999999999
0.818753
0.81511
0.812725
0.812175
0.811055
0.809064
0.8066720000000001
0.807954
0.812611
0.816388
0.8190930000000001
0.820833
0.821577
0.821174
0.819419
0.8162510000000001
0.814457
0.814656
0.814278
0.8128989999999999
0.811144
0.812879
0.8176140000000001
0.8213229999999999
0.8237979999999999
0.825184
0.825567
0.824909
0.823074
0.819945
0.8181689999999999
0.818246
0.817638
0.816059
0.814145
0.815642
0.819937
0.822975
0.8246680000000001
0.825318
0.8250700000000001
0.823888
0.821665
0.818312
0.816457
0.816585
0.816091
0.814534
0.8124279999999999
0.813601
0.8175979999999999
0.8203860000000001
0.821792
0.82201
0.821152
0.819247
0.816317
0.812368
0.81009
0.810028
0.809596
0.8083359999999999
0.806878
0.8087479999999999
0.813106
0.8160470000000001
0.817561
0.817915
0.8171649999999999
0.8152520000000001
0.812126
0.807854
0.805299
0.8050649999999999
0.8045140000000001
0.803194
0.802089
0.804551
0.809465
0.813077
0.815179
0.815894
0.815335
0.813584
0.8105979999999999
0.806307
0.8035220000000001
0.8028689999999999
0.801794
0.7999890000000001
0.7988729999999999
0.801511
0.806449
0.810281
0.812826
0.814177
0.814347
0.813224
0.8106359999999999
0.806531
0.803846
0.803217
0.801941
0.799605
0.797818
0.799584
0.8034020000000001
0.806188
0.807883
0.808669
0.8086
0.807559
0.805334
0.804347
0.804958
0.804659
0.80323
0.800798
0.801475
0.805262
0.807823
0.809114
0.809457
0.809009
0.807769
0.805654
0.802567
0.800992
0.801399
0.801326
0.800343
0.798528
0.799886
0.8042590000000001
0.8072699999999999
0.808739
0.808968
0.8082090000000001
0.806605
0.804207
0.801026
0.799706
0.800732
0.80148
0.801419
0.800996
0.803766
0.80901
0.812709
0.81482
0.8157449999999999
0.815684
0.814554
0.812154
0.808345
0.805825
0.8052699999999999
0.8042520000000001
0.8024100000000001
0.8004819999999999
0.802111
0.806549
0.80984
0.811773
0.812454
0.811951
0.810279
0.807303
0.802846
0.799619
0.798281
0.796412
0.793771
0.791616
0.793089
0.796933
0.799775
0.8015680000000001
0.802473
0.802489
0.801447
0.79911
0.795378
0.793054
0.792729
0.791794
0.789853
0.788162
0.789982
0.794197
0.79748
0.799788
0.801305
0.802035
0.801797
0.800358
0.797569
0.796088
0.796408
0.795956
0.794423
0.793115
0.795195
0.7993899999999999
0.8023399999999999
0.804066
0.804901
0.804975
0.804187
0.802362
0.7993680000000001
0.797917
0.798471
0.798244
0.79672
0.795501
0.7977
0.801824
0.8046979999999999
0.806237
0.806669
0.806167
0.804746
0.8022520000000001
0.798529
0.796324
0.796217
0.79556
0.7939069999999999
0.79281
0.795112
0.799111
0.80169
0.8028689999999999
0.802855
0.801687
0.799319
0.795708
0.793441
0.793112
0.792358
0.790884
0.788855
0.790301
0.7950729999999999
0.798763
0.801082
0.802095
0.801818
0.800279
0.797525
0.793515
0.7907310000000001
0.789737
0.788269
0.786143
0.784047
0.785771
0.7906810000000001
0.794616
0.797349
0.799024
0.7996880000000001
0.7992319999999999
0.797463
0.7943180000000001
0.792564
0.792782
0.792376
0.7909229999999999
0.7894979999999999
0.7915770000000001
0.7962100000000001
0.7998029999999999
0.802254
0.803794
0.80453
0.804344
0.805207
0.8072699999999999
0.8082010000000001
0.807662
0.80584
0.804588
0.806285
0.809299
0.811244
0.812116
0.812079
0.811277
0.81153
0.8131229999999999
0.8142229999999999
0.8144779999999999
0.813968
0.812824
0.8128770000000001
0.8158479999999999
0.8196620000000001
0.8221440000000001
0.823247
0.823174
0.8221209999999999
0.821818
0.8227479999999999
0.823586
0.8242450000000001
0.824846
0.825382
0.825824
0.8292790000000001
0.8353700000000001
0.840247
0.8435790000000001
0.84552
0.84639
0.846551
0.8476379999999999
0.849825
0.851474
0.852268
0.8523299999999999
0.8518030000000001
0.8506319999999999
0.852103
0.856324
0.8597379999999999
0.862209
0.8639680000000001
0.865081
0.865402
0.866266
0.867825
0.868511
0.8681
0.866684
0.8643850000000001
0.861942
0.862291
0.8648290000000001
0.8666389999999999
0.867841
0.8687030000000001
0.869246
0.870766
0.873301
0.8751909999999999
0.8760870000000001
0.876099
0.8754430000000001
0.8741700000000001
0.8741969999999999
0.876734
0.879642
0.8816309999999999
0.8829879999999999
0.8839520000000001
0.88451
0.885908
0.8882969999999999
0.890289
0.8917139999999999
0.892668
0.8931319999999999
0.89289
0.892958
0.895598
0.8996629999999999
0.9028719999999999
0.905308
0.907122
0.908291
0.910175
0.913113
0.915833
0.9181450000000001
0.920041
0.921385
0.921903
0.9222790000000001
0.9250450000000001
0.929384
0.932823
0.935564
0.9377610000000001
0.939271
0.9398569999999999
0.940958
0.9428629999999999
0.944103
0.944525
0.9441639999999999
0.9429379999999999
0.9407700000000001
0.9405549999999999
0.943457
0.946651
0.9490209999999999
0.9505290000000001
0.951133
0.950673
0.950635
0.9513719999999999
0.951413
0.950576
0.948968
0.9467059999999999
0.94381
0.9427260000000001
0.944846
0.947699
0.949801
0.951
0.951147
0.950102
0.9494290000000001
0.9496459999999999
0.9494299999999999
0.9485620000000001
0.9470709999999999
0.944968
0.942203
0.940832
0.9428040000000001
0.9461360000000001
0.948874
0.9508979999999999
0.952152
0.9538620000000001
0.9562309999999999
0.957967
0.9589280000000001
0.9592620000000001
0.9590200000000001
0.9581370000000001
0.956548
0.957472
0.9614229999999999
0.9651049999999999
0.968032
0.970299
0.9718600000000001
0.973982
0.976943
0.97944
0.981157
0.9820209999999999
0.9819829999999999
0.981049
0.9792690000000001
0.980102
0.9839709999999999
0.9873799999999999
0.9898809999999999
0.991516
0.9923069999999999
0.992284
0.9931120000000001
0.9951209999999999
0.996711
0.9976149999999999
0.99782
0.9972530000000001
0.9957860000000001
0.9958370000000001
0.999009
1.002842
1.005647
1.0073290000000001
1.0078719999999999
1.007211
1.007025
1.00783
1.0081959999999999
1.0079120000000001
1.0070290000000002
1.005593
1.0035370000000001
1.002416
1.004197
1.00702
1.008622
1.009041
1.00837
1.006583
1.005319
1.005011
1.0042010000000001
1.002752
1.00088
0.9987010000000001
0.996142
0.994656
0.996401
0.99969
1.002051
1.003358
1.003622
1.0028549999999998
1.002792
1.0038690000000001
1.0045629999999999
1.0046549999999999
1.004194
1.003164
1.001485
1.000726
1.003097
1.0069700000000001
1.01003
1.012229
1.013573
1.013946
1.014899
1.01682
1.018266
1.0190350000000001
1.01909
1.018373
1.0167950000000001
1.0158280000000002
1.017711
1.020934
1.023226
1.024577
1.025021
1.024516
1.024784
1.0261870000000002
1.02704
1.027053
1.0263010000000001
1.0248979999999999
1.0227979999999999
1.0218200000000002
1.023802
1.026713
1.0285090000000001
1.029208
1.02899
1.02795
1.026066
1.025319
1.026149
1.026632
1.026386
1.025332
1.023417
1.020851
1.021425
1.024931
1.027401
1.028769
1.029189
1.028675
1.027234
1.0269190000000001
1.028127
1.028845
1.0286959999999998
1.027677
1.0257399999999999
1.0227549999999999
1.022435
1.025081
1.026899
1.027692
1.027584
1.026597
1.024674
1.023722
1.024158
1.0242069999999999
1.023662
1.0225440000000001
1.020791
1.018262
1.01865
1.02205
1.02439
1.025396
1.025309
1.024347
1.022572
1.021971
1.022945
1.0235459999999998
1.023425
1.022576
1.0210139999999999
1.018758
1.019656
1.023664
1.026689
1.028607
1.029507
1.029347
1.028083
1.027751
1.028753
1.029102
1.028492
1.0270190000000001
1.024722
1.021555
1.021569
1.024904
1.027359
1.0287819999999999
1.029304
1.028918
1.027492
1.0269190000000001
1.027509
1.027316
1.0261719999999999
1.0241959999999999
1.0213860000000001
1.018074
1.017863
1.0203790000000001
1.021895
1.02252
1.0225389999999999
1.021962
1.020638
1.020471
1.021716
1.022245
1.021694
1.0201850000000001
1.017881
1.015372
1.015991
1.01911
1.021172
1.02217
1.022299
1.021643
1.020149
1.01976
1.020812
1.021326
1.021046
1.019997
1.018074
1.0158530000000001
1.016586
1.019627
1.021607
1.022535
1.0225950000000001
1.021785
1.0199479999999999
1.019128
1.019833
1.020124
1.0197100000000001
1.018621
1.0168110000000001
1.015268
1.016823
1.020267
1.0225030000000002
1.023608
1.02383
1.023164
1.021428
1.020632
1.0211709999999998
1.0210110000000001
1.019927
1.018099
1.015596
1.013611
1.014942
1.018283
1.020602
1.0218209999999999
1.02197
1.021012
1.018921
1.017806
1.018047
1.017599
1.016226
1.014019
1.0110219999999999
1.00872
1.0098260000000001
1.012823
1.014851
1.01591
1.0160850000000001
1.015266
1.013244
1.01205
1.012157
1.011658
1.010358
1.00832
1.005542
1.003733
1.005203
1.008135
1.010143
1.0113299999999998
1.011758
1.011327
1.011873
1.013628
1.014578
1.0144360000000001
1.013376
1.011606
1.009148
1.0096450000000001
1.013224
1.01591
1.0174239999999999
1.0179850000000001
1.017749
1.016712
1.016714
1.01803
1.018765
1.018704
1.0179209999999999
1.016346
1.0139610000000001
1.014505
1.017889
1.020165
1.021318
1.0216
1.021083
1.019668
1.017258
1.016235
1.017152
1.017794
1.017801
1.017124
1.015552
1.015818
1.0191299999999999
1.0224030000000002
1.0243520000000002
1.025234
1.025124
1.023842
1.021202
1.019515
1.019306
1.018442
1.0167549999999999
1.014381
1.011311
1.010234
1.012626
1.015556
1.0172700000000001
1.017684
1.016673
1.014098
1.012081
1.011144
1.0093969999999999
1.0067110000000001
1.003261
0.99911
0.9951639999999999
0.9947
0.9968969999999999
0.998368
0.999007
0.998898
0.997984
0.996133
0.9953
0.9958969999999999
0.9960760000000001
0.9956299999999999
0.994539
0.9926860000000001
0.99115
0.9926790000000001
0.9960469999999999
0.998423
0.9999370000000001
1.000756
1.000897
1.000317
1.001061
1.0034610000000002
1.00537
1.006364
1.0064389999999999
1.0056129999999999
1.005295
1.007939
1.011944
1.0146030000000001
1.015954
1.016194
1.015451
1.013703
1.013087
1.014038
1.0144469999999999
1.013966
1.012577
1.010207
1.008879
1.010631
1.01335
1.0149290000000002
1.015412
1.014873
1.013228
1.010294
1.008313
1.00786
1.0068489999999999
1.005023
1.002493
0.999274
0.99774
0.999441
1.001699
1.002746
1.002789
1.0019559999999998
1.0001360000000001
0.997175
0.995253
0.994869
0.994036
0.992608
0.990663
0.9880559999999999
0.9867290000000001
0.988556
0.9912709999999999
0.992758
0.9930700000000001
0.992318
0.990553
0.9898469999999999
0.9906379999999999
0.991024
0.990748
0.9898440000000001
0.988241
0.986234
0.987417
0.991467
0.994626
0.996819
0.998195
0.998699
0.998157
0.9984350000000001
0.99982
1.000397
1.000084
0.9990829999999999
0.9974120000000001
0.9960129999999999
0.997776
1.001564
1.004274
1.0060440000000002
1.007095
1.0074100000000001
1.006858
1.007463
1.009515
1.010816
1.0109620000000001
1.0099049999999998
1.0076209999999999
1.005595
1.0064469999999999
1.008688
1.009695
1.009631
1.008697
1.006941
1.0043389999999999
1.002936
1.0030700000000001
1.002686
1.00148
0.999442
0.9964559999999999
0.993766
0.993992
0.9958030000000001
0.996491
0.99605
0.9945790000000001
0.99208
0.988492
0.985974
0.9851340000000001
0.9840899999999999
0.982569
0.98057
0.9780209999999999
0.9766739999999999
0.9785510000000001
0.9815889999999999
0.983468
0.9842930000000001
0.9842930000000001
0.9834709999999999
0.9836370000000001
0.985067
0.9858530000000001
0.9857049999999999
0.98475
0.983159
0.9809760000000001
0.982
0.986302
0.98985
0.992455
0.9941989999999999
0.995014
0.9947469999999999
0.9952620000000001
0.996973
0.998051
0.998251
0.997668
0.996292
0.994344
0.9953299999999999
0.998942
1.001493
1.003004
1.003724
1.003731
1.002923
1.003206
1.004831
1.005686
1.005468
1.004311
1.0022360000000001
1.000051
1.0007629999999998
1.003444
1.004928
1.005331
1.004944
1.003808
1.0017399999999999
1.000561
1.0005959999999998
0.9999239999999999
0.998286
0.995756
0.992409
0.988909
0.988618
0.990867
0.9920979999999999
0.99229
0.99159
0.989992
0.987447
0.985928
0.985816
0.985191
0.9838110000000001
0.9817290000000001
0.978877
0.976241
0.9766219999999999
0.9789709999999999
0.9804950000000001
0.9813120000000001
0.981535
0.981088
0.979772
0.97946
0.9805219999999999
0.981094
0.980991
0.98026
0.9788530000000001
0.978317
0.980964
0.985017
0.9878879999999999
0.989561
0.9901639999999999
0.9897600000000001
0.9902190000000001
0.991858
0.992878
0.993079
0.992533
0.9912620000000001
0.989251
0.99006
0.9939309999999999
0.997036
0.9989790000000001
0.9998889999999999
0.9997459999999999
0.9984219999999999
0.9957389999999999
0.99379
0.993157
0.991964
0.989986
0.9872920000000001
0.983822
0.9818959999999999
0.9833040000000001
0.9856729999999999
0.987268
0.988174
0.988403
0.987777
0.9880399999999999
0.9894059999999999
0.989899
0.98929
0.987769
0.9854219999999999
0.982309
0.982124
0.9848129999999999
0.986527
0.987258
0.9872620000000001
0.986567
0.984994
0.984191
0.9844729999999999
0.984136
0.982964
0.9809969999999999
0.978175
0.97439
0.973635
0.976032
0.977461
0.977859
0.977406
0.976102
0.973908
0.972932
0.973683
0.974258
0.9743709999999999
0.974023
0.9730840000000001
0.972784
0.975483
0.979598
0.9825139999999999
0.9843879999999999
0.985384
0.985434
0.98439
0.984152
0.985085
0.985342
0.9848120000000001
0.983655
0.981866
0.980549
0.982427
0.9861709999999999
0.9887379999999999
0.990038
0.99018
0.989203
0.988886
0.989503
0.9892860000000001
0.988067
0.98598
0.9831280000000001
0.9795799999999999
0.9786959999999999
0.9809559999999999
0.9828180000000001
0.983712
0.983809
0.98314
0.981591
0.9808540000000001
0.9812489999999999
0.9811200000000001
0.9803280000000001
0.978978
0.977085
0.9745090000000001
0.974656
0.9778389999999999
0.9804579999999999
0.982253
0.983395
0.9839040000000001
0.983668
0.98435
0.986201
0.9874299999999999
0.98777
0.987323
0.986181
0.984243
0.984857
0.988398
0.991241
0.992949
0.9936959999999999
0.9935729999999999
0.992509
0.992276
0.993233
0.993605
0.993117
0.9917590000000001
0.989459
0.9863
0.986139
0.98895
0.9907790000000001
0.9915510000000001
0.9914379999999999
0.9904290000000001
0.9884280000000001
0.987399
0.9877799999999999
0.9876860000000001
0.986835
0.985284
0.98301
0.9806030000000001
0.9811620000000001
0.983922
0.9855860000000001
0.986267
0.986165
0.9852489999999999
0.9834200000000001
0.9825510000000001
0.9830139999999999
0.983015
0.982419
0.981355
0.979775
0.978023
0.9793620000000001
0.9831989999999999
0.985909
0.987383
0.987728
0.986992
0.9869899999999999
0.988124
0.988758
0.9886860000000001
0.987973
0.986598
0.9845010000000001
0.9838610000000001
0.986295
0.989518
0.991828
0.993281
0.9939120000000001
0.993607
0.99395
0.995242
0.995907
0.995777
0.9948899999999999
0.993233
0.990732
0.989956
0.99219
0.994843
0.996714
0.997885
0.9983639999999999
0.9980540000000001
0.9986370000000001
1.0003600000000001
1.0013969999999999
1.0014319999999999
1.000549
0.998858
0.9963069999999999
0.995613
0.9978290000000001
1.000077
1.001275
1.001562
1.001087
0.9998549999999999
0.999576
1.0005700000000002
1.001107
1.0008860000000002
0.999866
0.9979520000000001
0.994983
0.993872
0.995742
0.997655
0.9985950000000001
0.998657
0.9978520000000001
0.996052
0.995042
0.995283
0.995115
0.9943190000000001
0.9929540000000001
0.991009
0.9883430000000001
0.988376
0.9914370000000001
0.993864
0.995339
0.996007
0.9957870000000001
0.994533
0.994049
0.9947280000000001
0.994859
0.9943069999999999
0.9932030000000001
0.991511
0.9890610000000001
0.9893549999999999
0.992769
0.995555
0.9972639999999999
0.9979809999999999
0.9977459999999999
0.996583
0.9963420000000001
0.9973780000000001
0.9979129999999999
0.9976709999999999
0.996634
0.994762
0.992044
0.9923569999999999
0.995958
0.998907
1.000973
1.0022229999999999
1.002543
1.0017340000000001
1.001587
1.002524
1.002864
1.002432
1.001284
0.999423
0.9968239999999999
0.99729
1.000818
1.0034290000000001
1.005081
1.005888
1.005801
1.004709
1.004438
1.005311
1.005451
1.004634
1.0030290000000002
1.000673
0.9974639999999999
0.997243
1.000066
1.0019049999999998
1.00273
1.002777
1.002092
1.000525
0.9998469999999999
1.000401
1.000345
0.999382
0.9975069999999999
0.9946860000000001
0.9911030000000001
0.9906280000000001
0.993192
0.99487
0.9955879999999999
0.995475
0.994476
0.9942469999999999
0.9951780000000001
0.995714
0.995663
0.995077
0.9939459999999999
0.992139
0.9914440000000001
0.9935200000000001
0.996237
0.997727
0.998181
0.9977940000000001
0.996582
0.996242
0.9970899999999999
0.9974540000000001
0.99713
0.996275
0.994957
0.993043
0.992917
0.99585
0.9991639999999999
1.001387
1.002546
1.002734
1.002001
1.002135
1.003396
1.003992
1.003723
1.002717
1.001053
0.9987360000000001
0.9989180000000001
1.002262
1.005391
1.007496
1.0086700000000002
1.008875
1.007925
1.007499
1.007982
1.007784
1.006772
1.0050350000000001
1.002597
0.9993489999999999
0.998332
1.000324
1.002174
1.003199
1.003554
1.0032370000000002
1.0020930000000001
1.0018129999999998
1.0026540000000002
1.002767
1.0018799999999999
1.000118
0.997619
0.9943629999999999
0.993814
0.9964270000000001
0.998577
0.999793
1.000193
0.999827
0.9986360000000001
0.9984040000000001
0.9994879999999999
1.000135
1.0000959999999999
0.99936
0.9978229999999999
0.9953569999999999
0.995534
0.998785
1.001364
1.0028219999999999
1.003319
1.002899
1.001519
1.001092
1.002084
1.002702
1.002614
1.001796
1.000184
0.997612
0.997782
1.000875
1.003026
1.0041790000000002
1.004543
1.004078
1.002659
1.002126
1.0028110000000001
1.002873
1.002149
1.000812
0.9989
0.996517
0.997332
1.001118
1.003868
1.0054040000000002
1.005806
1.005111
1.00337
1.0025549999999999
1.00308
1.003133
1.002458
1.001055
0.9988799999999999
0.996139
0.996526
0.999808
1.002114
1.003387
1.00376
1.003172
1.001466
1.0005549999999999
1.000936
1.000786
0.9997790000000001
0.997934
0.995276
0.9922040000000001
0.992274
0.9951780000000001
0.997286
0.998492
0.99884
0.9982620000000001
0.998432
0.9996
1.000002
0.99939
0.99792
0.9957860000000001
0.993023
0.991757
0.993525
0.9959819999999999
0.997373
0.997761
0.9973489999999999
0.99625
0.9962049999999999
0.9975069999999999
0.9984299999999999
0.9986709999999999
0.998192
0.9968940000000001
0.9945930000000001
0.9938319999999999
0.995983
0.99844
0.9999290000000001
1.0006030000000001
1.0005629999999999
0.9997309999999999
0.999859
1.001314
1.002349
1.002688
1.002369
1.0013889999999999
0.999609
1.000119
1.00347
1.0062950000000002
1.0080120000000001
1.008783
1.008559
1.007203
1.00651
1.006875
1.00662
1.0056530000000001
1.004145
1.0020719999999999
0.9992479999999999
0.998934
1.0016450000000001
1.003818
1.004818
1.004744
1.003666
1.0016040000000002
1.000422
1.000467
0.9999520000000001
0.99864
0.996566
0.9937379999999999
0.990174
0.9897889999999999
0.9927889999999999
0.9952059999999999
0.996871
0.997842
0.997974
0.997025
0.9967239999999999
0.9974729999999999
0.9976299999999999
0.9970549999999999
0.9958229999999999
0.993928
0.991241
0.991467
0.9947739999999999
0.9972799999999999
0.9988670000000001
0.9996940000000001
0.9997510000000001
0.9989450000000001
0.999092
1.0005110000000002
1.001319
1.001242
1.000375
0.998683
0.9960889999999999
0.99636
0.9995120000000001
1.001643
1.002767
1.0031450000000002
1.002826
1.001657
1.001433
1.002485
1.0029139999999999
1.002423
1.001016
0.9986649999999999
0.9957969999999999
0.996066
0.999138
1.0012969999999999
1.0024540000000002
1.0026979999999999
1.001941
1.0000719999999998
0.999099
0.999555
0.999649
0.9991260000000001
0.998001
0.996165
0.993859
0.994439
0.997423
0.9992110000000001
0.999909
0.999756
0.9987540000000001
0.998611
0.9996200000000001
1.000039
0.999618
0.998474
0.996683
0.9941959999999999
0.993072
0.99497
0.997656
0.9992850000000001
0.9998379999999999
0.9994059999999999
0.9980610000000001
0.997518
0.998024
0.997901
0.997009
0.9955139999999999
0.993503
0.990959
0.990461
0.993131
0.9961110000000001
0.998059
0.9990540000000001
0.9991399999999999
0.998233
0.998067
0.999035
0.999511
0.999303
0.998441
0.996901
0.994552
0.9944940000000001
0.9974069999999999
1.000073
1.001927
1.0031379999999999
1.003685
1.003376
1.003831
1.005241
1.005731
1.0050370000000002
1.003331
1.0008190000000001
0.997533
0.996884
0.9994120000000001
1.001541
1.002675
1.00291
1.002289
1.000744
1.000107
1.000759
1.000917
1.00034
0.999034
0.996901
0.993901
0.993892
0.9968819999999999
0.9988319999999999
0.999684
0.999662
0.9988239999999999
0.9971260000000001
0.996482
0.9973129999999999
0.9977719999999999
0.997532
0.9965959999999999
0.9949120000000001
0.992315
0.992568
0.995761
0.997941
0.999129
0.999526
0.999081
0.997664
0.9970690000000001
0.997654
0.9976729999999999
0.997001
0.995809
0.9941110000000001
0.9918309999999999
0.9927299999999999
0.99672
0.9996700000000001
1.001415
1.002056
1.001634
1.0001879999999999
0.9996799999999999
1.000508
1.0008290000000002
1.000364
0.9991040000000001
0.9970110000000001
0.99449
0.99513
0.998568
1.001125
1.0027540000000001
1.003555
1.0034129999999999
1.0021200000000001
1.001565
1.002227
1.00227
1.00139
0.9996309999999999
0.997031
0.9941200000000001
0.994339
0.997233
0.999266
1.000328
1.0004600000000001
0.999607
0.9994719999999999
1.000349
1.000505
0.999705
0.998094
0.995835
0.9929309999999999
0.99149
0.9930260000000001
0.995189
0.996245
0.996283
0.9955209999999999
0.994081
0.993698
0.9946659999999999
0.9952770000000001
0.9952340000000001
0.994506
0.993001
0.990548
0.989714
0.991872
0.994401
0.9960120000000001
0.9968309999999999
0.9969309999999999
0.996217
0.9964209999999999
0.997914
0.998984
0.9993700000000001
0.9991180000000001
0.998223
0.9965430000000001
0.9971459999999999
1.0005950000000001
1.003541
1.005393
1.006313
1.006255
1.005084
1.004599
1.005193
1.005162
1.004392
1.00304
1.001082
0.998337
0.998187
1.0010620000000001
1.003295
1.004348
1.004319
1.00326
1.001187
0.9999889999999999
1.000027
0.999502
0.9981969999999999
0.9961610000000001
0.9934149999999999
0.9900530000000001
0.989976
0.993195
0.99571
0.9974069999999999
0.998346
0.998383
0.997297
0.99684
0.9974379999999999
0.9974569999999999
0.996764
0.995432
0.993447
0.9906739999999999
0.990843
0.994093
0.9965200000000001
0.9980479999999999
0.9988379999999999
0.9988790000000001
0.998066
0.9981909999999999
0.9995620000000001
1.000291
1.0001010000000001
0.9990899999999999
0.997238
0.9944649999999999
0.994566
1.026691
1.097752
1.1755010000000001
1.247765
1.316133
1.380288
1.4397950000000002
1.494373
1.543942
1.588752
1.629132
1.665136
1.696577
1.72325
1.7504970000000002
1.779593
1.79385
1.777109
1.737464
1.695425
1.665259
1.6459110000000001
1.630483
1.61868
1.610465
1.605384
1.602806
1.602274
1.603658
1.6070659999999999
1.616563
1.632744
1.6563310000000002
1.697283
1.7583380000000002
1.827806
1.892251
1.9462400000000002
1.989913
2.02717
2.0585150000000003
2.081651
2.097648
2.107732
2.112737
2.113084
2.108987
2.100736
2.08685
2.061758
2.023966
1.978177
1.932425
1.8954360000000001
1.870265
1.856127
1.851329
1.8550810000000002
1.870888
1.8960279999999998
1.9234310000000001
1.9519240000000002
1.980981
2.010025
2.039166
2.075401
2.12325
2.1783349999999997
2.233691
2.280593
2.313543
2.331665
2.3365869999999997
2.330468
2.3192060000000003
2.305574
2.287019
2.263684
2.2368240000000004
2.207687
2.177187
2.144926
2.10886
2.067552
2.023441
1.9869720000000002
1.9649580000000002
1.9558630000000001
1.9581959999999998
1.9695099999999999
1.9871330000000003
2.0086779999999997
2.034894
2.066632
2.0991009999999997
2.127832
2.151887
2.171294
2.187353
2.201878
2.2148779999999997
2.2231490000000003
2.226465
2.221979
2.2045630000000003
2.175656
2.138466
2.096043
2.051005
2.005719
1.9645650000000001
1.93163
1.9050259999999999
1.881806
1.861182
1.841695
1.822266
1.8073689999999998
1.8004580000000001
1.8012560000000002
1.810929
1.8286959999999999
1.851961
1.877519
1.902339
1.923776
1.941768
1.956318
1.9641939999999998
1.963381
1.9546080000000001
1.939586
1.920235
1.897461
1.870364
1.84117
1.8085639999999998
1.7679189999999998
1.7206240000000002
1.670039
1.619597
1.573965
1.539332
1.515131
1.497593
1.48644
1.4807700000000001
1.47888
1.483308
1.4928629999999998
1.502307
1.512235
1.524849
1.5414290000000002
1.561426
1.5858
1.61065
1.628758
1.637679
1.636231
1.624076
1.601742
1.570629
1.532805
1.490713
1.446676
1.406242
1.369828
1.331724
1.289843
1.244222
1.201409
1.165664
1.135053
1.110471
1.093439
1.084272
1.082162
1.09099
1.108926
1.12726
1.14259
1.158306
1.174713
1.1877309999999999
1.198305
1.207498
1.214816
1.218346
1.2154969999999998
1.2039
1.182232
1.150535
1.110031
1.066817
1.024091
0.980416
0.937409
0.9010540000000001
0.873229
0.848567
0.824192
0.799439
0.7748
0.751831
0.732572
0.718739
0.716434
0.72568
0.740663
0.762927
0.788619
0.810722
0.827348
0.837485
0.840883
0.838058
0.829957
0.817488
0.801046
0.780291
0.754321
0.727174
0.699033
0.66752
0.637624
0.608477
0.576978
0.544856
0.5139520000000001
0.48584399999999994
0.46169499999999997
0.441935
0.42614300000000005
0.41892700000000005
0.421904
0.43267700000000003
0.447392
0.46124499999999996
0.47462600000000005
0.48780500000000004
0.500417
0.5117470000000001
0.520686
0.525706
0.525203
0.5178649999999999
0.502893
0.48579799999999995
0.46876
0.452891
0.437633
0.418375
0.396446
0.372585
0.34665799999999997
0.31845300000000004
0.288195
0.256538
0.224467
0.193287
0.171153
0.16683499999999998
0.17369
0.18328699999999998
0.195223
0.20911999999999997
0.223777
0.237562
0.24898699999999999
0.257198
0.26209
0.263984
0.26923
0.28427199999999997
0.302898
0.316287
0.3218
0.319166
0.308719
0.291108
0.267204
0.238195
0.20559000000000002
0.171106
0.136392
0.10261600000000001
0.07961
0.072841
0.071406
0.068357
0.06456
0.061589
0.060576
0.06218200000000001
0.066548
0.07329400000000001
0.081676
0.090677
0.108367
0.138994
0.17063
0.194909
0.21128899999999998
0.22078499999999998
0.22478800000000002
0.22417800000000002
0.218975
0.208664
0.192694
0.170844
0.14343499999999998
0.111302
0.084729
0.070758
0.060471000000000004
0.048373
0.036427999999999995
0.026532999999999998
0.019412000000000002
0.014794
0.011791
0.009498999999999999
0.007595
0.0063560000000000005
0.018137999999999998
0.046224
0.076688
0.104246
0.128656
0.14990499999999998
0.167913
0.182024
0.19095299999999998
0.19339
0.188622
0.176813
0.158957
0.136451
0.11926500000000001
0.114508
0.112634
0.106377
0.096713
0.084989
0.072085
0.058633000000000005
0.045099
0.032019
0.020249
0.010801
0.016558
0.040866
0.06921000000000001
0.095596
0.11928599999999999
0.140218
0.15878
0.1751
0.188719
0.198964
0.205296
0.207406
0.205236
0.1988
0.19523
0.20191199999999998
0.210236
0.211396
0.206531
0.197594
0.186087
0.17302
0.158866
0.143837
0.128321
0.112945
0.098319
0.084827
0.082264
0.095999
0.11527799999999999
0.13388
0.15276099999999998
0.172526
0.192321
0.21066999999999997
0.226258
0.23820500000000003
0.24615599999999999
0.250179
0.250394
0.246687
0.245146
0.253303
0.264604
0.270725
0.271927
0.269012
0.26176
0.24996
0.234312
0.216295
0.197478
0.179035
0.161583
0.153125
0.160472
0.174664
0.18753699999999998
0.199607
0.212046
0.225056
0.23792199999999997
0.249908
0.260854
0.270905
0.27987399999999996
0.28694200000000003
0.290904
0.297112
0.311625
0.32865700000000003
0.341013
0.34815999999999997
0.35126399999999997
0.35057
0.34584699999999996
0.33718000000000004
0.32527
0.31104899999999996
0.295074
0.27739
0.257931
0.24330300000000002
0.24225100000000002
0.249377
0.256788
0.26485
0.274227
0.284323
0.294194
0.303408
0.312035
0.320127
0.327276
0.33264299999999997
0.335373
0.341376
0.35631199999999996
0.375682
0.392828
0.405113
0.412576
0.41484399999999994
0.41177299999999994
0.4041
0.393108
0.379825
0.36462
0.347426
0.328231
0.30735999999999997
0.29165599999999997
0.288777
0.294077
0.300225
0.30595700000000003
0.311725
0.317731
0.324308
0.33184
0.34015500000000004
0.348281
0.35489
0.35894699999999996
0.359983
0.364187
0.376668
0.393459
0.408561
0.41901700000000003
0.42523199999999994
0.42728999999999995
0.425195
0.41918
0.409432
0.395912
0.378663
0.358205
0.33553299999999997
0.317866
0.31232600000000005
0.314795
0.318458
0.321616
0.32504
0.328811
0.332592
0.336213
0.339629
0.342632
0.344886
0.34615100000000004
0.34626999999999997
0.35126999999999997
0.366101
0.385845
0.403731
0.417059
0.42632299999999995
0.431472
0.43212700000000004
0.42827200000000004
0.42030500000000004
0.408655
0.393585
0.375352
0.35434499999999997
0.331014
0.312056
0.304735
0.305176
0.307
0.308882
0.311131
0.313381
0.315301
0.316973
0.318519
0.319705
0.320017
0.318985
0.32268
0.33703299999999997
0.357032
0.375442
0.390006
0.40113899999999997
0.408611
0.411682
0.40995299999999996
0.403638
0.39316799999999996
0.37883
0.360848
0.339638
0.315866
0.296581
0.289564
0.290346
0.291725
0.292406
0.292688
0.29234899999999997
0.291294
0.28993800000000003
0.28878899999999996
0.28786999999999996
0.286721
0.284806
0.288252
0.303843
0.325444
0.344545
0.359491
0.370786
0.37845700000000004
0.382094
0.381495
0.376857
0.368456
0.35633899999999996
0.340424
0.320846
0.304419
0.298702
0.299281
0.299103
0.297121
0.294408
0.291311
0.28767
0.283452
0.278945
0.274457
0.269997
0.265313
0.260171
0.261021
0.275527
0.296896
0.316
0.331942
0.344957
0.354549
0.360025
0.361144
0.358162
0.351455
0.34120700000000004
0.327438
0.310248
0.296269
0.29284699999999997
0.295085
0.295638
0.293545
0.289792
0.284638
0.278096
0.270571
0.262789
0.25531
0.248234
0.241321
0.23427699999999999
0.23337399999999997
0.246642
0.2669
0.284682
0.29975
0.312446
0.32229
0.32861599999999996
0.331259
0.330462
0.326389
0.31888299999999997
0.307672
0.29268099999999997
0.280486
0.278708
0.28208099999999997
0.282982
0.280885
0.276827
0.27103499999999997
0.263494
0.25460900000000003
0.24509699999999998
0.235465
0.225773
0.21586100000000003
0.212273
0.22331700000000002
0.24173899999999998
0.258054
0.27215
0.28468899999999997
0.295668
0.304424
0.310249
0.31287
0.312369
0.308804
0.30202399999999996
0.291812
0.278109
0.267463
0.267758
0.27343
0.276506
0.276382
0.273609
0.268289
0.260598
0.251198
0.240984
0.23051300000000002
0.219786
0.20853200000000002
0.20340999999999998
0.212517
0.22835300000000003
0.241694
0.252688
0.262203
0.27037
0.276775
0.281089
0.283249
0.28321399999999997
0.280715
0.275276
0.266455
0.26047800000000004
0.26511399999999996
0.27454
0.28063899999999997
0.283161
0.283038
0.280468
0.27534400000000003
0.267825
0.258446
0.24776700000000002
0.23604699999999998
0.22327600000000003
0.20942
0.201499
0.20782899999999999
0.221034
0.23223200000000002
0.24181599999999998
0.250404
0.25769699999999995
0.26315700000000003
0.26661599999999996
0.26820900000000003
0.267993
0.265702
0.260856
0.25305900000000003
0.242173
0.22825700000000002
0.211517
0.192486
0.171924
0.150252
0.12734700000000002
0.10304
0.077589
0.051599
0.025601
0.001088
-0.015999
-0.022535
-0.021708
-0.016702
-0.010216
-0.004213000000000001
0.000165
0.002445
0.0026219999999999998
0.001163
-0.001031
-0.003047
-0.00449
-0.005541
-0.006562
-0.007659999999999999
-0.008537999999999999
-0.008679000000000001
-0.007778
-0.0060090000000000005
-0.003856
-0.0017850000000000001
-7.7e-05
0.001214
0.002903
0.004898
0.005992
0.0060810000000000005
0.005646
0.005156
0.005013
0.005431
0.006241
0.006953
0.007059
0.0063560000000000005
0.005024
0.003421
0.00249
0.002032
0.000886
-0.000683
-0.002146
-0.0033710000000000003
-0.004224
-0.004711
-0.0050409999999999995
-0.005478
-0.006108
-0.006742000000000001
-0.007026999999999999
-0.006698000000000001
-0.005756
-0.004431
-0.003003
-0.001656
-0.000465
0.000572
0.0015019999999999999
0.00235
0.003074
0.0036270000000000004
0.004067
0.004543
0.005169
0.005878
0.006429000000000001
0.006548999999999999
0.006111999999999999
0.0052060000000000006
0.004044
0.0028280000000000002
0.0016719999999999999
0.000612
-0.000365
-0.0012779999999999998
-0.002107
-0.002807
-0.00337
-0.0038740000000000003
-0.003046
-0.001478
-0.0016010000000000002
-0.003062
-0.004425
-0.00505
-0.004952000000000001
-0.004323
-0.0033840000000000003
-0.002304
-0.001186
-8.6e-05
0.00095
0.0018679999999999999
0.002629
0.003257
0.003855
0.004539
0.005273
0.005834000000000001
0.005987
0.005661
0.00496
0.004065
0.003137
0.002259
0.00144
0.000653
-0.000127
-0.0008939999999999999
-0.0016170000000000002
-0.0022789999999999998
-0.002912
-0.0035859999999999998
-0.004324000000000001
-0.0050149999999999995
-0.005462
-0.005520000000000001
-0.005184
-0.004564
-0.003807
-0.0030210000000000002
-0.002254
-0.001503
-0.00075
1.2e-05
0.0007639999999999999
0.0014810000000000001
0.002159
0.002834
0.0035399999999999997
0.004239
0.004809000000000001
0.005106
0.005067
0.004729
0.0047009999999999994
0.004816
0.004169
0.003034
0.0019089999999999999
0.00086
-7.8e-05
-0.000893
-0.0015949999999999998
-0.002229
-0.00285
-0.0034799999999999996
-0.004070000000000001
-0.0045119999999999995
-0.004711
-0.00464
-0.004334
-0.0038590000000000005
-0.003288
-0.002694
-0.002104
-0.0015
-0.000863
-0.00019099999999999998
0.0005009999999999999
0.0012
0.0019100000000000002
0.0026260000000000003
0.003312
0.00389
0.004275
0.004417
0.004326
0.004044
0.003629
0.003137
0.0026079999999999996
0.002054
0.001465
0.00084
0.00018899999999999999
-0.000475
-0.0011480000000000001
-0.00183
-0.002508
-0.003136
-0.003646
-0.003975
-0.004092
-0.004012
-0.003771
-0.003418
-0.002996
-0.002529
-0.002019
-0.0014609999999999998
-0.000857
-0.00022
0.00043799999999999997
0.001109
0.0017829999999999999
0.002432
0.003005
0.0034439999999999996
0.0037090000000000005
0.0037939999999999996
0.0037189999999999996
0.003518
0.0032229999999999997
0.0030329999999999997
0.002747
0.002175
0.001537
0.000872
0.000206
-0.00045099999999999996
-0.0010960000000000002
-0.001726
-0.002318
-0.002832
-0.003222
-0.003457
-0.003535
-0.003475
-0.0033049999999999998
-0.0030489999999999996
-0.0027199999999999998
-0.002325
-0.001872
-0.001367
-0.000816
-0.00022999999999999998
0.000379
0.001001
0.001615
0.002182
0.002659
0.00301
0.00322
0.003296
0.003257
0.0031190000000000002
0.002896
0.002592
0.0022170000000000002
0.0017809999999999998
0.001295
0.000771
0.000217
-0.00035800000000000003
-0.000941
-0.001208
-0.001444
-0.001994
-0.002512
-0.0028829999999999997
-0.0030859999999999998
-0.0031320000000000002
-0.003042
-0.0028399999999999996
-0.002546
-0.002177
-0.001748
-0.001268
-0.0007480000000000001
-0.000198
0.00037
0.0009390000000000001
0.0014869999999999998
0.001975
0.002363
0.002634
0.002797
0.0028640000000000002
0.002846
0.002748
0.002571
0.00232
0.002002
0.001625
0.001196
0.000723
0.00021400000000000002
-0.00031600000000000004
-0.000851
-0.001364
-0.0018210000000000001
-0.0021899999999999997
-0.002457
-0.002625
-0.0027010000000000003
-0.002695
-0.0026100000000000003
-0.0024519999999999998
-0.002223
-0.001928
-0.0015689999999999999
-0.001153
-0.0006900000000000001
-0.000193
0.000323
0.000834
0.00131
0.00172
0.0020469999999999998
0.002287
0.0024460000000000003
0.002529
0.002538
0.002468
0.002322
0.002101
0.0018149999999999998
0.0014730000000000001
0.001082
0.000653
0.000196
-0.000279
-0.000753
-0.0012
-0.001592
-0.0019100000000000002
-0.002146
-0.002303
-0.002386
-0.0023989999999999997
-0.002343
-0.002215
-0.002016
-0.0017469999999999999
-0.001417
-0.001035
-0.000614
-0.000167
0.00029
0.000734
0.001142
0.001492
0.001778
0.001998
0.002153
0.0022429999999999998
0.002264
0.002212
0.0020870000000000003
0.0018920000000000002
0.0016359999999999999
0.001328
0.000976
0.000589
0.000178
-0.00024300000000000002
-0.000656
-0.001041
-0.001381
-0.001663
-0.001882
-0.002036
-0.002123
-0.0021449999999999998
-0.0021
-0.001989
-0.001811
-0.0015689999999999999
-0.001271
-0.000925
-0.000543
-0.000143
0.000256
0.000633
0.000978
0.001284
0.001545
0.001757
0.001912
0.002001
0.002022
0.001974
0.0018620000000000002
0.001691
0.001468
0.0011949999999999999
0.00088
0.000533
0.000167
-0.00020299999999999997
-0.000563
-0.0008990000000000001
-0.001201
-0.001457
-0.001661
-0.0018059999999999999
-0.001891
-0.0019149999999999998
-0.0018780000000000001
-0.001779
-0.001621
-0.0014039999999999999
-0.001137
-0.0008269999999999999
-0.000489
-0.00013700000000000002
0.00021
0.000541
0.0008449999999999999
0.001119
0.001356
0.00155
0.001693
0.001778
0.0018
0.001761
0.001663
0.001513
0.001315
0.001073
0.000793
0.00048600000000000005
0.000233
-4e-05
-0.000393
-0.00073
-0.001032
-0.001286
-0.001483
-0.00162
-0.0016989999999999998
-0.00172
-0.001684
-0.001594
-0.001449
-0.0012519999999999999
-0.00101
-0.000733
-0.000433
-0.000127
0.000174
0.00045999999999999996
0.000727
0.000973
0.00119
0.001368
0.001497
0.001572
0.001592
0.0015609999999999999
0.0014810000000000001
0.001355
0.001183
0.000968
0.000718
0.00044500000000000003
0.000157
-0.000133
-0.00041500000000000006
-0.000681
-0.000921
-0.0011279999999999999
-0.001294
-0.001415
-0.00149
-0.001516
-0.001493
-0.001419
-0.0012929999999999999
-0.00112
-0.000906
-0.000662
-0.000398
-0.000129
0.000135
0.00039
0.00063
0.000852
0.001048
0.001209
0.001326
0.001396
0.001417
0.001392
0.001323
0.0012109999999999998
0.0010609999999999999
0.000874
0.000657
0.000413
0.000153
-0.00011
-0.000364
-0.000598
-0.000808
-0.000989
-0.001139
-0.001254
-0.0013289999999999999
-0.0013570000000000001
-0.001335
-0.0012640000000000001
-0.001149
-0.000995
-0.0008089999999999999
-0.000596
-0.000366
-0.00013000000000000002
0.00010400000000000001
0.000331
0.000547
0.000746
0.0009220000000000001
0.001067
0.001174
0.001239
0.001261
0.00124
0.00118
0.001083
0.00095
0.000785
0.000593
0.00037799999999999997
0.000149
-8.4e-05
-0.00031
-0.000521
0.000391
0.001994
0.002292
0.001353
0.000154
-0.000782
-0.001367
-0.001614
-0.001592
-0.001387
-0.001085
-0.0007509999999999999
-0.00042800000000000005
0.0010140000000000001
0.0031609999999999997
0.003973
0.003368
0.002346
0.0015630000000000002
0.001042
0.000717
0.000537
0.000472
0.000492
0.000557
0.0006259999999999999
0.000664
0.0006519999999999999
0.000579
0.000462
0.00034700000000000003
0.000241
7.7e-05
-0.000213
-0.0006129999999999999
-0.001016
-0.0012980000000000001
-0.001402
-0.001349
-0.001204
-0.0010279999999999998
-0.00086
-0.000717
-0.000597
-0.000489
-0.000388
-0.000306
-0.000245
-0.000166
-1e-06
0.00028
0.00063
0.0024100000000000002
0.005093
0.006106
0.005249
0.0035520000000000005
0.001941
0.000782
9.6e-05
-0.00021
-0.000266
-0.000188
-5.6999999999999996e-05
5.9e-05
9.2e-05
0.0016649999999999998
0.004267
0.005059
0.003914
0.002053
0.00040199999999999996
-0.000796
-0.001558
-0.001929
-0.001975
-0.0017800000000000001
-0.001436
-0.001035
-0.00014
0.000883
0.001106
0.0009050000000000001
0.000824
0.000904
0.0009880000000000002
0.0009029999999999999
0.000654
0.000394
0.000268
0.000312
0.000472
0.0006580000000000001
0.000796
0.0008460000000000001
0.000813
0.00073
0.000612
0.000421
0.000106
-0.000322
-0.0007440000000000001
-0.000991
-0.000987
-0.000811
0.00101
0.003861
0.004882
0.0038640000000000002
0.002007
0.000336
-0.000799
-0.001397
-0.00156
-0.001398
-0.000998
-0.00043799999999999997
0.00016
0.002369
0.005582
0.006816
0.005887
0.003988
0.002222
0.0010140000000000001
0.00026000000000000003
-0.000171
-0.000364
-0.000375
-0.000259
-8.7e-05
0.002132
0.005756
0.007195999999999999
0.006135
0.0038380000000000003
0.001607
4.7e-05
-0.000991
-0.0016899999999999999
-0.002107
-0.00221
-0.001996
-0.001557
-0.001038
-0.000575
-0.000242
-6e-06
0.000254
0.000588
0.000867
0.0008960000000000001
0.000601
0.000124
-0.000256
-0.000323
-5.4000000000000005e-05
0.002691
0.007131
0.009231999999999999
0.008499
0.006068
0.003229
0.000944
-0.0005780000000000001
-0.001471
-0.0018739999999999998
-0.001852
-0.001456
-0.0008269999999999999
0.002333
0.007174
0.009303
0.008273
0.00551
0.002516
0.00024900000000000004
-0.001184
-0.001963
-0.0022489999999999997
-0.002143
-0.0017109999999999998
-0.001057
0.002156
0.007118000000000001
0.009456
0.008706
0.006278
0.0035909999999999996
0.0015400000000000001
0.00018999999999999998
-0.000708
-0.001268
-0.001465
-0.001277
-0.00079
0.002187
0.006866
0.009081
0.008354
0.005985
0.003339
0.001268
-0.00020299999999999997
-0.001302
-0.002107
-0.0025109999999999998
-0.0023989999999999997
-0.0018219999999999998
0.002191
0.008625
0.011909999999999999
0.011325
0.008483
0.004856
0.0016899999999999999
-0.000496
-0.0019030000000000002
-0.002679
-0.002834
-0.00236
-0.001391
0.0031940000000000002
0.010306000000000001
0.013987999999999999
0.013449000000000001
0.010445
0.006508
0.002909
0.000288
-0.001474
-0.002527
-0.002895
-0.002584
-0.001741
-0.000698
0.003853
0.010873
0.014240000000000001
0.013391
0.010201
0.006043
0.002078
-0.0009689999999999999
-0.003012
-0.003993
-0.003924
-0.003023
-0.001714
0.003389
0.011144
0.015040000000000001
0.014368
0.011179000000000001
0.007129000000000001
0.003339
0.000386
-0.001564
-0.002112
-0.001209
0.000278
0.001444
0.0065980000000000006
0.014837000000000001
0.018601
0.016944999999999998
0.012118
0.006097
0.000644
-0.003222
-0.005569
-0.0065980000000000006
-0.006334
-0.004879
-0.0026089999999999998
0.004456
0.015103
0.021612
0.022556
0.019725
0.014736
0.008731000000000001
0.002944
-0.001674
-0.004896
-0.0066489999999999995
-0.006945999999999999
-0.006038
0.000696
0.011585999999999999
0.017652
0.017584
0.014022
0.009512999999999999
0.005571
0.002868
0.001381
0.0006900000000000001
0.000547
0.000753
0.001005
0.007104000000000001
0.017636000000000002
0.022494999999999998
0.020424
0.014391
0.007037999999999999
0.0005650000000000001
-0.0034909999999999997
-0.004958
-0.004667
-0.003479
-0.00179
0.00028
0.008551000000000001
0.021419999999999998
0.028419
0.027768
0.022074
0.013915
0.005340999999999999
-0.001674
-0.0061600000000000005
-0.008409999999999999
-0.008693000000000001
-0.007195
-0.004262
0.005594
0.020219
0.028616000000000003
0.028944
0.023884
0.016163
0.008011
0.0012259999999999999
-0.003331
-0.005831
-0.006568000000000001
-0.00586
-0.004212
0.00511
0.020229
0.028908
0.029392
0.024715
0.017497
0.009776
0.0031
-0.0016809999999999998
-0.004572
-0.005881
-0.005893
-0.0049299999999999995
0.004225
0.019784
0.028899
0.02932
0.024147
0.016575
0.009087999999999999
0.003055
-0.001165
-0.003722
-0.004684000000000001
-0.004188
-0.002744
0.0068920000000000006
0.022699
0.031289
0.030569
0.0241
0.015062
0.005879
-0.001328
-0.005606
-0.007145
-0.006292
-0.0037840000000000005
-0.000662
0.002208
0.012561
0.028502999999999997
0.036312
0.034361
0.026729000000000003
0.016568
0.006205
-0.002179
-0.0074069999999999995
-0.00955
-0.009161
-0.00702
-0.0038619999999999995
0.008013
0.026387
0.036986
0.037601
0.032274000000000004
0.024252000000000003
0.014858000000000001
0.005239
-0.002688
-0.007802
-0.010031
-0.009623999999999999
-0.007337000000000001
0.004351
0.022938999999999998
0.033971
0.035352
0.031020999999999996
0.024035
0.015685
0.007051999999999999
-0.000127
-0.0048270000000000006
-0.0070810000000000005
-0.007178
-0.005736
0.005451
0.024031
0.03472
0.035529000000000005
0.031020999999999996
0.024112
0.015762
0.007165
0.000301
-0.003885
-0.00558
-0.005162
-0.003435
0.007974
0.026706
0.037469
0.039448000000000004
0.037342
0.032859
0.026305000000000002
0.017662
0.0072109999999999995
-0.002136
-0.007462999999999999
-0.008638
-0.006690000000000001
0.006082
0.026736000000000003
0.040042
0.045236
0.046553
0.045295999999999996
0.041559
0.035255
0.026213999999999998
0.014438999999999999
0.002073
-0.006821
-0.010593
-0.0008820000000000001
0.019265
0.03333
0.039526
0.042201
0.042939
0.041894
0.038787
0.033122000000000006
0.024582
0.013269999999999999
0.001518
-0.006803
-0.000795
0.016503
0.02855
0.033576
0.035480000000000005
0.036004
0.035426
0.033381
0.029424000000000002
0.023316
0.015030000000000002
0.005461
-0.002379
-0.006608
0.001645
0.019508
0.031324
0.03606
0.037444
0.036663
0.033652999999999995
0.028333999999999998
0.021091
0.012414
0.003971
-0.001602
-0.003708
0.006279
0.025391999999999998
0.039219
0.047304
0.05195399999999999
0.053821
0.053101
0.049663
0.043211
0.033792
0.022168
0.009464
-0.000802
0.004065999999999999
0.021391
0.035793
0.045844
0.053499
0.059137999999999996
0.062516
0.063025
0.059990999999999996
0.05322
0.043137
0.030414999999999998
0.015671
0.011974
0.023072
0.035111
0.043767
0.050062999999999996
0.054885
0.058512
0.060448
0.059876
0.05639400000000001
0.05017
0.041532
0.030675
0.028627
0.03974
0.051836
0.059359
0.062993
0.064139
0.063958
0.06275800000000001
0.060091
0.055577999999999995
0.049280000000000004
0.041500999999999996
0.032553
0.022528
0.022706
0.036433
0.050404000000000004
0.059532
0.06465900000000001
0.066702
0.065961
0.062464
0.05645599999999999
0.048318
0.038475999999999996
0.027555
0.0162
0.016812
0.03259
0.049444
0.06250800000000001
0.072517
0.080098
0.085324
0.08766900000000001
0.08620499999999999
0.080318
0.07028999999999999
0.057241999999999994
0.042502
0.037566
0.047245
0.059815999999999994
0.069589
0.07701000000000001
0.082929
0.087786
0.09137
0.092847
0.091363
0.08659299999999999
0.078682
0.06790399999999999
0.054404999999999995
0.048695
0.05585
0.064826
0.070202
0.07297999999999999
0.07446699999999999
0.075102
0.074491
0.072145
0.068006
0.062329999999999997
0.055390999999999996
0.047289
0.048195999999999996
0.062252999999999996
0.077395
0.087451
0.093053
0.095718
0.09642200000000001
0.095229
0.09174299999999999
0.085833
0.07792
0.06874
0.058953
0.058963
0.073492
0.090973
0.104977
0.11561099999999999
0.123471
0.128724
0.131019
0.12981900000000002
0.12502
0.117069
0.10671800000000001
0.09486900000000001
0.08224400000000001
0.078912
0.090145
0.104928
0.11673599999999999
0.126111
0.133883
0.14002699999999998
0.143789
0.14435499999999998
0.14138699999999998
0.135029
0.125827
0.11457300000000001
0.110671
0.12021099999999998
0.133332
0.143027
0.149947
0.155283
0.159661
0.162974
0.16451400000000002
0.16355699999999998
0.159902
0.153815
0.145598
0.135267
0.131126
0.139856
0.15261
0.162109
0.16883399999999998
0.17377
0.17719100000000002
0.178677
0.177771
0.174556
0.169553
0.16331400000000001
0.156114
0.155667
0.168402
0.185091
0.197413
0.205771
0.211616
0.21590900000000002
0.218745
0.219703
0.218455
0.21506399999999998
0.20988600000000002
0.2033
0.195427
0.19305999999999998
0.20364300000000002
0.21940500000000002
0.23173000000000002
0.240938
0.247714
0.25190300000000004
0.252931
0.250643
0.24556799999999998
0.238496
0.230179
0.22114899999999998
0.21149
0.207581
0.21718200000000001
0.23289
0.245711
0.255828
0.263817
0.269461
0.27207
0.271171
0.267074
0.260754
0.25308200000000003
0.244223
0.233839
0.228017
0.235238
0.249403
0.261859
0.272694
0.282368
0.290483
0.296176
0.298791
0.298235
0.294717
0.28832800000000003
0.278902
0.266332
0.257279
0.26034
0.27063899999999996
0.280348
0.28873000000000004
0.295964
0.301706
0.305478
0.307103
0.306788
0.304788
0.301029
0.295053
0.28624
0.280436
0.28479899999999997
0.294315
0.301759
0.306467
0.309254
0.310438
0.310145
0.30861500000000003
0.306176
0.30293200000000003
0.29859600000000003
0.29265599999999997
0.284668
0.28071399999999996
0.28797399999999995
0.301181
0.31239
0.319952
0.324087
0.325019
0.322975
0.31831
0.311614
0.303528
0.294446
0.284502
0.273752
0.268558
0.276406
0.291564
0.30550700000000003
0.316621
0.324848
0.32987
0.331259
0.328946
0.32343
0.315374
0.305181
0.293072
0.27931300000000003
0.270574
0.274783
0.286692
0.29822
0.308174
0.316787
0.323813
0.328625
0.33058699999999996
0.329276
0.324449
0.316089
0.30454000000000003
0.290365
0.280416
0.28253
0.29175999999999996
0.300334
0.307004
0.31222300000000003
0.31604
0.318176
0.318379
0.316604
0.312863
0.307019
0.298773
0.29399899999999995
0.299307
0.309913
0.318736
0.324449
0.327842
0.329467
0.329542
0.328013
0.324735
0.319696
0.31302199999999997
0.304848
0.29521
0.290273
0.29677800000000004
0.309319
0.320006
0.32723800000000003
0.331654
0.33355999999999997
0.332787
0.32920900000000003
0.323117
0.315071
0.305595
0.295065
0.283677
0.27766399999999997
0.284012
0.297074
0.308728
0.317515
0.323687
0.32705100000000004
0.327229
0.32424200000000003
0.31857800000000003
0.310812
0.30133499999999996
0.290329
0.277806
0.26997899999999997
0.27431500000000003
0.28553
0.295746
0.303919
0.31042600000000004
0.31504699999999997
0.317105
0.315994
0.31153400000000003
0.304018
0.294029
0.28209
0.268485
0.259716
0.26379
0.275095
0.28526399999999996
0.293398
0.299795
0.30425399999999997
0.306314
0.305704
0.302518
0.29699200000000003
0.289194
0.278968
0.266187
0.257385
0.260832
0.271031
0.27974899999999997
0.286382
0.291468
0.294969
0.296521
0.29587800000000003
0.293099
0.288335
0.28157
0.27260100000000004
0.261167
0.25343899999999997
0.257304
0.26698099999999997
0.27431300000000003
0.279027
0.281808
0.282758
0.28172600000000003
0.278712
0.273992
0.267906
0.260575
0.251865
0.24775999999999998
0.255732
0.269514
0.280397
0.287584
0.291473
0.292315
0.290452
0.28624
0.279916
0.27181
0.262376
0.251945
0.240601
0.234519
0.24166300000000002
0.255536
0.26711
0.275899
0.282169
0.285592
0.285522
0.281538
0.273884
0.263423
0.25106999999999996
0.237393
0.22270500000000001
0.2136
0.21852800000000003
0.23068000000000002
0.24086100000000002
0.249047
0.255637
0.260375
0.262639
0.261929
0.25814000000000004
0.251371
0.24164000000000002
0.22896100000000003
0.21359699999999998
0.20261300000000002
0.204689
0.21331399999999998
0.21999200000000002
0.22509
0.22925399999999999
0.23241900000000001
0.234089
0.23380599999999999
0.231454
0.227091
0.220635
0.211774
0.20669
0.213418
0.22529699999999997
0.233897
0.239585
0.243083
0.244733
0.24469699999999997
0.242961
0.239492
0.23447800000000002
0.228231
0.220902
0.21235500000000002
0.20892199999999997
0.218356
0.23311500000000002
0.24395799999999998
0.25099099999999996
0.255127
0.256761
0.255768
0.252107
0.24620300000000003
0.238641
0.22977899999999998
0.21976199999999999
0.20863
0.20306300000000002
0.211036
0.22524899999999998
0.23671799999999998
0.245396
0.251596
0.254967
0.254985
0.251648
0.245548
0.23733400000000002
0.22741599999999998
0.215977
0.20927800000000002
0.21543400000000001
0.227836
0.237684
0.245153
0.250898
0.255054
0.257346
0.257228
0.25416500000000003
0.247984
0.238972
0.227728
0.214731
0.20647100000000002
0.211089
0.22194699999999998
0.230386
0.236666
0.241407
0.244523
0.245517
0.244024
0.240119
0.23410300000000003
0.226154
0.216254
0.20438299999999998
0.19738599999999998
0.20346
0.215579
0.225045
0.232133
0.237617
0.241519
0.243378
0.242866
0.240103
0.235394
0.22884899999999997
0.220275
0.209319
0.20234100000000002
0.20745999999999998
0.218018
0.225818
0.231526
0.235948
0.23908000000000001
0.24050700000000003
0.23987199999999997
0.23715799999999998
0.232604
0.226373
0.218383
0.214754
0.223543
0.237889
0.248754
0.25621
0.260815
0.262791
0.262383
0.259835
0.255325
0.249187
0.241905
0.23377699999999998
0.22475799999999999
0.220823
0.22999699999999998
0.245385
0.257732
0.267017
0.273677
0.277459
0.277744
0.274158
0.26703499999999997
0.257323
0.245943
0.23338499999999998
0.21985100000000002
0.21171199999999998
0.217315
0.230125
0.241207
0.250566
0.25851999999999997
0.264653
0.26815300000000003
0.268376
0.26518200000000003
0.258729
0.249125
0.236459
0.22105999999999998
0.209666
0.211168
0.219676
0.226737
0.23267
0.23801599999999998
0.24260500000000002
0.24585700000000002
0.247261
0.246652
0.244011
0.239139
0.231584
0.22692199999999998
0.232777
0.24308200000000002
0.24980500000000003
0.253511
0.255313
0.255701
0.25485
0.252741
0.24931999999999999
0.244705
0.23909499999999997
0.232517
0.224739
0.22160100000000002
0.23102399999999998
0.24608899999999997
0.257472
0.26514299999999996
0.269875
0.27189800000000003
0.270913
0.266744
0.259871
0.251175
0.24136799999999997
0.23081100000000002
0.21961799999999998
0.214119
0.22247399999999998
0.23776799999999998
0.250774
0.261267
0.26941
0.27474299999999996
0.276667
0.27510300000000004
0.270557
0.263633
0.254711
0.24393
0.23125900000000002
0.222887
0.227365
0.238821
0.24868800000000002
0.25699299999999997
0.264152
0.269863
0.273387
0.274074
0.271694
0.266424
0.258652
0.248675
0.242621
0.24812399999999998
0.259683
0.269369
0.27678200000000003
0.282532
0.286727
0.289138
0.28944699999999995
0.28747399999999995
0.283306
0.277136
0.269004
0.258731
0.252242
0.257132
0.26813400000000004
0.277397
0.284275
0.289325
0.292516
0.293417
0.29177
0.28776599999999997
0.28181
0.274163
0.264851
0.253745
0.24674400000000002
0.251279
0.26159899999999997
0.269636
0.27512600000000004
0.278938
0.281174
0.281462
0.279579
0.275683
0.27007600000000004
0.262907
0.254076
0.243344
0.236644
0.24184099999999997
0.253154
0.262165
0.268311
0.271916
0.272964
0.271454
0.267636
0.261982
0.25500700000000004
0.24702800000000003
0.238037
0.22780599999999998
0.222322
0.229818
0.24391999999999997
0.25559699999999996
0.264554
0.271016
0.274713
0.275181
0.272196
0.266079
0.257577
0.24738400000000002
0.23584899999999998
0.22920100000000002
0.23552199999999998
0.248898
0.260798
0.270877
0.279495
0.286484
0.29135900000000003
0.293543
0.292581
0.28832199999999997
0.28084000000000003
0.270243
0.25675
0.24693400000000001
0.24904
0.25782
0.26529899999999995
0.271056
0.27569699999999997
0.279173
0.281024
0.280893
0.27879499999999996
0.274906
0.269242
0.261596
0.251619
0.24500100000000002
0.24900500000000003
0.257941
0.264075
0.267395
0.268866
0.26881700000000003
0.26721300000000003
0.264049
0.25955500000000004
0.25404499999999997
0.24762399999999998
0.24009
0.23106300000000002
0.226214
0.23319600000000001
0.24589899999999998
0.25567
0.261982
0.265234
0.265639
0.263261
0.2582
0.25090100000000004
0.24204299999999998
0.232148
0.221415
0.21581
0.22324899999999998
0.23745700000000003
0.249642
0.259535
0.267406
0.273023
0.275876
0.275411
0.27139800000000003
0.26423
0.254623
0.243115
0.230004
0.22156900000000002
0.226115
0.23751999999999998
0.24709899999999999
0.25485599999999997
0.261293
0.266205
0.268966
0.269054
0.266347
0.260973
0.253154
0.24323499999999998
0.2315
0.224052
0.22887
0.239823
0.24842399999999998
0.254777
0.25955300000000003
0.262779
0.264094
0.263227
0.26027
0.255475
0.24889499999999998
0.24027600000000002
0.229217
0.221611
0.225859
0.23638800000000001
0.244894
0.25138699999999997
0.256442
0.259969
0.261465
0.260596
0.25751
0.252591
0.24605
0.237817
0.22765700000000003
0.22143800000000002
0.22716
0.238684
0.24744000000000002
0.253544
0.257768
0.26022399999999996
0.260706
0.25919200000000003
0.255958
0.251312
0.245323
0.23779
0.234328
0.242162
0.255486
0.266204
0.273829
0.278817
0.28118899999999997
0.280855
0.277933
0.272723
0.26559499999999997
0.25694
0.24707199999999999
0.236104
0.229976
0.23636
0.24927399999999997
0.260208
0.268624
0.27475
0.27825
0.278507
0.27515100000000003
0.268343
0.258689
0.247
0.23395
0.21985
0.210783
0.215007
0.22630799999999998
0.235857
0.24365799999999999
0.250132
0.25506799999999996
0.257883
0.25809299999999996
0.25556
0.250317
0.242269
0.23116799999999998
0.21691300000000002
0.20589200000000002
0.206986
0.21466100000000002
0.220696
0.225475
0.22964299999999999
0.233096
0.235303
0.23579499999999998
0.234442
0.23128
0.226215
0.21894699999999997
0.21503200000000003
0.222098
0.23404299999999997
0.242706
0.24850999999999998
0.252265
0.2542
0.254395
0.252944
0.249973
0.24572800000000003
0.240508
0.234438
0.22735
0.22492199999999998
0.23465
0.25001999999999996
0.262165
0.270702
0.276118
0.278642
0.278298
0.275146
0.269598
0.262281
0.25363800000000003
0.24383200000000002
0.2329
0.22687600000000002
0.233606
0.247086
0.258767
0.26819499999999996
0.275567
0.280445
0.282066
0.280034
0.27474499999999996
0.266963
0.257201
0.24565700000000001
0.23241799999999999
0.223502
0.22689299999999998
0.237075
0.24588000000000002
0.252981
0.258746
0.262988
0.265173
0.264837
0.261833
0.25619200000000003
0.24798800000000001
0.23738800000000002
0.230325
0.23420900000000003
0.24384
0.251704
0.25755700000000004
0.262077
0.265445
0.2675
0.267908
0.266367
0.262784
0.257205
0.24962199999999998
0.23987199999999997
0.233575
0.23811500000000002
0.248236
0.256339
0.26214499999999996
0.26621300000000003
0.268552
0.268826
0.266827
0.26277399999999995
0.2571
0.250093
0.241786
0.232023
0.22649299999999997
0.232672
0.244488
0.25361500000000003
0.26008200000000004
0.264756
0.26772199999999996
0.268575
0.267104
0.26356599999999997
0.258365
0.251683
0.24343299999999998
0.23920999999999998
0.246036
0.258548
0.26906599999999997
0.27695
0.28269
0.28634499999999996
0.287761
0.286846
0.28365100000000004
0.278419
0.271559
0.263424
0.254104
0.249295
0.255899
0.268624
0.27984699999999996
0.288691
0.295487
0.300018
0.301732
0.300252
0.295682
0.288553
0.27958299999999997
0.26936
0.258133
0.251703
0.256948
0.268818
0.279881
0.289163
0.296982
0.303068
0.306779
0.30764
0.305607
0.300854
0.29343600000000003
0.283223
0.275726
0.277271
0.284406
0.29127
0.29661
0.301152
0.30517
0.308406
0.310307
0.310356
0.308338
0.304284
0.2982
0.2899
0.28473699999999996
0.288487
0.297086
0.30449499999999996
0.30946799999999997
0.312651
0.31414200000000003
0.313774
0.31162
0.308094
0.303699
0.29873099999999997
0.293168
0.286693
0.284545
0.292304
0.305322
0.316803
0.324902
0.330029
0.332462
0.332266
0.32958699999999996
0.324861
0.31863800000000003
0.31125
0.302706
0.29288400000000003
0.287477
0.292706
0.304625
0.316726
0.326965
0.335278
0.34115700000000004
0.343821
0.34287399999999996
0.33864099999999997
0.331823
0.323008
0.312515
0.30609000000000003
0.309298
0.318842
0.329065
0.33770700000000003
0.345057
0.351139
0.355677
0.35829
0.358636
0.356509
0.351819
0.344583
0.334933
0.328577
0.330583
0.33823200000000003
0.34655199999999997
0.35299400000000003
0.358007
0.36166
0.363629
0.363666
0.36183200000000004
0.358324
0.35322
0.34639699999999995
0.33760999999999997
0.332117
0.33458899999999997
0.342383
0.350681
0.35677600000000004
0.361059
0.36363
0.364274
0.362887
0.359667
0.354956
0.348945
0.341558
0.332539
0.32718400000000003
0.330285
0.338883
0.34768000000000004
0.353862
0.357887
0.36007
0.36037600000000003
0.358766
0.355396
0.350525
0.344287
0.336615
0.332779
0.33720700000000003
0.34723899999999996
0.358025
0.366528
0.372927
0.377241
0.379335
0.379187
0.37690799999999997
0.372702
0.36680100000000004
0.359427
0.35076199999999996
0.346398
0.350759
0.361256
0.373006
0.38263400000000003
0.390196
0.39552800000000005
0.39816999999999997
0.397805
0.394504
0.388693
0.38095
0.371762
0.36144699999999996
0.355664
0.358694
0.36815
0.379335
0.38871700000000003
0.396462
0.402559
0.40662600000000004
0.408308
0.407492
0.404211
0.398431
0.389995
0.378843
0.370639
0.369732
0.37493200000000004
0.382608
0.389139
0.39479899999999996
0.39961199999999997
0.403158
0.404999
0.40494
0.402953
0.398983
0.392851
0.38955100000000004
0.391836
0.398447
0.406265
0.41124700000000003
0.41401499999999997
0.415233
0.415182
0.41393500000000005
0.411566
0.408199
0.40394800000000003
0.39884400000000003
0.39274899999999996
0.39066100000000004
0.395295
0.405088
0.41642299999999993
0.42471099999999995
0.429925
0.432144
0.43136599999999997
0.42780200000000007
0.421993
0.414604
0.406181
0.397088
0.387488
0.382702
0.385986
0.395721
0.408033
0.418468
0.426857
0.432921
0.436065
0.435828
0.43222200000000005
0.425679
0.41673999999999994
0.405848
0.393284
0.38457800000000003
0.38344
0.388863
0.397441
0.405035
0.41175500000000004
0.417519
0.421828
0.42416499999999996
0.4242
0.42175799999999997
0.416786
0.409301
0.404562
0.405355
0.411146
0.41931
0.425417
0.429972
0.43347700000000006
0.43599899999999997
0.43740200000000007
0.43752700000000005
0.436266
0.433561
0.42933699999999997
0.42339899999999997
0.420699
0.423411
0.431062
0.44121099999999996
0.449013
0.45473
0.45850799999999997
0.46015200000000006
0.45955799999999997
0.45690200000000003
0.45258000000000004
0.44700500000000004
0.440421
0.43284799999999996
0.42936499999999994
0.43191899999999994
0.439954
0.450841
0.45922700000000005
0.46527299999999994
0.469239
0.471107
0.47087299999999993
0.46865200000000007
0.46468000000000004
0.459146
0.452036
0.443195
0.43768199999999996
0.437487
0.442816
0.451748
0.45885600000000004
0.46412
0.46750200000000003
0.46871899999999994
0.467664
0.464503
0.459589
0.45321300000000003
0.44542600000000004
0.441162
0.441853
0.447903
0.457717
0.46559399999999995
0.47156499999999996
0.47580200000000006
0.478152
0.478372
0.476285
0.471842
0.465229
0.45682799999999996
0.44697700000000007
0.44096599999999997
0.44059499999999996
0.446241
0.45612700000000006
0.46456000000000003
0.471467
0.47679799999999994
0.480184
0.48131599999999997
0.480124
0.476714
0.47121499999999994
0.463674
0.454168
0.447991
0.447
0.451798
0.460826
0.46843900000000005
0.474749
0.479944
0.483829
0.48614799999999997
0.48677200000000004
0.485671
0.482767
0.477833
0.470552
0.46580900000000003
0.464846
0.468578
0.47601899999999997
0.481468
0.485342
0.48813999999999996
0.489863
0.490388
0.489691
0.48781
0.484721
0.48027299999999995
0.47921800000000003
0.48198900000000006
0.48947799999999997
0.500829
0.509495
0.515307
0.518579
0.519496
0.518207
0.514975
0.510165
0.504123
0.497173
0.489541
0.48619799999999996
0.487701
0.49481499999999995
0.506789
0.517155
0.525335
0.531157
0.534172
0.534025
0.530767
0.524831
0.5167729999999999
0.5071289999999999
0.49631800000000004
0.48946000000000006
0.48737299999999995
0.49114399999999997
0.500401
0.508971
0.516388
0.5226270000000001
0.527293
0.52994
0.530257
0.528085
0.5234300000000001
0.516378
0.5069670000000001
0.5002
0.49705299999999997
0.498733
0.505379
0.511317
0.516217
0.52031
0.523437
0.525353
0.525884
0.524898
0.522219
0.517545
0.515353
0.516135
0.520115
0.527867
0.534501
0.539253
0.54256
0.5445220000000001
0.545096
0.5442520000000001
0.5419970000000001
0.538404
0.533613
0.527686
0.525413
0.527276
0.533086
0.543031
0.551809
0.5581689999999999
0.562193
0.5638529999999999
0.563276
0.5607300000000001
0.556554
0.5511199999999999
0.544682
0.537287
0.5337
0.5344760000000001
0.539351
0.548837
0.5578649999999999
0.564817
0.5696060000000001
0.572074
0.572196
0.570088
0.566008
0.560296
0.5531010000000001
0.544387
0.53893
0.5375300000000001
0.5400659999999999
0.547563
0.555405
0.5618479999999999
0.5667800000000001
0.569896
0.570862
0.5695
0.565871
0.560199
0.552625
0.543269
0.537168
0.5352359999999999
0.537466
0.544771
0.552373
0.558604
0.563404
0.566591
0.567998
0.567562
0.565245
0.560949
0.554506
0.550469
0.549596
0.551163
0.5569470000000001
0.563451
0.5686329999999999
0.5726479999999999
0.5755279999999999
0.577136
0.5773
0.575863
0.5727140000000001
0.567806
0.561102
0.5572199999999999
0.556759
0.5588310000000001
0.564918
0.5711189999999999
0.575222
0.5773520000000001
0.577709
0.576453
0.573784
0.569979
0.565284
0.559778
0.553357
0.550571
0.551833
0.5562199999999999
0.564654
0.572645
0.578213
0.581615
0.5829810000000001
0.5824159999999999
0.5802109999999999
0.5766180000000001
0.57172
0.565515
0.557996
0.553891
0.553926
0.557425
0.565751
0.57471
0.581972
0.5872930000000001
0.590331
0.590869
0.588982
0.584851
0.578769
0.571141
0.566793
0.566473
0.5688850000000001
0.576062
0.584688
0.591936
0.5978020000000001
0.602254
0.6050770000000001
0.606039
0.6049220000000001
0.6015590000000001
0.595983
0.588389
0.5834729999999999
0.5820609999999999
0.582867
0.588399
0.595696
0.601734
0.606476
0.609788
0.611476
0.6114689999999999
0.609771
0.606401
0.6013470000000001
0.594537
0.5905199999999999
0.59004
0.59133
0.59682
0.6038
0.6091810000000001
0.612954
0.615136
0.615797
0.615085
0.613097
0.609838
0.6052
0.598951
0.595403
0.595043
0.595957
0.600776
0.6069859999999999
0.611468
0.6143649999999999
0.61595
0.616318
0.61543
0.6132569999999999
0.6097779999999999
0.604904
0.602949
0.60449
0.607078
0.613753
0.6224390000000001
0.629185
0.633841
0.63645
0.637042
0.635642
0.632391
0.627633
0.6217060000000001
0.614812
0.611506
0.612483
0.615124
0.622396
0.632137
0.640097
0.645918
0.649397
0.650378
0.648878
0.6451060000000001
0.639418
0.6320899999999999
0.623337
0.617887
0.6166
0.616992
0.622315
0.630657
0.6379020000000001
0.643838
0.648329
0.651154
0.652122
0.651038
0.647701
0.641931
0.633688
0.627549
0.624402
0.621862
0.6238859999999999
0.629169
0.633587
0.637092
0.6397109999999999
0.6413310000000001
0.641844
0.641117
0.638971
0.635161
0.633678
0.634895
0.6353489999999999
0.6392180000000001
0.645774
0.650305
0.653036
0.654433
0.654644
0.653744
0.651849
0.649017
0.645243
0.6405
0.639018
0.641313
0.643817
0.650338
0.659742
0.66699
0.671888
0.674435
0.674683
0.672991
0.669743
0.665196
0.659597
0.653148
0.6502479999999999
0.6515029999999999
0.653353
0.659804
0.66982
0.678167
0.684443
0.688501
0.690295
0.689971
0.687601
0.683238
0.677082
0.669304
0.664277
0.662775
0.661265
0.664365
0.671651
0.6778529999999999
0.68274
0.68623
0.688127
0.688242
0.6863600000000001
0.682372
0.676313
0.672304
0.6710229999999999
0.668612
0.670006
0.67581
0.680743
0.684466
0.687134
0.688695
0.6890729999999999
0.688178
0.685841
0.6819069999999999
0.676316
0.673208
0.6733640000000001
0.672701
0.675739
0.683017
0.689262
0.693901
0.696909
0.69834
0.698367
0.69711
0.694634
0.691
0.686186
0.6842189999999999
0.685556
0.685808
0.689601
0.697461
0.703918
0.7085060000000001
0.711515
0.7132149999999999
0.713719
0.712986
0.710947
0.707499
0.702488
0.700019
0.7007329999999999
0.700381
0.703579
0.7109
0.716875
0.720875
0.723074
0.723551
0.7223729999999999
0.719709
0.715749
0.710568
0.7082
0.7092609999999999
0.7096640000000001
0.712751
0.719932
0.726983
0.732245
0.735654
0.737121
0.736568
0.73405
0.729687
0.7235699999999999
0.715855
0.7108
0.709392
0.707869
0.709511
0.7159800000000001
0.7231989999999999
0.729146
0.733557
0.736286
0.7372340000000001
0.736296
0.733382
0.728486
0.721725
0.717248
0.715806
0.7135100000000001
0.713828
0.718755
0.724446
0.729096
0.732725
0.735406
0.737133
0.737769
0.737066
0.7347229999999999
0.730425
0.727931
0.727842
0.726291
0.726709
0.7309979999999999
0.735446
0.7385550000000001
0.74052
0.7414350000000001
0.741382
0.7403890000000001
0.7383689999999999
0.735169
0.734554
0.736982
0.738364
0.740939
0.747008
0.753528
0.758079
0.760699
0.7614609999999999
0.760586
0.7583989999999999
0.755021
0.7504770000000001
0.7449020000000001
0.742325
0.743422
0.744286
0.747089
0.754258
0.762616
0.7690819999999999
0.773281
0.7752180000000001
0.775099
0.773062
0.769178
0.763718
0.757076
0.753318
0.753125
0.752688
0.754025
0.7598729999999999
0.767444
0.773637
0.778229
0.781193
0.782479
0.781959
0.779518
0.775141
0.768782
0.7642220000000001
0.7622800000000001
0.759501
0.757994
0.761003
0.766252
0.770597
0.773875
0.7760859999999999
0.7771779999999999
0.7769729999999999
0.7751859999999999
0.771545
0.769548
0.769755
0.7686390000000001
0.76717
0.769258
0.773755
0.77698
0.77899
0.779931
0.779899
0.778961
0.777049
0.7740199999999999
0.7697729999999999
0.767921
0.768996
0.769251
0.769656
0.774
0.7806529999999999
0.785446
0.7881630000000001
0.78918
0.788853
0.787313
0.784609
0.780874
0.7762399999999999
0.7744770000000001
0.776129
0.777324
0.779057
0.7847029999999999
0.7922899999999999
0.797955
0.801654
0.803616
0.803991
0.802944
0.800605
0.79696
0.791928
0.789297
0.789767
0.789589
0.789759
0.7941010000000001
0.801053
0.806569
0.8103520000000001
0.812398
0.8127840000000001
0.811593
0.8087300000000001
0.80405
0.797622
0.793528
0.7926479999999999
0.7913180000000001
0.790596
0.794324
0.8008890000000001
0.806181
0.809934
0.812163
0.81284
0.8118569999999999
0.809062
0.804429
0.8016310000000001
0.8013140000000001
0.799996
0.797357
0.798713
0.80433
0.8090149999999999
0.812542
0.81501
0.816392
0.8166140000000001
0.81552
0.8128890000000001
0.808562
0.8059390000000001
0.80562
0.804304
0.801657
0.802886
0.80801
0.8116359999999999
0.8136329999999999
0.814346
0.814051
0.812922
0.810991
0.808214
0.804523
0.803411
0.805283
0.8063
0.806245
0.809678
0.816155
0.820833
0.8234870000000001
0.824449
0.8242149999999999
0.823089
0.8209860000000001
0.817699
0.816567
0.818141
0.819026
0.818721
0.821398
0.827833
0.833573
0.8374969999999999
0.8396450000000001
0.840166
0.839126
0.836435
0.832044
0.826111
0.8223530000000001
0.821599
0.8206559999999999
0.819136
0.821652
0.828483
0.834492
0.8388190000000001
0.841507
0.8426379999999999
0.842219
0.840255
0.8368530000000001
0.832094
0.829457
0.829565
0.8291129999999999
0.8277200000000001
0.829907
0.836317
0.8422360000000001
0.846806
0.850165
0.8524430000000001
0.8535659999999999
0.853231
0.851094
0.846951
0.844218
0.8436809999999999
0.8421299999999999
0.8390850000000001
0.8386629999999999
0.842311
0.8460770000000001
0.848642
0.850117
0.850684
0.850354
0.848938
0.8462059999999999
0.845305
0.846665
0.8469270000000001
0.845648
0.8458389999999999
0.8495389999999999
0.853726
0.856283
0.8574870000000001
0.8577670000000001
0.857316
0.8560979999999999
0.853981
0.8508540000000001
0.849909
0.8516739999999999
0.852915
0.8530719999999999
0.8548120000000001
0.860066
0.8657860000000001
0.869657
0.8717469999999999
0.8722620000000001
0.8713870000000001
0.8692989999999999
0.8661559999999999
0.862073
0.860442
0.8619
0.8631709999999999
0.863605
0.865924
0.872014
0.878642
0.883343
0.8860870000000001
0.887158
0.886805
0.8850129999999999
0.881599
0.876501
0.873201
0.872526
0.8713559999999999
0.8692559999999999
0.869246
0.873519
0.879006
0.883287
0.8862709999999999
0.887969
0.8882200000000001
0.886727
0.883294
0.881102
0.880767
0.8792709999999999
0.876352
0.873658
0.874873
0.87879
0.881825
0.8838959999999999
0.885144
0.8855870000000001
0.8851209999999999
0.883532
0.880581
0.879183
0.879921
0.8799799999999999
0.878966
0.877959
0.8804040000000001
0.8851180000000001
0.888451
0.8904489999999999
0.891394
0.891481
0.8907879999999999
0.88928
0.8868809999999999
0.886656
0.889036
0.8907639999999999
0.8912
0.8918010000000001
0.895964
0.902112
0.9065780000000001
0.9093450000000001
0.9108139999999999
0.9112819999999999
0.910741
0.9090030000000001
0.9089440000000001
0.91106
0.9124040000000001
0.912557
0.911589
0.9139219999999999
0.919718
0.9242229999999999
0.927061
0.928517
0.928742
0.927689
0.9252239999999999
0.921272
0.9188940000000001
0.918791
0.918216
0.916867
0.914799
0.916565
0.922034
0.9261020000000001
0.928483
0.929391
0.928953
0.927248
0.924348
0.920251
0.917897
0.91781
0.9171819999999999
0.9157569999999999
0.913651
0.9153709999999999
0.9209459999999999
0.925479
0.928688
0.930801
0.9318780000000001
0.931737
0.9300719999999999
0.926745
0.9247860000000001
0.924853
0.924135
0.922241
0.919359
0.920034
0.9247920000000001
0.9290129999999999
0.9320870000000001
0.934232
0.935544
0.935866
0.9348879999999999
0.9352090000000001
0.9371959999999999
0.9380139999999999
0.937365
0.9355040000000001
0.935572
0.939066
0.9428489999999999
0.9453870000000001
0.9469569999999999
0.94785
0.948159
0.9478059999999999
0.946575
0.947076
0.9496879999999999
0.951627
0.952492
0.952232
0.9536190000000001
0.958145
0.9626870000000001
0.9654879999999999
0.966725
0.966664
0.9654719999999999
0.9632719999999999
0.960184
0.9591270000000001
0.960657
0.9620110000000001
0.962714
0.962651
0.9643309999999999
0.969277
0.974334
0.977399
0.9787
0.9786159999999999
0.9772219999999999
0.9743360000000001
0.9698180000000001
0.966527
0.9652209999999999
0.963456
0.961003
0.957987
0.9571219999999999
0.9603379999999999
0.964741
0.9680799999999999
0.9703
0.971355
0.970992
0.968944
0.9651069999999999
0.9623450000000001
0.9612799999999999
0.959325
0.956261
0.9523280000000001
0.950667
0.953076
0.956493
0.959082
0.960942
0.9621290000000001
0.962493
0.9617450000000001
0.9595809999999999
0.958678
0.9595549999999999
0.959549
0.9582879999999999
0.955742
0.954992
0.957627
0.9605020000000001
0.962118
0.9627610000000001
0.9626239999999999
0.9617110000000001
0.9599059999999999
0.9570649999999999
0.956039
0.957317
0.957974
0.957458
0.955749
0.956506
0.9607709999999999
0.964584
0.966643
0.967147
0.966348
0.964414
0.961363
0.95716
0.9548270000000001
0.955003
0.954839
0.9538559999999999
0.951994
0.952976
0.9575100000000001
0.961458
0.963859
0.964917
0.964693
0.963101
0.959989
0.958045
0.9579030000000001
0.957073
0.9552959999999999
0.952738
0.95129
0.953526
0.9574540000000001
0.960147
0.9614729999999999
0.9614889999999999
0.9602510000000001
0.957815
0.954111
0.9517
0.9511120000000001
0.949892
0.947839
0.945149
0.943984
0.946486
0.9501879999999999
0.952506
0.9535110000000001
0.953413
0.9522649999999999
0.950002
0.9466049999999999
0.9449709999999999
0.945657
0.9458610000000001
0.9450879999999999
0.943348
0.943558
0.947406
0.951779
0.9547770000000001
0.9565379999999999
0.957267
0.956938
0.9553149999999999
0.952131
0.95009
0.949735
0.9484899999999999
0.946209
0.9430850000000001
0.9423729999999999
0.94542
0.948741
0.9507899999999999
0.951802
0.951958
0.951189
0.949293
0.9488120000000001
0.9501149999999999
0.9505
0.949622
0.947556
0.9462010000000001
0.948011
0.9510700000000001
0.9528120000000001
0.953304
0.9528040000000001
0.951456
0.9493090000000001
0.946366
0.945226
0.946321
0.947098
0.947207
0.946606
0.946938
0.9504370000000001
0.954843
0.957268
0.957873
0.9571299999999999
0.9552790000000001
0.9523360000000001
0.948297
0.945888
0.9457639999999999
0.9455520000000001
0.944947
0.943889
0.944269
0.948212
0.953311
0.956907
0.959047
0.9598770000000001
0.9593229999999999
0.957227
0.953498
0.950807
0.949714
0.9477530000000001
0.944681
0.9406889999999999
0.9383020000000001
0.939846
0.942918
0.9451860000000001
0.94673
0.9476030000000001
0.9475950000000001
0.946326
0.9460209999999999
0.9470379999999999
0.9470120000000001
0.9457129999999999
0.94319
0.940377
0.9406040000000001
0.943032
0.944364
0.944709
0.944319
0.9432969999999999
0.9416559999999999
0.939299
0.9386120000000001
0.93996
0.94084
0.94084
0.939948
0.93932
0.9418780000000001
0.9461290000000001
0.9486979999999999
0.949672
0.9494290000000001
0.948261
0.9462860000000001
0.943494
0.942522
0.9439040000000001
0.9450940000000001
0.945624
0.945398
0.9458549999999999
0.949519
0.9545799999999999
0.958199
0.960519
0.961728
0.9617979999999999
0.9605319999999999
0.957741
0.956058
0.95611
0.9554729999999999
0.953857
0.9513659999999999
0.949636
0.951451
0.955081
0.957493
0.95867
0.958802
0.9579540000000001
0.955959
0.9525459999999999
0.950263
0.949631
0.9481799999999999
0.9456969999999999
0.9423239999999999
0.9399870000000001
0.9411950000000001
0.943975
0.945687
0.9463860000000001
0.946199
0.9450370000000001
0.942685
0.9414379999999999
0.94179
0.941477
0.9402
0.938049
0.9350370000000001
0.9352600000000001
0.9387969999999999
0.9413469999999999
0.942773
0.943261
0.9428639999999999
0.941499
0.939009
0.937593
0.937652
0.9369780000000001
0.9353870000000001
0.9330879999999999
0.9305049999999999
0.931325
0.9349879999999999
0.93739
0.938557
0.938891
0.938599
0.937637
0.938133
0.940372
0.942018
0.9426389999999999
0.9421860000000001
0.940578
0.9412780000000001
0.9450209999999999
0.948184
0.9500270000000001
0.9507969999999999
0.950723
0.94991
0.9483159999999999
0.9480280000000001
0.9493030000000001
0.9499280000000001
0.9496610000000001
0.9486100000000001
0.946707
0.947416
0.95106
0.9536629999999999
0.954693
0.9545610000000001
0.953501
0.951499
0.9484450000000001
0.94665
0.946615
0.946212
0.945274
0.943902
0.942224
0.944024
0.9489059999999999
0.952567
0.9549219999999999
0.956183
0.956341
0.9552639999999999
0.952823
0.9512799999999999
0.9510930000000001
0.9501350000000001
0.948248
0.9456209999999999
0.9423819999999999
0.94266
0.9466040000000001
0.9499219999999999
0.9523729999999999
0.9540850000000001
0.95493
0.954586
0.952681
0.95137
0.9511950000000001
0.950147
0.948069
0.9450299999999999
0.941149
0.940507
0.9430559999999999
0.944681
0.945522
0.9458840000000001
0.945785
0.94505
0.945606
0.947649
0.948944
0.9490959999999999
0.948075
0.945867
0.9449879999999999
0.9470360000000001
0.949449
0.9506399999999999
0.950792
0.950073
0.9485530000000001
0.9462370000000001
0.9451510000000001
0.9456889999999999
0.9459299999999999
0.9456610000000001
0.944893
0.9434520000000001
0.943802
0.9470350000000001
0.9501959999999999
0.951958
0.9525370000000001
0.952046
0.950465
0.9477120000000001
0.945976
0.9458219999999999
0.9453159999999999
0.9442290000000001
0.9425889999999999
0.9403309999999999
0.940847
0.9446690000000001
0.948059
0.9502799999999999
0.951456
0.951616
0.950684
0.948441
0.946925
0.946565
0.945318
0.9429780000000001
0.9397399999999999
0.935758
0.934786
0.9373360000000001
0.939542
0.940815
0.94125
0.940775
0.939183
0.9384110000000001
0.9389209999999999
0.9388190000000001
0.9378299999999999
0.9360040000000001
0.93335
0.9318040000000001
0.9333229999999999
0.935895
0.9374610000000001
0.9380620000000001
0.9378299999999999
0.936807
0.9349200000000001
0.9340780000000001
0.9345979999999999
0.934544
0.9337790000000001
0.932533
0.930823
0.9308049999999999
0.933999
0.937883
0.940631
0.942372
0.943312
0.9434540000000001
0.942652
0.9429200000000001
0.944652
0.945807
0.9460639999999999
0.945436
0.943858
0.9439770000000001
0.947204
0.950784
0.9533149999999999
0.954957
0.9557770000000001
0.9556180000000001
0.9542799999999999
0.953857
0.9547829999999999
0.954987
0.954183
0.952421
0.9496540000000001
0.9486180000000001
0.9505100000000001
0.95236
0.9529209999999999
0.952485
0.951207
0.948982
0.9476209999999999
0.9474450000000001
0.946599
0.9449420000000001
0.942707
0.939966
0.937599
0.938359
0.941152
0.9428610000000001
0.943384
0.9428049999999999
0.9411010000000001
0.9382530000000001
0.936176
0.935325
0.934032
0.932192
0.929953
0.9272790000000001
0.9250790000000001
0.926125
0.9293319999999999
0.9317049999999999
0.9332450000000001
0.934076
0.934127
0.934949
0.936724
0.9377049999999999
0.937672
0.9368059999999999
0.935197
0.9327770000000001
0.932725
0.9355530000000001
0.937866
0.939175
0.9398129999999999
0.93995
0.9395180000000001
