1.014276
1.013387
1.0137040000000002
1.013224
1.0118
1.009575
1.006536
1.004011
1.004659
1.007024
1.008316
1.008661
1.00823
1.006964
1.004725
1.0035610000000001
1.0038639999999999
1.00357
1.002362
1.0003309999999999
0.997567
0.9956
0.9967889999999999
0.9994299999999999
1.000932
1.001372
1.000926
0.999667
0.997541
0.996603
0.997233
0.9973690000000001
0.9967020000000001
0.9952120000000001
0.992792
0.9913120000000001
0.9929020000000001
0.9956229999999999
0.997339
0.998114
0.998051
0.99708
0.9950110000000001
0.994017
0.9946780000000001
0.9949790000000001
0.994626
0.9936360000000001
0.9919290000000001
0.9918879999999999
0.9949629999999999
0.998381
1.000384
1.001128
1.000848
0.999575
0.997199
0.995958
0.996338
0.996172
0.995185
0.9934959999999999
0.9910899999999999
0.990633
0.993447
0.996583
0.998508
0.9992719999999999
0.998891
0.997326
0.996648
0.997238
0.997067
0.995878
0.993818
0.990972
0.98803
0.9883700000000001
0.991346
0.9934
0.994418
0.9945459999999999
0.9937879999999999
0.992022
0.9910889999999999
0.991295
0.990806
0.989557
0.9877229999999999
0.9852719999999999
0.9829100000000001
0.9836370000000001
0.9865
0.9882709999999999
0.9891469999999999
0.98944
0.989196
0.9883129999999999
0.988743
0.99074
0.9921459999999999
0.992555
0.9919309999999999
0.9902620000000001
0.989029
0.9907959999999999
0.99405
0.9961709999999999
0.9972620000000001
0.997449
0.996717
0.9949969999999999
0.994331
0.995088
0.9952620000000001
0.994619
0.9932040000000001
0.990923
0.98946
0.9909879999999999
0.9936590000000001
0.9951610000000001
0.995501
0.994755
0.9928950000000001
0.989828
0.9877889999999999
0.98739
0.9866370000000001
0.9852219999999999
0.98315
0.980367
0.9792280000000001
0.981266
0.9838450000000001
0.985237
0.9856219999999999
0.9852209999999999
0.984008
0.9837950000000001
0.984849
0.9852270000000001
0.984662
0.983296
0.9813059999999999
0.978881
0.9796790000000001
0.9835370000000001
0.9865200000000001
0.9884780000000001
0.9895010000000001
0.989549
0.988504
0.988225
0.989192
0.989699
0.989539
0.98879
0.9873860000000001
0.985341
0.986231
0.989906
0.9925809999999999
0.994268
0.995218
0.99551
0.995022
0.995599
0.9974930000000001
0.998714
0.9990469999999999
0.99854
0.997084
0.995439
0.996682
0.9999899999999999
1.00229
1.003767
1.0046
1.004637
1.003598
1.003318
1.0041309999999999
1.004097
1.002961
1.000809
0.997719
0.994548
0.994534
0.996866
0.998194
0.9984879999999999
0.997825
0.9961899999999999
0.99359
0.992117
0.992223
0.991981
0.9910959999999999
0.989506
0.987043
0.984775
0.985392
0.987713
0.989066
0.989591
0.9894129999999999
0.988482
0.9866379999999999
0.9858100000000001
0.986417
0.98661
0.98618
0.9851479999999999
0.983477
0.982492
0.984735
0.9886809999999999
0.9914780000000001
0.9930120000000001
0.9933489999999999
0.9925309999999999
0.990516
0.9893559999999999
0.989562
0.9892479999999999
0.9881549999999999
0.986353
0.983892
0.9824379999999999
0.98431
0.9877370000000001
0.9902049999999999
0.9916870000000001
0.9921979999999999
0.9916149999999999
0.989827
0.989007
0.989597
0.989456
0.988236
0.9860200000000001
0.982878
0.980993
0.9825209999999999
0.985397
0.987507
0.9888299999999999
0.9893709999999999
0.988984
0.989401
0.990833
0.991343
0.990751
0.989303
0.987139
0.984225
0.984342
0.9875290000000001
0.989667
0.9905950000000001
0.990619
0.989892
0.9883940000000001
0.987966
0.988957
0.989526
0.989361
0.9884459999999999
0.9866889999999999
0.984124
0.984527
0.987783
0.989933
0.990965
0.9911190000000001
0.990445
0.9889100000000001
0.988484
0.989541
0.9901469999999999
0.990029
0.989251
0.987764
0.986183
0.9875510000000001
0.991078
0.9935379999999999
0.994958
0.995401
0.994784
0.9929680000000001
0.9918459999999999
0.991872
0.991345
0.990145
0.9883430000000001
0.985891
0.9835940000000001
0.9844069999999999
0.987309
0.989036
0.9895579999999999
0.989065
0.987656
0.985261
0.9838469999999999
0.9838459999999999
0.983326
0.9820059999999999
0.9799760000000001
0.97734
0.975669
0.977369
0.9808100000000001
0.9834129999999999
0.985133
0.9859530000000001
0.985706
0.986084
0.987408
0.9880200000000001
0.987826
0.986973
0.9855309999999999
0.98344
0.983759
0.987083
0.9901110000000001
0.992142
0.993281
0.993567
0.9929530000000001
0.99315
0.994434
0.995028
0.9946649999999999
0.993442
0.991441
0.988556
0.987992
0.9903290000000001
0.992159
0.9929450000000001
0.9929450000000001
0.992343
0.99113
0.991074
0.992449
0.9933649999999999
0.993467
0.9927
0.990983
0.9882709999999999
0.9884870000000001
0.991718
0.993927
0.9950469999999999
0.9952709999999999
0.9946010000000001
0.9929290000000001
0.992099
0.9925579999999999
0.9925649999999999
0.991876
0.990555
0.988569
0.985719
0.9857440000000001
0.9886370000000001
0.990368
0.990993
0.9907459999999999
0.989617
0.987505
0.9862920000000001
0.986351
0.9858950000000001
0.984814
0.983245
0.981144
0.97908
0.9802200000000001
0.983825
0.986454
0.9880059999999999
0.9885510000000001
0.98808
0.986583
0.986016
0.986765
0.986978
0.986442
0.9851989999999999
0.983224
0.981339
0.98264
0.986246
0.988908
0.9905940000000001
0.9913719999999999
0.991139
0.989732
0.9891190000000001
0.9898469999999999
0.990093
0.989516
0.9880899999999999
0.985771
0.983349
0.98393
0.98677
0.988764
0.9899180000000001
0.990311
0.9898680000000001
0.9902700000000001
0.991748
0.9924780000000001
0.9921709999999999
0.9909379999999999
0.9889450000000001
0.986239
0.985391
0.987614
0.990201
0.99182
0.9925430000000001
0.992508
0.991741
0.991916
0.9933129999999999
0.9942350000000001
0.994434
0.993919
0.992604
0.9903
0.989658
0.99193
0.994375
0.995817
0.9963930000000001
0.9961979999999999
0.9951690000000001
0.995084
0.9963549999999999
0.9972530000000001
0.997467
0.996983
0.9957459999999999
0.993582
0.9936219999999999
0.9964459999999999
0.9987219999999999
0.9999469999999999
1.000306
0.999742
0.998102
0.9971479999999999
0.9972620000000001
0.996766
0.9955629999999999
0.993814
0.991502
0.9884629999999999
0.9881989999999999
0.9910469999999999
0.9932059999999999
0.9941979999999999
0.994099
0.992951
0.990777
0.9894709999999999
0.9894280000000001
0.9889
0.987667
0.9857540000000001
0.98315
0.98009
0.980317
0.98369
0.9863850000000001
0.988317
0.9895440000000001
0.9899209999999999
0.989216
0.9891780000000001
0.990201
0.9906
0.9902200000000001
0.989133
0.987345
0.9850270000000001
0.9857799999999999
0.9894120000000001
0.9921840000000001
0.994084
0.995223
0.995549
0.9949370000000001
0.9952219999999999
0.996735
0.997584
0.9975200000000001
0.996667
0.995008
0.992735
0.9933379999999999
0.996517
0.9986209999999999
0.999676
0.9999370000000001
0.9994649999999999
0.9981209999999999
0.9977299999999999
0.9986459999999999
0.998977
0.9984069999999999
0.996925
0.994483
0.9915940000000001
0.9918170000000001
0.9947379999999999
0.996764
0.997825
0.9980040000000001
0.997192
0.995257
0.994181
0.994489
0.994408
0.993698
0.992395
0.990419
0.988073
0.9886790000000001
0.9917100000000001
0.9936
0.994431
0.9944040000000001
0.993497
0.993399
0.99441
0.994819
0.9944
0.993287
0.991542
0.9890959999999999
0.98815
0.9902139999999999
0.992892
0.994498
0.995034
0.9946
0.9932770000000001
0.992792
0.9933879999999999
0.9933639999999999
0.9925639999999999
0.991138
0.9891629999999999
0.9866219999999999
0.986359
0.98925
0.992165
0.994028
0.9949370000000001
0.9949209999999999
0.9938889999999999
0.9935940000000001
0.9944430000000001
0.994819
0.99455
0.9936780000000001
0.99218
0.9899100000000001
0.990192
0.993434
0.996128
0.997949
0.9990879999999999
0.999533
0.999107
0.999451
1.000781
1.001241
1.000572
0.998933
0.99651
0.9933120000000001
0.992892
0.9956360000000001
0.997815
0.9990049999999999
0.999323
0.998811
0.9973790000000001
0.996842
0.9975780000000001
0.997807
0.997296
0.9960549999999999
0.9939889999999999
0.991132
0.991265
0.994315
0.996333
0.9972549999999999
0.997289
0.996481
0.994783
0.9941260000000001
0.9949540000000001
0.9954299999999999
0.99524
0.994383
0.99279
0.990301
0.990663
0.993885
0.9960209999999999
0.9971450000000001
0.997458
0.9969110000000001
0.9953780000000001
0.9946729999999999
0.995165
0.9951059999999999
0.9943709999999999
0.993125
0.9913719999999999
0.9891200000000001
0.990049
0.9939879999999999
0.996906
0.9986430000000001
0.999281
0.998842
0.9991180000000001
1.000478
1.0012530000000002
1.001228
1.000459
0.9989239999999999
0.996568
0.995383
0.997224
1.000057
1.00199
1.003087
1.003407
1.00285
1.002979
1.004074
1.004569
1.004285
1.003247
1.0014290000000001
0.9987440000000001
0.9973569999999999
0.9989110000000001
1.001213
1.002667
1.0033239999999999
1.003215
1.002285
1.002243
1.003387
1.003962
1.003687
1.002651
1.000951
0.998502
0.9978040000000001
1.000043
1.002491
1.003871
1.004297
1.003922
1.0027709999999999
1.002559
1.003607
1.004199
1.004034
1.003074
1.0012370000000002
0.998381
0.9972840000000001
0.999236
1.001472
1.0028219999999999
1.003357
1.0030629999999998
1.00177
1.001219
1.001838
1.0019639999999999
1.001388
1.000182
0.998352
0.9957729999999999
0.995704
0.9986430000000001
1.0011139999999998
1.002632
1.003333
1.003144
1.001931
1.001527
1.0023360000000001
1.002631
1.0022719999999998
1.00138
0.999899
0.997626
0.997891
1.001193
1.003945
1.005563
1.006126
1.005692
1.004298
1.003795
1.00455
1.004817
1.0043389999999999
1.0031079999999999
1.0010940000000002
0.998287
0.99828
1.001575
1.004512
1.006581
1.007808
1.008061
1.0071299999999999
1.006772
1.00742
1.007441
1.006675
1.005185
1.0029860000000002
0.9999950000000001
0.9998940000000001
1.00296
1.005385
1.006942
1.007739
1.007728
1.0067840000000001
1.006694
1.00775
1.008063
1.007379
1.005847
1.003492
1.000169
0.999713
1.00234
1.0040799999999999
1.004837
1.0048540000000001
1.00419
1.0027030000000001
1.0021639999999998
1.002911
1.003102
1.002429
1.000874
0.9983799999999999
0.995066
0.99482
0.99759
0.999395
1.000154
1.000006
0.998916
0.9985709999999999
0.99939
0.9998370000000001
0.99974
0.9991610000000001
0.9980870000000001
0.996375
0.995756
0.99792
1.000768
1.0023739999999999
1.002925
1.002612
1.001444
1.001115
1.001934
1.0022229999999999
1.001781
1.000774
0.9992790000000001
0.99718
0.996727
0.999346
1.002527
1.0046700000000002
1.005792
1.005989
1.005305
1.0055020000000001
1.006825
1.007486
1.007282
1.006327
1.004688
1.002358
1.002249
1.005247
1.00824
1.010213
1.011256
1.0113450000000002
1.010308
1.009816
1.010257
1.010061
1.009096
1.007444
1.005119
1.0020040000000001
1.000947
1.002881
1.004842
1.0059719999999999
1.0064
1.0061120000000001
1.004948
1.0045959999999998
1.00532
1.005296
1.004273
1.002394
0.999817
0.9965280000000001
0.995925
0.9985299999999999
1.000787
1.0021440000000001
1.0026950000000001
1.002469
1.001391
1.001235
1.002353
1.002987
1.0028860000000002
1.0020440000000002
1.000358
0.997712
0.997664
1.000699
1.003128
1.004485
1.004942
1.004543
1.003232
1.002904
1.0040129999999998
1.004756
1.004779
1.004042
1.002464
0.999876
0.9999389999999999
1.002888
1.004921
1.005957
1.006209
1.005652
1.00417
1.003599
1.004278
1.004378
1.003735
1.002515
1.000739
0.9984190000000001
0.999287
1.0031889999999999
1.006039
1.007652
1.008103
1.007427
1.005679
1.004825
1.005284
1.00527
1.004538
1.0030940000000002
1.000895
0.9980559999999999
0.9983709999999999
1.001711
1.004106
1.005486
1.005971
1.005488
1.003868
1.003011
1.0034129999999999
1.003257
1.00222
1.000321
0.997589
0.9943420000000001
0.994225
0.997036
0.9990629999999999
1.000199
1.000491
0.999875
1.000026
1.001193
1.001614
1.001041
0.999625
0.9975450000000001
0.994825
0.993505
0.995188
0.997611
0.9989469999999999
0.9992540000000001
0.998741
0.9975280000000001
0.997361
0.998539
0.9993559999999999
0.9995200000000001
0.9990030000000001
0.997708
0.99545
0.994711
0.9969020000000001
0.9994649999999999
1.001066
1.00184
1.001873
1.001077
1.001196
1.0025979999999999
1.00355
1.0037909999999999
1.0033729999999998
1.002308
1.000466
1.000909
1.004225
1.007088
1.008888
1.009775
1.009688
1.008473
1.0079069999999999
1.008376
1.0081950000000002
1.0072709999999998
1.0057719999999999
1.003678
1.000801
1.000385
1.002982
1.005072
1.006009
1.005898
1.00481
1.0027629999999998
1.0016129999999999
1.001707
1.001261
1.000037
0.998057
0.9953139999999999
0.9918100000000001
0.9914280000000001
0.994397
0.996782
0.998395
0.9992969999999999
0.999346
0.998309
0.997914
0.9985780000000001
0.998676
0.9980760000000001
0.996849
0.9949790000000001
0.9923290000000001
0.9925579999999999
0.995872
0.998426
1.000063
1.0009290000000002
1.001008
1.0002010000000001
0.998365
0.9953879999999999
0.9912139999999999
0.9858389999999999
0.982384
0.9814149999999999
0.9797879999999999
0.976902
0.972881
0.972873
0.977108
0.9805010000000001
0.982842
0.984131
0.984165
0.9827969999999999
0.979982
0.975634
0.972692
0.971564
0.969301
0.965822
0.961586
0.9608629999999999
0.964397
0.967678
0.969399
0.96944
0.967859
0.9647040000000001
0.959946
0.953615
0.948702
0.945846
0.942334
0.937842
0.932534
0.930225
0.93189
0.9334030000000001
0.933419
0.932134
0.929881
0.926853
0.923091
0.921308
0.9219280000000001
0.922192
0.9216610000000001
0.9203690000000001
0.920708
0.924444
0.928811
0.9316209999999999
0.9330120000000001
0.9332799999999999
0.932607
0.931066
0.9285889999999999
0.9250290000000001
0.9231729999999999
0.9237280000000001
0.924111
0.92381
0.92261
0.924486
0.9295110000000001
0.9329299999999999
0.9341889999999999
0.933628
0.931551
0.9281530000000001
0.923472
0.917467
0.9132540000000001
0.9114209999999999
0.9089799999999999
0.905588
0.902224
0.9027940000000001
0.9063389999999999
0.9086209999999999
0.9095030000000001
0.9091040000000001
0.907323
0.9038579999999999
0.8983639999999999
0.890775
0.88449
0.880439
0.875877
0.8705440000000001
0.866084
0.865815
0.8681049999999999
0.8692799999999999
0.8691200000000001
0.867748
0.865245
0.861574
0.8566299999999999
0.8533
0.8521540000000001
0.8504709999999999
0.8479540000000001
0.84516
0.845665
0.84865
0.85
0.8497610000000001
0.848424
0.846361
0.843727
0.8404959999999999
0.8365610000000001
0.834725
0.8354450000000001
0.835828
0.8353280000000001
0.8350420000000001
0.8381370000000001
0.8432370000000001
0.846735
0.8485729999999999
0.849075
0.8484389999999999
0.846701
0.8438760000000001
0.84005
0.838413
0.839609
0.840627
0.8408709999999999
0.842231
0.8470549999999999
0.852928
0.8569190000000001
0.8591270000000001
0.859994
0.8597290000000001
0.8582139999999999
0.855208
0.8505370000000001
0.8473350000000001
0.846316
0.844525
0.84147
0.8392729999999999
0.840667
0.8435790000000001
0.8452129999999999
0.845561
0.8447399999999999
0.842665
0.839159
0.8341069999999999
0.830343
0.82837
0.8254540000000001
0.821343
0.81719
0.816559
0.81848
0.8192510000000001
0.8187770000000001
0.817257
0.8147909999999999
0.81139
0.8069890000000001
0.801521
0.797805
0.796523
0.795049
0.792805
0.7909470000000001
0.7923939999999999
0.795679
0.797552
0.7980649999999999
0.797568
0.796319
0.7944060000000001
0.791763
0.790935
0.79228
0.7930560000000001
0.792724
0.791833
0.794118
0.799044
0.802689
0.8049609999999999
0.806146
0.806493
0.806124
0.80494
0.802707
0.802029
0.803372
0.804037
0.803588
0.8033279999999999
0.806268
0.810882
0.813819
0.8152050000000001
0.8154319999999999
0.814697
0.81303
0.810348
0.806614
0.804819
0.805474
0.805606
0.804682
0.804574
0.80772
0.811987
0.814591
0.815577
0.8152119999999999
0.81367
0.810982
0.806988
0.801515
0.797355
0.795138
0.7923319999999999
0.788724
0.7859659999999999
0.787018
0.790323
0.792704
0.7940149999999999
0.794316
0.793516
0.791358
0.787565
0.784621
0.783146
0.78084
0.777453
0.773339
0.772508
0.7749199999999999
0.776647
0.77768
0.778269
0.778546
0.778468
0.777787
0.776151
0.7758010000000001
0.777022
0.777313
0.7763770000000001
0.775033
0.776697
0.78056
0.783042
0.784341
0.784972
0.785175
0.784894
0.783935
0.78214
0.782105
0.7842140000000001
0.7856920000000001
0.785959
0.786365
0.789782
0.794715
0.798071
0.799858
0.800381
0.79982
0.798182
0.795369
0.791296
0.7887460000000001
0.788325
0.787402
0.785518
0.784406
0.786791
0.7908310000000001
0.793547
0.794921
0.795207
0.794427
0.792351
0.788718
0.783419
0.779315
0.777166
0.774518
0.7710640000000001
0.768779
0.7703399999999999
0.773848
0.776488
0.7781359999999999
0.778798
0.778339
0.776602
0.773513
0.771502
0.7710130000000001
0.769726
0.767412
0.764342
0.764662
0.768422
0.77144
0.7735380000000001
0.7748430000000001
0.775356
0.774954
0.7734270000000001
0.770572
0.768811
0.768798
0.768323
0.767004
0.7653840000000001
0.767165
0.771858
0.775612
0.7783
0.7800729999999999
0.780979
0.78094
0.7797729999999999
0.779737
0.781219
0.781853
0.7812859999999999
0.7796390000000001
0.780878
0.785455
0.789369
0.792134
0.7939350000000001
0.7949189999999999
0.795121
0.794383
0.79243
0.789067
0.786904
0.786522
0.785438
0.783249
0.7815479999999999
0.783141
0.786361
0.788291
0.789042
0.788829
0.78768
0.785489
0.782191
0.780359
0.7804840000000001
0.780086
0.778783
0.776866
0.778149
0.7823720000000001
0.785459
0.7872
0.7876850000000001
0.786987
0.785145
0.782025
0.777423
0.7736810000000001
0.771489
0.768945
0.766013
0.762883
0.7636539999999999
0.768232
0.7720779999999999
0.774802
0.776408
0.776835
0.775948
0.773694
0.770193
0.7680680000000001
0.767868
0.767262
0.765936
0.764678
0.767047
0.772306
0.776668
0.780036
0.7826489999999999
0.784576
0.785655
0.785573
0.786346
0.788267
0.789151
0.7888350000000001
0.787463
0.787957
0.791554
0.795284
0.79787
0.799456
0.800184
0.80004
0.798898
0.796578
0.792968
0.790713
0.7904680000000001
0.789801
0.788234
0.786824
0.788736
0.792678
0.795134
0.7961010000000001
0.795867
0.794607
0.79242
0.789327
0.787776
0.788218
0.7882560000000001
0.7874979999999999
0.785916
0.786886
0.790926
0.794451
0.796875
0.798319
0.798713
0.797868
0.7955810000000001
0.791754
0.78873
0.7872100000000001
0.785317
0.782903
0.780076
0.779836
0.783111
0.786506
0.788611
0.789423
0.789081
0.787721
0.78538
0.782067
0.7803140000000001
0.780676
0.780827
0.780393
0.7793479999999999
0.781613
0.7871090000000001
0.7915369999999999
0.794783
0.797099
0.7985979999999999
0.7992
0.798673
0.796836
0.79613
0.797084
0.797384
0.796692
0.79504
0.796388
0.801149
0.805214
0.808066
0.8097989999999999
0.810425
0.809815
0.8077810000000001
0.80423
0.801718
0.800925
0.799671
0.797647
0.7948029999999999
0.795149
0.798629
0.8009430000000001
0.8021020000000001
0.8024220000000001
0.802004
0.8008
0.79869
0.795553
0.7938149999999999
0.793878
0.793244
0.791463
0.78857
0.788867
0.792543
0.7952560000000001
0.7968609999999999
0.797575
0.797491
0.796617
0.7948689999999999
0.792177
0.790998
0.791854
0.79238
0.792093
0.7908470000000001
0.7923399999999999
0.796768
0.800032
0.80179
0.802326
0.801801
0.800272
0.797724
0.794187
0.792315
0.792673
0.792783
0.79215
0.790864
0.7928649999999999
0.7979609999999999
0.801845
0.804301
0.805543
0.805746
0.804875
0.802701
0.801415
0.801489
0.800833
0.7993680000000001
0.797287
0.7973359999999999
0.800805
0.804823
0.807854
0.809824
0.810702
0.810398
0.808773
0.8057489999999999
0.8036939999999999
0.803193
0.802154
0.800308
0.797672
0.796964
0.799482
0.8023100000000001
0.804027
0.804855
0.805032
0.804578
0.8033600000000001
0.801214
0.800383
0.801292
0.801707
0.801248
0.799806
0.800395
0.804008
0.807496
0.809954
0.811651
0.812693
0.8129770000000001
0.812292
0.8104319999999999
0.809662
0.810446
0.810525
0.8095220000000001
0.807478
0.807632
0.811072
0.814473
0.816665
0.8177909999999999
0.8180029999999999
0.817346
0.815717
0.8129850000000001
0.8115859999999999
0.8120310000000001
0.8119430000000001
0.8108770000000001
0.808757
0.808983
0.812275
0.815094
0.8167770000000001
0.817579
0.8175859999999999
0.816728
0.814837
0.8117880000000001
0.81004
0.810163
0.80988
0.808843
0.807037
0.8078069999999999
0.811887
0.815611
0.817969
0.819106
0.819225
0.818336
0.816276
0.8129460000000001
0.810806
0.810511
0.8099529999999999
0.808809
0.80699
0.807779
0.811941
0.8158770000000001
0.818623
0.8202799999999999
0.8208850000000001
0.8203299999999999
0.818496
0.815375
0.813435
0.813172
0.812286
0.810465
0.807802
0.808139
0.812189
0.8161109999999999
0.8191890000000001
0.8215020000000001
0.822982
0.8233969999999999
0.822466
0.819998
0.818508
0.818679
0.818258
0.816866
0.8144979999999999
0.814966
0.818889
0.8224
0.824881
0.826435
0.827095
0.8268049999999999
0.8254360000000001
0.822857
0.8215110000000001
0.821838
0.821371
0.819742
0.8170729999999999
0.817276
0.820835
0.8237209999999999
0.8253590000000001
0.825973
0.8257540000000001
0.8247110000000001
0.82271
0.819652
0.818038
0.81835
0.818144
0.817016
0.814934
0.815832
0.820026
0.8233530000000001
0.825364
0.826177
0.825867
0.824413
0.8217690000000001
0.817986
0.815704
0.8154939999999999
0.814983
0.813792
0.811873
0.8132510000000001
0.8179890000000001
0.8216030000000001
0.8237690000000001
0.824781
0.8247690000000001
0.823615
0.821132
0.817245
0.814635
0.814016
0.813063
0.811411
0.809175
0.8105439999999999
0.815427
0.819307
0.821903
0.823298
0.823477
0.8223879999999999
0.820003
0.816295
0.813898
0.813419
0.812449
0.8106770000000001
0.808587
0.8101649999999999
0.815005
0.8188529999999999
0.821506
0.823082
0.8235870000000001
0.822916
0.820895
0.817394
0.815107
0.8147270000000001
0.81381
0.811949
0.809633
0.810704
0.814709
0.817645
0.8194450000000001
0.8203
0.820275
0.819292
0.817175
0.813776
0.811705
0.811457
0.810526
0.808643
0.806504
0.8077409999999999
0.811638
0.814246
0.815553
0.815909
0.815454
0.814099
0.8116899999999999
0.8081649999999999
0.806226
0.806388
0.806017
0.804612
0.802863
0.8043399999999999
0.808343
0.8111
0.812487
0.8127300000000001
0.811951
0.810164
0.807366
0.80356
0.801488
0.80172
0.801642
0.800742
0.799912
0.802417
0.807159
0.810542
0.812574
0.8134779999999999
0.813262
0.8118340000000001
0.809131
0.805225
0.803044
0.8032090000000001
0.8030390000000001
0.8020550000000001
0.8014560000000001
0.804388
0.809503
0.813277
0.815531
0.816367
0.81588
0.8141520000000001
0.811164
0.806868
0.804092
0.803442
0.8023170000000001
0.800383
0.79908
0.801467
0.8060930000000001
0.809615
0.811869
0.812944
0.812836
0.811426
0.808546
0.804162
0.801191
0.8002560000000001
0.798679
0.79606
0.7939189999999999
0.795366
0.799026
0.801719
0.803353
0.80408
0.803936
0.802801
0.800475
0.799365
0.799837
0.799415
0.7978770000000001
0.795331
0.7958810000000001
0.799583
0.802137
0.803485
0.803934
0.803629
0.802566
0.800656
0.797788
0.796428
0.797025
0.797093
0.7962020000000001
0.79459
0.796151
0.800592
0.803685
0.8052630000000001
0.8056180000000001
0.804994
0.803529
0.8012630000000001
0.798196
0.7969970000000001
0.7981560000000001
0.799016
0.799044
0.7989229999999999
0.802009
0.807321
0.811028
0.8130930000000001
0.813916
0.813704
0.8123859999999999
0.809774
0.805741
0.8030079999999999
0.8022640000000001
0.801068
0.7990619999999999
0.797153
0.798833
0.803172
0.806371
0.808236
0.808869
0.808338
0.806646
0.803647
0.7991560000000001
0.795875
0.794473
0.792558
0.789898
0.7877970000000001
0.789354
0.793276
0.79624
0.798196
0.799298
0.799531
0.798713
0.796597
0.793081
0.790959
0.790825
0.790079
0.788323
0.7867850000000001
0.7887270000000001
0.793049
0.796421
0.7988
0.8003779999999999
0.801157
0.800951
0.799528
0.796746
0.7952739999999999
0.795614
0.795187
0.793682
0.792452
0.79461
0.798828
0.8017850000000001
0.803503
0.804301
0.804295
0.803377
0.801375
0.798171
0.796506
0.7968649999999999
0.79647
0.794805
0.793553
0.795747
0.799798
0.802599
0.804059
0.804398
0.803786
0.802231
0.799585
0.798261
0.798706
0.798497
0.797323
0.795215
0.796298
0.800582
0.803608
0.805186
0.805563
0.8048569999999999
0.8030510000000001
0.800093
0.795948
0.7931779999999999
0.7924359999999999
0.7914859999999999
0.790035
0.7883020000000001
0.7901859999999999
0.795284
0.7991199999999999
0.801439
0.802424
0.802176
0.800743
0.798181
0.794508
0.792326
0.792157
0.791536
0.790158
0.788904
0.791334
0.796602
0.8008569999999999
0.803962
0.806089
0.807245
0.8072189999999999
0.805678
0.802446
0.800253
0.799744
0.798435
0.795979
0.793393
0.7943979999999999
0.7982779999999999
0.8013
0.803294
0.804405
0.804672
0.803944
0.804258
0.80583
0.806341
0.805484
0.8034560000000001
0.8023939999999999
0.804326
0.807241
0.809053
0.809808
0.809708
0.8105289999999999
0.8126899999999999
0.814616
0.815936
0.816603
0.8166640000000001
0.816181
0.8180649999999999
0.822667
0.826692
0.829312
0.83055
0.830573
0.829573
0.8291860000000001
0.829875
0.8304389999999999
0.830874
0.8313729999999999
0.831937
0.8323659999999999
0.835528
0.841477
0.846577
0.8501770000000001
0.8524280000000001
0.853663
0.854233
0.855816
0.858599
0.8608600000000001
0.862207
0.8626870000000001
0.862402
0.8614450000000001
0.8631200000000001
0.8673049999999999
0.8705309999999999
0.8728790000000001
0.874611
0.8757440000000001
0.87605
0.8767659999999999
0.877992
0.8781700000000001
0.8771040000000001
0.8749290000000001
0.871817
0.8682350000000001
0.86746
0.869245
0.870353
0.8708370000000001
0.870923
0.870603
0.8711760000000001
0.872726
0.873674
0.873758
0.873141
0.872058
0.87054
0.8705709999999999
0.873218
0.8762120000000001
0.878368
0.879964
0.881239
0.882185
0.884034
0.886918
0.889445
0.891436
0.892976
0.8940290000000001
0.8943629999999999
0.894769
0.897742
0.9024059999999999
0.90628
0.909429
0.911984
0.913882
0.916409
0.919904
0.9231459999999999
0.925941
0.9282530000000001
0.9299229999999999
0.93066
0.9309299999999999
0.9335040000000001
0.9378139999999999
0.941175
0.9438030000000001
0.9458790000000001
0.947275
0.947772
0.9488469999999999
0.950786
0.9520639999999999
0.9525
0.9521059999999999
0.950792
0.948492
0.9481799999999999
0.950994
0.954051
0.95626
0.9575629999999999
0.957907
0.957131
0.956707
0.9570049999999999
0.956617
0.955405
0.953507
0.951049
0.948042
0.946559
0.948274
0.951031
0.952983
0.953939
0.9537700000000001
0.95237
0.9513030000000001
0.9511200000000001
0.9505620000000001
0.9494090000000001
0.947674
0.945349
0.9423729999999999
0.9405100000000001
0.942011
0.945226
0.947926
0.949981
0.9513389999999999
0.953209
0.9557770000000001
0.9577319999999999
0.9589040000000001
0.9594229999999999
0.9593379999999999
0.9585940000000001
0.9571459999999999
0.9582200000000001
0.962353
0.966252
0.9693950000000001
0.971866
0.973614
0.974542
0.9761920000000001
0.9788819999999999
0.981037
0.982332
0.9827319999999999
0.982251
0.980925
0.981165
0.9845010000000001
0.988504
0.991557
0.9936209999999999
0.994732
0.994924
0.99592
0.9980620000000001
0.999698
1.000559
1.000656
0.9999790000000001
0.998469
0.998418
1.001459
1.005219
1.007898
1.009369
1.009609
1.0085680000000001
1.007895
1.008114
1.0078690000000001
1.007
1.00559
1.0036969999999998
1.001241
0.999441
1.000542
1.003021
1.0043469999999999
1.004599
1.003938
1.002365
1.001493
1.001717
1.001534
1.000751
0.999526
0.997935
0.9958870000000001
0.994704
0.996657
1.0002309999999999
1.002904
1.004573
1.005252
1.004936
1.005287
1.006707
1.007698
1.0080559999999998
1.007839
1.007028
1.005525
1.0045870000000001
1.006687
1.0104879999999998
1.0133729999999999
1.015275
1.016211
1.016082
1.0164950000000001
1.017876
1.018789
1.019052
1.018637
1.017483
1.015496
1.014433
1.01627
1.019201
1.021233
1.022369
1.022624
1.021942
1.0220559999999999
1.0233079999999999
1.02398
1.0238
1.022869
1.0213139999999998
1.019094
1.018135
1.020162
1.02302
1.024781
1.025475
1.025285
1.0243120000000001
1.0225389999999999
1.021941
1.0229629999999998
1.023692
1.023709
1.022894
1.0211569999999999
1.018619
1.019133
1.0225959999999998
1.0250270000000001
1.0263950000000002
1.026874
1.026477
1.025196
1.0250920000000001
1.026551
1.0275290000000001
1.0276379999999998
1.0268709999999999
1.025191
1.022486
1.022576
1.02568
1.0278969999999998
1.0290780000000002
1.029313
1.028592
1.026845
1.02599
1.026464
1.026514
1.025967
1.024865
1.023155
1.0207
1.021167
1.024659
1.027124
1.028356
1.028678
1.028219
1.0268959999999998
1.026646
1.027865
1.0286110000000002
1.0285819999999999
1.027865
1.0264950000000002
1.024332
1.025158
1.029097
1.032101
1.033986
1.034849
1.0346520000000001
1.033348
1.032967
1.033928
1.034306
1.033844
1.0326030000000002
1.030538
1.027563
1.027618
1.030985
1.033621
1.035291
1.036131
1.036092
1.034981
1.034657
1.035441
1.035421
1.034442
1.03262
1.0299479999999999
1.026497
1.026131
1.028778
1.030469
1.031264
1.0313940000000001
1.030828
1.029409
1.029039
1.029996
1.030206
1.029328
1.027469
1.024764
1.021517
1.021348
1.023944
1.025487
1.02596
1.0255729999999998
1.0244280000000001
1.022494
1.0217100000000001
1.0224229999999999
1.022674
1.022182
1.020939
1.018833
1.0162879999999999
1.016724
1.019672
1.021619
1.0225469999999999
1.022629
1.0218559999999999
1.020074
1.019303
1.020058
1.020442
1.0201879999999999
1.019328
1.017809
1.0164799999999998
1.018276
1.022098
1.024697
1.026109
1.026576
1.026101
1.024517
1.023865
1.024558
1.024553
1.023621
1.021942
1.019584
1.017778
1.019292
1.022775
1.02524
1.026613
1.026921
1.026119
1.024171
1.023191
1.0235459999999998
1.023167
1.021822
1.019619
1.016616
1.014291
1.015372
1.018348
1.0203389999999999
1.021336
1.02142
1.020477
1.018302
1.016928
1.016851
1.016189
1.014758
1.012614
1.009742
1.0076120000000002
1.0087110000000001
1.011444
1.013224
1.014159
1.014343
1.013692
1.012034
1.011403
1.012152
1.012156
1.011104
1.009112
1.00631
1.004638
1.006291
1.0092649999999999
1.0112
1.012103
1.012078
1.011151
1.011272
1.012725
1.013548
1.013496
1.012628
1.010909
1.008357
1.0087629999999999
1.0120850000000001
1.014307
1.015277
1.01515
1.014009
1.011857
1.010705
1.011039
1.011024
1.0104
1.009217
1.007448
1.00547
1.006536
1.009933
1.011957
1.0126629999999999
1.012414
1.01135
1.009408
1.008589
1.0092729999999999
1.009451
1.008895
1.007807
1.006248
1.005139
1.007307
1.011564
1.014709
1.016669
1.017515
1.017159
1.015483
1.014577
1.0149219999999999
1.014597
1.013411
1.011479
1.00878
1.006348
1.007182
1.0101879999999999
1.0122440000000001
1.013357
1.013644
1.0129920000000001
1.011153
1.0101209999999998
1.01035
1.009923
1.008637
1.006507
1.003473
1.001209
1.0020850000000001
1.004419
1.005908
1.006683
1.006787
1.006089
1.0044170000000001
1.003831
1.004712
1.004952
1.004249
1.0026959999999998
1.000363
0.998898
1.0005819999999999
1.003629
1.005552
1.006363
1.006197
1.005144
1.003206
1.00254
1.003628
1.0044170000000001
1.00451
1.003787
1.002071
1.00101
1.00289
1.005978
1.0079879999999999
1.008989
1.009093
1.008235
1.006245
1.005309
1.0059850000000001
1.006204
1.005628
1.004284
1.002151
1.001408
1.003876
1.007147
1.009232
1.0102879999999999
1.010401
1.009421
1.0071729999999999
1.005871
1.006024
1.005608
1.004466
1.002686
1.000156
0.9990469999999999
1.001144
1.004001
1.005617
1.006019
1.005274
1.003414
1.000484
0.998757
0.998677
0.9981059999999999
0.996706
0.994451
0.991326
0.989909
0.991934
0.9947819999999999
0.9966729999999999
0.997659
0.997725
0.996705
0.996484
0.997361
0.9974190000000001
0.996569
0.9949979999999999
0.9927459999999999
0.9904
0.991247
0.9945780000000001
0.99685
0.9980950000000001
0.9985069999999999
0.998093
0.9967969999999999
0.996592
0.9977860000000001
0.998352
0.9979610000000001
0.996604
0.994259
0.9919629999999999
0.992675
0.995291
0.996726
0.997082
0.9965860000000001
0.9953540000000001
0.9934290000000001
0.992893
0.994057
0.9947889999999999
0.994735
0.9938610000000001
0.9920559999999999
0.9909020000000001
0.9926780000000001
0.995685
0.997553
0.9983040000000001
0.998027
0.996699
0.9942059999999999
0.9926459999999999
0.9925709999999999
0.9920770000000001
0.99092
0.989152
0.9867459999999999
0.9854459999999999
0.9872920000000001
0.990208
0.9918110000000001
0.9922059999999999
0.9916360000000001
0.990118
0.9874950000000001
0.985901
0.985784
0.9850399999999999
0.9834440000000001
0.9812059999999999
0.9783930000000001
0.977461
0.979972
0.983292
0.9857040000000001
0.987237
0.987874
0.987442
0.987819
0.9893770000000001
0.990196
0.990032
0.9890129999999999
0.987196
0.984876
0.9855719999999999
0.989007
0.991497
0.992972
0.993624
0.9934930000000001
0.992475
0.992358
0.9934
0.993684
0.9930059999999999
0.991553
0.989331
0.9866309999999999
0.986807
0.98936
0.9906809999999999
0.9908899999999999
0.9903780000000001
0.989303
0.9875860000000001
0.98713
0.988236
0.988856
0.988611
0.9874729999999999
0.9854379999999999
0.9836290000000001
0.9849049999999999
0.9880770000000001
0.990142
0.991181
0.99136
0.990664
0.9890040000000001
0.988295
0.9888709999999999
0.988818
0.987934
0.986318
0.9839190000000001
0.9817110000000001
0.982454
0.9850180000000001
0.9865379999999999
0.9871030000000001
0.98682
0.9856299999999999
0.9833649999999999
0.982009
0.982031
0.981593
0.980524
0.978856
0.9765229999999999
0.9753440000000001
0.9773379999999999
0.9804370000000001
0.9823930000000001
0.983259
0.983175
0.982196
0.982189
0.9834129999999999
0.983985
0.983708
0.9826860000000001
0.980986
0.9786299999999999
0.9793219999999999
0.983153
0.986165
0.988122
0.989124
0.989115
0.987941
0.987301
0.9875639999999999
0.987151
0.985992
0.9842129999999999
0.981822
0.9786600000000001
0.9784079999999999
0.981187
0.983124
0.9842059999999999
0.984669
0.9845379999999999
0.983675
0.983822
0.98521
0.985883
0.985584
0.9844649999999999
0.9825459999999999
0.980208
0.980773
0.9838129999999999
0.98593
0.987223
0.987952
0.9880969999999999
0.987391
0.987507
0.9887440000000001
0.989268
0.9888290000000001
0.987453
0.985082
0.9822350000000001
0.982383
0.985052
0.9867239999999999
0.987375
0.9871200000000001
0.985867
0.9835020000000001
0.982107
0.982231
0.9820260000000001
0.9812379999999999
0.979877
0.9778040000000001
0.97608
0.977284
0.980085
0.981735
0.982404
0.9822709999999999
0.9812639999999999
0.9811030000000001
0.9820629999999999
0.9823629999999999
0.981826
0.9806530000000001
0.9789450000000001
0.9766440000000001
0.976608
0.9796950000000001
0.982778
0.984792
0.9857549999999999
0.985714
0.9847040000000001
0.984425
0.9851530000000001
0.985253
0.9846030000000001
0.9833350000000001
0.9814780000000001
0.9789610000000001
0.9787319999999999
0.9815959999999999
0.9843790000000001
0.986196
0.9872049999999999
0.987448
0.986807
0.986992
0.9883649999999999
0.989251
0.989424
0.988878
0.9875700000000001
0.985374
0.985874
0.98939
0.992283
0.994408
0.9959
0.9966700000000001
0.99649
0.996991
0.998408
0.998922
0.9983129999999999
0.996764
0.9944639999999999
0.9914040000000001
0.991165
0.9940629999999999
0.9962770000000001
0.9973860000000001
0.9974870000000001
0.9966200000000001
0.9947219999999999
0.9936450000000001
0.993821
0.993504
0.992449
0.990643
0.9879870000000001
0.9846090000000001
0.9842639999999999
0.986841
0.9884729999999999
0.989094
0.9888889999999999
0.987873
0.985973
0.985101
0.985676
0.985856
0.985333
0.984135
0.982226
0.979727
0.980196
0.9833959999999999
0.9855790000000001
0.986799
0.987233
0.9868290000000001
0.985475
0.985002
0.9857899999999999
0.986092
0.985762
0.9849319999999999
0.983576
0.981975
0.983513
0.9877
0.990798
0.992683
0.9934540000000001
0.9931479999999999
0.9918
0.9914040000000001
0.99236
0.992791
0.992417
0.991246
0.9892719999999999
0.9873719999999999
0.988714
0.9924459999999999
0.995293
0.9972030000000001
0.9982209999999999
0.998202
0.996926
0.9963270000000001
0.99692
0.996875
0.995915
0.9940979999999999
0.9914629999999999
0.988869
0.989416
0.9922799999999999
0.994251
0.99525
0.9953299999999999
0.994447
0.994309
0.9952030000000001
0.995389
0.99461
0.992986
0.99066
0.9876209999999999
0.98611
0.9875290000000001
0.9894219999999999
0.9902200000000001
0.9900469999999999
0.989137
0.987598
0.987133
0.988031
0.988605
0.9885649999999999
0.987883
0.9864620000000001
0.984115
0.9834950000000001
0.9858450000000001
0.9884139999999999
0.990014
0.990771
0.990763
0.9899100000000001
0.989973
0.991368
0.992402
0.992821
0.992664
0.991907
0.9903719999999999
0.9913059999999999
0.9950680000000001
0.9980969999999999
1.0000120000000001
1.000988
1.0009700000000001
0.999808
0.9993110000000001
0.99987
0.9997739999999999
0.99892
0.9974729999999999
0.995417
0.9925809999999999
0.99261
0.9957030000000001
0.997925
0.998978
0.9989610000000001
0.9979049999999999
0.995813
0.9945940000000001
0.994627
0.994116
0.992849
0.990872
0.988188
0.9851059999999999
0.9852770000000001
0.988456
0.9908870000000001
0.992491
0.9933379999999999
0.9933040000000001
0.992181
0.9917440000000001
0.9924229999999999
0.9925729999999999
0.992043
0.990876
0.9890329999999999
0.986458
0.986856
0.9902129999999999
0.992669
0.99424
0.995079
0.995157
0.9943549999999999
0.994469
0.995817
0.996516
0.9962979999999999
0.995274
0.9934270000000001
0.9907819999999999
0.991023
0.994092
0.996193
0.997344
0.9977879999999999
0.9975510000000001
0.998246
1.000062
1.00125
1.001547
1.000967
0.999475
0.9969959999999999
0.995566
0.9970680000000001
0.999474
1.0009219999999999
1.00146
1.001159
0.999951
0.99949
1.0001870000000002
1.000532
1.000366
0.9997540000000001
0.9986430000000001
0.996798
0.996116
0.998137
1.0005979999999999
1.001841
1.0021200000000001
1.001644
1.000413
1.000157
1.001206
1.0018209999999999
1.001737
1.00104
0.9997389999999999
0.9976809999999999
0.997395
1.000105
1.003088
1.005028
1.005944
1.005866
1.004779
1.004391
1.0049700000000001
1.004808
1.0037530000000001
1.001952
0.9994959999999999
0.9964049999999999
0.995567
0.997967
1.000549
1.002184
1.0029059999999999
1.002658
1.001262
1.00045
1.000651
1.000276
0.999182
0.997425
0.995006
0.991819
0.991189
0.993676
0.995886
0.9974
0.998367
0.998748
0.99836
0.998872
1.000505
1.0013809999999999
1.001211
1.0001200000000001
0.998258
0.995619
0.995599
0.99875
1.001526
1.003333
1.004251
1.004316
1.003483
1.003552
1.004905
1.005803
1.005975
1.005383
1.003906
1.001422
1.001539
1.0047030000000001
1.007168
1.008505
1.008894
1.0083799999999998
1.00691
1.0063950000000002
1.007267
1.00768
1.007284
1.006077
1.004037
1.0010569999999999
1.000889
1.003741
1.005738
1.006795
1.007077
1.00651
1.004945
1.0041639999999998
1.0044959999999998
1.004176
1.0030860000000001
1.00142
0.9992209999999999
0.9963780000000001
0.996656
1.0001209999999998
1.002642
1.003937
1.0040959999999999
1.00318
1.0012590000000001
1.000276
1.000642
1.000578
0.999812
0.9983270000000001
0.9960709999999999
0.993159
0.993397
0.9966729999999999
0.999027
1.000393
1.000894
1.000457
1.000681
1.001859
1.0024
1.002117
1.001036
0.999186
0.9965870000000001
0.9952770000000001
0.997023
0.9997459999999999
1.001602
1.0025700000000002
1.002648
1.001781
1.001641
1.002509
1.0026979999999999
1.0020069999999999
1.000618
0.9986940000000001
0.996167
0.9953200000000001
0.9974860000000001
1.0000930000000001
1.0016260000000001
1.002204
1.0020440000000002
1.001242
1.001578
1.003344
1.004732
1.00539
1.005247
1.004199
1.002086
1.001775
1.004392
1.007049
1.0087629999999999
1.009654
1.009727
1.0088030000000001
1.0085600000000001
1.009387
1.0096399999999999
1.009134
1.007975
1.006204
1.003696
1.003301
1.005815
1.008114
1.009332
1.009584
1.008815
1.006899
1.005685
1.005624
1.005052
1.003871
1.0022209999999998
1.000043
0.997131
0.996886
0.9997219999999999
1.001982
1.003188
1.0034399999999999
1.002781
1.0012159999999999
1.0005629999999999
1.001149
1.001205
1.000493
0.999034
0.996822
0.9938520000000001
0.993733
0.996951
0.999841
1.0019129999999998
1.003185
1.003523
1.00272
1.002524
1.0033940000000001
1.003738
1.0033940000000001
1.002383
1.0006540000000002
0.998059
0.9982280000000001
1.0014120000000002
1.003815
1.0052709999999998
1.005953
1.0058639999999999
1.004915
1.004953
1.006284
1.0069649999999999
1.0067030000000001
1.0056049999999999
1.003666
1.00091
1.001079
1.0041309999999999
1.0061959999999999
1.007255
1.007531
1.00706
1.00569
1.0052159999999999
1.005991
1.006174
1.005494
1.00396
1.001526
0.9983489999999999
0.9982620000000001
1.0011450000000002
1.003041
1.003857
1.003722
1.002602
1.000435
0.999243
0.9995700000000001
0.999626
0.9991200000000001
0.998031
0.996225
0.993762
0.994152
0.997107
0.998892
0.9996139999999999
0.9995149999999999
0.998597
0.9985649999999999
0.999697
1.000238
0.999943
0.9989459999999999
0.997344
0.9951030000000001
0.9942840000000001
0.996524
0.999561
1.001528
1.002385
1.00221
1.00108
1.00073
1.001419
1.001462
1.000724
0.9993700000000001
0.997476
0.9950129999999999
0.9945350000000001
0.9971709999999999
1.000094
1.001976
1.0029219999999999
1.002987
1.0020850000000001
1.001951
1.0029549999999998
1.003433
1.0031780000000001
1.002219
1.000544
0.998035
0.997775
1.000475
1.00296
1.004651
1.005719
1.006138
1.0057129999999999
1.0060559999999998
1.007361
1.007774
1.007041
1.005331
1.002838
0.999567
0.998782
1.001121
1.003148
1.004175
1.004316
1.003636
1.002075
1.001442
1.002109
1.002301
1.0017610000000001
1.00047
0.998316
0.9951709999999999
0.9949
0.997706
0.999598
1.000449
1.0004819999999999
0.99974
0.9981540000000001
0.997606
0.998508
0.999016
0.998806
0.997886
0.996207
0.993604
0.9937959999999999
0.9969370000000001
0.999131
1.0003440000000001
1.0007700000000002
1.0003600000000001
0.998992
0.9984700000000001
0.999157
0.999302
0.998769
0.997711
0.9961190000000001
0.9938790000000001
0.9947729999999999
0.9987440000000001
1.001651
1.0033450000000002
1.003934
1.003466
1.001983
1.0014450000000001
1.0022440000000001
1.0025389999999998
1.00205
1.000768
0.998654
0.99605
0.9966139999999999
1.00006
1.002634
1.004276
1.0050700000000001
1.004897
1.003543
1.002899
1.003457
1.003403
1.002443
1.000625
0.997986
0.994975
0.995107
0.998016
1.0000930000000001
1.001221
1.0014370000000001
1.000678
0.998835
0.9978100000000001
0.9979790000000001
0.997459
0.9960559999999999
0.9939540000000001
0.9911840000000001
0.9882610000000001
0.988475
0.991201
0.992908
0.9935639999999999
0.993409
0.9925299999999999
0.9926649999999999
0.994084
0.995015
0.9951409999999999
0.9944280000000001
0.992828
0.990268
0.989238
0.991216
0.9936959999999999
0.9952290000000001
0.995886
0.9957219999999999
0.994654
0.994381
0.9952790000000001
0.9957159999999999
0.995501
0.994733
0.993432
0.991439
0.99155
0.994527
0.997243
0.998863
0.999568
0.999387
0.99826
0.998033
0.99908
0.9996430000000001
0.999559
0.9989319999999999
0.997699
0.995655
0.996296
0.999892
1.0026469999999998
1.004211
1.00472
1.0042309999999999
1.002736
1.0020360000000001
1.002443
1.0021930000000001
1.0010809999999999
0.999179
0.996533
0.9931629999999999
0.992833
0.995814
0.9982120000000001
0.9997020000000001
1.000332
0.999969
0.998393
0.9973850000000001
0.997402
0.996827
0.9955440000000001
0.993634
0.991088
0.987985
0.987942
0.990807
0.9928100000000001
0.993983
0.9944870000000001
0.994296
0.9932790000000001
0.993225
0.9944200000000001
0.994958
0.9945930000000001
0.993468
0.991576
0.997516
1.049754
1.13446
1.21122
1.2833350000000001
1.350833
1.413693
1.472134
1.526348
1.576243
1.621622
1.6622759999999999
1.697717
1.7241990000000003
1.727295
1.6928880000000002
1.643172
1.606008
1.579797
1.559472
1.543995
1.532932
1.531215
1.539521
1.551325
1.564737
1.581345
1.607752
1.6552639999999998
1.723625
1.791173
1.8450400000000002
1.8921689999999998
1.9340439999999999
1.967512
1.993166
2.012284
2.025877
2.034382
2.03724
2.031443
2.0104889999999997
1.973107
1.927784
1.888901
1.863276
1.848338
1.842668
1.844532
1.851955
1.8661150000000002
1.8860540000000001
1.908204
1.933375
1.9655650000000002
2.009837
2.065444
2.120788
2.162575
2.189206
2.207425
2.217927
2.218683
2.211847
2.1998580000000003
2.18459
2.1666369999999997
2.1446490000000002
2.115541
2.081938
2.049322
2.024318
2.01417
2.01825
2.032867
2.055144
2.084163
2.120527
2.159528
2.1957400000000002
2.229011
2.260959
2.2934669999999997
2.32552
2.350715
2.3606599999999998
2.352199
2.328554
2.298588
2.2664400000000002
2.230802
2.193674
2.156908
2.1210259999999996
2.0852009999999996
2.047959
2.014968
1.989314
1.971222
1.9660950000000001
1.974055
1.99072
2.011523
2.03749
2.0658369999999997
2.08918
2.105859
2.116694
2.123555
2.128109
2.130054
2.12577
2.1116759999999997
2.0870740000000003
2.052075
2.009117
1.962795
1.9171340000000001
1.8754439999999999
1.8396439999999998
1.8131599999999999
1.7952919999999999
1.780961
1.768523
1.7590560000000002
1.755959
1.762586
1.7790240000000002
1.8016860000000001
1.8295299999999999
1.8580740000000002
1.8797529999999998
1.8922279999999998
1.8949099999999999
1.8886509999999999
1.875258
1.8607669999999998
1.846282
1.8260419999999997
1.7970689999999998
1.7585680000000001
1.7129330000000003
1.6648939999999999
1.6239290000000002
1.593934
1.571351
1.555451
1.54539
1.5393139999999998
1.535242
1.532176
1.535184
1.546363
1.562295
1.581682
1.601291
1.616498
1.625283
1.628252
1.622515
1.6055
1.579117
1.546067
1.508672
1.468149
1.424501
1.3770799999999999
1.33012
1.285954
1.243739
1.2067430000000001
1.177729
1.163273
1.162536
1.167607
1.17592
1.185331
1.194215
1.201943
1.208679
1.214632
1.223743
1.234142
1.237516
1.230469
1.212176
1.18771
1.159944
1.1269850000000001
1.09054
1.053122
1.016099
0.979633
0.9433159999999999
0.907108
0.8764959999999999
0.8544719999999999
0.839192
0.833285
0.840101
0.855849
0.8739299999999999
0.8912899999999999
0.905394
0.9145719999999999
0.9183379999999999
0.917118
0.911524
0.9015479999999999
0.886173
0.8688440000000001
0.848634
0.819809
0.7891279999999999
0.759452
0.726685
0.692711
0.660153
0.6307149999999999
0.6050260000000001
0.582903
0.563902
0.553398
0.552434
0.561584
0.580889
0.603164
0.625268
0.6450239999999999
0.660134
0.668647
0.6694479999999999
0.6623600000000001
0.647947
0.627107
0.600604
0.568811
0.537034
0.505829
0.47734399999999994
0.45219899999999996
0.42481499999999994
0.397094
0.371347
0.349225
0.331536
0.318181
0.30832800000000005
0.300887
0.301167
0.314671
0.33637399999999995
0.359101
0.379886
0.397497
0.410207
0.416284
0.414545
0.404559
0.38671500000000003
0.362083
0.33208000000000004
0.298094
0.267034
0.246375
0.231913
0.21664099999999997
0.19983599999999999
0.18337699999999998
0.169148
0.158601
0.152513
0.150729
0.152107
0.154894
0.164881
0.18753399999999998
0.21370799999999998
0.23519
0.251857
0.263666
0.269809
0.269251
0.26119899999999996
0.245385
0.222232
0.192906
0.15916
0.131348
0.118603
0.113407
0.108051
0.10211100000000001
0.095709
0.089337
0.083967
0.08076900000000001
0.080605
0.083595
0.088969
0.09523
0.10987899999999999
0.137138
0.16548800000000002
0.186869
0.200863
0.20809499999999997
0.20896399999999998
0.203483
0.191551
0.173205
0.14882599999999999
0.119314
0.086142
0.061068
0.051789999999999996
0.049435
0.048285
0.048526
0.050199
0.052890999999999994
0.056362
0.060761
0.06629
0.07283099999999999
0.079752
0.085924
0.099755
0.12567
0.151795
0.170232
0.180584
0.183589
0.180198
0.171371
0.15784700000000002
0.14009000000000002
0.11847200000000001
0.093558
0.066315
0.048483
0.047002999999999996
0.052309
0.059053999999999995
0.06754099999999999
0.077877
0.089476
0.101502
0.11329000000000002
0.124428
0.134573
0.143219
0.149595
0.16108499999999998
0.18387
0.20800700000000003
0.22437800000000002
0.23240300000000003
0.232762
0.22646999999999998
0.21486
0.199377
0.181225
0.161217
0.139958
0.118131
0.096691
0.086601
0.094948
0.111826
0.130215
0.14961
0.169466
0.188682
0.20610599999999998
0.220912
0.232636
0.241
0.2457
0.246271
0.24211300000000002
0.239319
0.24599200000000002
0.255265
0.25790599999999997
0.25406100000000004
0.24538200000000002
0.233474
0.21981399999999998
0.20565
0.191827
0.178788
0.166792
0.156125
0.154949
0.170551
0.194661
0.219131
0.24315900000000001
0.265984
0.286406
0.303223
0.31556999999999996
0.322975
0.325256
0.322388
0.314411
0.30149000000000004
0.28414
0.269484
0.26553699999999997
0.266675
0.265048
0.260627
0.25511100000000003
0.24979200000000001
0.24552100000000002
0.242787
0.241684
0.241957
0.24313099999999999
0.24457600000000002
0.25196799999999997
0.272404
0.299541
0.324653
0.346147
0.36340700000000004
0.375757
0.382749
0.384337
0.380761
0.372344
0.35941100000000004
0.342386
0.32197800000000004
0.299266
0.281604
0.276887
0.279995
0.283404
0.286545
0.29048
0.295674
0.302109
0.309515
0.317393
0.324994
0.331339
0.33528800000000003
0.335789
0.338872
0.350813
0.367223
0.3808
0.388445
0.390469
0.387489
0.380263
0.369697
0.356632
0.34168899999999996
0.325363
0.308184
0.29065599999999997
0.279331
0.281686
0.292927
0.305605
0.318444
0.331629
0.34477399999999997
0.357131
0.367919
0.376382
0.381741
0.383198
0.38010700000000003
0.372229
0.366199
0.368052
0.37443699999999996
0.37909
0.378751
0.374193
0.36645500000000003
0.356565
0.345552
0.33428800000000003
0.323345
0.31300300000000003
0.303299
0.294064
0.29141300000000003
0.30232600000000004
0.321754
0.341915
0.360676
0.377639
0.392073
0.403134
0.410153
0.412646
0.41023000000000004
0.40269
0.390135
0.373104
0.352506
0.335647
0.329459
0.32998299999999997
0.330543
0.32903499999999997
0.326363
0.32325
0.32016500000000003
0.31746399999999997
0.31531
0.313521
0.311573
0.308743
0.310688
0.323573
0.342725
0.361037
0.376046
0.387399
0.394624
0.397267
0.395099
0.388104
0.37643000000000004
0.360464
0.340932
0.318931
0.29581999999999997
0.279111
0.276781
0.283271
0.290281
0.296563
0.302555
0.308305
0.31364699999999995
0.31838299999999997
0.322201
0.324548
0.32465700000000003
0.321685
0.321381
0.33005500000000004
0.343484
0.354904
0.361881
0.364452
0.362735
0.356959
0.347561
0.33510100000000004
0.320158
0.303347
0.285402
0.267217
0.25609699999999996
0.26050100000000004
0.274081
0.287533
0.299799
0.311191
0.321571
0.330531
0.337622
0.342348
0.34410300000000005
0.34224299999999996
0.336204
0.325665
0.317352
0.318898
0.326067
0.331407
0.332679
0.330273
0.324682
0.3165
0.306505
0.295513
0.28419099999999997
0.273018
0.262326
0.252273
0.24923499999999998
0.260886
0.280298
0.298063
0.313177
0.325763
0.335574
0.34220500000000004
0.345317
0.344609
0.339765
0.330523
0.316845
0.299101
0.28457
0.281794
0.286046
0.289191
0.289641
0.28791100000000003
0.284475
0.279817
0.274534
0.269185
0.264115
0.259395
0.254832
0.249977
0.250748
0.26456799999999997
0.284578
0.3015
0.314271
0.323048
0.327754
0.328286
0.324698
0.31713600000000003
0.30576
0.290799
0.272704
0.252226
0.23672600000000002
0.23545500000000003
0.24246199999999998
0.24850100000000003
0.252942
0.256266
0.25869899999999996
0.260371
0.26144
0.261974
0.261807
0.26053000000000004
0.25756100000000004
0.258728
0.271223
0.288643
0.302358
0.311421
0.316202
0.316892
0.313663
0.306822
0.296745
0.283803
0.268399
0.251075
0.232596
0.22039699999999998
0.22398800000000002
0.236569
0.24808200000000002
0.25803400000000004
0.26673800000000003
0.27421799999999996
0.280411
0.285281
0.28870100000000004
0.290333
0.289654
0.286047
0.278912
0.274401
0.28020100000000003
0.29085900000000003
0.29824
0.301308
0.300753
0.297087
0.29076399999999997
0.282326
0.272312
0.261135
0.24911599999999998
0.23658600000000002
0.223919
0.217954
0.227255
0.24454499999999998
0.259919
0.27288
0.283669
0.29223499999999997
0.298428
0.302124
0.303126
0.301077
0.29551900000000003
0.286043
0.272485
0.26156
0.261845
0.26811599999999997
0.272088
0.273007
0.271631
0.268472
0.263936
0.258472
0.252481
0.246194
0.239681
0.232904
0.225714
0.21790700000000002
0.20933000000000002
0.199795
0.18901500000000002
0.17673
0.162803
0.147175
0.12980799999999998
0.110668
0.08970299999999999
0.066838
0.042006
0.015209
-0.009142
-0.024365
-0.029618000000000002
-0.027982999999999997
-0.022486000000000003
-0.015613
-0.00911
-0.003954
-0.000472
0.001449
0.0021579999999999998
0.002059
0.001485
0.000685
-1.4000000000000001e-05
-0.000148
0.000562
0.0019260000000000002
0.003453
0.004674
0.005312
0.005292
0.0047009999999999994
0.005259000000000001
0.006704000000000001
0.006559000000000001
0.004757
0.002541
0.000666
-0.000977
-0.002529
-0.0039
-0.004886
-0.005353
-0.005291
-0.004787
-0.003964
-0.002935
-0.001854
-0.000967
-0.000452
-0.00022400000000000002
3.4e-05
0.000627
0.001592
0.002699
0.0036490000000000003
0.004235
0.004385
0.00413
0.003547
0.0027429999999999998
0.001894
0.0012109999999999998
0.000778
0.00045700000000000005
-1e-05
-0.000782
-0.0017800000000000001
-0.0027649999999999997
-0.003514
-0.003906
-0.003927
-0.0036299999999999995
-0.003093
-0.002428
-0.0017829999999999999
-0.0012900000000000001
-0.000936
-0.000557
3.4e-05
0.0008810000000000001
0.001842
0.0027
0.003295
0.003568
0.003536
0.0032549999999999996
0.0028
0.003017
0.003708
0.0035450000000000004
0.002585
0.001371
8.9e-05
-0.001168
-0.002245
-0.00301
-0.0034170000000000003
-0.003498
-0.003326
-0.0029760000000000003
-0.00252
-0.001966
-0.001451
-0.001088
-0.000763
-0.000342
0.000258
0.000987
0.001707
0.00229
0.002667
0.002833
0.00281
0.0026309999999999997
0.002337
0.00198
0.0016170000000000002
0.001268
0.000872
0.000349
-0.00031
-0.0010220000000000001
-0.001667
-0.0021609999999999997
-0.002472
-0.002605
-0.002585
-0.002439
-0.002199
-0.001905
-0.001591
-0.001247
-0.000816
-0.000258
0.000398
0.001058
0.001628
0.00205
0.0023079999999999997
0.0024129999999999998
0.002385
0.00225
0.0020350000000000004
0.0017739999999999998
0.0014810000000000001
0.001135
0.0006929999999999999
0.000144
-0.00046100000000000004
-0.001038
-0.001518
-0.0018690000000000002
-0.002085
-0.002176
-0.002159
-0.002055
-0.001889
-0.0016760000000000002
-0.0014140000000000001
-0.001076
-0.0006360000000000001
-0.00010700000000000001
0.000452
0.0009710000000000001
0.001398
0.0017120000000000002
0.0019149999999999998
0.002013
0.002019
0.00195
0.001819
0.001629
0.0013650000000000001
0.001007
0.000552
3.1e-05
-0.0004940000000000001
-0.000964
-0.001341
-0.001616
-0.001791
-0.001877
-0.001882
-0.0018210000000000001
-0.001697
-0.001508
-0.001236
-0.000872
-0.00043
4.6e-05
0.000505
0.0009050000000000001
0.001224
0.001458
0.001616
0.001703
0.001726
0.0016879999999999998
0.001585
0.0014089999999999999
0.001146
0.000796
0.000384
-4.6e-05
-0.000452
-0.000807
-0.001102
-0.001333
-0.0015
-0.0016059999999999998
-0.00165
-0.001627
-0.0015279999999999998
-0.001344
-0.00107
-0.00072
-0.000325
7.7e-05
0.000452
0.000784
0.0010630000000000001
0.001281
0.001437
0.0015279999999999998
0.0015550000000000002
0.0015119999999999999
0.001393
0.001196
0.000926
0.000601
0.00024900000000000004
-0.0001
-0.000426
-0.000717
-0.0009660000000000001
-0.001166
-0.00131
-0.001396
-0.001424
-0.0013880000000000001
-0.001281
-0.001101
-0.000857
-0.000566
-0.000252
6.500000000000001e-05
0.000368
0.000646
0.000889
0.001088
0.001234
0.001325
0.001356
0.001324
0.001222
0.001047
0.000808
0.000526
0.000223
-8.3e-05
-0.000376
-0.000644
-0.0008730000000000001
-0.0010539999999999998
-0.001183
-0.001256
-0.001271
-0.001222
-0.0011070000000000001
-0.000925
-0.000691
-0.000429
-0.00015800000000000002
0.000109
0.000361
0.000589
0.000784
0.000942
0.00106
0.001135
0.001158
0.0011220000000000002
0.001021
0.00086
0.0006519999999999999
0.00041799999999999997
0.000174
-6.9e-05
-0.000305
-0.0005269999999999999
-0.000724
-0.0008880000000000001
-0.0010140000000000001
-0.001094
-0.001118
-0.001077
-0.0009710000000000001
-0.000808
-0.000606
-0.00038199999999999996
-0.000149
8.4e-05
0.00031099999999999997
0.000525
0.000715
0.0008699999999999999
0.000981
0.0010400000000000001
0.001042
0.000982
0.0008640000000000001
0.0007030000000000001
0.000515
0.000314
0.00010800000000000001
-9.8e-05
-0.000299
-0.000487
-0.0006519999999999999
-0.0007830000000000001
-0.000874
-0.000924
-0.000927
-0.0008810000000000001
-0.000789
-0.000661
-0.000508
-0.000336
-0.000147
5.4000000000000005e-05
0.000256
0.00044699999999999997
0.000615
0.000749
0.000842
0.000891
0.000895
0.000852
0.000762
0.0006349999999999999
0.00047999999999999996
0.000304
0.00011200000000000001
-8.8e-05
-0.00028399999999999996
-0.00046100000000000004
-0.000609
-0.000722
-0.000796
-0.0008300000000000001
-0.000822
-0.000773
-0.000683
-0.000559
-0.00040899999999999997
-0.00024300000000000002
-6.9e-05
0.000106
0.000273
0.000421
0.000543
0.000637
0.0007019999999999999
0.000737
0.000737
0.0007
0.000628
0.000526
0.000399
0.00025699999999999996
0.000103
-5.9e-05
-0.00022
-0.000371
-0.000503
-0.000611
-0.000691
-0.000734
-0.000735
-0.000692
-0.000611
-0.000499
-0.000367
-0.00022
-6.6e-05
9.1e-05
0.000246
0.000388
0.0005070000000000001
0.000598
0.000656
0.000679
0.000662
0.000609
0.000526
0.000424
0.000308
0.000181
4.7e-05
-9.1e-05
-0.000227
-0.00035099999999999997
-0.000455
-0.000532
-0.000579
-0.000596
-0.000585
-0.000547
-0.00048600000000000005
-0.000407
-0.00031299999999999996
-0.000204
-7.900000000000001e-05
5.6000000000000006e-05
0.00019099999999999998
0.000317
0.000424
0.0005059999999999999
0.000559
0.000583
0.000579
0.000549
0.000491
0.000407
0.000302
0.00017900000000000001
4.3e-05
-9.7e-05
-0.00022999999999999998
-0.000344
-0.00043200000000000004
-0.0004940000000000001
-0.000528
-0.000536
-0.0005200000000000001
-0.00047999999999999996
-0.00041600000000000003
-0.000332
-0.00023500000000000002
-0.000129
-1.7e-05
9.4e-05
0.000197
0.000285
0.000357
0.000414
0.000455
0.00047599999999999997
0.00047599999999999997
0.00045099999999999996
0.00040199999999999996
0.00033
0.00024300000000000002
0.000147
4.5e-05
-6.1e-05
-0.000164
-0.000258
-0.000339
-0.00040599999999999995
-0.000455
-0.000481
-0.000479
-0.00044800000000000005
-0.000391
-0.000315
-0.00022400000000000002
-0.000125
-2.1e-05
8.4e-05
0.00018600000000000002
0.000279
0.000354
0.00040899999999999997
0.00044
0.00044699999999999997
0.000426
0.00038199999999999996
0.000319
0.00024700000000000004
0.000169
8.8e-05
4e-06
-8.1e-05
-0.000162
-0.00023500000000000002
-0.000293
-0.000336
-0.000365
-0.00037799999999999997
-0.00037200000000000004
-0.000348
-0.00031299999999999996
-0.000265
-0.000204
-0.000128
-4.1e-05
5.3e-05
0.000144
0.000226
0.000292
0.00033999999999999997
0.000371
0.00038700000000000003
0.000384
0.00036
0.000315
0.00025499999999999996
0.00018
9.4e-05
0.0
-9.2e-05
-0.000174
-0.000241
-0.000291
-0.00032599999999999996
-0.000346
-0.00035099999999999997
-0.00033999999999999997
-0.00031099999999999997
-0.000263
-0.00020099999999999998
-0.00013000000000000002
-5.6000000000000006e-05
1.8e-05
8.7e-05
0.000147
0.001048
0.002428
0.0027129999999999997
0.002059
0.001241
0.0005809999999999999
0.000133
-0.000117
-0.00021400000000000002
-0.00021400000000000002
-0.000171
-0.000128
-0.00010400000000000001
0.001395
0.003922
0.004874
0.003981
0.002271
0.00067
-0.000471
-0.001101
-0.001291
-0.001169
-0.000875
-0.000523
-0.00019099999999999998
9.1e-05
0.000337
0.00054
0.00063
0.000576
0.000425
0.000244
8.8e-05
-1.2e-05
-5.2000000000000004e-05
-4.6e-05
-1.7e-05
7.000000000000001e-06
7.000000000000001e-06
-4.2e-05
-0.000149
-0.00027
-0.00033
-0.000302
-0.00022400000000000002
-0.00014
-7.7e-05
-4.6e-05
-4.6e-05
-6.2e-05
-7.6e-05
0.001515
0.004233
0.005326
0.004548
0.002928
0.001361
0.000207
-0.000481
-0.0007599999999999999
-0.0007469999999999999
-0.0005679999999999999
-0.000332
-0.00011499999999999999
5.4000000000000005e-05
0.0017469999999999999
0.004494
0.005515
0.004488000000000001
0.0025329999999999997
0.0007070000000000001
-0.0005639999999999999
-0.001242
-0.0014269999999999999
-0.001275
-0.000944
-0.0005679999999999999
-0.00024300000000000002
0.000573
0.001574
0.001714
0.001317
0.0008960000000000001
0.0004940000000000001
0.000152
-8.8e-05
-0.00020800000000000001
-0.00022
-0.00016
-6.8e-05
2.7000000000000002e-05
0.00011200000000000001
0.000188
0.000217
0.000138
-3.2e-05
-0.0002
-0.000292
-0.000303
-0.000265
-0.00021400000000000002
-0.000167
-0.00013000000000000002
-0.000106
0.001523
0.004254
0.005279
0.0043950000000000005
0.00274
0.0012439999999999999
0.000198
-0.00041900000000000005
-0.0006799999999999999
-0.000683
-0.000533
-0.000325
-0.000122
0.0019030000000000002
0.005273
0.006827
0.006117
0.004039
0.001698
-0.00014099999999999998
-0.0012779999999999998
-0.001734
-0.0016809999999999998
-0.001336
-0.0008880000000000001
-0.00046399999999999995
0.001813
0.005415
0.007004000000000001
0.006167
0.003981
0.0017050000000000001
8e-05
-0.000848
-0.001204
-0.0011619999999999998
-0.0008869999999999999
-0.000519
-0.00016
0.00014099999999999998
0.0004
0.000617
0.000717
0.000641
0.000388
2.7000000000000002e-05
-0.00032
-0.000544
-0.000607
-0.000541
-0.000408
-0.000265
0.002151
0.006205
0.007948
0.006967
0.004479
0.001888
0.000105
-0.000831
-0.001119
-0.0010199999999999999
-0.000743
-0.000426
-0.000138
0.002525
0.007047
0.009389
0.008925
0.006587000000000001
0.0035090000000000004
0.0007559999999999999
-0.001176
-0.002216
-0.002475
-0.002175
-0.001582
-0.000932
0.002227
0.007232
0.009664
0.008879999999999999
0.006108
0.002827
0.000239
-0.001271
-0.001831
-0.00173
-0.0012779999999999998
-0.000722
-0.000217
0.002534
0.007004000000000001
0.009251
0.008705
0.006383
0.00345
0.000891
-0.0009019999999999999
-0.001894
-0.002194
-0.0019920000000000003
-0.001505
-0.00093
0.0029170000000000003
0.009267000000000001
0.012537999999999999
0.011876000000000001
0.008715
0.004517
0.00081
-0.001527
-0.002554
-0.002595
-0.002053
-0.001289
-0.000551
0.0035619999999999996
0.010355
0.014038
0.013678999999999998
0.010683
0.006385
0.002227
-0.0007700000000000001
-0.002478
-0.0030800000000000003
-0.0028899999999999998
-0.002246
-0.001439
-0.00066
0.003711
0.010833
0.014430000000000002
0.013568
0.009943
0.005137
0.00086
-0.001825
-0.002997
-0.003035
-0.0024059999999999997
-0.001519
-0.000674
0.00395
0.011576999999999999
0.015755
0.015505000000000001
0.012355
0.007717
0.003037
-0.0005139999999999999
-0.002525
-0.002793
-0.001441
0.000609
0.0022
0.007331999999999999
0.015078
0.018218
0.016225
0.011394
0.005484
0.000143
-0.0035789999999999997
-0.005640999999999999
-0.0061719999999999995
-0.005383
-0.0037240000000000003
-0.0017399999999999998
0.004818
0.015078
0.021398
0.022336
0.019645
0.014887000000000001
0.009058
0.003157
-0.0018920000000000002
-0.00557
-0.007495999999999999
-0.007633
-0.006425
0.0006309999999999999
0.011826
0.018158
0.018373
0.015078999999999999
0.01067
0.006462999999999999
0.003214
0.001216
0.00023700000000000001
6.6e-05
0.000425
0.000898
0.0071519999999999995
0.017678
0.022369999999999998
0.020096
0.013972
0.006698000000000001
0.00040300000000000004
-0.0035039999999999997
-0.004908
-0.004571
-0.0032840000000000005
-0.001457
0.0006900000000000001
0.008971
0.021772
0.028587
0.027737
0.021931
0.013784999999999999
0.005325
-0.00157
-0.006036
-0.008384
-0.008804000000000001
-0.007382
-0.004423
0.005535
0.020259
0.028697000000000004
0.029037999999999998
0.024017
0.016374
0.008288
0.001459
-0.0032619999999999997
-0.005949
-0.006795999999999999
-0.006078
-0.00432
0.005167000000000001
0.020432
0.029154000000000003
0.029564
0.024751
0.017411000000000003
0.009640000000000001
0.002982
-0.0017670000000000001
-0.00465
-0.005952000000000001
-0.005921
-0.004875
0.004413
0.020091
0.029207999999999998
0.029525
0.024225
0.016574000000000002
0.009082
0.003095
-0.0010949999999999998
-0.003682
-0.004725
-0.004318
-0.002924
0.006742000000000001
0.022632
0.03129
0.030601
0.024146
0.015144999999999999
0.006026
-0.001131
-0.0054210000000000005
-0.00704
-0.006294
-0.003867
-0.000767
0.002146
0.01259
0.028611
0.036423000000000004
0.034417
0.026725
0.016522
0.006154
-0.002207
-0.007422
-0.009566
-0.009170999999999999
-0.0070019999999999995
-0.003797
0.008154999999999999
0.026593000000000002
0.037177999999999996
0.037729
0.032369
0.024365
0.015004
0.005383
-0.002591
-0.007772
-0.010071
-0.009709
-0.007423999999999999
0.004301
0.022932
0.033979
0.035352999999999996
0.031038
0.024113
0.015849000000000002
0.007265000000000001
4.5e-05
-0.004757
-0.007121
-0.007293000000000001
-0.005864
0.005379
0.02405
0.034809
0.035675
0.031238
0.024402
0.016125
0.007526000000000001
0.000547
-0.0037909999999999997
-0.005609
-0.005261999999999999
-0.00355
0.007895000000000001
0.026687
0.037514
0.039549
0.037482
0.033031
0.026527999999999996
0.017963999999999997
0.007559999999999999
-0.0018559999999999998
-0.00732
-0.008616
-0.0067480000000000005
0.005995
0.026662
0.040012
0.045263
0.046625
0.04541
0.041732
0.035508
0.02655
0.01484
0.002404
-0.006670999999999999
-0.010582
-0.000936
0.019216999999999998
0.033333
0.039601
0.042338
0.043125
0.04213
0.039074
0.033453
0.024943
0.013646
0.001808
-0.006669
-0.00075
0.016518
0.02858
0.033649
0.035587
0.036141
0.035601
0.033607
0.029708
0.023653
0.015405
0.005765999999999999
-0.002234
-0.006589
0.001594
0.019427
0.031232999999999997
0.035976
0.037377
0.036632
0.033681
0.028426
0.021237
0.012596
0.004121
-0.001533
-0.0036899999999999997
0.006275
0.025391
0.039231999999999996
0.047323000000000004
0.05196900000000001
0.053838
0.053138
0.049732
0.043301
0.033882999999999996
0.022256
0.009558
-0.000708
0.00415
0.021488
0.035914
0.045975
0.053626
0.059265
0.062659
0.063191
0.060163999999999995
0.05338
0.043275
0.030536
0.015792
0.012104
0.023215
0.035265
0.043912
0.050187999999999997
0.05501
0.058669000000000006
0.060654999999999994
0.060114999999999995
0.056629
0.050379
0.041708999999999996
0.030833
0.028774
0.039883
0.051974
0.059476
0.063077
0.064199
0.06402100000000001
0.062849
0.060203
0.055683
0.049355
0.041538
0.032575
0.022574
0.022789
0.036534
0.050492
0.059580999999999995
0.064669
0.066696
0.065969
0.062492
0.056485
0.048320999999999996
0.038438
0.027485000000000002
0.016133
0.016784
0.032603
0.049464999999999995
0.06250599999999999
0.072487
0.080062
0.085326
0.087733
0.08631
0.08041799999999999
0.070351
0.057262
0.04251
0.037594999999999996
0.047300999999999996
0.059877
0.069621
0.07699500000000001
0.082879
0.087746
0.09137999999999999
0.09290599999999999
0.091436
0.086646
0.078707
0.067925
0.054461
0.048806999999999996
0.055995
0.064958
0.070281
0.073001
0.074463
0.075115
0.074529
0.072179
0.068005
0.062283000000000005
0.05531799999999999
0.047238
0.048207
0.062327999999999995
0.07749400000000001
0.08753
0.09309500000000001
0.095746
0.09648
0.095337
0.091873
0.08592999999999999
0.077944
0.068695
0.058880999999999996
0.058915999999999996
0.07349
0.09099
0.104977
0.115577
0.123422
0.128707
0.131073
0.129935
0.125153
0.117172
0.106771
0.09489199999999999
0.08228400000000001
0.07899199999999999
0.09024299999999999
0.104996
0.11673800000000001
0.126055
0.13381700000000002
0.140008
0.143834
0.144432
0.141452
0.13505999999999999
0.125838
0.114607
0.110767
0.12036199999999998
0.133492
0.143144
0.150001
0.15529500000000002
0.159683
0.16304200000000002
0.16461199999999998
0.163633
0.159918
0.153777
0.145552
0.135266
0.131188
0.139951
0.152693
0.162149
0.168837
0.173779
0.177251
0.178786
0.17788299999999999
0.174621
0.169553
0.163274
0.156084
0.155687
0.16846
0.18514
0.197409
0.20571199999999998
0.21154299999999998
0.21587800000000001
0.218779
0.21977399999999997
0.21850999999999998
0.215067
0.20984699999999998
0.203263
0.195441
0.193132
0.203733
0.21946
0.231725
0.24089000000000002
0.24767199999999998
0.25190999999999997
0.25298000000000004
0.250687
0.245561
0.238432
0.23009699999999997
0.22110500000000002
0.211513
0.20765100000000003
0.21724699999999997
0.232911
0.245691
0.255808
0.263843
0.269552
0.27219
0.271258
0.267088
0.260712
0.253038
0.24422399999999997
0.233888
0.228073
0.235254
0.249367
0.261803
0.272671
0.282414
0.290591
0.296297
0.298874
0.298263
0.29472600000000004
0.28836799999999996
0.278999
0.266459
0.25738099999999997
0.26037
0.270604
0.28029899999999996
0.288715
0.295996
0.30176
0.305514
0.30709699999999995
0.306757
0.304778
0.301079
0.295162
0.28636799999999996
0.280531
0.284833
0.294308
0.30176
0.306508
0.309325
0.31049899999999997
0.310155
0.308566
0.306098
0.302873
0.298583
0.292679
0.284695
0.28071799999999997
0.287955
0.301168
0.312417
0.320024
0.324176
0.325088
0.32300100000000004
0.318294
0.311587
0.303521
0.29446500000000003
0.284521
0.273741
0.268504
0.276328
0.29149899999999995
0.305481
0.316633
0.324878
0.329899
0.33128
0.328968
0.323471
0.315443
0.305265
0.293144
0.279351
0.270572
0.27475700000000003
0.286668
0.298212
0.30817100000000003
0.316774
0.323784
0.32859
0.330563
0.329281
0.32448699999999997
0.31614899999999996
0.30461
0.290436
0.280485
0.282598
0.29182800000000003
0.30039499999999997
0.307042
0.312229
0.31601999999999997
0.318143
0.318345
0.316579
0.312846
0.30700700000000003
0.298765
0.294
0.299322
0.309947
0.318789
0.324515
0.327908
0.329529
0.329599
0.32806
0.324765
0.319704
0.31300700000000004
0.304814
0.29517
0.29023899999999997
0.296755
0.30930599999999997
0.32
0.327237
0.331663
0.33358899999999997
0.332838
0.329271
0.323178
0.315123
0.305636
0.295097
0.28370700000000004
0.27769099999999997
0.284024
0.297063
0.308694
0.31747
0.32364899999999996
0.327038
0.32724200000000003
0.324267
0.318601
0.310829
0.301356
0.290365
0.277859
0.270036
0.274358
0.285549
0.295747
0.303911
0.310425
0.31505900000000003
0.31711999999999996
0.31599299999999997
0.31150700000000003
0.303975
0.293993
0.282084
0.26850799999999997
0.25975
0.263812
0.275097
0.285254
0.293392
0.299807
0.304284
0.306348
0.305721
0.302512
0.29697399999999996
0.28918299999999997
0.278973
0.266202
0.25739
0.260811
0.270989
0.279704
0.286358
0.29147399999999996
0.29499699999999995
0.29654899999999995
0.295889
0.293093
0.288329
0.281585
0.27264099999999997
0.26122
0.25348200000000004
0.257321
0.266973
0.2743
0.279025
0.281819
0.28277199999999997
0.281727
0.27869
0.273957
0.267881
0.26058000000000003
0.251902
0.247813
0.255778
0.269542
0.280416
0.28761
0.291516
0.29236799999999996
0.290503
0.286271
0.279916
0.27178800000000003
0.262351
0.251932
0.24059899999999998
0.234519
0.241652
0.25551399999999996
0.26709299999999997
0.275907
0.282209
0.28565799999999997
0.285593
0.281589
0.273907
0.26343099999999997
0.251081
0.237413
0.222728
0.213608
0.21850799999999998
0.230631
0.240802
0.249
0.25561500000000004
0.26037899999999997
0.262655
0.26194
0.258142
0.25138
0.24166999999999997
0.22901300000000002
0.21365599999999998
0.202656
0.204699
0.213294
0.219962
0.225063
0.229235
0.23240500000000003
0.23406799999999997
0.23376599999999997
0.23139899999999997
0.227044
0.220615
0.211788
0.20672600000000002
0.213452
0.22531700000000002
0.233911
0.23960599999999999
0.243116
0.244773
0.244731
0.242971
0.23946900000000002
0.234433
0.228186
0.220874
0.212346
0.208925
0.21835100000000002
0.23309699999999997
0.24393800000000002
0.250988
0.255157
0.256824
0.255842
0.252162
0.24623299999999998
0.238657
0.229794
0.219783
0.20865300000000003
0.203074
0.211023
0.22521300000000002
0.236675
0.245367
0.25159499999999996
0.254994
0.25501799999999997
0.25166700000000003
0.245552
0.23734
0.227444
0.21603499999999998
0.20934699999999998
0.215486
0.227856
0.237677
0.245135
0.250884
0.255051
0.257351
0.257223
0.254137
0.24793800000000002
0.238932
0.227715
0.21475500000000003
0.20651399999999998
0.211123
0.22195700000000002
0.23038000000000003
0.23666199999999998
0.241423
0.24456
0.245554
0.244033
0.240092
0.234055
0.22610700000000003
0.21622399999999997
0.204372
0.19738
0.203442
0.215544
0.225005
0.232109
0.237625
0.241558
0.24342199999999997
0.24288600000000002
0.24009299999999997
0.235373
0.22884000000000002
0.220291
0.20934699999999998
0.202356
0.20744200000000002
0.217973
0.225767
0.23149099999999997
0.23593899999999998
0.239091
0.24051999999999998
0.23986500000000002
0.23713
0.232575
0.22637
0.218415
0.214804
0.223582
0.23789899999999997
0.24874200000000002
0.25619699999999995
0.26082
0.262812
0.262405
0.259841
0.255299
0.24914099999999997
0.24186300000000002
0.23375900000000002
0.224766
0.220844
0.230008
0.24537399999999998
0.257712
0.267014
0.273708
0.277521
0.27781100000000003
0.274198
0.26703699999999997
0.257305
0.24593299999999998
0.233393
0.21986799999999998
0.21172
0.217295
0.23007600000000003
0.24115
0.25052800000000003
0.258517
0.264683
0.268194
0.268402
0.265187
0.258734
0.24915500000000002
0.236517
0.22112800000000002
0.20971199999999998
0.21117199999999997
0.21964299999999998
0.226692
0.232633
0.23799299999999998
0.242589
0.24583400000000002
0.247219
0.246598
0.24397199999999997
0.239139
0.231627
0.22698800000000002
0.232835
0.24311100000000002
0.249815
0.25352600000000003
0.255343
0.255738
0.254874
0.252731
0.249266
0.24462399999999998
0.239019
0.23246799999999998
0.22471999999999998
0.2216
0.23102199999999998
0.246077
0.25746199999999997
0.265156
0.269922
0.271976
0.270993
0.26679
0.259875
0.251156
0.241348
0.23080100000000003
0.21961
0.214096
0.22242199999999998
0.237693
0.250699
0.26122
0.269405
0.274776
0.27671399999999996
0.275138
0.270577
0.263654
0.25475
0.24399200000000001
0.231325
0.22292399999999998
0.22735300000000003
0.23877199999999998
0.24863000000000002
0.256947
0.264125
0.269847
0.273366
0.274035
0.27164699999999997
0.266392
0.258658
0.24872399999999997
0.24269200000000002
0.248185
0.25971500000000003
0.26938
0.276789
0.282548
0.28675
0.289152
0.289432
0.287425
0.28324
0.27708
0.268973
0.258726
0.252246
0.257126
0.268115
0.277379
0.28427800000000003
0.28936300000000004
0.292581
0.293483
0.291806
0.28776799999999997
0.281794
0.27415100000000003
0.264853
0.253752
0.24673699999999998
0.251246
0.261542
0.269577
0.275086
0.278929
0.28119099999999997
0.281483
0.279585
0.275673
0.270069
0.262923
0.25411999999999996
0.24339899999999998
0.236681
0.241842
0.253126
0.262127
0.268282
0.27189800000000003
0.272949
0.271427
0.26758899999999997
0.261922
0.25495500000000004
0.247004
0.238044
0.227827
0.22233499999999998
0.229812
0.243905
0.255594
0.264573
0.27105100000000004
0.274744
0.27518899999999996
0.27217199999999997
0.266029
0.257523
0.247344
0.235823
0.22917800000000002
0.23548899999999998
0.24885100000000002
0.260751
0.270848
0.279497
0.286511
0.291396
0.29357300000000003
0.292595
0.28833000000000003
0.280857
0.27027399999999996
0.256783
0.24695300000000003
0.249032
0.257781
0.265245
0.271007
0.275665
0.279159
0.281017
0.28088
0.278776
0.27489600000000003
0.269258
0.26164
0.251681
0.245061
0.249045
0.257956
0.264079
0.267401
0.268877
0.268827
0.26720700000000003
0.264013
0.25949099999999997
0.253974
0.247571
0.240067
0.23106300000000002
0.226223
0.2332
0.245901
0.255684
0.26201599999999997
0.265283
0.265694
0.263304
0.25821500000000003
0.25088499999999997
0.24201199999999998
0.232116
0.221387
0.215779
0.223202
0.237391
0.249569
0.25948000000000004
0.267384
0.273037
0.275915
0.275454
0.271429
0.264253
0.254652
0.243155
0.23005
0.221606
0.226122
0.23748699999999998
0.247038
0.25479
0.261241
0.26617199999999996
0.268943
0.269024
0.266307
0.260941
0.253148
0.24326399999999998
0.23156
0.224122
0.228922
0.23984499999999997
0.248427
0.254775
0.25955500000000004
0.262785
0.26408899999999996
0.26319000000000004
0.2602
0.255394
0.24883000000000002
0.24024299999999998
0.22921
0.221611
0.22585100000000002
0.236377
0.244894
0.25140999999999997
0.25649099999999997
0.26003200000000004
0.261517
0.26061100000000004
0.25748899999999997
0.252553
0.246018
0.23780199999999999
0.227649
0.221414
0.227109
0.238619
0.247383
0.253517
0.257776
0.260254
0.260738
0.259211
0.255967
0.251324
0.245351
0.23783400000000002
0.23437199999999997
0.24218
0.255469
0.266165
0.273791
0.278796
0.281185
0.280851
0.277915
0.27268600000000004
0.26555300000000004
0.256916
0.24707800000000002
0.23613699999999999
0.230017
0.23638699999999999
0.24928000000000003
0.260205
0.268629
0.274773
0.27828400000000003
0.278532
0.275146
0.268306
0.258637
0.246957
0.233927
0.21983899999999998
0.21076599999999998
0.21497199999999997
0.226258
0.23581
0.243633
0.250138
0.25509899999999996
0.25792
0.258112
0.255558
0.250308
0.24226999999999999
0.23118200000000003
0.21692600000000004
0.20588299999999998
0.206947
0.21459899999999998
0.22063200000000002
0.22542399999999999
0.22960999999999998
0.233075
0.235279
0.23576
0.234402
0.231256
0.22622399999999998
0.218991
0.21509099999999998
0.222144
0.23405900000000002
0.24269899999999997
0.24849899999999997
0.252262
0.254201
0.254385
0.25290999999999997
0.24991100000000002
0.245653
0.240445
0.23440300000000003
0.22734400000000002
0.22493200000000002
0.23465999999999998
0.25002199999999997
0.262171
0.270729
0.276172
0.278717
0.278368
0.27518400000000004
0.269595
0.262255
0.25360900000000003
0.24380900000000003
0.232879
0.226846
0.23356100000000002
0.247031
0.258721
0.268175
0.275582
0.280492
0.282123
0.280079
0.274773
0.266991
0.25724400000000003
0.24571500000000002
0.232474
0.223529
0.22687399999999996
0.237019
0.245813
0.252923
0.258704
0.262962
0.265153
0.26481
0.261803
0.256178
0.24800300000000003
0.237434
0.23038699999999998
0.23426100000000002
0.243864
0.251708
0.25755700000000004
0.262081
0.265449
0.267491
0.26787
0.266297
0.262698
0.257128
0.24957
0.239851
0.23357399999999998
0.23811500000000002
0.24822800000000003
0.256332
0.262154
0.266245
0.268604
0.268874
0.266847
0.262759
0.25706599999999996
0.25006
0.24176199999999998
0.232004
0.226463
0.232621
0.24441999999999997
0.253546
0.260035
0.264746
0.267748
0.26861399999999996
0.26713000000000003
0.263573
0.258367
0.251698
0.243468
0.239252
0.24606
0.25853899999999996
0.269029
0.276906
0.282654
0.286323
0.287745
0.28682399999999997
0.283611
0.27836900000000003
0.271521
0.26342
0.25413800000000003
0.24934800000000001
0.255941
0.268638
0.279842
0.28868699999999997
0.2955
0.30004699999999995
0.30175799999999997
0.30025
0.295645
0.28849400000000003
0.279528
0.269325
0.25811799999999996
0.251693
0.25692600000000004
0.268778
0.279839
0.289144
0.297
0.303118
0.30683499999999997
0.307672
0.305608
0.30084
0.293432
0.283237
0.27574499999999996
0.27727199999999996
0.28437399999999996
0.291211
0.296546
0.301103
0.305147
0.30840100000000004
0.310302
0.31033499999999997
0.30830799999999997
0.304269
0.298222
0.289959
0.28481
0.288538
0.297096
0.30447399999999997
0.30944099999999997
0.312639
0.314144
0.31377
0.311587
0.308029
0.303619
0.298664
0.293134
0.286692
0.284559
0.29231
0.305315
0.316797
0.324919
0.33007800000000004
0.332531
0.332325
0.32960500000000004
0.324833
0.31858600000000004
0.311202
0.302675
0.292858
0.287438
0.292646
0.304553
0.316666
0.326938
0.33529000000000003
0.341199
0.343869
0.342905
0.33865700000000004
0.331843
0.323047
0.312571
0.306139
0.30931
0.318804
0.328994
0.33763200000000004
0.345001
0.35110399999999997
0.35565399999999997
0.358265
0.358604
0.356482
0.35181599999999996
0.344616
0.334997
0.32865
0.33063899999999996
0.33826
0.346561
0.353003
0.358022
0.361675
0.363624
0.363624
0.361757
0.358242
0.353157
0.346366
0.337606
0.332125
0.334593
0.342383
0.350689
0.356804
0.361111
0.363694
0.364327
0.36290700000000004
0.359654
0.354925
0.34891700000000003
0.341538
0.337878
0.341954
0.351209
0.360989
0.368211
0.373436
0.377158
0.379421
0.379969
0.378567
0.375245
0.370226
0.363702
0.355709
0.351615
0.355576
0.365241
0.37604499999999996
0.384554
0.390846
0.394766
0.395986
0.39453299999999997
0.39088
0.385693
0.379492
0.372492
0.364649
0.36125100000000004
0.366134
0.37688299999999997
0.388975
0.398808
0.406518
0.41202799999999995
0.414921
0.414879
0.411926
0.406405
0.39876500000000004
0.38933
0.378313
0.371344
0.372521
0.380309
0.390777
0.400049
0.408094
0.41464300000000004
0.41907799999999995
0.42090600000000006
0.41999899999999996
0.41644499999999995
0.41029
0.401448
0.38991
0.381366
0.379945
0.384676
0.392121
0.398352
0.403577
0.407877
0.41100200000000003
0.412749
0.413083
0.41198
0.40923899999999996
0.404449
0.402371
0.405312
0.41230600000000006
0.420624
0.42598400000000003
0.42900699999999997
0.430385
0.430417
0.429172
0.426726
0.423196
0.418679
0.41320200000000007
0.406681
0.40420700000000004
0.40834899999999996
0.41796400000000006
0.429725
0.438596
0.44433100000000003
0.446853
0.446085
0.44225600000000004
0.435996
0.42806700000000003
0.41908599999999996
0.409452
0.399345
0.394086
0.396702
0.405801
0.417749
0.42787600000000003
0.436058
0.442111
0.445528
0.44587899999999997
0.44311000000000006
0.4375
0.429403
0.419124
0.406878
0.39816999999999997
0.396422
0.401109
0.40931
0.416604
0.423079
0.428641
0.432767
0.434914
0.434749
0.43208900000000006
0.426781
0.418738
0.408017
0.400183
0.39873600000000003
0.403039
0.410049
0.415386
0.419317
0.422045
0.423479
0.423572
0.42240600000000006
0.420059
0.41643900000000006
0.411236
0.40925
0.412721
0.42100200000000004
0.431521
0.43960200000000005
0.44552200000000003
0.449582
0.45181800000000005
0.45220699999999997
0.45075600000000005
0.44752700000000006
0.442655
0.436317
0.428613
0.424759
0.42697799999999997
0.43479300000000004
0.445533
0.45391400000000004
0.46001499999999995
0.463995
0.46576899999999993
0.46531000000000006
0.462757
0.458405
0.452538
0.445288
0.436654
0.43183599999999994
0.432958
0.43968100000000004
0.449539
0.45718400000000003
0.46266199999999996
0.466066
0.467265
0.466282
0.463351
0.45883100000000004
0.452963
0.445712
0.441905
0.442842
0.448956
0.458742
0.466513
0.47238100000000005
0.476609
0.47907299999999997
0.479443
0.47738
0.47268000000000004
0.465475
0.45620299999999997
0.44533
0.43826499999999996
0.43695100000000003
0.441784
0.450952
0.458795
0.46520600000000006
0.470102
0.47308500000000003
0.473837
0.47229399999999994
0.468595
0.46292700000000003
0.455388
0.446064
0.440192
0.43965299999999996
0.444773
0.45380600000000004
0.461322
0.467546
0.47275200000000006
0.47678400000000004
0.47938100000000006
0.480379
0.479709
0.47726
0.472768
0.46588900000000005
0.461483
0.46087100000000003
0.46491899999999997
0.472596
0.478297
0.482422
0.485401
0.48714700000000005
0.48747299999999993
0.486367
0.483942
0.480293
0.475367
0.474008
0.476788
0.48449200000000003
0.49599499999999996
0.504732
0.5105850000000001
0.513867
0.514775
0.513476
0.510267
0.505541
0.499658
0.492924
0.485512
0.48235
0.48393100000000006
0.491146
0.503152
0.5133949999999999
0.521532
0.527449
0.530679
0.530825
0.527885
0.522257
0.51447
0.505041
0.49438000000000004
0.487591
0.48550200000000004
0.48921899999999996
0.498383
0.506844
0.514127
0.520169
0.524541
0.526803
0.526694
0.524139
0.519227
0.512083
0.502727
0.496108
0.493141
0.495047
0.501887
0.5079319999999999
0.5129229999999999
0.517093
0.5202869999999999
0.522271
0.522886
0.5220060000000001
0.519447
0.514885
0.512759
0.513554
0.517568
0.5253869999999999
0.532127
0.537086
0.540671
0.542927
0.543754
0.543089
0.540926
0.537351
0.532519
0.526501
0.5240859999999999
0.525762
0.531388
0.5411199999999999
0.549622
0.555683
0.559388
0.560715
0.55982
0.5570069999999999
0.552651
0.547143
0.540714
0.533359
0.529805
0.530574
0.535504
0.545009
0.553914
0.5607449999999999
0.565431
0.567815
0.567873
0.565716
0.561602
0.555874
0.548672
0.539957
0.534523
0.533188
0.5359510000000001
0.543745
0.551837
0.558545
0.563719
0.567014
0.5680810000000001
0.56675
0.5631079999999999
0.557409
0.549808
0.540425
0.534296
0.532333
0.534592
0.541942
0.549555
0.555828
0.560711
0.564029
0.565617
0.565411
0.563353
0.559317
0.5530930000000001
0.549204
0.548401
0.550013
0.5558069999999999
0.562265
0.567412
0.5714130000000001
0.5743
0.575933
0.576137
0.574756
0.571681
0.566865
0.560263
0.5564859999999999
0.5561510000000001
0.5585180000000001
0.565183
0.572159
0.5771850000000001
0.580377
0.581774
0.581378
0.579379
0.576104
0.571842
0.566693
0.560561
0.557998
0.559412
0.563736
0.572058
0.5800649999999999
0.5856319999999999
0.589026
0.5904119999999999
0.5899760000000001
0.5880810000000001
0.584963
0.5806399999999999
0.5750350000000001
0.568036
0.5642689999999999
0.564431
0.567681
0.57567
0.5844779999999999
0.591581
0.596729
0.599576
0.599904
0.5977939999999999
0.593421
0.587079
0.579192
0.574587
0.57405
0.57611
0.583028
0.591704
0.599017
0.604859
0.609125
0.61157
0.6119939999999999
0.610246
0.606213
0.5999680000000001
0.591729
0.586163
0.584104
0.584178
0.5890380000000001
0.595897
0.601616
0.606158
0.609405
0.611173
0.611374
0.609958
0.6068720000000001
0.602038
0.5953350000000001
0.591287
0.590674
0.5917680000000001
0.59708
0.603971
0.609346
0.613187
0.6155079999999999
0.616371
0.615921
0.614243
0.6113390000000001
0.607105
0.601305
0.598266
0.598454
0.59988
0.60514
0.611676
0.6163109999999999
0.619185
0.620616
0.6207590000000001
0.619633
0.617251
0.613621
0.608661
0.6067060000000001
0.608326
0.611041
0.6179
0.626817
0.633817
0.638741
0.6416229999999999
0.642467
0.641263
0.638109
0.633319
0.6272260000000001
0.620057
0.6164069999999999
0.617031
0.6192479999999999
0.6261760000000001
0.635788
0.64372
0.649586
0.653158
0.6542600000000001
0.65289
0.64925
0.643698
0.636513
0.627894
0.622522
0.621225
0.621329
0.626247
0.6342800000000001
0.641175
0.6467430000000001
0.650898
0.653462
0.654274
0.653149
0.649883
0.6442760000000001
0.636257
0.630358
0.627441
0.625008
0.6271140000000001
0.632575
0.637154
0.640775
0.6434449999999999
0.64504
0.6454489999999999
0.6445529999999999
0.6421979999999999
0.638179
0.636528
0.637645
0.638034
0.64193
0.6486460000000001
0.653373
0.6563
0.6578649999999999
0.658191
0.657345
0.655446
0.652555
0.648666
0.643754
0.6420520000000001
0.644076
0.6462319999999999
0.6523899999999999
0.66147
0.6684260000000001
0.673094
0.6754939999999999
0.6756800000000001
0.674009
0.670846
0.666419
0.6609520000000001
0.654626
0.651827
0.65315
0.6550060000000001
0.661429
0.671404
0.679679
0.685852
0.689778
0.691425
0.690963
0.6884899999999999
0.684079
0.677956
0.670303
0.6654800000000001
0.664241
0.662978
0.6663140000000001
0.673854
0.6802729999999999
0.6853229999999999
0.688918
0.690868
0.690998
0.689105
0.68509
0.679002
0.674955
0.673628
0.671184
0.672495
0.678255
0.683284
0.68717
0.690054
0.691862
0.6924939999999999
0.691837
0.689696
0.685906
0.680376
0.677103
0.676742
0.675322
0.677392
0.68352
0.688552
0.6919930000000001
0.693929
0.694442
0.693707
0.6918380000000001
0.688894
0.684934
0.6799189999999999
0.677833
0.6791020000000001
0.6793130000000001
0.683133
0.690972
0.69724
0.70148
0.703923
0.704885
0.704566
0.702971
0.700076
0.6958840000000001
0.690334
0.687553
0.688157
0.687868
0.691503
0.699348
0.7056439999999999
0.709991
0.712554
0.713387
0.712541
0.7101770000000001
0.706458
0.701416
0.69908
0.700099
0.700418
0.703751
0.711263
0.718454
0.724025
0.727962
0.730146
0.7304510000000001
0.728875
0.725482
0.720316
0.713489
0.7092729999999999
0.708631
0.707724
0.710019
0.717002
0.724372
0.730292
0.734548
0.737055
0.737771
0.736634
0.7336010000000001
0.7287020000000001
0.722059
0.717812
0.716657
0.714629
0.715202
0.7203039999999999
0.726028
0.730593
0.734019
0.7363810000000001
0.737677
0.7377779999999999
0.736451
0.733426
0.728431
0.725251
0.724535
0.722492
0.72254
0.726621
0.7310760000000001
0.7343430000000001
0.73654
0.737699
0.737859
0.737016
0.735063
0.731842
0.731079
0.73323
0.734264
0.736367
0.741907
0.747954
0.752089
0.754386
0.754953
0.754042
0.751989
0.7489020000000001
0.7447739999999999
0.739691
0.737611
0.7391449999999999
0.7403420000000001
0.7434689999999999
0.750846
0.7591859999999999
0.76554
0.7695609999999999
0.7712760000000001
0.770921
0.7686569999999999
0.764575
0.758975
0.752279
0.748598
0.748628
0.7485229999999999
0.750522
0.7571060000000001
0.765177
0.7718
0.776712
0.7798470000000001
0.78115
0.7804939999999999
0.777784
0.773041
0.766255
0.761263
0.758925
0.755791
0.7541640000000001
0.757162
0.762342
0.76672
0.770134
0.772563
0.773927
0.774004
0.772468
0.769009
0.767097
0.7672760000000001
0.766021
0.764374
0.766224
0.770411
0.77336
0.7751560000000001
0.775961
0.77589
0.775019
0.773277
0.770523
0.76665
0.7652399999999999
0.766791
0.767529
0.768367
0.7730520000000001
0.7799470000000001
0.784871
0.787604
0.788538
0.7880550000000001
0.786313
0.783393
0.779465
0.774691
0.772846
0.774482
0.77574
0.777632
0.783503
0.791343
0.797293
0.801276
0.803481
0.8040229999999999
0.803041
0.800653
0.796836
0.791514
0.788514
0.788576
0.787984
0.7878390000000001
0.791944
0.798691
0.804091
0.80784
0.80992
0.810393
0.809322
0.806591
0.802029
0.799283
0.7991699999999999
0.7983210000000001
0.796696
0.7991199999999999
0.805333
0.810375
0.81401
0.816321
0.817289
0.816852
0.814868
0.811168
0.805756
0.802326
0.801616
0.800226
0.797879
0.799751
0.805851
0.8108350000000001
0.814351
0.8165399999999999
0.8175279999999999
0.817339
0.815883
0.8130729999999999
0.808865
0.80674
0.807319
0.8072159999999999
0.806084
0.8087529999999999
0.815091
0.820083
0.8236709999999999
0.826089
0.8274940000000001
0.8279479999999999
0.827324
0.825398
0.821974
0.820524
0.821564
0.8214290000000001
0.8197120000000001
0.821534
0.8270129999999999
0.831048
0.8334159999999999
0.834417
0.8344020000000001
0.8335049999999999
0.8315799999999999
0.8284729999999999
0.8276379999999999
0.829591
0.8307959999999999
0.8307180000000001
0.833522
0.8399549999999999
0.8455239999999999
0.849125
0.850864
0.8509770000000001
0.849615
0.8467709999999999
0.842463
0.8368950000000001
0.833751
0.8338209999999999
0.833875
0.833412
0.8362809999999999
0.843327
0.8500909999999999
0.8550190000000001
0.8580129999999999
0.859124
0.8583649999999999
0.8557739999999999
0.851524
0.845785
0.842024
0.8409479999999999
0.8394459999999999
0.83719
0.838147
0.843505
0.8491549999999999
0.853661
0.8570770000000001
0.8594950000000001
0.8608040000000001
0.860675
0.858725
0.8546739999999999
0.851872
0.8510639999999999
0.8490340000000001
0.845349
0.844081
0.8469110000000001
0.85014
0.8524079999999999
0.8538690000000001
0.854706
0.854894
0.8541790000000001
0.8522540000000001
0.852188
0.8543440000000001
0.8553229999999999
0.8546590000000001
0.855125
0.858966
0.863374
0.86595
0.866916
0.866706
0.865554
0.8634940000000001
0.860497
0.856568
0.855015
0.85644
0.8576290000000001
0.8579979999999999
0.8601139999999999
0.865871
0.8721690000000001
0.876551
0.8790180000000001
0.87975
0.878923
0.876718
0.8733069999999999
0.868826
0.866708
0.86764
0.868395
0.86839
0.8703489999999999
0.876287
0.883075
0.888173
0.891524
0.8933629999999999
0.893874
0.892957
0.890345
0.885899
0.883027
0.88254
0.881366
0.8790879999999999
0.878387
0.881819
0.8867459999999999
0.890467
0.892941
0.8942530000000001
0.8942979999999999
0.892805
0.8895770000000001
0.8877649999999999
0.8879360000000001
0.8870180000000001
0.8846729999999999
0.882232
0.88355
0.887653
0.8907200000000001
0.8926649999999999
0.893659
0.89375
0.89286
0.890807
0.887386
0.8855200000000001
0.885724
0.8851370000000001
0.88351
0.8819450000000001
0.8840530000000001
0.888645
0.8917219999999999
0.893342
0.8938860000000001
0.89354
0.892336
0.8902129999999999
0.8871030000000001
0.8860819999999999
0.887627
0.888553
0.8882540000000001
0.8881450000000001
0.8916719999999999
0.897294
0.901236
0.9034469999999999
0.904382
0.904439
0.903653
0.9017639999999999
0.901536
0.9034459999999999
0.9046069999999999
0.904611
0.9034840000000001
0.9057370000000001
0.911379
0.9155260000000001
0.917982
0.919099
0.9190799999999999
0.917918
0.915499
0.911733
0.909674
0.910004
0.9099659999999999
0.9092809999999999
0.908275
0.9111870000000001
0.917472
0.9222309999999999
0.925251
0.9267719999999999
0.9269229999999999
0.92576
0.9233399999999999
0.919674
0.9177780000000001
0.918222
0.918168
0.917357
0.9159790000000001
0.91855
0.9248860000000001
0.930024
0.9337840000000001
0.936417
0.9379709999999999
0.938217
0.936765
0.9333379999999999
0.930898
0.9302360000000001
0.9287059999999999
0.9259620000000001
0.922114
0.9216270000000001
0.925117
0.9281379999999999
0.9301659999999999
0.931434
0.9320209999999999
0.93174
0.9302469999999999
0.9300959999999999
0.9316459999999999
0.932089
0.931118
0.9289459999999999
0.9285260000000001
0.9313239999999999
0.934275
0.935852
0.936451
0.9364450000000001
0.9359149999999999
0.93475
0.9327639999999999
0.9326
0.9347059999999999
0.936362
0.937124
0.936874
0.93835
0.942953
0.947534
0.950415
0.951782
0.951887
0.9508620000000001
0.948783
0.945738
0.944686
0.946261
0.9477399999999999
0.9486399999999999
0.9488200000000001
0.9512940000000001
0.957182
0.9628549999999999
0.9667
0.968951
0.969923
0.969621
0.967802
0.964284
0.961976
0.961627
0.960699
0.9589190000000001
0.956382
0.956319
0.960225
0.964701
0.968033
0.970239
0.9712620000000001
0.9708479999999999
0.968744
0.964883
0.962198
0.961292
0.959482
0.956492
0.952527
0.95095
0.9533280000000001
0.9563389999999999
0.958393
0.959622
0.960095
0.959673
0.958109
0.9551639999999999
0.9535610000000001
0.953851
0.953401
0.951832
0.9491059999999999
0.948234
0.95084
0.9538399999999999
0.955656
0.956522
0.9565889999999999
0.955831
0.954109
0.9512799999999999
0.950154
0.9512290000000001
0.9516450000000001
0.950875
0.948925
0.949317
0.953298
0.9571379999999999
0.9593860000000001
0.960206
0.9598190000000001
0.9583649999999999
0.9558200000000001
0.954849
0.9559559999999999
0.95652
0.9561729999999999
0.954941
0.954759
0.9579610000000001
0.9623299999999999
0.9651780000000001
0.966598
0.9667889999999999
0.965757
0.9634309999999999
0.9597
0.957257
0.956785
0.9558709999999999
0.95425
0.952023
0.951393
0.9544590000000001
0.958628
0.961275
0.962425
0.9623379999999999
0.961217
0.959053
0.95568
0.953785
0.953931
0.953583
0.952512
0.950778
0.950829
0.954443
0.958799
0.961774
0.9635
0.964141
0.9636309999999999
0.9617370000000001
0.958299
0.956167
0.955994
0.955181
0.953406
0.9507629999999999
0.94999
0.953048
0.957102
0.960043
0.96196
0.96295
0.962849
0.961362
0.958254
0.95634
0.956211
0.9552430000000001
0.9532440000000001
0.9503440000000001
0.949715
0.952723
0.955958
0.95794
0.958989
0.9593299999999999
0.958886
0.957449
0.957512
0.959434
0.9605469999999999
0.96045
0.9591219999999999
0.9577120000000001
0.9592639999999999
0.9625809999999999
0.964462
0.9649030000000001
0.964159
0.962368
0.9596030000000001
0.955931
0.953953
0.9541940000000001
0.954275
0.9538780000000001
0.9529290000000001
0.952564
0.955448
0.9598059999999999
0.9622719999999999
0.96295
0.962282
0.9604809999999999
0.957551
0.9534729999999999
0.9509629999999999
0.950651
0.950132
0.94911
0.9475680000000001
0.9474459999999999
0.9509920000000001
0.9558979999999999
0.959521
0.9619
0.9631280000000001
0.9630549999999999
0.9614530000000001
0.9581770000000001
0.95586
0.955046
0.9532729999999999
0.9503020000000001
0.9463459999999999
0.943826
0.9451860000000001
0.948116
0.9501219999999999
0.9512729999999999
0.951652
0.951101
0.949317
0.946
0.9438
0.9433090000000001
0.941998
0.939535
0.9359
0.933999
0.9354309999999999
0.9371719999999999
0.9376770000000001
0.9372870000000001
0.936255
0.9346200000000001
0.93227
0.931625
0.9330139999999999
0.933826
0.933651
0.932543
0.9317989999999999
0.934334
0.938666
0.941457
0.94268
0.942634
0.9415549999999999
0.9395180000000001
0.936435
0.9347559999999999
0.9350620000000001
0.935113
0.9346409999999999
0.93363
0.9332889999999999
0.9362739999999999
0.940926
0.944152
0.9460729999999999
0.946938
0.94683
0.945675
0.943362
0.942575
0.943868
0.94466
0.9445469999999999
0.943523
0.943484
0.9467270000000001
0.9511120000000001
0.9541149999999999
0.955895
0.9567399999999999
0.9567459999999999
0.955716
0.953308
0.951984
0.952232
0.951599
0.949893
0.947259
0.945509
0.947212
0.950425
0.952333
0.9529489999999999
0.952385
0.950533
0.9471700000000001
0.94468
0.9436899999999999
0.9420270000000001
0.9394680000000001
0.936133
0.932375
0.9319629999999999
0.9345969999999999
0.936293
0.936951
0.936783
0.93585
0.934053
0.9311799999999999
0.9294100000000001
0.92909
0.9279540000000001
0.9258290000000001
0.9229569999999999
0.919999
0.9204459999999999
0.923578
0.9256040000000001
0.9265909999999999
0.926917
0.926744
0.9259860000000001
0.926708
0.9291969999999999
0.9311870000000001
0.932267
0.9323799999999999
0.931394
0.932564
0.936638
0.9400709999999999
0.9420149999999999
0.942735
0.9425180000000001
0.941534
0.93981
0.9395309999999999
0.9410200000000001
0.942053
0.94234
0.9419209999999999
0.94066
0.942398
0.947059
0.9502450000000001
0.9518610000000001
0.9523659999999999
0.951968
0.9506030000000001
0.948098
0.946759
0.947058
0.946817
0.9459069999999999
0.944484
0.9430299999999999
0.945111
0.950044
0.95381
0.95634
0.957808
0.958159
0.957219
0.954835
0.953282
0.9530370000000001
0.951968
0.949891
0.94696
0.943267
0.942887
0.945995
0.948384
0.9498790000000001
0.9506879999999999
0.9507469999999999
0.9497760000000001
0.947425
0.945836
0.945522
0.944436
0.942365
0.939325
0.9353670000000001
0.9345899999999999
0.937018
0.938549
0.939319
0.939609
0.939419
0.9385629999999999
0.9389430000000001
0.9407840000000001
0.941933
0.942053
0.941134
0.939163
0.938608
0.94106
0.94396
0.9456629999999999
0.946307
0.9460219999999999
0.9448620000000001
0.9428280000000001
0.941959
0.9426610000000001
0.943009
0.942774
0.941953
0.940375
0.940665
0.9438340000000001
0.946842
0.948541
0.9491809999999999
0.9488629999999999
0.947541
0.9450870000000001
0.94368
0.943845
0.943578
0.942628
0.941024
0.938716
0.9393870000000001
0.9433459999999999
0.9465809999999999
0.948636
0.949752
0.950053
0.9493870000000001
0.949464
0.950472
0.950475
0.9493520000000001
0.947365
0.9446969999999999
0.942783
0.94406
0.947
0.948932
0.94986
0.9498709999999999
0.948894
0.94676
0.945376
0.945248
0.9446319999999999
0.943365
0.941551
0.939127
0.9378129999999999
0.939585
0.942523
0.944558
0.945831
0.9464959999999999
0.946499
0.945625
0.9457629999999999
0.9472209999999999
0.9479719999999999
0.9478139999999999
0.946951
0.945416
0.945365
0.948457
0.9523290000000001
0.9551879999999999
0.9571860000000001
0.9584590000000001
0.958868
0.9581270000000001
0.958144
0.9593430000000001
0.9597969999999999
0.9592379999999999
0.9576709999999999
0.955001
0.953399
0.9548129999999999
0.957048
0.958218
0.9584440000000001
0.9578110000000001
0.956197
0.953466
0.951808
0.951742
0.9512299999999999
0.9499629999999999
0.947932
0.945017
0.944031
0.946074
0.9480850000000001
0.948931
0.9488690000000001
0.947995
0.9461799999999999
0.945206
0.945401
0.944966
0.9437780000000001
0.9420799999999999
0.939966
0.9379930000000001
0.93925
0.942998
0.9457610000000001
0.947361
0.9478219999999999
0.947066
0.945049
0.943673
0.9434239999999999
0.9426829999999999
0.9413100000000001
0.9394
0.936887
0.934564
0.935414
0.9385379999999999
0.9408129999999999
0.942274
0.943083
0.943199
0.942428
0.9425540000000001
0.9438350000000001
0.94435
0.9439069999999999
0.942586
0.94035
0.9390569999999999
0.940786
0.943601
0.945416
0.9464229999999999
0.946786
0.946413
