1.007364
1.006946
1.0078280000000002
1.0078989999999999
1.006982
1.005159
1.002376
1.0004790000000001
1.001831
1.004566
1.0063389999999999
1.0072809999999999
1.007415
1.006565
1.004575
1.003557
1.003976
1.003839
1.002856
1.00108
0.998611
0.9972409999999999
0.998984
1.0017989999999999
1.0034
1.0038559999999999
1.0033
1.001881
0.9995870000000001
0.9984620000000001
0.9989379999999999
0.998983
0.998201
0.9964629999999999
0.993647
0.9915299999999999
0.992392
0.994566
0.9958790000000001
0.996346
0.996084
0.9950049999999999
0.994792
0.995708
0.996073
0.995764
0.99482
0.993297
0.9913209999999999
0.992449
0.9963770000000001
0.9991030000000001
1.000453
1.0005819999999999
0.999699
0.9978530000000001
0.996942
0.9974370000000001
0.9975709999999999
0.997066
0.996024
0.994508
0.9927729999999999
0.993978
0.9976290000000001
1.000202
1.001655
1.00216
1.001747
1.000315
0.999873
1.0008270000000001
1.001126
1.000421
0.998834
0.996417
0.9942120000000001
0.995265
0.998591
1.001088
1.002716
1.003601
1.003563
1.002209
1.001399
1.001583
1.000951
0.9994870000000001
0.9973799999999999
0.994569
0.9920969999999999
0.9927090000000001
0.9951260000000001
0.9964350000000001
0.996884
0.9967290000000001
0.9959020000000001
0.99425
0.9937860000000001
0.9948450000000001
0.995315
0.9948389999999999
0.993324
0.9906459999999999
0.988507
0.989426
0.991823
0.9933649999999999
0.9941540000000001
0.9941969999999999
0.993384
0.9916
0.990864
0.9916
0.9919209999999999
0.9916290000000001
0.990706
0.9890190000000001
0.9881209999999999
0.990242
0.9936950000000001
0.9961129999999999
0.997383
0.997468
0.9963559999999999
0.9939950000000001
0.9926010000000001
0.992935
0.993137
0.992778
0.9917219999999999
0.9898389999999999
0.9888530000000001
0.9908440000000001
0.9939120000000001
0.995841
0.996748
0.996862
0.996124
0.994266
0.99339
0.993966
0.993818
0.9925959999999999
0.990518
0.987714
0.986409
0.9886389999999999
0.9921770000000001
0.994858
0.996517
0.9970700000000001
0.9963139999999999
0.9960979999999999
0.996975
0.99725
0.996726
0.9955229999999999
0.993619
0.990872
0.991085
0.99435
0.996612
0.997683
0.997782
0.997028
0.995381
0.9946950000000001
0.9952850000000001
0.995186
0.9941
0.992201
0.9895010000000001
0.9861629999999999
0.9857790000000001
0.988115
0.989445
0.989827
0.989563
0.9886659999999999
0.9869709999999999
0.9863629999999999
0.9871639999999999
0.987374
0.986699
0.9852069999999999
0.9829690000000001
0.9811059999999999
0.9824790000000001
0.985836
0.988014
0.989059
0.9891190000000001
0.98818
0.986244
0.9853459999999999
0.9858979999999999
0.986025
0.9854940000000001
0.984294
0.9822690000000001
0.9805
0.981533
0.984082
0.985561
0.986142
0.98598
0.985086
0.983231
0.982258
0.9825719999999999
0.982367
0.9814870000000001
0.979965
0.977814
0.9771129999999999
0.9796879999999999
0.983273
0.985809
0.9872569999999999
0.9876520000000001
0.98701
0.9851530000000001
0.9841190000000001
0.98451
0.984447
0.983698
0.9823850000000001
0.9805209999999999
0.979974
0.9825219999999999
0.986034
0.98849
0.989884
0.990259
0.989503
0.98941
0.990455
0.990936
0.9905370000000001
0.989231
0.987035
0.983842
0.98316
0.98554
0.987477
0.988625
0.989123
0.988985
0.987985
0.98767
0.9883040000000001
0.988151
0.987081
0.985367
0.983082
0.9800549999999999
0.980089
0.983251
0.985456
0.986655
0.987192
0.987157
0.986383
0.986716
0.9885870000000001
0.9901270000000001
0.9909540000000001
0.99098
0.9899819999999999
0.98816
0.989036
0.992339
0.9945459999999999
0.995756
0.99616
0.995653
0.9940889999999999
0.993434
0.994107
0.994226
0.9935780000000001
0.992225
0.990049
0.987609
0.988066
0.990767
0.992506
0.993266
0.992981
0.9914649999999999
0.988604
0.98646
0.985656
0.984584
0.983124
0.981223
0.9787389999999999
0.976984
0.978409
0.981459
0.9834290000000001
0.9843040000000001
0.9841979999999999
0.9832069999999999
0.9812559999999999
0.980301
0.9808629999999999
0.9810559999999999
0.9804620000000001
0.979023
0.9768129999999999
0.975159
0.976774
0.9804860000000001
0.9835440000000001
0.9857940000000001
0.9871479999999999
0.987431
0.988241
0.989883
0.990842
0.991014
0.990434
0.989144
0.987078
0.987034
0.9899629999999999
0.99297
0.9950690000000001
0.996242
0.9965360000000001
0.9959370000000001
0.996186
0.99761
0.998448
0.998347
0.99731
0.995445
0.9926200000000001
0.9921209999999999
0.994555
0.996469
0.9973569999999999
0.9974270000000001
0.996857
0.995585
0.9953280000000001
0.996433
0.9970549999999999
0.9967889999999999
0.995598
0.993459
0.990309
0.989959
0.9927600000000001
0.9947799999999999
0.9956729999999999
0.9956219999999999
0.994612
0.992477
0.9911
0.9910370000000001
0.990583
0.989467
0.98777
0.9854379999999999
0.982215
0.981778
0.984238
0.985649
0.9860180000000001
0.9856
0.984411
0.9823879999999999
0.981377
0.9816790000000001
0.981456
0.9806090000000001
0.9792540000000001
0.9772850000000001
0.975398
0.976751
0.9805389999999999
0.983417
0.9853040000000001
0.9862350000000001
0.9861540000000001
0.985031
0.984768
0.9857379999999999
0.986175
0.9859
0.9849540000000001
0.9833350000000001
0.981935
0.9836969999999999
0.9876209999999999
0.990584
0.992563
0.993555
0.9934459999999999
0.992081
0.991449
0.9921620000000001
0.9924280000000001
0.9918799999999999
0.990469
0.988181
0.9858459999999999
0.986442
0.9892200000000001
0.991223
0.9924360000000001
0.992915
0.9925780000000001
0.9930260000000001
0.994411
0.994976
0.994498
0.993073
0.990886
0.987984
0.986864
0.988828
0.9912709999999999
0.992777
0.993375
0.993238
0.9923700000000001
0.9923299999999999
0.993431
0.994132
0.994225
0.993685
0.9924129999999999
0.990124
0.9891700000000001
0.991043
0.993291
0.9945579999999999
0.9949950000000001
0.994713
0.9936010000000001
0.993396
0.994566
0.995418
0.995606
0.995142
0.993984
0.991875
0.991899
0.994734
0.997138
0.998602
0.9992610000000001
0.99895
0.99741
0.9964290000000001
0.9964649999999999
0.995884
0.994658
0.992976
0.990775
0.9878399999999999
0.9877889999999999
0.9908819999999999
0.9931840000000001
0.994323
0.994373
0.9933219999999999
0.9911709999999999
0.989825
0.98975
0.989289
0.9882190000000001
0.986449
0.9838690000000001
0.9808129999999999
0.98098
0.9841709999999999
0.9867309999999999
0.9886219999999999
0.989848
0.9902209999999999
0.989497
0.989401
0.99035
0.99074
0.990416
0.9893930000000001
0.987664
0.985416
0.9861840000000001
0.989798
0.992625
0.994574
0.995657
0.9958469999999999
0.9950690000000001
0.995158
0.9965379999999999
0.997393
0.9974290000000001
0.9967309999999999
0.995237
0.993001
0.9935290000000001
0.9966860000000001
0.998827
0.999928
1.00024
0.999826
0.998497
0.998073
0.998994
0.999376
0.998808
0.997267
0.994734
0.991675
0.991758
0.994685
0.9967969999999999
0.998001
0.998337
0.9976139999999999
0.9974190000000001
0.9982
0.998498
0.998159
0.9972690000000001
0.9958540000000001
0.9937600000000001
0.9927239999999999
0.9944620000000001
0.9968940000000001
0.998101
0.9982770000000001
0.997607
0.9961030000000001
0.995491
0.996099
0.9962610000000001
0.9957860000000001
0.994798
0.993253
0.9909049999999999
0.990002
0.992081
0.9947219999999999
0.9963700000000001
0.997057
0.9968739999999999
0.9958799999999999
0.995807
0.996875
0.9973209999999999
0.996984
0.995967
0.9943209999999999
0.992075
0.992345
0.9957459999999999
0.9989290000000001
1.001118
1.002358
1.002529
1.001442
1.000818
1.001128
1.000888
0.999965
0.9984040000000001
0.9962290000000001
0.993282
0.9926809999999999
0.9950180000000001
0.997041
0.998289
0.998908
0.99892
0.998134
0.998159
0.999244
0.999574
0.998851
0.99715
0.994634
0.991296
0.990951
0.9938819999999999
0.996174
0.997605
0.9982850000000001
0.998235
0.997287
0.9971610000000001
0.998309
0.9990700000000001
0.999208
0.998724
0.997467
0.995185
0.9955799999999999
0.998975
1.001462
1.002739
1.003021
1.0023819999999999
1.000773
1.000155
1.001072
1.001727
1.001739
1.001061
0.999552
0.9969379999999999
0.9968879999999999
0.9997520000000001
1.001814
1.003009
1.003475
1.00306
1.001598
1.000891
1.00128
1.000982
0.999907
0.998274
0.99611
0.993474
0.994144
0.997984
1.000904
1.002688
1.0033239999999999
1.0027629999999998
1.00106
1.0001950000000002
1.00065
1.000728
1.000138
0.998763
0.9965200000000001
0.9936379999999999
0.9938040000000001
0.996815
0.998917
1.000116
1.000522
1.000065
1.0003389999999999
1.001594
1.0022440000000001
1.0020870000000002
1.00104
0.99905
0.996159
0.994419
0.995647
0.997934
0.9994879999999999
1.000194
0.999994
0.998857
0.998442
0.9989899999999999
0.9988889999999999
0.99802
0.99656
0.994683
0.9922700000000001
0.9915200000000001
0.9937600000000001
0.9964360000000001
0.9979979999999999
0.99851
0.9982549999999999
0.9973790000000001
0.9976309999999999
0.9993770000000001
1.000898
1.001759
1.001785
1.00086
0.9987940000000001
0.998423
1.000945
1.003566
1.00536
1.006491
1.0069299999999999
1.006363
1.006401
1.007459
1.007867
1.007385
1.006166
1.004329
1.001739
1.0013610000000002
1.00397
1.006329
1.007624
1.007948
1.007213
1.005243
1.003933
1.003826
1.003301
1.002312
1.0009780000000001
0.9991049999999999
0.9963770000000001
0.9963139999999999
0.9992549999999999
1.001418
1.002483
1.002612
1.001863
1.00025
0.999559
1.000097
1.000125
0.9994059999999999
0.997915
0.995603
0.9924959999999999
0.9922620000000001
0.995447
0.9984620000000001
1.000805
1.002359
1.002869
1.0020870000000002
1.0017260000000001
1.002285
1.002306
1.001687
1.0004629999999999
0.998618
0.995967
0.9960319999999999
0.999134
1.001578
1.003123
1.003866
1.0038280000000002
1.002959
1.0030860000000001
1.004565
1.005471
1.005413
1.004419
1.0024540000000002
0.9995200000000001
0.9993920000000001
1.002175
1.0041120000000001
1.005175
1.005588
1.005347
1.0041799999999999
1.0038040000000001
1.004632
1.004868
1.0042010000000001
1.00265
1.000214
0.997124
0.997189
1.00023
1.002282
1.003201
1.0030729999999999
1.001814
1.001126
1.001547
1.001682
1.001387
1.0007059999999999
0.9995809999999999
0.997757
0.996766
0.9984120000000001
1.000795
1.001953
1.002129
1.001543
1.000214
0.9998389999999999
1.000666
1.000956
1.000478
0.999375
0.9976950000000001
0.995296
0.9943879999999999
0.9966290000000001
0.9996950000000001
1.001874
1.003116
1.003431
1.0028110000000001
1.002958
1.004135
1.004659
1.004425
1.0035610000000001
1.002109
1.000061
1.000184
1.003325
1.006436
1.008475
1.009535
1.009582
1.00847
1.007925
1.008391
1.0083389999999999
1.007578
1.0060930000000001
1.003876
1.000774
0.9997030000000001
1.00158
1.003476
1.00468
1.0052940000000001
1.005288
1.004426
1.004271
1.005058
1.0050059999999998
1.003898
1.001892
0.999201
0.9958290000000001
0.995339
0.998166
1.000567
1.00205
1.002673
1.0024629999999999
1.0013020000000001
1.00096
1.001924
1.002556
1.0025959999999998
1.001997
1.000569
0.998049
0.9979520000000001
1.00082
1.003023
1.004142
1.004423
1.0039360000000002
1.0025870000000001
1.002262
1.003436
1.004263
1.00433
1.00359
1.001948
0.999208
0.999051
1.001883
1.004005
1.005277
1.005803
1.005425
1.0039799999999999
1.0033020000000001
1.003774
1.003652
1.002861
1.0016040000000002
0.999862
0.9975930000000001
0.998552
1.002591
1.005565
1.007275
1.0078850000000001
1.007551
1.006262
1.00586
1.006785
1.007306
1.007108
1.006122
1.004368
1.001914
1.0025
1.006052
1.008661
1.010316
1.0111
1.010908
1.0095290000000001
1.008812
1.009275
1.0091370000000002
1.008133
1.0063950000000002
1.0039639999999999
1.000991
1.001135
1.004333
1.0067979999999999
1.0083090000000001
1.008918
1.008602
1.0071700000000001
1.006442
1.006872
1.006673
1.005658
1.0040129999999998
1.0017200000000002
0.9990030000000001
0.9993190000000001
1.002267
1.004142
1.004945
1.004945
1.004192
1.004367
1.005783
1.006725
1.0068350000000001
1.006049
1.004327
1.001657
1.000206
1.001733
1.004069
1.005433
1.005918
1.005566
1.0042959999999999
1.003874
1.004661
1.004968
1.0046110000000001
1.003742
1.002392
1.0003549999999999
1.000019
1.002524
1.005159
1.006739
1.0074239999999999
1.007291
1.006341
1.006361
1.0076530000000001
1.008501
1.0088190000000001
1.0086979999999999
1.0080209999999998
1.0065819999999999
1.0074239999999999
1.01114
1.014376
1.016449
1.017477
1.017507
1.016521
1.016257
1.017004
1.0170569999999999
1.016217
1.01453
1.012054
1.008785
1.008029
1.010459
1.012713
1.014122
1.014673
1.014235
1.012546
1.011282
1.010904
1.0099
1.008175
1.005785
1.002736
0.998858
0.9978229999999999
0.999878
1.001239
1.001836
1.001835
1.001227
0.9998370000000001
0.997431
0.993942
0.9893719999999999
0.983712
0.9800530000000001
0.9789200000000001
0.9771
0.9739610000000001
0.969749
0.9694159999999999
0.9733450000000001
0.9766959999999999
0.9790479999999999
0.980332
0.980349
0.9790840000000001
0.9765940000000001
0.9727870000000001
0.9705219999999999
0.970082
0.968419
0.965467
0.961726
0.961318
0.965192
0.968985
0.9711200000000001
0.97145
0.9702040000000001
0.967526
0.963267
0.9574010000000001
0.9529920000000001
0.9506209999999999
0.947469
0.9432959999999999
0.938392
0.93684
0.9394469999999999
0.9417110000000001
0.9423020000000001
0.9414680000000001
0.939622
0.9369649999999999
0.933491
0.9291149999999999
0.926666
0.926579
0.92609
0.924882
0.9228459999999999
0.924118
0.9288719999999999
0.9323629999999999
0.934148
0.9346530000000001
0.9342299999999999
0.9330370000000001
0.93095
0.927643
0.9257620000000001
0.926024
0.9259370000000001
0.9250729999999999
0.923265
0.923998
0.9278649999999999
0.930659
0.931378
0.930399
0.928033
0.924442
0.9195129999999999
0.9130659999999999
0.9081530000000001
0.90551
0.9024530000000001
0.898777
0.895116
0.8954190000000001
0.898868
0.900957
0.901623
0.9010729999999999
0.8992629999999999
0.895964
0.890818
0.8866129999999999
0.88421
0.8811950000000001
0.877431
0.87311
0.872552
0.8756879999999999
0.877807
0.8785959999999999
0.87821
0.8768309999999999
0.874525
0.871086
0.866201
0.8626459999999999
0.861157
0.8592770000000001
0.8567799999999999
0.8539620000000001
0.854492
0.8575309999999999
0.85862
0.857943
0.856203
0.8538709999999999
0.8509610000000001
0.847252
0.8427100000000001
0.8404280000000001
0.840924
0.841183
0.8406020000000001
0.8405969999999999
0.843759
0.8482649999999999
0.8511200000000001
0.8524940000000001
0.852844
0.852319
0.85069
0.847664
0.8432219999999999
0.840678
0.840882
0.840975
0.8403209999999999
0.840607
0.8443440000000001
0.8493930000000001
0.852785
0.854606
0.8552930000000001
0.8548709999999999
0.852984
0.849384
0.844057
0.8403450000000001
0.839159
0.837559
0.8348559999999999
0.833083
0.8347600000000001
0.837779
0.83965
0.84047
0.840309
0.8389270000000001
0.836109
0.8318450000000001
0.8290069999999999
0.8281120000000001
0.826477
0.82371
0.8205899999999999
0.8207200000000001
0.8233739999999999
0.824889
0.825283
0.824766
0.823299
0.8207129999999999
0.8168850000000001
0.8118270000000001
0.808484
0.807667
0.806739
0.8049229999999999
0.802999
0.8042199999999999
0.80747
0.809257
0.809703
0.8091550000000001
0.807761
0.80555
0.802481
0.798546
0.796636
0.797129
0.79689
0.795238
0.794376
0.796871
0.800643
0.803261
0.804848
0.805593
0.805551
0.8045899999999999
0.802452
0.8017890000000001
0.803083
0.803565
0.802743
0.801628
0.80352
0.8074359999999999
0.810034
0.811366
0.8115439999999999
0.8105439999999999
0.8083739999999999
0.8049890000000001
0.80042
0.797696
0.797435
0.796816
0.795326
0.7945180000000001
0.797048
0.80107
0.8034899999999999
0.804269
0.803613
0.801707
0.7986850000000001
0.7945369999999999
0.789291
0.785871
0.7847390000000001
0.7831140000000001
0.780709
0.779489
0.782049
0.786502
0.79003
0.792473
0.7938970000000001
0.794226
0.7931630000000001
0.790365
0.7857609999999999
0.782291
0.7805979999999999
0.778075
0.774389
0.771491
0.772291
0.775189
0.777366
0.778745
0.779576
0.779892
0.779436
0.7778689999999999
0.777541
0.778647
0.778502
0.776838
0.774751
0.775428
0.778004
0.7794300000000001
0.779949
0.7799520000000001
0.7795989999999999
0.7787890000000001
0.777317
0.774978
0.774223
0.775389
0.775882
0.775305
0.775029
0.7779550000000001
0.78262
0.7857609999999999
0.787241
0.787371
0.786337
0.7841560000000001
0.780876
0.776675
0.774428
0.7747069999999999
0.774841
0.7742479999999999
0.774512
0.778184
0.783259
0.7866529999999999
0.788423
0.78905
0.788679
0.787118
0.784121
0.781994
0.781219
0.779618
0.7770130000000001
0.773629
0.773586
0.777025
0.779877
0.781935
0.783231
0.7836609999999999
0.782981
0.780946
0.7773869999999999
0.774654
0.773295
0.771234
0.768339
0.765313
0.765888
0.769421
0.771926
0.773371
0.774055
0.774037
0.773191
0.771343
0.768407
0.766979
0.767638
0.76788
0.767142
0.766267
0.7685350000000001
0.773042
0.776438
0.778825
0.780466
0.781377
0.781337
0.77993
0.7768609999999999
0.774745
0.774225
0.772894
0.770482
0.768501
0.7702680000000001
0.7745529999999999
0.777986
0.780396
0.7818689999999999
0.782405
0.781801
0.779764
0.778698
0.779203
0.779003
0.777799
0.775758
0.7767069999999999
0.780453
0.783003
0.7844770000000001
0.7851560000000001
0.785107
0.784347
0.782756
0.780158
0.778935
0.779565
0.77973
0.779087
0.77759
0.7792319999999999
0.783944
0.787301
0.789144
0.78968
0.789057
0.7873
0.784261
0.779961
0.777046
0.776155
0.775115
0.77373
0.772193
0.774297
0.779722
0.78409
0.787112
0.78893
0.78956
0.7887930000000001
0.786423
0.782536
0.7797470000000001
0.778612
0.776872
0.774224
0.771148
0.7717229999999999
0.775814
0.7793439999999999
0.782095
0.784237
0.78572
0.786203
0.785237
0.782517
0.780515
0.779895
0.778517
0.776107
0.773471
0.774227
0.7777229999999999
0.780329
0.782011
0.782938
0.783086
0.7824
0.7807810000000001
0.7804949999999999
0.7819649999999999
0.782942
0.783083
0.7822439999999999
0.783546
0.78776
0.7914140000000001
0.793545
0.7943180000000001
0.79386
0.7922279999999999
0.78959
0.786018
0.7838470000000001
0.783698
0.783489
0.782866
0.78176
0.783439
0.788315
0.7925909999999999
0.7955369999999999
0.797351
0.797994
0.797291
0.795127
0.791589
0.789304
0.788963
0.788337
0.787063
0.785215
0.786486
0.7912060000000001
0.795377
0.798388
0.800343
0.80137
0.801515
0.800504
0.7980470000000001
0.796559
0.796624
0.796014
0.7944180000000001
0.79186
0.7919930000000001
0.7955300000000001
0.798742
0.8008930000000001
0.80208
0.802392
0.80173
0.7997850000000001
0.796434
0.794329
0.794087
0.793384
0.791886
0.78947
0.790136
0.7941600000000001
0.797291
0.799227
0.800107
0.799979
0.798802
0.796481
0.792956
0.790691
0.790291
0.7896479999999999
0.788452
0.786466
0.787671
0.79215
0.795558
0.797826
0.799227
0.799737
0.799204
0.797543
0.794744
0.793247
0.793497
0.793088
0.791565
0.788946
0.78952
0.7934770000000001
0.7964439999999999
0.798307
0.799343
0.799597
0.79905
0.797606
0.7951729999999999
0.7943060000000001
0.795502
0.796194
0.795792
0.7942859999999999
0.795774
0.800199
0.803249
0.8049270000000001
0.805527
0.805171
0.803912
0.801613
0.798211
0.796461
0.796998
0.797301
0.796867
0.795683
0.7977529999999999
0.802971
0.806887
0.809156
0.8099149999999999
0.809411
0.807723
0.804672
0.80018
0.796924
0.795632
0.794131
0.7921590000000001
0.789767
0.7908970000000001
0.795479
0.799191
0.8017
0.803033
0.8031520000000001
0.801917
0.799219
0.797462
0.797134
0.795994
0.7938569999999999
0.790876
0.789745
0.791955
0.794864
0.7969970000000001
0.798466
0.7994060000000001
0.799715
0.7991510000000001
0.797475
0.796836
0.797584
0.797531
0.7964939999999999
0.794509
0.7944899999999999
0.797501
0.800312
0.8017489999999999
0.802243
0.802154
0.8014899999999999
0.800142
0.798032
0.797506
0.798974
0.8000229999999999
0.800099
0.799081
0.8005359999999999
0.805049
0.8087310000000001
0.810829
0.81167
0.811563
0.810628
0.808729
0.805613
0.803624
0.8034140000000001
0.802828
0.801473
0.799251
0.799712
0.803391
0.806492
0.808449
0.809442
0.809479
0.808488
0.806237
0.802537
0.799958
0.7992090000000001
0.798096
0.796331
0.793862
0.794405
0.798239
0.801341
0.80333
0.8044640000000001
0.804956
0.804758
0.803543
0.801091
0.799882
0.80051
0.800758
0.800287
0.798932
0.8002739999999999
0.804828
0.808738
0.8114560000000001
0.8131649999999999
0.813884
0.813401
0.8115359999999999
0.808409
0.806664
0.8068569999999999
0.806701
0.8057810000000001
0.803988
0.805217
0.809958
0.81413
0.8172050000000001
0.819327
0.820428
0.8202729999999999
0.8186220000000001
0.815384
0.813107
0.812446
0.811226
0.80909
0.805967
0.805988
0.809619
0.812702
0.81493
0.816479
0.817261
0.8171
0.81576
0.8130470000000001
0.811416
0.81135
0.8103819999999999
0.808131
0.804763
0.804423
0.80747
0.809721
0.810832
0.811062
0.810578
0.809404
0.807373
0.804335
0.8028310000000001
0.803359
0.803387
0.802396
0.800272
0.8011520000000001
0.8051560000000001
0.807968
0.809433
0.8096949999999999
0.80891
0.8071149999999999
0.804246
0.800381
0.798229
0.798347
0.798316
0.797737
0.796908
0.799563
0.805231
0.809657
0.812608
0.814342
0.814936
0.81421
0.811968
0.8082189999999999
0.805751
0.805305
0.804556
0.803139
0.801596
0.80373
0.809008
0.8133090000000001
0.816367
0.8182699999999999
0.8189420000000001
0.818264
0.816195
0.8126800000000001
0.810346
0.809811
0.808625
0.806449
0.804003
0.805164
0.809394
0.812695
0.814928
0.816226
0.816561
0.81581
0.8137810000000001
0.810301
0.808053
0.807758
0.806941
0.805124
0.8028609999999999
0.8039109999999999
0.807746
0.810471
0.8120149999999999
0.8125439999999999
0.812148
0.810793
0.808319
0.804624
0.8023520000000001
0.8019970000000001
0.801068
0.799309
0.7974180000000001
0.7989
0.802994
0.80584
0.807404
0.807979
0.8076770000000001
0.8063670000000001
0.8038489999999999
0.802562
0.8030510000000001
0.80296
0.801944
0.800007
0.8004680000000001
0.80407
0.8073779999999999
0.809516
0.810517
0.8105359999999999
0.809616
0.807674
0.804656
0.803044
0.803421
0.803549
0.803088
0.801902
0.803651
0.8084939999999999
0.81217
0.8142550000000001
0.815185
0.815222
0.814285
0.812238
0.809141
0.807706
0.808551
0.809253
0.809331
0.808662
0.811272
0.8170350000000001
0.821428
0.82429
0.825858
0.826177
0.8251719999999999
0.822789
0.8189850000000001
0.816365
0.815627
0.814477
0.812585
0.809999
0.810967
0.815616
0.819465
0.8222229999999999
0.823998
0.824742
0.8242510000000001
0.822216
0.818454
0.815693
0.814735
0.813217
0.810702
0.807266
0.8071189999999999
0.810371
0.812858
0.814573
0.815689
0.816231
0.816084
0.814975
0.812675
0.811664
0.812345
0.812233
0.811034
0.8086939999999999
0.809347
0.813113
0.815674
0.81705
0.817612
0.817503
0.816623
0.81481
0.812086
0.811109
0.8123060000000001
0.8130430000000001
0.812753
0.811385
0.813013
0.8176680000000001
0.82101
0.8228709999999999
0.8235469999999999
0.8231620000000001
0.8216950000000001
0.819152
0.815592
0.81375
0.814187
0.814312
0.813583
0.812344
0.8144859999999999
0.8195959999999999
0.8234469999999999
0.825858
0.8271270000000001
0.827304
0.826232
0.8237610000000001
0.8197909999999999
0.817058
0.8163279999999999
0.815177
0.813168
0.810787
0.8120069999999999
0.816423
0.819825
0.821958
0.8228700000000001
0.8226129999999999
0.821308
0.81889
0.8151390000000001
0.812616
0.811914
0.810623
0.808453
0.805954
0.806923
0.810873
0.8138029999999999
0.815603
0.816397
0.8162020000000001
0.814929
0.8123739999999999
0.808475
0.806045
0.805638
0.804663
0.802802
0.800898
0.802556
0.807054
0.810577
0.812984
0.814459
0.815024
0.814491
0.812606
0.80928
0.8072550000000001
0.807029
0.806067
0.804163
0.802429
0.804233
0.808556
0.81172
0.81362
0.8146260000000001
0.814868
0.814156
0.812246
0.808996
0.807148
0.807238
0.806569
0.8046260000000001
0.802737
0.8043130000000001
0.808149
0.810733
0.811926
0.812028
0.811244
0.8095939999999999
0.80694
0.8030930000000001
0.800802
0.800736
0.8002739999999999
0.798879
0.797921
0.8002729999999999
0.804294
0.806811
0.807917
0.807837
0.8066
0.804233
0.800701
0.798549
0.798391
0.797926
0.796887
0.7953560000000001
0.797354
0.802726
0.806971
0.809817
0.811371
0.811599
0.8104640000000001
0.807999
0.804128
0.801354
0.800353
0.798884
0.796737
0.794427
0.795959
0.80087
0.804763
0.807458
0.809171
0.809984
0.809735
0.808098
0.804994
0.803285
0.803582
0.803227
0.801728
0.799884
0.801403
0.8056180000000001
0.808733
0.810673
0.811719
0.812081
0.811671
0.812344
0.814228
0.815087
0.81463
0.813049
0.8118310000000001
0.8134359999999999
0.81647
0.818353
0.819066
0.818745
0.817551
0.817336
0.8184239999999999
0.81902
0.818824
0.817972
0.816635
0.8164170000000001
0.8192860000000001
0.823297
0.8258780000000001
0.8270280000000001
0.8270280000000001
0.826111
0.826025
0.8271059999999999
0.8279219999999999
0.8284969999999999
0.829017
0.8294520000000001
0.82973
0.833068
0.8391379999999999
0.843968
0.847232
0.8491200000000001
0.850023
0.8504200000000001
0.851938
0.854554
0.856482
0.8574639999999999
0.8577319999999999
0.8575149999999999
0.856756
0.858517
0.8627799999999999
0.866101
0.868419
0.869984
0.870933
0.8711770000000001
0.8719819999999999
0.873448
0.874064
0.8736309999999999
0.872289
0.870276
0.8682219999999999
0.868841
0.871431
0.8730950000000001
0.8741059999999999
0.874883
0.8755059999999999
0.8755879999999999
0.87636
0.8780020000000001
0.8788889999999999
0.8788860000000001
0.8782989999999999
0.8772190000000001
0.875985
0.877243
0.8804209999999999
0.8827219999999999
0.8844219999999999
0.885925
0.8871950000000001
0.8892559999999999
0.8920530000000001
0.8941979999999999
0.8956639999999999
0.8966709999999999
0.8972610000000001
0.897127
0.8967809999999999
0.8987620000000001
0.902372
0.9051049999999999
0.907128
0.908639
0.909523
0.9109799999999999
0.9133319999999999
0.9154629999999999
0.9173530000000001
0.9191299999999999
0.920635
0.9213319999999999
0.9212110000000001
0.923185
0.927157
0.930551
0.933559
0.936141
0.938018
0.938976
0.940557
0.9432209999999999
0.945636
0.9475319999999999
0.948664
0.948741
0.9475969999999999
0.948069
0.95158
0.9555809999999999
0.95886
0.961199
0.962397
0.9622639999999999
0.9624149999999999
0.9634739999999999
0.9640850000000001
0.9638760000000001
0.9627530000000001
0.960778
0.957997
0.956509
0.9583459999999999
0.961543
0.9639770000000001
0.965282
0.9652639999999999
0.9638389999999999
0.962724
0.962601
0.962126
0.960909
0.958844
0.9559209999999999
0.952204
0.949843
0.9511219999999999
0.9541229999999999
0.95654
0.958174
0.9589850000000001
0.9589049999999999
0.959457
0.960931
0.961822
0.9619110000000001
0.961205
0.9596969999999999
0.957448
0.9563780000000001
0.9585899999999999
0.962225
0.9651219999999999
0.9672299999999999
0.9685790000000001
0.9692440000000001
0.970836
0.973568
0.975722
0.9768680000000001
0.9769479999999999
0.976092
0.974527
0.97411
0.976785
0.980692
0.983665
0.9856
0.986606
0.986842
0.9879680000000001
0.990174
0.9918020000000001
0.992584
0.992576
0.9919190000000001
0.990664
0.990923
0.9943420000000001
0.9985950000000001
1.001727
1.003683
1.004594
1.004414
1.0047059999999999
1.005909
1.006577
1.006502
1.005809
1.004694
1.003113
1.002516
1.004723
1.00781
1.009629
1.010417
1.010397
1.009486
1.00916
1.0097040000000002
1.0095809999999998
1.0086899999999999
1.007374
1.0057559999999999
1.003628
1.00209
1.0035479999999999
1.006617
1.008653
1.009662
1.009708
1.0086959999999998
1.008214
1.008646
1.0085819999999999
1.007997
1.00705
1.005665
1.003625
1.002132
1.003596
1.006713
1.0090620000000001
1.010634
1.0113370000000002
1.010976
1.0110629999999998
1.011996
1.012465
1.012429
1.011898
1.010761
1.008857
1.007701
1.009435
1.012589
1.015097
1.0168409999999999
1.017678
1.017449
1.0178049999999998
1.019132
1.0199209999999999
1.019996
1.019398
1.018199
1.016274
1.015425
1.017523
1.020604
1.022678
1.023684
1.023744
1.0229059999999999
1.02114
1.0205950000000001
1.021867
1.022967
1.023347
1.0227899999999999
1.021175
1.019025
1.019974
1.023599
1.026216
1.02777
1.028357
1.027909
1.0264719999999998
1.0262639999999998
1.027723
1.02874
1.0288979999999999
1.028168
1.0264870000000001
1.02388
1.024225
1.027547
1.0298610000000001
1.031001
1.031015
1.029971
1.027901
1.026744
1.02695
1.0268059999999999
1.026086
1.024735
1.022728
1.020025
1.0202069999999999
1.023421
1.025701
1.026752
1.026921
1.026399
1.025117
1.024943
1.026248
1.027047
1.026967
1.026155
1.024742
1.02257
1.023331
1.0272370000000002
1.030305
1.032239
1.0331299999999999
1.033024
1.0318969999999998
1.031717
1.032851
1.0333860000000001
1.033108
1.032118
1.030338
1.027592
1.027756
1.0311059999999999
1.033601
1.0350540000000001
1.035714
1.035561
1.034359
1.0339639999999999
1.034718
1.034684
1.0337120000000002
1.031944
1.029369
1.0261200000000001
1.02588
1.028445
1.030022
1.030759
1.030877
1.0302959999999999
1.028838
1.028378
1.029184
1.0292459999999999
1.0283010000000001
1.026471
1.023865
1.020807
1.0207549999999999
1.023305
1.024802
1.025275
1.024929
1.023879
1.0220280000000002
1.0212299999999999
1.021894
1.0221790000000002
1.021807
1.0206959999999998
1.018681
1.0160559999999998
1.016242
1.0189540000000001
1.0207389999999998
1.021607
1.021743
1.021098
1.019404
1.018617
1.0193450000000002
1.019765
1.019592
1.018856
1.017467
1.0161200000000001
1.017796
1.021586
1.024255
1.025786
1.026392
1.026008
1.024391
1.0236319999999999
1.02426
1.024274
1.0234459999999999
1.021932
1.019706
1.0178719999999999
1.0192860000000001
1.022759
1.025301
1.026825
1.027302
1.026607
1.02468
1.023675
1.024003
1.023603
1.022239
1.019962
1.016765
1.01417
1.015009
1.0178399999999999
1.0198
1.0208780000000002
1.021082
1.020206
1.018023
1.016602
1.016493
1.015865
1.01447
1.012278
1.009283
1.007023
1.0079639999999999
1.010514
1.012186
1.013059
1.013158
1.012438
1.010765
1.010149
1.010967
1.011116
1.010213
1.0082870000000002
1.005474
1.003742
1.005308
1.008256
1.010243
1.0111809999999999
1.011161
1.010258
1.008324
1.007454
1.008182
1.008432
1.0078209999999999
1.006338
1.0039049999999998
1.002877
1.005124
1.008166
1.009998
1.010604
1.0101200000000001
1.008536
1.007865
1.008641
1.009005
1.008604
1.0074530000000002
1.005615
1.0035120000000002
1.004421
1.007716
1.0096969999999998
1.010337
1.00997
1.0087139999999999
1.0064899999999999
1.0052459999999999
1.005358
1.004879
1.003631
1.001933
0.9999
0.998129
0.999691
1.0036909999999999
1.006593
1.008257
1.008828
1.008304
1.0065979999999999
1.005854
1.006581
1.0068290000000002
1.006401
1.005368
1.003617
1.002278
1.004119
1.007816
1.0104360000000001
1.0121040000000001
1.013004
1.012999
1.011788
1.011247
1.011794
1.011596
1.010492
1.008505
1.005567
1.0030709999999998
1.003634
1.005881
1.007303
1.008003
1.007955
1.006979
1.004861
1.0036450000000001
1.0037530000000001
1.003177
1.001684
0.9993770000000001
0.9963350000000001
0.994533
0.995876
0.998273
0.999676
1.000094
0.9996209999999999
0.99835
0.9961979999999999
0.995296
0.9962260000000001
0.9969610000000001
0.9970620000000001
0.9963790000000001
0.994714
0.993914
0.9959600000000001
0.998943
1.000913
1.001933
1.002106
1.001314
0.999294
0.998267
0.998958
0.999352
0.999057
0.998081
0.996325
0.9958819999999999
0.998559
1.001984
1.004208
1.005393
1.0056260000000001
1.0047
1.002398
1.00106
1.001306
1.001083
1.000225
0.998748
0.9964139999999999
0.995715
0.998286
1.001436
1.003436
1.004314
1.004081
1.002685
1.002224
1.003115
1.00338
1.002787
1.001378
0.9990209999999999
0.996027
0.99615
0.999158
1.001311
1.002576
1.003048
1.002569
1.000958
1.0001200000000001
1.000415
1.000039
0.9989610000000001
0.997325
0.9950610000000001
0.992626
0.99326
0.996266
0.998174
0.999131
0.999295
0.998649
0.997215
0.99705
0.998505
0.99954
0.9997309999999999
0.998883
0.996893
0.995102
0.996238
0.998984
1.000636
1.001307
1.001097
1.000034
0.998059
0.997115
0.997585
0.997539
0.996649
0.994865
0.9921629999999999
0.9900110000000001
0.990878
0.993341
0.994864
0.995296
0.9946379999999999
0.9928959999999999
0.989928
0.987878
0.987453
0.986764
0.9854799999999999
0.98361
0.9811190000000001
0.9801
0.9822200000000001
0.9851200000000001
0.986856
0.9875200000000001
0.9873860000000001
0.986458
0.9865360000000001
0.987956
0.988816
0.9887440000000001
0.9878
0.986217
0.984187
0.9852870000000001
0.989397
0.9926940000000001
0.995028
0.996458
0.996942
0.9962840000000001
0.996266
0.997401
0.9979819999999999
0.9977719999999999
0.996924
0.995431
0.9932139999999999
0.9939030000000001
0.997467
1.00003
1.001533
1.002284
1.002389
1.001652
1.001882
1.003401
1.004171
1.00386
1.0026190000000001
1.000419
0.9977799999999999
0.997966
1.000386
1.001731
1.00216
1.0020069999999999
1.0012290000000001
0.999542
0.9987299999999999
0.9991129999999999
0.9987540000000001
0.9974059999999999
0.9951459999999999
0.991984
0.9885889999999999
0.9883190000000001
0.9904950000000001
0.9916200000000001
0.9917299999999999
0.990944
0.9891969999999999
0.9864629999999999
0.9847799999999999
0.9845799999999999
0.9840190000000001
0.982907
0.981237
0.978814
0.9767030000000001
0.9774930000000001
0.97995
0.9814959999999999
0.982261
0.98231
0.9815889999999999
0.9799190000000001
0.979173
0.9798
0.9800719999999999
0.979815
0.9789950000000001
0.977554
0.977145
0.9799370000000001
0.984067
0.9871260000000001
0.989051
0.989874
0.9896219999999999
0.98816
0.9875219999999999
0.988316
0.988658
0.9882139999999999
0.9870120000000001
0.9850760000000001
0.9842639999999999
0.9866090000000001
0.9901709999999999
0.992784
0.994397
0.9949950000000001
0.994418
0.9943569999999999
0.995133
0.995102
0.994116
0.9922030000000001
0.9894219999999999
0.985741
0.9849120000000001
0.987167
0.9887370000000001
0.989541
0.989684
0.989129
0.9876870000000001
0.9869629999999999
0.9872479999999999
0.986814
0.9855219999999999
0.983634
0.981209
0.977949
0.9774870000000001
0.9800559999999999
0.9817530000000001
0.9824729999999999
0.982527
0.982025
0.9807799999999999
0.9805229999999999
0.981692
0.9825280000000001
0.982665
0.9820139999999999
0.980401
0.9780840000000001
0.978625
0.9817629999999999
0.983936
0.985202
0.985715
0.985294
0.9837090000000001
0.9829610000000001
0.9835870000000001
0.9837629999999999
0.983267
0.982167
0.9803299999999999
0.97857
0.979748
0.982809
0.9847290000000001
0.9856219999999999
0.9855950000000001
0.9845139999999999
0.982251
0.9808319999999999
0.980727
0.9801270000000001
0.978923
0.97715
0.974672
0.973217
0.974994
0.978096
0.980165
0.981193
0.9812489999999999
0.980349
0.980268
0.981225
0.981448
0.980834
0.9794940000000001
0.9774450000000001
0.974741
0.974619
0.9775879999999999
0.9802540000000001
0.9819950000000001
0.982872
0.9827959999999999
0.9816459999999999
0.981081
0.981503
0.981508
0.981024
0.980086
0.9786600000000001
0.9765219999999999
0.976641
0.979649
0.982406
0.9843799999999999
0.985677
0.986367
0.9863559999999999
0.9872719999999999
0.9893719999999999
0.9908620000000001
0.991397
0.990972
0.989698
0.9875
0.988088
0.991734
0.9946020000000001
0.996509
0.997583
0.9978389999999999
0.997049
0.9968799999999999
0.997783
0.998075
0.9974770000000001
0.996015
0.9936389999999999
0.9901969999999999
0.989648
0.992208
0.993776
0.9941709999999999
0.9935790000000001
0.992008
0.9893540000000001
0.9876510000000001
0.9874729999999999
0.9869899999999999
0.98587
0.9841270000000001
0.981635
0.978683
0.97859
0.9809110000000001
0.982226
0.982672
0.982432
0.98141
0.979483
0.9785
0.978816
0.9786440000000001
0.977899
0.976734
0.9750790000000001
0.973405
0.974979
0.979142
0.982303
0.9843149999999999
0.985183
0.984873
0.9852069999999999
0.986607
0.987497
0.987758
0.9874350000000001
0.986408
0.984567
0.9841479999999999
0.986685
0.989848
0.992099
0.9935620000000001
0.9942559999999999
0.994078
0.994632
0.996172
0.99711
0.9972610000000001
0.996568
0.99497
0.9924270000000001
0.9916719999999999
0.993883
0.9964280000000001
0.998282
0.999446
0.999866
0.9994430000000001
0.9998239999999999
1.001258
1.0020280000000001
1.0019120000000001
1.001002
0.99944
0.997116
0.996676
0.999125
1.001557
1.002853
1.003103
1.002522
1.0011290000000002
1.0005870000000001
1.001327
1.001747
1.0014969999999999
1.000456
0.998511
0.995432
0.9938899999999999
0.9953129999999999
0.997077
0.997991
0.998165
0.997575
0.995951
0.994992
0.99521
0.994966
0.994007
0.992452
0.990333
0.987475
0.9872479999999999
0.9901479999999999
0.99261
0.99419
0.994976
0.994807
0.9934930000000001
0.992908
0.993539
0.993717
0.9933540000000001
0.99256
0.9911629999999999
0.9888879999999999
0.9892989999999999
0.992769
0.995511
0.9971629999999999
0.9978319999999999
0.9975430000000001
0.99634
0.9960709999999999
0.997093
0.997667
0.9975
0.996489
0.994552
0.991734
0.9920530000000001
0.9957309999999999
0.9988040000000001
1.001104
1.002574
1.002994
1.002153
1.00184
1.00253
1.002657
1.0020790000000002
1.0008290000000002
0.9989399999999999
0.9964350000000001
0.996978
1.000506
1.003157
1.004843
1.005617
1.005494
1.004427
1.0042200000000001
1.005241
1.00563
1.005061
1.0036209999999999
1.001309
0.997975
0.997483
1.0000440000000002
1.001718
1.002456
1.002524
1.0019639999999999
1.000527
0.9999120000000001
1.0005190000000002
1.000536
0.999609
0.997755
0.994981
0.991411
0.99097
0.993648
0.9954280000000001
0.996194
0.9960540000000001
0.994914
0.9944270000000001
0.9950760000000001
0.995426
0.9953129999999999
0.9948049999999999
0.9938809999999999
0.992309
0.991757
0.993892
0.9966299999999999
0.9980950000000001
0.9985219999999999
0.998129
0.9969299999999999
0.996642
0.9975450000000001
0.997919
0.997568
0.996658
0.995239
0.993143
0.992777
0.995524
0.998777
1.001069
1.0023879999999998
1.0027549999999998
1.002154
1.002312
1.003472
1.003903
1.003507
1.002442
1.000775
0.998518
0.9987520000000001
1.002062
1.005089
1.007081
1.008145
1.008224
1.0071379999999999
1.006589
1.00702
1.006917
1.0061149999999999
1.004614
1.0023959999999998
0.99928
0.998231
1.000061
1.001767
1.0027540000000001
1.003162
1.002996
1.002034
1.001829
1.002628
1.002673
1.0017260000000001
0.9999040000000001
0.997376
0.9941040000000001
0.9935459999999999
0.996245
0.998603
1.000063
1.000681
1.000472
0.999293
0.998893
0.999771
1.0003229999999999
1.000314
0.9997149999999999
0.998344
0.995933
0.9960209999999999
0.9991260000000001
1.001568
1.002916
1.0033729999999998
1.002979
1.001643
1.0012940000000001
1.002442
1.003249
1.003311
1.002573
1.000925
0.998151
0.998027
1.000888
1.00295
1.0041719999999998
1.004667
1.004271
1.002825
1.0021790000000002
1.002708
1.0026329999999999
1.001854
1.000549
0.998699
0.996376
0.9972719999999999
1.00116
1.0039799999999999
1.0055370000000001
1.0058690000000001
1.005001
1.003053
1.002046
1.0024680000000001
1.002594
1.002099
1.000833
0.9986940000000001
0.9958879999999999
0.9961399999999999
0.9992840000000001
1.001534
1.0028700000000002
1.003377
1.002968
1.0014450000000001
1.000649
1.001089
1.000959
0.9998879999999999
0.9978889999999999
0.995073
0.991876
0.99187
0.9948370000000001
0.997136
0.998518
0.998942
0.9983700000000001
0.998492
0.999549
0.999865
0.9992709999999999
0.9979040000000001
0.995944
0.993367
0.9921969999999999
0.9939690000000001
0.996384
0.997667
0.997873
0.99729
0.9961
0.9960200000000001
0.9973549999999999
0.998408
0.9987969999999999
0.998393
0.997115
0.9947819999999999
0.9938959999999999
0.995921
0.998347
0.9998959999999999
1.000721
1.000879
1.0001799999999998
1.0003
1.001636
1.002483
1.002586
1.002067
1.001018
0.999282
0.9998739999999999
1.003336
1.0062870000000002
1.0081040000000001
1.008941
1.008732
1.007308
1.006497
1.0067700000000002
1.006491
1.0056049999999999
1.004259
1.00232
0.999497
0.9990319999999999
1.001522
1.003478
1.004332
1.004248
1.0032940000000001
1.0014319999999999
1.000413
1.0005389999999998
1.000071
0.9987940000000001
0.996706
0.9937870000000001
0.990088
0.9895879999999999
0.9925219999999999
0.994978
0.996798
0.9979370000000001
0.9981450000000001
0.997144
0.996654
0.997152
0.9971479999999999
0.9965639999999999
0.99546
0.9937940000000001
0.991315
0.991624
0.99492
0.997393
0.998933
0.99966
0.999611
0.998734
0.9988229999999999
1.000258
1.001192
1.0012729999999999
1.000518
0.998841
0.996115
0.9961479999999999
0.9991180000000001
1.001225
1.002464
1.0030569999999999
1.002976
1.001929
1.001659
1.0025979999999999
1.002936
1.002356
1.000882
0.9985069999999999
0.995635
0.9959399999999999
0.99911
1.001384
1.002635
1.002903
1.002051
0.999973
0.998785
0.999157
0.9993280000000001
0.999009
0.9981459999999999
0.9965
0.994202
0.994662
0.997503
0.99916
0.999783
0.99961
0.9986229999999999
0.9985379999999999
0.9996219999999999
1.0000950000000002
0.99971
0.9985709999999999
0.996714
0.994075
0.9927940000000001
0.9946299999999999
0.997393
0.999224
1.000018
0.9997520000000001
0.998451
0.997827
0.998137
0.9977870000000001
0.996758
0.995231
0.9932620000000001
0.9908319999999999
0.990452
0.993173
0.9961559999999999
0.998086
0.999033
0.999031
0.9980459999999999
0.997842
0.9988360000000001
0.999453
0.9994379999999999
0.9987030000000001
0.997209
0.9948170000000001
0.994576
0.9972219999999999
0.9997020000000001
1.001514
1.002789
1.003496
1.0033809999999999
1.003941
1.0053450000000002
1.0057909999999999
1.0050290000000002
1.003233
1.000679
0.997395
0.996765
0.999373
1.001629
1.00285
1.003101
1.002453
1.000792
0.999919
1.000359
1.0004709999999999
1.000001
0.9989120000000001
0.997024
0.9941610000000001
0.994142
0.997036
0.9988549999999999
0.9995719999999999
0.999491
0.998685
0.997042
0.996461
0.9973860000000001
0.99792
0.997698
0.996749
0.995009
0.992259
0.992333
0.995444
0.997683
0.999064
0.9996870000000001
0.9993850000000001
0.9979879999999999
0.997292
0.997699
0.9975430000000001
0.996793
0.995649
0.994051
0.991865
0.99284
0.99687
0.999808
1.001519
1.00209
1.001549
0.999986
0.999398
1.000232
1.000708
1.000472
0.999375
0.9973209999999999
0.994704
0.995143
0.998366
1.000807
1.002473
1.003398
1.003416
1.002253
1.001722
1.002338
1.002328
1.001372
0.9995040000000001
0.996828
0.9938799999999999
0.994094
0.997088
0.999316
1.000533
1.0007030000000001
0.999792
0.999524
1.000205
1.000219
0.9994200000000001
0.997917
0.995833
0.9930889999999999
0.9916799999999999
0.993142
0.9952200000000001
0.996183
0.99611
0.995287
0.993872
0.993547
0.994607
0.995368
0.995461
0.994772
0.993226
0.9906590000000001
0.989626
0.991613
0.994099
0.995785
0.996769
0.997066
0.9964629999999999
0.9966309999999999
0.9980100000000001
0.998949
0.9992030000000001
0.998878
0.99803
0.9964639999999999
0.9971780000000001
1.000718
1.003723
1.005588
1.006477
1.006337
1.005023
1.004392
1.004917
1.0049190000000001
1.004292
1.003144
1.0013319999999999
0.998584
0.998296
1.000995
1.00308
1.004068
1.004091
1.00318
1.001285
1.000191
1.0002309999999999
0.9996719999999999
0.998324
0.9962120000000001
0.993339
0.989851
0.9896959999999999
0.992906
0.9955229999999999
0.9974149999999999
0.998526
0.9986280000000001
0.9974860000000001
0.996862
0.99726
0.997181
0.996527
0.9953299999999999
0.9935360000000001
0.990901
0.99105
0.994189
0.9965229999999999
0.997966
0.998649
0.9986149999999999
0.9977959999999999
0.997944
0.999398
1.0002879999999998
1.000251
0.9993280000000001
0.997467
0.994553
0.994432
0.997908
1.0442559999999999
1.126682
1.2008510000000001
1.27144
1.337785
1.399368
1.45632
1.5085879999999998
1.555876
1.598217
1.635939
1.669244
1.7029459999999998
1.73767
1.768705
1.79588
1.8198450000000002
1.839309
1.819606
1.773193
1.7383540000000002
1.7076959999999999
1.681412
1.659543
1.641517
1.6270209999999998
1.616039
1.608371
1.6036979999999998
1.605934
1.615861
1.629632
1.6462150000000002
1.6645869999999998
1.683757
1.705452
1.765518
1.852916
1.925676
1.9869259999999997
2.037281
2.077594
2.1089759999999997
2.132123
2.14737
2.155199
2.1563
2.1515720000000003
2.1418939999999997
2.131425
2.1219930000000002
2.111712
2.100932
2.086975
2.038284
1.97055
1.922311
1.8928779999999998
1.881316
1.8797599999999999
1.885703
1.8980119999999998
1.915648
1.9372599999999998
1.966088
2.001009
2.035587
2.068459
2.099272
2.127382
2.1524080000000003
2.177686
2.233069
2.302202
2.34631
2.3708259999999997
2.378418
2.371833
2.3539369999999997
2.327324
2.294252
2.256878
2.217285
2.177381
2.1383
2.1047700000000003
2.077794
2.0535229999999998
2.031572
2.008354
1.959496
1.9048619999999998
1.883509
1.886393
1.902737
1.92736
1.956807
1.9882689999999998
2.019565
2.053645
2.089172
2.119343
2.142618
2.159394
2.1700779999999997
2.174418
2.172417
2.168351
2.185764
2.205995
2.197476
2.170054
2.1295509999999997
2.0808
2.027814
1.9735369999999999
1.9200279999999998
1.869091
1.826166
1.7932400000000002
1.767138
1.746905
1.732204
1.723041
1.718782
1.717021
1.70062
1.6871990000000001
1.699825
1.724741
1.7554450000000001
1.792136
1.831625
1.865993
1.8928099999999999
1.9108889999999998
1.919344
1.917902
1.907075
1.892152
1.873807
1.847859
1.8153560000000002
1.7821330000000002
1.765832
1.7461240000000002
1.7004
1.643391
1.5819860000000001
1.524887
1.476458
1.435144
1.401273
1.375474
1.358207
1.354364
1.362536
1.375614
1.3923709999999998
1.411925
1.432243
1.446999
1.44058
1.438074
1.4601520000000001
1.486737
1.5104389999999999
1.5272649999999999
1.534875
1.5368879999999998
1.533073
1.5182719999999998
1.49231
1.456286
1.412015
1.361504
1.3065870000000002
1.249201
1.192123
1.1418139999999999
1.116053
1.094801
1.0553540000000001
1.011987
0.975241
0.9500059999999999
0.933293
0.924127
0.9229290000000001
0.9296719999999999
0.943581
0.9628200000000001
0.9895719999999999
1.021227
1.049809
1.072466
1.090507
1.099902
1.0868950000000002
1.071691
1.070756
1.069251
1.061763
1.04551
1.019145
0.982376
0.9357780000000001
0.880666
0.823634
0.76803
0.712634
0.666428
0.630867
0.599668
0.574186
0.5594859999999999
0.563681
0.565617
0.551605
0.5370020000000001
0.5322399999999999
0.539607
0.558826
0.5882890000000001
0.620152
0.651575
0.6807979999999999
0.7059840000000001
0.724913
0.735849
0.738204
0.73152
0.71444
0.682928
0.6313989999999999
0.586208
0.5603819999999999
0.5391239999999999
0.518903
0.49318500000000004
0.46061
0.42272299999999996
0.381352
0.33843
0.296007
0.256179
0.221269
0.199195
0.198222
0.211166
0.229312
0.255326
0.292894
0.32104099999999997
0.329817
0.33469099999999996
0.340113
0.346966
0.35434
0.360616
0.370114
0.385359
0.401501
0.411889
0.411254
0.399338
0.377886
0.34878000000000003
0.31246399999999996
0.266873
0.21018
0.162474
0.13154000000000002
0.11048599999999999
0.101396
0.094206
0.082615
0.06833
0.053772
0.041257999999999996
0.032726
0.029539
0.032626
0.041605
0.06463300000000001
0.10424100000000001
0.148627
0.193717
0.24027800000000002
0.26952800000000005
0.275726
0.274868
0.271995
0.268504
0.263546
0.255606
0.243246
0.2251
0.20015
0.175224
0.15793
0.140895
0.11761600000000001
0.090958
0.062463
0.030733999999999997
-0.001459
-0.010881
0.002725
0.014434
0.017569
0.025259
0.043977999999999996
0.062872
0.079333
0.095276
0.111853
0.129613
0.14926
0.170371
0.19017699999999998
0.205565
0.215623
0.222086
0.22504699999999997
0.2158
0.202077
0.192919
0.18274
0.172396
0.162123
0.151035
0.137796
0.121369
0.101325
0.07749099999999999
0.049518
0.018222
0.000822
0.00404
0.011252
0.014346000000000001
0.014785
0.027988
0.054602
0.07961
0.099537
0.11366300000000001
0.122424
0.126891
0.128419
0.13658800000000001
0.158376
0.184513
0.20740100000000003
0.22611599999999998
0.239127
0.245662
0.246633
0.244205
0.237983
0.21532199999999999
0.17785399999999998
0.140683
0.107064
0.087049
0.08581
0.09137200000000001
0.094948
0.095712
0.094524
0.092144
0.088568
0.084623
0.08213
0.081768
0.082524
0.092168
0.117086
0.157943
0.204868
0.24306399999999997
0.270171
0.28679699999999997
0.295254
0.298141
0.297363
0.29376199999999997
0.287083
0.27708499999999997
0.264256
0.24832600000000002
0.234544
0.23108499999999998
0.23219299999999998
0.23046799999999998
0.225413
0.207988
0.182348
0.162455
0.150315
0.14488
0.143492
0.14341700000000002
0.142785
0.149042
0.169157
0.19421300000000002
0.215785
0.234186
0.251269
0.268052
0.284036
0.297281
0.308056
0.324857
0.343011
0.349652
0.344033
0.32825
0.31172
0.303692
0.30139099999999996
0.298614
0.29373699999999997
0.287704
0.281271
0.274161
0.265306
0.254176
0.24138099999999998
0.228569
0.21497600000000003
0.199408
0.19506099999999998
0.206398
0.223944
0.24499
0.266909
0.28776799999999997
0.306593
0.32268800000000003
0.335372
0.343972
0.347958
0.347806
0.34482399999999996
0.33973000000000003
0.338434
0.345549
0.35731399999999996
0.373899
0.38822399999999996
0.39067399999999997
0.38267199999999996
0.36751500000000004
0.348931
0.329412
0.31004899999999996
0.291379
0.27371799999999996
0.257232
0.248284
0.253983
0.266345
0.275611
0.282088
0.288519
0.294784
0.294656
0.292901
0.298452
0.309294
0.321739
0.33212800000000003
0.34459
0.363747
0.385017
0.401882
0.41145200000000004
0.41452799999999995
0.413235
0.409984
0.40574499999999997
0.399737
0.39013600000000004
0.377689
0.368203
0.35693400000000003
0.335926
0.31385100000000005
0.300917
0.295831
0.29316
0.291804
0.29290900000000003
0.296877
0.303477
0.31195
0.320299
0.32615900000000003
0.32859299999999997
0.328359
0.32705300000000004
0.330045
0.33820100000000003
0.35202100000000003
0.37189
0.39265700000000003
0.41163500000000003
0.426545
0.43581800000000004
0.43848100000000007
0.434046
0.42266099999999995
0.404992
0.382337
0.357144
0.331907
0.313736
0.308452
0.309626
0.310838
0.315048
0.31804499999999997
0.313605
0.304591
0.29401700000000003
0.284197
0.276356
0.271024
0.268279
0.274061
0.294662
0.32258200000000004
0.347194
0.365237
0.37705900000000003
0.384779
0.390692
0.393725
0.389192
0.38153200000000004
0.376343
0.370604
0.361686
0.354236
0.353281
0.35473000000000005
0.35234099999999996
0.34413499999999997
0.332348
0.31943299999999997
0.307731
0.298877
0.292587
0.286718
0.279008
0.270525
0.265345
0.265373
0.273144
0.285446
0.29609
0.305917
0.31661
0.328978
0.34281799999999996
0.35683899999999996
0.36891999999999997
0.376741
0.378125
0.371893
0.35891
0.348001
0.347333
0.35176799999999997
0.35113099999999997
0.347518
0.346638
0.346183
0.343828
0.337882
0.327407
0.312077
0.292381
0.269861
0.246771
0.231708
0.23492399999999997
0.25009899999999996
0.266173
0.280334
0.291593
0.30182800000000004
0.314218
0.323757
0.32568800000000003
0.322807
0.317508
0.31150100000000003
0.30574
0.30688899999999997
0.320946
0.34086700000000003
0.356752
0.36509
0.365823
0.35989299999999996
0.34923200000000004
0.336357
0.32272199999999995
0.306702
0.28569
0.264813
0.248425
0.240046
0.24547
0.256253
0.262176
0.262927
0.26050100000000004
0.257364
0.255603
0.256379
0.25973
0.264612
0.269041
0.27079699999999995
0.27534699999999995
0.291643
0.315948
0.334961
0.34360599999999997
0.34574699999999997
0.344871
0.34341700000000003
0.34229899999999996
0.341133
0.338343
0.331786
0.319819
0.30194499999999996
0.27878600000000003
0.25810900000000003
0.249793
0.249775
0.25007399999999996
0.248523
0.244339
0.24258200000000002
0.246155
0.251312
0.254826
0.25449499999999997
0.249665
0.24095999999999998
0.23644400000000002
0.24619499999999997
0.264892
0.28355
0.30085100000000004
0.31604899999999997
0.328175
0.336268
0.339913
0.340269
0.33828400000000003
0.329368
0.311467
0.28889899999999996
0.26518800000000003
0.248822
0.24821700000000002
0.256073
0.26175
0.2634
0.26109099999999996
0.25512199999999996
0.2464
0.236333
0.22616999999999998
0.21678499999999998
0.20832699999999998
0.199459
0.196285
0.21074099999999998
0.236301
0.25937
0.276577
0.287042
0.291865
0.293138
0.29270999999999997
0.291522
0.289716
0.286937
0.282303
0.274714
0.269694
0.274113
0.282004
0.286193
0.286595
0.280808
0.269071
0.256137
0.245075
0.237083
0.231093
0.225018
0.217139
0.206656
0.193437
0.177717
0.160208
0.14188
0.123796
0.107296
0.093092
0.080093
0.06728300000000001
0.057218
0.049487
0.039523
0.024713
0.0044670000000000005
-0.014480000000000002
-0.024654
-0.025967
-0.021226
-0.013849
-0.006705
-0.001802
-3.1e-05
-0.001294
-0.00505
-0.009939
-0.013521
-0.01468
-0.015908000000000002
-0.016531
-0.013104
-0.00585
0.00264
0.009103
0.011776
0.010928
0.008036
0.005236
0.00335
0.002321
0.0027300000000000002
0.0046890000000000005
0.007932
0.011554
0.013724
0.013878
0.014509999999999999
0.014980000000000002
0.012006999999999999
0.005613
-0.001777
-0.006305
-0.007258
-0.006603
-0.005095000000000001
-0.0033689999999999996
-0.002189
-0.0020859999999999997
-0.0032049999999999995
-0.005351
-0.008318
-0.011365
-0.012974000000000001
-0.012882
-0.013441999999999999
-0.013748
-0.010804000000000001
-0.005072999999999999
0.0012029999999999999
0.005633
0.007277
0.006659
0.004963
0.003271
0.002229
0.00223
0.0033229999999999996
0.005288
0.007923999999999999
0.010554000000000001
0.011862000000000001
0.011772
0.012443000000000001
0.012833
0.01018
0.005078
-0.000362
-0.004076
-0.005406
-0.004951
-0.0037689999999999998
-0.002719
-0.002235
-0.000712
0.0012380000000000002
0.000466
-0.003134
-0.007384
-0.010054
-0.011063
-0.012394
-0.013003
-0.010502
-0.005733
-0.000773
0.002548
0.003785
0.0035789999999999997
0.002875
0.002353
0.0022960000000000003
0.002915
0.0042450000000000005
0.006023
0.007984
0.009606
0.010053
0.009666
0.010303
0.010738
0.008629000000000001
0.004732
0.0008410000000000001
-0.001584
-0.00235
-0.002135
-0.0017399999999999998
-0.0016469999999999998
-0.0019850000000000002
-0.002859
-0.004247
-0.005911
-0.007645
-0.009018
-0.009336
-0.00902
-0.009728
-0.010172
-0.00823
-0.004743
-0.0013800000000000002
0.000633
0.001261
0.001183
0.00108
0.001291
0.001855
0.002826
0.00417
0.005679999999999999
0.007203
0.008374
0.008615000000000001
0.008394
0.009175
0.009626000000000001
0.007839
0.004731
0.0018449999999999999
0.0002
-0.000305
-0.00033999999999999997
-0.00047999999999999996
-0.000587
-0.000953
-0.002089
-0.0036270000000000004
-0.005227000000000001
-0.006743000000000001
-0.007854
-0.008093000000000001
-0.007974
-0.008794
-0.009204
-0.007515000000000001
-0.0047090000000000005
-0.002215
-0.0008640000000000001
-0.00045
-0.000322
1e-06
0.000642
0.001513
0.002587
0.003814
0.0050609999999999995
0.006256
0.007137999999999999
0.007316
0.007305
0.008212
0.00866
0.007148999999999999
0.004693999999999999
0.002593
0.001505
0.001151
0.000925
0.000442
-0.000341
-0.001294
-0.0023769999999999998
-0.00355
-0.0047090000000000005
-0.005806
-0.006608
-0.0067870000000000005
-0.006867
-0.0077989999999999995
-0.008212
-0.006798
-0.004618
-0.002848
-0.001989
-0.0016920000000000001
-0.001396
-0.0008060000000000001
5.6999999999999996e-05
0.001044
0.002111
0.0032259999999999997
0.004307
0.005326
0.006075
0.006282
0.006464
0.007426
0.007812999999999999
0.006498
0.004566
0.003082
0.002405
0.002143
0.0017809999999999998
0.001105
0.000188
-0.000811
-0.001854
-0.002915
-0.003929
-0.004881
-0.00558
-0.005802000000000001
-0.006056000000000001
-0.007024
-0.007386
-0.006177
-0.004484
-0.003259
-0.002747
-0.002519
-0.002112
-0.001379
-0.000437
0.00055
0.001556
0.0025670000000000003
0.003532
0.004439
0.005117
0.005379999999999999
0.005711
0.006673999999999999
0.006998000000000001
0.00588
0.0044
0.0033979999999999995
0.003013
0.002805
0.002359
0.0015890000000000001
0.000641
-0.000322
-0.001281
-0.002176
-0.003037
-0.003921
-0.004604
-0.004928
-0.0053479999999999995
-0.006318
-0.00662
-0.005598
-0.0043219999999999995
-0.00352
-0.0032450000000000005
-0.0030510000000000003
-0.002579
-0.0017920000000000002
-0.0008550000000000001
7.7e-05
0.000998
0.0019140000000000001
0.002793
0.003618
0.0042450000000000005
0.004562
0.005011
0.005952000000000001
0.006217
0.005281
0.004192
0.0035740000000000004
0.003396
0.003215
0.002727
0.0019420000000000001
0.001037
0.000153
-0.000711
-0.001572
-0.0024100000000000002
-0.003211
-0.003832
-0.004183
-0.004683
-0.00561
-0.005856
-0.005011
-0.004092
-0.003631
-0.003532
-0.00336
-0.002857
-0.002075
-0.001196
-0.00035
0.000469
0.001283
0.0020800000000000003
0.00285
0.0034560000000000003
0.003827
0.00436
0.005261999999999999
0.005485
0.004723
0.003958
0.003633
0.003599
0.003438
0.002941
0.002191
0.001368
0.0005780000000000001
-0.000199
-0.00098
-0.001749
-0.002496
-0.003097
-0.003498
-0.004065
-0.004942
-0.005147
-0.00447
-0.003848
-0.003639
-0.0036509999999999997
-0.003489
-0.002986
-0.0022559999999999998
-0.0014810000000000001
-0.000749
-2.7000000000000002e-05
0.0007099999999999999
0.0014470000000000002
0.002165
0.0027489999999999997
0.003167
0.003757
0.004603
0.00479
0.004193
0.0037070000000000002
0.00361
0.003674
0.003527
0.003039
0.002341
0.001614
0.000932
0.000252
-0.000455
-0.001168
-0.001865
-0.00244
-0.002875
-0.0034850000000000003
-0.004302
-0.0044729999999999995
-0.003948
-0.0035740000000000004
-0.003554
-0.0036409999999999997
-0.0034950000000000003
-0.003029
-0.002379
-0.001713
-0.001088
-0.00045599999999999997
0.00020899999999999998
0.000892
0.001565
0.0021260000000000003
0.002572
0.003192
0.003981
0.004146
0.0037020000000000004
0.003445
0.003511
0.0036270000000000004
0.0034799999999999996
0.0030269999999999997
0.002419
0.001807
0.001228
0.0006320000000000001
-2e-06
-0.0006580000000000001
-0.001308
-0.0018579999999999998
-0.002313
-0.002933
-0.003684
-0.003833
-0.0034509999999999996
-0.003281
-0.003409
-0.003551
-0.0034189999999999997
-0.002995
-0.002438
-0.001887
-0.0013650000000000001
-0.0008119999999999999
-0.00021
0.000417
0.001042
0.00158
0.002045
0.002675
0.0034020000000000005
0.0035549999999999996
0.003242
0.003154
0.003329
0.003481
0.003353
0.00295
0.002438
0.0019399999999999999
0.001464
0.0009480000000000001
0.000375
-0.000225
-0.0008210000000000001
-0.0013390000000000001
-0.0018
-0.002416
-0.0030989999999999998
-0.003244
-0.003
-0.002997
-0.003221
-0.003387
-0.0032719999999999997
-0.002905
-0.002445
-0.002002
-0.001573
-0.001094
-0.000552
2.5e-05
0.000602
0.0011099999999999999
0.0015789999999999999
0.002198
0.0028510000000000002
0.002986
0.002792
0.002853
0.003111
0.003279
0.003167
0.0028280000000000002
0.002418
0.002026
0.001638
0.0011949999999999999
0.000688
0.000148
-0.000393
-0.000875
-0.001338
-0.0019510000000000003
-0.002578
-0.002715
-0.002581
-0.002707
-0.0029980000000000002
-0.003173
-0.003073
-0.002769
-0.0024100000000000002
-0.002068
-0.001716
-0.0013
-0.000816
-0.000293
0.00023199999999999997
0.000699
0.001151
0.001743
0.002333
0.002467
0.002378
0.00255
0.00286
0.003037
0.0029460000000000003
0.0026739999999999997
0.002363
0.002072
0.0017629999999999998
0.001384
0.000938
0.000454
-4.2e-05
-0.0004980000000000001
-0.000951
-0.001532
-0.002093
-0.001161
0.000566
0.000681
-0.000495
-0.001726
-0.0024850000000000002
-0.002793
-0.002799
-0.0026089999999999998
-0.002258
-0.0017690000000000002
-0.001209
-0.000638
0.000638
0.002246
0.002879
0.002841
0.002664
0.0022789999999999998
0.0020210000000000002
0.002188
0.002467
0.002572
0.002444
0.002209
0.002002
0.001848
0.0016809999999999998
0.0014349999999999999
0.0011070000000000001
0.000726
0.000337
-3e-06
-0.00038199999999999996
-0.000956
-0.0015550000000000002
-0.0018510000000000002
-0.002089
-0.0025109999999999998
-0.002839
-0.0028699999999999997
-0.002634
-0.002303
-0.002022
-0.001816
-0.001627
-0.001389
-0.001091
-0.000749
-0.000404
-0.000101
0.000251
0.001934
0.004397
0.00533
0.0048270000000000006
0.003994
0.003246
0.002561
0.0019809999999999997
0.001599
0.001439
0.001419
0.001418
0.001338
0.001155
0.002724
0.005565
0.006554000000000001
0.0052829999999999995
0.00279
0.000398
-0.001161
-0.002215
-0.0030600000000000002
-0.003512
-0.0034939999999999997
-0.00314
-0.002684
-0.0018280000000000002
-0.000936
-0.000704
-0.000755
-0.000767
-0.000634
-0.000302
8.2e-05
0.00040899999999999997
0.000686
0.000786
0.000676
0.000781
0.001284
0.001834
0.0021809999999999998
0.0023
0.0022949999999999997
0.002257
0.0021920000000000004
0.002029
0.0017280000000000002
0.001335
0.000858
0.000304
-0.000183
0.001471
0.004652
0.005999
0.005182
0.002959
0.000359
-0.001661
-0.002844
-0.003288
-0.003261
-0.003011
-0.002671
-0.0022559999999999998
-0.000314
0.002614
0.003968
0.0035700000000000003
0.0023989999999999997
0.001348
0.000782
0.000512
0.000277
0.000285
0.000607
0.000962
0.001213
0.003445
0.007209
0.009041
0.008485
0.0064329999999999995
0.003988
0.002049
0.000709
-0.00023799999999999998
-0.000858
-0.0012619999999999999
-0.001588
-0.0016820000000000001
-0.00144
-0.00122
-0.001209
-0.0012230000000000001
-0.001198
-0.001123
-0.000998
-0.000942
-0.001074
-0.0013390000000000001
-0.0016510000000000001
-0.001936
-0.00199
0.00018999999999999998
0.003954999999999999
0.0060149999999999995
0.006
0.004603
0.002728
0.001335
0.000627
0.00035099999999999997
0.000322
0.000412
0.000524
0.0007
0.00361
0.008579
0.011156999999999999
0.010740000000000001
0.008348000000000001
0.005065999999999999
0.002139
5.6999999999999996e-05
-0.0013800000000000002
-0.002171
-0.0023539999999999998
-0.002318
-0.002251
0.000478
0.005195
0.007540000000000001
0.006972
0.004588
0.001759
-0.00035800000000000003
-0.0016300000000000002
-0.00235
-0.0026379999999999997
-0.002575
-0.002359
-0.001946
0.000837
0.005229
0.0075120000000000004
0.007416
0.0059229999999999994
0.003998
0.00251
0.0015550000000000002
0.0008869999999999999
0.00042300000000000004
0.00011200000000000001
-0.000152
-0.000251
0.003498
0.010206999999999999
0.013853
0.013597
0.010772
0.006587999999999999
0.002644
-8.7e-05
-0.001872
-0.00297
-0.00349
-0.003655
-0.0034920000000000003
0.00037400000000000004
0.0070209999999999995
0.010728
0.010721
0.008295
0.00469
0.001484
-0.000575
-0.001843
-0.0024879999999999998
-0.002614
-0.002536
-0.002298
-0.001622
0.002798
0.009967
0.014149
0.014336000000000002
0.011889
0.008281
0.004647999999999999
0.001637
-0.000455
-0.001668
-0.002328
-0.002484
-0.001994
0.003085
0.011566
0.016452
0.016544
0.013225
0.008176000000000001
0.003222
-0.000523
-0.002853
-0.00404
-0.003752
-0.002184
-0.000174
0.006132
0.015238
0.019740999999999998
0.018623
0.013799
0.007254000000000001
0.001142
-0.003193
-0.005686
-0.00644
-0.005686
-0.004084
-0.0021920000000000004
0.004664
0.015538
0.022087
0.022393
0.018647999999999998
0.013111000000000001
0.00719
0.002191
-0.001492
-0.004096
-0.005584
-0.005994
-0.0054670000000000005
0.001248
0.012586
0.019005
0.019119
0.015663
0.011063
0.006603
0.003114
0.0009460000000000001
-0.00028399999999999996
-0.001013
-0.001242
-0.000925
0.005677000000000001
0.017032
0.022803
0.021446
0.015813999999999998
0.008524
0.001744
-0.002755
-0.004555
-0.004533
-0.003542
-0.0018800000000000002
0.000301
0.008777
0.021792
0.028658999999999997
0.027599000000000002
0.021238
0.012463
0.0038950000000000005
-0.0024690000000000003
-0.0061329999999999996
-0.007749
-0.0077480000000000005
-0.006254
-0.003437
0.00644
0.021230000000000002
0.029682999999999998
0.02984
0.024409
0.016321000000000002
0.008006999999999998
0.00116
-0.0035810000000000004
-0.006319
-0.007208
-0.006634
-0.005056000000000001
0.004461
0.020009
0.02914
0.029962
0.025403
0.018106
0.010356
0.00366
-0.001341
-0.004549
-0.006131
-0.006331
-0.005357
0.004203
0.020358
0.029751999999999997
0.030027999999999996
0.024468
0.016423
0.00864
0.002657
-0.0014060000000000001
-0.0038840000000000003
-0.004746
-0.004154
-0.002684
0.007165
0.023353
0.032080000000000004
0.031246
0.024599
0.015328
0.0060149999999999995
-0.0010810000000000001
-0.005274
-0.006977
-0.006393
-0.004141
-0.00122
0.001721
0.012458
0.02872
0.036538
0.03447
0.026771
0.016656999999999998
0.006486
-0.0017800000000000001
-0.007151
-0.009563
-0.009376
-0.0073219999999999995
-0.004055
0.008287000000000001
0.027129
0.037737
0.038123000000000004
0.032652999999999995
0.024578
0.015265
0.00577
-0.002302
-0.00783
-0.010406
-0.010055
-0.007547
0.0045320000000000004
0.023382
0.034344
0.035511
0.031094999999999998
0.024159
0.016015
0.0077280000000000005
0.00059
-0.004564
-0.007367
-0.007778
-0.006375
0.005094
0.024191999999999998
0.035196
0.035991
0.031427
0.024558
0.016481
0.008235
0.001251
-0.0035479999999999995
-0.005796
-0.005599
-0.0038909999999999995
0.007697
0.026854000000000003
0.038049
0.040188
0.038022
0.033487
0.027045999999999997
0.018762
0.008596
-0.001086
-0.007193000000000001
-0.008974
-0.007258
0.005657
0.026779
0.040551
0.045887
0.047141
0.045895
0.042329000000000006
0.036367000000000003
0.027760000000000003
0.016311000000000003
0.0035020000000000003
-0.006402
-0.010888
-0.001399
0.019008
0.033510000000000005
0.039929
0.042506999999999996
0.043107
0.042147000000000004
0.039381
0.034198
0.026035000000000003
0.014787
0.002522
-0.006504
-0.000778
0.016554
0.028793
0.033960000000000004
0.035797
0.036209
0.035635
0.033757
0.030139
0.024413
0.016296
0.006333
-0.0021579999999999998
-0.006667
0.0016649999999999998
0.019679
0.031560000000000005
0.036225
0.037455
0.036699
0.033931
0.028855000000000002
0.021799000000000002
0.013165000000000001
0.004381
-0.0015949999999999998
-0.0037600000000000003
0.006374
0.025709
0.03975
0.047869999999999996
0.052302999999999995
0.05394500000000001
0.053318
0.050274
0.044154
0.03475
0.022896
0.009956999999999999
-0.00042
0.004424
0.021755
0.036175
0.046174
0.05365399999999999
0.059190999999999994
0.062783
0.063722
0.06099299999999999
0.0543
0.044108999999999995
0.031103
0.016096
0.012362
0.023658000000000002
0.035894999999999996
0.044414
0.05028
0.054814
0.058629999999999995
0.061023
0.060674
0.057115
0.050720999999999995
0.041895
0.030958
0.029087000000000002
0.040556
0.05287000000000001
0.0603
0.063586
0.06426699999999999
0.06386
0.062825
0.060439
0.056063
0.049605
0.041414
0.032213
0.022456
0.023197
0.037226
0.051088999999999996
0.059927
0.064776
0.06676900000000001
0.06631000000000001
0.06318
0.057316
0.04898
0.038638
0.027144
0.015575
0.016522
0.032773000000000004
0.049823
0.062737
0.072388
0.07978500000000001
0.08542000000000001
0.088621
0.08771
0.081714
0.07119299999999999
0.057642
0.04274
0.038018
0.047965
0.060585
0.070079
0.076932
0.082259
0.087021
0.091173
0.093321
0.09212000000000001
0.08723099999999999
0.07900499999999999
0.06808600000000001
0.054979999999999994
0.050011
0.057578
0.066294
0.07091900000000001
0.072905
0.07412300000000001
0.075113
0.074935
0.072675
0.068263
0.062083000000000006
0.054685000000000004
0.04664
0.048286
0.063206
0.078734
0.088604
0.09371499999999999
0.096087
0.097112
0.096651
0.093533
0.087219
0.078391
0.06830800000000001
0.05820499999999999
0.058641
0.073774
0.091477
0.105275
0.115477
0.122999
0.12849000000000002
0.131701
0.131427
0.12695399999999998
0.118654
0.107574
0.0952
0.082721
0.08000399999999999
0.091558
0.10590699999999999
0.116748
0.12520799999999999
0.13277
0.13958299999999998
0.144235
0.145222
0.14214000000000002
0.135365
0.12578699999999998
0.11470999999999999
0.111624
0.121945
0.1352
0.14432799999999998
0.150321
0.15495899999999999
0.159412
0.16346
0.165526
0.16426500000000002
0.15971400000000002
0.1528
0.144477
0.134888
0.131695
0.140895
0.15351700000000001
0.162497
0.168692
0.173683
0.17792
0.18023599999999998
0.17941600000000002
0.175525
0.169527
0.162572
0.155451
0.155817
0.16926300000000002
0.185845
0.19735899999999998
0.204859
0.210527
0.215565
0.219477
0.221041
0.219678
0.215709
0.209941
0.20331300000000002
0.19614
0.194548
0.20520100000000002
0.220248
0.231542
0.24003899999999997
0.24696500000000002
0.252106
0.25399
0.251684
0.245815
0.237812
0.22917800000000002
0.220782
0.212209
0.208975
0.218475
0.233553
0.245706
0.255671
0.26427399999999995
0.27081
0.27370900000000004
0.272156
0.266935
0.259827
0.252289
0.244371
0.234852
0.229039
0.23545
0.24864
0.26071
0.27209
0.28289699999999995
0.291966
0.29785
0.299914
0.298627
0.294846
0.288936
0.280306
0.267986
0.25822
0.260004
0.269351
0.27910300000000005
0.288394
0.296603
0.302645
0.30591599999999997
0.306697
0.305952
0.30440100000000003
0.301734
0.296783
0.288283
0.281966
0.285426
0.294364
0.301973
0.307244
0.310231
0.31085300000000005
0.309506
0.307121
0.304686
0.302329
0.299058
0.293614
0.28533000000000003
0.280634
0.287408
0.300917
0.313094
0.32161799999999996
0.326073
0.326588
0.323718
0.318317
0.311436
0.303646
0.294732
0.284387
0.272808
0.266921
0.27484400000000003
0.290916
0.30599499999999996
0.317774
0.32595100000000005
0.330517
0.33155100000000004
0.32936
0.324488
0.317137
0.30711700000000003
0.294504
0.27984499999999995
0.270244
0.274063
0.286111
0.297844
0.30763
0.315779
0.322533
0.32768400000000003
0.33058699999999996
0.330382
0.326223
0.317811
0.305772
0.29112
0.281014
0.283364
0.29296
0.30156
0.307705
0.312102
0.315241
0.317128
0.317483
0.31596799999999997
0.312282
0.306297
0.298074
0.293772
0.29993400000000003
0.31143200000000004
0.320714
0.326207
0.328931
0.329936
0.329784
0.328403
0.325334
0.320216
0.31305700000000003
0.304203
0.294072
0.289057
0.295869
0.30882600000000004
0.319733
0.326986
0.331565
0.334045
0.334067
0.33111
0.32516100000000003
0.316673
0.306388
0.295138
0.283463
0.277569
0.28412
0.29715
0.308449
0.316762
0.322705
0.326282
0.326925
0.324351
0.318871
0.311089
0.3017
0.291141
0.27924499999999997
0.27181
0.276001
0.286551
0.295873
0.303305
0.309585
0.31450500000000003
0.316981
0.31597800000000004
0.311245
0.303318
0.293164
0.281493
0.268361
0.259948
0.264117
0.275331
0.285493
0.293928
0.30084
0.305687
0.307658
0.30639299999999997
0.302293
0.296074
0.28815
0.27833600000000003
0.266071
0.257458
0.26066999999999996
0.27045
0.278961
0.28582399999999997
0.291427
0.29543
0.297207
0.29648
0.293597
0.289002
0.282643
0.274014
0.262502
0.25414899999999996
0.257076
0.265995
0.273156
0.27826100000000004
0.281604
0.2829
0.28181
0.278438
0.273468
0.26755100000000004
0.260731
0.252571
0.248756
0.256633
0.27019
0.281068
0.288486
0.29257
0.29326199999999997
0.290865
0.285876
0.27881
0.270422
0.261315
0.251499
0.240637
0.234654
0.241537
0.25515
0.266817
0.276061
0.28291900000000003
0.28679299999999996
0.28679899999999997
0.282544
0.274597
0.264059
0.251702
0.237789
0.22257800000000003
0.212802
0.217112
0.229023
0.23953200000000002
0.248398
0.255656
0.26081
0.263114
0.262227
0.258436
0.252011
0.24278400000000003
0.230467
0.215096
0.203674
0.20514899999999997
0.213364
0.219831
0.22468200000000002
0.22849
0.23132399999999997
0.232742
0.232398
0.23040100000000002
0.22675900000000002
0.221083
0.212784
0.207814
0.21426399999999998
0.225897
0.234571
0.24052300000000001
0.244157
0.245662
0.245248
0.24298899999999998
0.23900900000000003
0.23366900000000002
0.22723400000000002
0.219773
0.21119699999999997
0.20785399999999998
0.217466
0.23262
0.24411100000000002
0.251814
0.256471
0.258336
0.257125
0.252998
0.246835
0.23929099999999998
0.230435
0.22023099999999998
0.208758
0.202747
0.21026
0.22416999999999998
0.235551
0.24431599999999998
0.250808
0.25463
0.255044
0.25204699999999997
0.246369
0.23857399999999998
0.228954
0.21760900000000002
0.21058600000000002
0.216104
0.22799299999999997
0.237623
0.244991
0.250566
0.254523
0.25667399999999996
0.25640999999999997
0.25319400000000003
0.246975
0.23809499999999997
0.227219
0.21477100000000002
0.20692800000000003
0.211723
0.22270500000000001
0.231273
0.23762800000000003
0.24236799999999997
0.24530700000000003
0.24584099999999998
0.243785
0.239523
0.23337800000000003
0.22537100000000002
0.215439
0.203584
0.196621
0.202698
0.21481399999999998
0.224363
0.231754
0.23780700000000002
0.24229299999999998
0.244434
0.24389899999999998
0.241011
0.236197
0.22957600000000003
0.220869
0.209567
0.202079
0.206769
0.21709499999999998
0.22482600000000003
0.23059000000000002
0.23517600000000002
0.23856999999999998
0.240231
0.239675
0.23699299999999998
0.23265
0.22690700000000003
0.219473
0.21608200000000002
0.224704
0.238709
0.249271
0.25654299999999997
0.26098699999999997
0.26267399999999996
0.261919
0.259067
0.254283
0.24799699999999997
0.24079899999999999
0.23296399999999998
0.224365
0.220808
0.230138
0.24551900000000002
0.25795300000000004
0.26758699999999996
0.274758
0.278914
0.27915500000000004
0.275102
0.267392
0.257264
0.245635
0.23280900000000002
0.21899200000000002
0.21065799999999998
0.21609499999999998
0.228812
0.240044
0.249824
0.258404
0.265202
0.269096
0.269333
0.266072
0.259776
0.250506
0.23805500000000002
0.22248099999999998
0.21044200000000002
0.211092
0.218946
0.225671
0.231435
0.23673000000000002
0.241444
0.244856
0.24635300000000002
0.24595799999999998
0.24380300000000002
0.23964000000000002
0.232825
0.22860300000000003
0.23435100000000003
0.24424899999999997
0.250727
0.25442600000000004
0.256182
0.256263
0.254858
0.252042
0.247968
0.24301399999999998
0.23738499999999998
0.231019
0.223652
0.220953
0.23068400000000003
0.246031
0.257835
0.26607600000000003
0.27144
0.273927
0.272864
0.268059
0.26050100000000004
0.251427
0.24139499999999997
0.23052399999999998
0.218894
0.212904
0.22082
0.235936
0.24912600000000001
0.2601
0.268961
0.275062
0.27728200000000003
0.275127
0.269347
0.261077
0.25099899999999997
0.23917
0.22517600000000002
0.21504600000000001
0.217869
0.22810500000000003
0.23705199999999998
0.244646
0.251251
0.25660700000000003
0.25993099999999997
0.26059499999999997
0.258481
0.253776
0.246825
0.237734
0.23209899999999997
0.237357
0.24804
0.256583
0.263176
0.268425
0.272133
0.273886
0.273525
0.271175
0.26706799999999997
0.261297
0.25378
0.24426599999999998
0.238565
0.244569
0.256782
0.267048
0.275052
0.281289
0.28532199999999996
0.28624299999999997
0.283854
0.278961
0.272477
0.264718
0.255456
0.24434
0.237354
0.242432
0.253658
0.26260300000000003
0.269179
0.274212
0.27762600000000004
0.278855
0.27766199999999996
0.274345
0.26933
0.262741
0.254179
0.242981
0.235085
0.238983
0.249408
0.25800300000000004
0.264032
0.267581
0.26858200000000004
0.26708899999999997
0.263381
0.25795799999999997
0.251392
0.24399400000000002
0.235585
0.22568200000000002
0.22016799999999997
0.22741999999999998
0.241258
0.252714
0.261311
0.266965
0.269389
0.268463
0.26437
0.25766999999999995
0.24908200000000003
0.239078
0.227829
0.22148400000000001
0.22821999999999998
0.24203899999999998
0.254386
0.265086
0.274352
0.28178800000000004
0.28682199999999997
0.28889699999999996
0.287657
0.283121
0.275326
0.264125
0.249658
0.238767
0.24022
0.248813
0.256421
0.26264899999999997
0.26794
0.27214099999999997
0.274631
0.274954
0.27326100000000003
0.269867
0.2647
0.25735399999999997
0.247376
0.240465
0.24408400000000002
0.252558
0.258123
0.260787
0.261448
0.260658
0.258596
0.255307
0.251079
0.24619699999999997
0.24061100000000002
0.233956
0.22563899999999998
0.221219
0.22862800000000003
0.241788
0.251879
0.25852600000000003
0.26242
0.263858
0.26247
0.258033
0.251141
0.242637
0.233042
0.22267699999999999
0.217658
0.22589299999999998
0.241116
0.25454499999999997
0.265778
0.274907
0.281519
0.284994
0.284938
0.28158299999999997
0.275561
0.267374
0.257425
0.246002
0.239094
0.244296
0.255905
0.265882
0.273996
0.280859
0.286379
0.2898
0.290457
0.28829899999999997
0.283461
0.276012
0.266185
0.254212
0.24621500000000002
0.24993800000000002
0.26007399999999997
0.268677
0.27520900000000004
0.28025500000000003
0.283645
0.284636
0.282881
0.27881100000000003
0.272987
0.26563000000000003
0.25654099999999996
0.245113
0.236923
0.23997800000000002
0.24928699999999998
0.256957
0.26252800000000004
0.26658000000000004
0.269094
0.269637
0.268004
0.264461
0.259384
0.252915
0.24477800000000002
0.234362
0.227311
0.23168000000000002
0.241939
0.24995900000000001
0.255735
0.259854
0.26218400000000003
0.26245599999999997
0.260707
0.257254
0.252413
0.24629299999999998
0.23872
0.23527399999999998
0.24318299999999998
0.256768
0.268011
0.276365
0.28209
0.284891
0.284526
0.28127800000000003
0.27571100000000004
0.268449
0.26003899999999996
0.25069600000000003
0.24027199999999999
0.23458400000000001
0.24129899999999999
0.25451599999999996
0.265804
0.274635
0.281289
0.285404
0.28622
0.283319
0.276978
0.267868
0.256702
0.24391100000000002
0.229636
0.22010300000000002
0.22370500000000001
0.234627
0.24434499999999998
0.252635
0.259714
0.2652
0.268352
0.26863899999999996
0.266098
0.26095300000000005
0.253183
0.24246199999999998
0.228475
0.21743800000000002
0.218165
0.22553299999999998
0.23153400000000002
0.236204
0.240054
0.24305900000000003
0.24479800000000002
0.24492399999999998
0.243519
0.240689
0.236186
0.22949699999999998
0.22589800000000002
0.23252399999999998
0.243552
0.251132
0.255538
0.257808
0.258262
0.257017
0.254216
0.250002
0.2447
0.238605
0.23174499999999998
0.22394699999999998
0.220849
0.22997399999999998
0.244988
0.257155
0.266007
0.27182
0.27465900000000004
0.27431300000000003
0.27065100000000003
0.264162
0.25576
0.246133
0.23550300000000002
0.223915
0.217387
0.223937
0.23742399999999997
0.24912600000000001
0.258735
0.266446
0.271814
0.273924
0.272331
0.26764099999999996
0.26067199999999996
0.251746
0.24088600000000002
0.22797199999999998
0.21887800000000002
0.22190100000000001
0.231665
0.240054
0.246966
0.252806
0.25740100000000005
0.260065
0.260218
0.257808
0.252907
0.24554299999999998
0.23585100000000003
0.229648
0.23431300000000002
0.24466999999999997
0.253257
0.259828
0.26490199999999997
0.26852
0.270403
0.270203
0.267832
0.263567
0.257656
0.250102
0.2407
0.23485
0.239681
0.250042
0.258506
0.264756
0.269352
0.27220500000000003
0.272701
0.270609
0.266425
0.260709
0.253644
0.24513000000000001
0.23491700000000001
0.22860500000000003
0.233672
0.244498
0.253135
0.259612
0.264768
0.26844
0.269827
0.26864099999999996
0.265375
0.260558
0.254366
0.246602
0.24254
0.24893200000000001
0.260804
0.270882
0.278417
0.283775
0.28693
0.28770100000000004
0.286038
0.282145
0.276502
0.269698
0.2621
0.25352800000000003
0.24921999999999997
0.255891
0.268475
0.279597
0.288455
0.295327
0.299797
0.301087
0.298887
0.293569
0.28579699999999997
0.276279
0.265533
0.253736
0.246698
0.251564
0.263334
0.274596
0.28455
0.293323
0.300239
0.304314
0.30511900000000003
0.302931
0.29815
0.290835
0.280648
0.272855
0.273904
0.280494
0.286851
0.29188000000000003
0.296304
0.300348
0.303713
0.30577
0.30603400000000003
0.304512
0.30137600000000003
0.296487
0.28927600000000003
0.284731
0.288561
0.296774
0.303352
0.307161
0.309004
0.30901
0.307016
0.303246
0.29836999999999997
0.293053
0.2876
0.281916
0.275577
0.27365500000000004
0.281855
0.295475
0.307684
0.316768
0.322829
0.32582300000000003
0.32560300000000003
0.322302
0.316537
0.309138
0.300639
0.29107
0.28576399999999996
0.290454
0.301635
0.313454
0.323992
0.333363
0.34126799999999996
0.346927
0.349342
0.348054
0.343529
0.336485
0.327344
0.316245
0.308839
0.310763
0.318868
0.32772399999999996
0.335285
0.34183
0.347121
0.35058
0.351907
0.351267
0.34888600000000003
0.344683
0.338451
0.33003299999999997
0.324798
0.327736
0.336124
0.345038
0.35202
0.35740700000000003
0.361154
0.362848
0.362331
0.359968
0.356212
0.351124
0.34433
0.33529200000000003
0.329191
0.331063
0.338686
0.34733400000000003
0.35420799999999997
0.359487
0.36294499999999996
0.364078
0.362799
0.359534
0.35473899999999997
0.348568
0.34083600000000003
0.33119299999999996
0.325042
0.32761
0.336142
0.345248
0.35197399999999995
0.356558
0.359199
0.359976
0.359104
0.35686100000000004
0.353445
0.34880300000000003
0.342563
0.3397
0.344425
0.354458
0.36535300000000004
0.37394299999999997
0.380288
0.384279
0.38561799999999996
0.38422399999999995
0.380429
0.374693
0.36740900000000004
0.358822
0.349028
0.343587
0.347067
0.356983
0.368419
0.377886
0.385221
0.390036
0.391777
0.390281
0.385849
0.37905700000000003
0.37048600000000004
0.36049499999999995
0.349247
0.3423
0.34433400000000003
0.352958
0.36337800000000003
0.372386
0.38013
0.38656
0.39124000000000003
0.393743
0.393899
0.391652
0.386805
0.37896399999999997
0.373179
0.37316900000000003
0.37819400000000003
0.385409
0.39129899999999995
0.396278
0.40062
0.404149
0.40644600000000003
0.407157
0.40615
0.403433
0.399003
0.392729
0.389662
0.392667
0.40019699999999997
0.408825
0.414498
0.41762
0.418575
0.41748999999999997
0.41461499999999996
0.410538
0.405873
0.400902
0.395567
0.38955700000000004
0.38777
0.393009
0.403554
0.41568900000000003
0.425012
0.43151300000000004
0.43518599999999996
0.435846
0.433512
0.42866499999999996
0.421951
0.41377600000000003
0.404321
0.393654
0.38716100000000003
0.388336
0.396253
0.40749
0.417443
0.42581
0.432123
0.43558199999999997
0.43563100000000005
0.43233900000000003
0.426249
0.417908
0.407675
0.39565300000000003
0.387208
0.38602
0.391217
0.399451
0.406481
0.412405
0.41725200000000007
0.420764
0.422721
0.42296300000000003
0.421284
0.417516
0.411476
0.408141
0.410009
0.41668
0.425799
0.4329
0.438404
0.44263900000000006
0.445475
0.44670600000000005
0.44627
0.444169
0.440434
0.435083
0.42803
0.424317
0.426212
0.4335
0.443783
0.45201099999999994
0.45828900000000006
0.46251099999999995
0.464305
0.46356800000000004
0.460599
0.45595600000000003
0.450115
0.443223
0.435125
0.43083299999999997
0.43237600000000004
0.439317
0.44910600000000006
0.45651499999999995
0.461872
0.46549300000000005
0.46741000000000005
0.467645
0.466192
0.463211
0.45880200000000004
0.45270600000000005
0.44454499999999997
0.439316
0.43904399999999993
0.44419899999999995
0.453071
0.460157
0.465318
0.46838199999999997
0.46902299999999997
0.467225
0.46323000000000003
0.457586
0.450813
0.44299399999999994
0.43904099999999996
0.440377
0.447237
0.45792
0.466729
0.473512
0.47825500000000004
0.48073299999999997
0.480759
0.478332
0.47352799999999995
0.46659799999999996
0.45793599999999995
0.44775200000000004
0.441299
0.440489
0.44573999999999997
0.45542299999999997
0.464063
0.471624
0.477955
0.482523
0.484836
0.48469700000000004
0.48220799999999997
0.477444
0.47029799999999994
0.46078199999999997
0.454259
0.452586
0.456646
0.46512600000000004
0.47228100000000006
0.47816800000000004
0.48292299999999994
0.48635100000000003
0.48821899999999996
0.48851300000000003
0.48741999999999996
0.484958
0.48077
0.47430900000000004
0.47023100000000007
0.469505
0.47316499999999995
0.480416
0.48539099999999996
0.488522
0.49043400000000004
0.491212
0.49084099999999997
0.48938000000000004
0.48693400000000003
0.483501
0.478865
0.47770799999999997
0.48042299999999993
0.48797799999999997
0.499663
0.5090210000000001
0.515767
0.519997
0.5216850000000001
0.520768
0.517529
0.512446
0.5059
0.49832299999999996
0.49008
0.486175
0.487203
0.493957
0.505764
0.516217
0.524684
0.5308930000000001
0.5342779999999999
0.534455
0.531554
0.526155
0.518768
0.509758
0.499384
0.49257399999999996
0.49013599999999996
0.49326800000000004
0.50175
0.509575
0.516404
0.522254
0.526691
0.5292560000000001
0.529628
0.527659
0.523231
0.516183
0.506441
0.49895500000000004
0.494828
0.49568199999999996
0.501732
0.50713
0.511494
0.514884
0.5170680000000001
0.517915
0.517352
0.515404
0.512107
0.507205
0.5050279999999999
0.505961
0.5103449999999999
0.51852
0.52536
0.5301710000000001
0.533307
0.534803
0.534705
0.533271
0.530623
0.526802
0.5219060000000001
0.51585
0.5132979999999999
0.514776
0.52045
0.530366
0.539148
0.545931
0.550654
0.553089
0.553321
0.55152
0.547967
0.54304
0.536945
0.529655
0.526018
0.526804
0.5321130000000001
0.542212
0.551726
0.559222
0.564489
0.567322
0.567775
0.565983
0.5623520000000001
0.557426
0.551207
0.543391
0.538705
0.537866
0.5407770000000001
0.548447
0.556199
0.5623739999999999
0.566904
0.5695979999999999
0.570228
0.56858
0.564711
0.55889
0.551131
0.541463
0.535013
0.532704
0.534688
0.542043
0.549867
0.55633
0.561239
0.5643130000000001
0.565372
0.564413
0.561483
0.556578
0.549553
0.544982
0.543715
0.5450149999999999
0.5505869999999999
0.557005
0.562195
0.566211
0.569124
0.5707760000000001
0.571037
0.569889
0.567208
0.562802
0.556484
0.552733
0.552121
0.554021
0.5601619999999999
0.566655
0.571339
0.574404
0.575908
0.575759
0.57406
0.571183
0.567391
0.562689
0.556971
0.554797
0.556592
0.561491
0.570466
0.5789380000000001
0.584824
0.588349
0.5895819999999999
0.588771
0.586475
0.583025
0.578501
0.572905
0.570656
0.572186
0.575813
0.583758
0.5930350000000001
0.600694
0.606694
0.610853
0.612742
0.612178
0.60919
0.603744
0.596114
0.5868800000000001
0.580902
0.579044
0.580069
0.586331
0.594661
0.601892
0.6077319999999999
0.611765
0.613664
0.613388
0.611009
0.606615
0.6003930000000001
0.592515
0.587426
0.585804
0.586214
0.5911890000000001
0.5979439999999999
0.6035590000000001
0.6080899999999999
0.611418
0.613512
0.6143489999999999
0.613776
0.611647
0.607695
0.601466
0.597112
0.5953689999999999
0.5946859999999999
0.59805
0.603208
0.6071439999999999
0.609853
0.611161
0.611116
0.609773
0.607121
0.603316
0.598359
0.596428
0.5979800000000001
0.600558
0.606861
0.614712
0.620574
0.624393
0.626188
0.626201
0.624822
0.622183
0.618325
0.6135149999999999
0.607825
0.6055020000000001
0.607125
0.6102479999999999
0.617714
0.6273340000000001
0.635167
0.640795
0.64403
0.6449729999999999
0.6436890000000001
0.64037
0.635616
0.6297659999999999
0.622753
0.619062
0.6195229999999999
0.621534
0.628217
0.6376850000000001
0.64577
0.652066
0.656303
0.658315
0.65799
0.655434
0.650985
0.64466
0.636374
0.630864
0.629022
0.628134
0.632069
0.639443
0.645804
0.650892
0.654643
0.65692
0.6575439999999999
0.656361
0.65325
0.647934
0.640225
0.634705
0.632174
0.6300100000000001
0.632463
0.638336
0.643138
0.646794
0.649293
0.650516
0.65054
0.649354
0.6467970000000001
0.642655
0.6409239999999999
0.642038
0.6421560000000001
0.645644
0.652289
0.6570010000000001
0.6596810000000001
0.660795
0.660513
0.658927
0.656321
0.652752
0.648113
0.642413
0.639832
0.640903
0.642185
0.647668
0.656273
0.662886
0.667354
0.669612
0.669638
0.667808
0.664553
0.660064
0.654446
0.647881
0.644768
0.645696
0.647393
0.653718
0.6633680000000001
0.671346
0.6773100000000001
0.681066
0.682682
0.682437
0.680284
0.676227
0.670571
0.663407
0.658982
0.658082
0.65736
0.661235
0.669044
0.675708
0.680999
0.6847439999999999
0.686817
0.687079
0.6852090000000001
0.6811520000000001
0.675084
0.671103
0.66992
0.6678069999999999
0.6698350000000001
0.676365
0.681996
0.686527
0.689951
0.69209
0.692913
0.692335
0.690102
0.686136
0.680446
0.676999
0.676504
0.6750550000000001
0.677178
0.683337
0.688445
0.692045
0.694094
0.694788
0.69433
0.692674
0.689917
0.6862090000000001
0.6814180000000001
0.679392
0.680588
0.680642
0.6840470000000001
0.691413
0.697394
0.7013510000000001
0.703492
0.704272
0.703842
0.702066
0.699055
0.6948840000000001
0.693329
0.694932
0.6956899999999999
0.698967
0.706069
0.712813
0.7177180000000001
0.7207899999999999
0.722143
0.721827
0.7198180000000001
0.7162569999999999
0.711398
0.705291
0.701998
0.702383
0.702425
0.705746
0.7134510000000001
0.7209409999999999
0.7267319999999999
0.730604
0.73251
0.732383
0.730248
0.726428
0.7211529999999999
0.714449
0.7105520000000001
0.710336
0.709743
0.712376
0.719679
0.727226
0.7333609999999999
0.737981
0.741062
0.742453
0.741951
0.739464
0.734861
0.7280770000000001
0.723282
0.721213
0.7179449999999999
0.717164
0.7211569999999999
0.726121
0.7301479999999999
0.733161
0.7351409999999999
0.736058
0.735793
0.734151
0.7309060000000001
0.72583
0.722811
0.7224619999999999
0.7208600000000001
0.721618
0.72635
0.731072
0.73452
0.736803
0.737919
0.738106
0.737553
0.7361800000000001
0.733793
0.734014
0.737208
0.739336
0.7422890000000001
0.748624
0.75569
0.7608729999999999
0.764157
0.765475
0.765079
0.763386
0.760408
0.7561220000000001
0.750795
0.748363
0.749384
0.750087
0.752546
0.759412
0.767724
0.774126
0.778121
0.779759
0.7793859999999999
0.777115
0.772967
0.767335
0.76065
0.756838
0.756533
0.7559819999999999
0.7572479999999999
0.762937
0.770303
0.77637
0.780796
0.7835810000000001
0.784809
0.7842899999999999
0.781813
0.7773479999999999
0.7707470000000001
0.7657430000000001
0.763312
0.760081
0.758007
0.76049
0.765476
0.769622
0.772591
0.774442
0.775149
0.774447
0.772124
0.7680140000000001
0.765533
0.765252
0.763817
0.7622220000000001
0.764191
0.768529
0.771628
0.7734810000000001
0.774262
0.77418
0.773311
0.771578
0.768904
0.765149
0.763804
0.765405
0.766203
0.7672220000000001
0.7721819999999999
0.779408
0.784745
0.787905
0.7894260000000001
0.7897310000000001
0.788776
0.786529
0.7832
0.778927
0.777465
0.779423
0.780954
0.782998
0.788979
0.796933
0.8028770000000001
0.806747
0.80879
0.809148
0.808032
0.805638
0.801871
0.796564
0.793668
0.793998
0.793657
0.7934869999999999
0.797443
0.8041149999999999
0.809412
0.813012
0.81492
0.81524
0.814058
0.811185
0.806383
0.803329
0.802916
0.801818
0.7998609999999999
0.80209
0.808372
0.813519
0.817339
0.8199360000000001
0.8211629999999999
0.820853
0.818872
0.815074
0.809508
0.80587
0.804888
0.803221
0.800519
0.801929
0.8076270000000001
0.812286
0.815495
0.817434
0.8183010000000001
0.818154
0.8168
0.8140850000000001
0.810032
0.80811
0.8088390000000001
0.8087949999999999
0.8075720000000001
0.8100149999999999
0.816103
0.820888
0.824298
0.8265299999999999
0.827825
0.8282709999999999
0.8276319999999999
0.825649
0.822189
0.820782
0.8220049999999999
0.82219
0.820845
0.822966
0.828724
0.8330620000000001
0.835614
0.836657
0.8366319999999999
0.8356399999999999
0.8334870000000001
0.830141
0.8291379999999999
0.830951
0.832076
0.8320120000000001
0.834852
0.8412790000000001
0.8468559999999999
0.850533
0.852418
0.852775
0.851678
0.849
0.844783
0.8392879999999999
0.836133
0.8360690000000001
0.8359700000000001
0.835359
0.837976
0.8447950000000001
0.8514959999999999
0.856416
0.859454
0.860733
0.8601850000000001
0.8577229999999999
0.853591
0.8480270000000001
0.84446
0.843615
0.8423649999999999
0.840284
0.8411719999999999
0.84641
0.8520280000000001
0.856408
0.8596659999999999
0.8619899999999999
0.8632299999999999
0.863036
0.861079
0.8570479999999999
0.8542649999999999
0.853561
0.851667
0.8479969999999999
0.84654
0.849216
0.8524719999999999
0.8547799999999999
0.8562690000000001
0.857125
0.8572879999999999
0.8564940000000001
0.854442
0.854173
0.856101
0.856907
0.856115
0.85644
0.860181
0.864549
0.867085
0.8680709999999999
0.867934
0.8667969999999999
0.8646799999999999
0.8616299999999999
0.857692
0.856139
0.857549
0.858727
0.8590760000000001
0.8611030000000001
0.8667229999999999
0.8728670000000001
0.877086
0.879423
0.880077
0.879233
0.8770309999999999
0.8735930000000001
0.8690479999999999
0.8668969999999999
0.867869
0.868667
0.8686649999999999
0.870619
0.87661
0.883498
0.888676
0.892066
0.893948
0.894526
0.8936280000000001
0.8909299999999999
0.886357
0.883391
0.8829020000000001
0.881808
0.8796350000000001
0.8790180000000001
0.8825200000000001
0.887551
0.8914219999999999
0.894048
0.8955059999999999
0.8957149999999999
0.894389
0.891302
0.8864629999999999
0.8832530000000001
0.8823049999999999
0.880458
0.877333
0.875785
0.8783549999999999
0.8823770000000001
0.8853409999999999
0.887258
0.888235
0.8882110000000001
0.886978
0.884316
0.883192
0.884014
0.8837799999999999
0.8823030000000001
0.880625
0.882402
0.886724
0.889734
0.891445
0.892108
0.891803
0.890523
0.8881629999999999
0.8846149999999999
0.8829239999999999
0.883674
0.8838870000000001
0.88302
0.8822690000000001
0.8853
0.8907430000000001
0.8944409999999999
0.896225
0.896641
0.896192
0.8949360000000001
0.892704
0.892465
0.8947879999999999
0.8967040000000001
0.8976770000000001
0.897816
0.9013450000000001
0.9079360000000001
0.912817
0.915848
0.917481
0.917985
0.9173889999999999
0.915617
0.9125280000000001
0.911014
0.9116719999999999
0.911847
0.911358
0.910216
0.9128639999999999
0.919107
0.9238299999999999
0.926796
0.928228
0.92822
0.926776
0.923898
0.919575
0.916875
0.91646
0.915536
0.9138850000000001
0.9120149999999999
0.9141450000000001
0.919739
0.924085
0.927108
0.9292020000000001
0.930441
0.930493
0.9288569999999999
0.9253610000000001
0.923227
0.923157
0.9222299999999999
0.9200149999999999
0.9167120000000001
0.917233
0.921875
0.9257200000000001
0.92848
0.9304540000000001
0.9317280000000001
0.9320360000000001
0.93094
0.9309729999999999
0.9326180000000001
0.933241
0.932623
0.9309360000000001
0.9308139999999999
0.9338770000000001
0.937372
0.9395700000000001
0.94073
0.941153
0.940983
0.9402469999999999
0.938751
0.9390620000000001
0.941614
0.9437030000000001
0.944909
0.945042
0.9467409999999999
0.9513719999999999
0.955881
0.9587450000000001
0.9602569999999999
0.9606879999999999
0.960037
0.9582870000000001
0.9555809999999999
0.9548840000000001
0.956749
0.9583809999999999
0.9593079999999999
0.959465
0.9615959999999999
0.967
0.9722930000000001
0.975648
0.977368
0.977807
0.976864
0.974197
0.9697129999999999
0.963626
0.959361
0.9577690000000001
0.955867
0.953109
0.949651
0.950413
0.9553020000000001
0.95911
0.961628
0.962975
0.962944
0.961183
0.957564
0.9550709999999999
0.9543280000000001
0.9526110000000001
0.9495450000000001
0.945258
0.9430649999999999
0.944941
0.948016
0.950564
0.952427
0.9534459999999999
0.953508
0.9523969999999999
0.949717
0.9480209999999999
0.94799
0.94729
0.9456209999999999
0.942841
0.9418059999999999
0.944235
0.9471229999999999
0.9487909999999999
0.949393
0.949031
0.947832
0.9459219999999999
0.9433959999999999
0.943183
0.9456
0.947478
0.9481790000000001
0.9476559999999999
0.949674
0.9549639999999999
0.959413
0.962139
0.9634389999999999
0.963499
0.962468
0.9602870000000001
0.956842
0.955145
0.955773
0.9558049999999999
0.9547979999999999
0.952831
0.953693
0.9582579999999999
0.962357
0.964793
0.965716
0.965211
0.96319
0.959382
0.956527
0.9554739999999999
0.953779
0.951124
0.9476829999999999
0.945757
0.947521
0.9506110000000001
0.952518
0.953098
0.9525370000000001
0.951125
0.9489
0.9455290000000001
0.943409
0.9430350000000001
0.9420379999999999
0.940365
0.9381450000000001
0.9375889999999999
0.9405459999999999
0.944426
0.9470059999999999
0.9483299999999999
0.948559
0.947691
0.945578
0.94224
0.9406540000000001
0.941399
0.941793
0.9415379999999999
0.940667
0.941867
0.9465950000000001
0.951634
0.95515
0.957461
0.958809
0.959044
0.95783
0.954973
0.953335
0.953464
0.952709
0.9508790000000001
0.948049
0.947565
0.9508200000000001
0.954232
0.9563879999999999
0.957733
0.958515
0.9585020000000001
0.957234
0.957083
0.958458
0.958815
0.957883
0.955651
0.953729
0.9547700000000001
0.9571930000000001
0.95829
0.958096
0.956917
0.9548549999999999
0.951946
0.948258
0.946341
0.946665
0.9469069999999999
0.9468059999999999
0.9461879999999999
0.9462020000000001
0.9491360000000001
0.9530059999999999
0.9548409999999999
0.9549219999999999
0.953734
0.9513959999999999
0.947876
0.9432879999999999
0.940386
0.9398280000000001
0.9393450000000001
0.938624
0.9375549999999999
0.937999
0.942099
0.947477
0.951525
0.954363
0.9560270000000001
0.956224
0.954594
0.951011
0.948282
0.9471569999999999
0.9452729999999999
0.9422950000000001
0.93832
0.936109
0.9379120000000001
0.941134
0.943629
0.945514
0.9468
0.947277
0.946501
0.9466110000000001
0.94805
0.9485709999999999
0.9478850000000001
0.945835
0.943378
0.943642
0.945708
0.946652
0.946729
0.9461459999999999
0.9449299999999999
0.9431450000000001
0.940692
0.939901
0.941198
0.942133
0.942263
0.941564
0.941254
0.944032
0.94829
0.950918
0.9520370000000001
0.9518549999999999
0.950527
0.9481149999999999
0.944681
0.9430569999999999
0.943951
0.9448270000000001
0.9451459999999999
0.944826
0.945192
0.948758
0.953825
0.9575670000000001
0.9601270000000001
0.9616629999999999
0.962141
0.961208
0.958565
0.956986
0.957191
0.956658
0.954987
0.9522209999999999
0.949887
0.9511040000000001
0.954466
0.9568
0.958009
0.958283
0.9577209999999999
0.9560200000000001
0.952794
0.950694
0.950304
0.949125
0.9469350000000001
0.943737
0.941325
0.942356
0.9449780000000001
0.946484
0.9468639999999999
0.9462200000000001
0.944527
0.941678
0.9400620000000001
0.9402469999999999
0.939933
0.9387850000000001
0.9369219999999999
0.934314
0.934831
0.938525
0.941227
0.9427840000000001
0.9434
0.94305
0.9415520000000001
0.9387979999999999
0.9370860000000001
0.9368479999999999
0.9358540000000001
0.933916
0.931322
0.928624
0.9294629999999999
0.9332290000000001
0.935851
0.937314
0.9380350000000001
0.9381510000000001
0.9374680000000001
0.9381010000000001
0.9404110000000001
0.942108
0.9427909999999999
0.9423799999999999
0.940692
0.9412360000000001
0.944815
0.947789
0.949419
0.9499850000000001
0.9497979999999999
0.949031
0.947625
0.9476049999999999
0.9491860000000001
0.95015
0.95029
0.949681
0.948131
0.949001
0.95265
0.955192
0.9561559999999999
0.9559799999999999
0.954835
0.952681
0.9494440000000001
0.9474299999999999
0.947134
0.9464879999999999
0.945416
0.9440719999999999
0.9425629999999999
0.9445959999999999
0.9496889999999999
0.953525
0.95609
0.957598
0.95795
0.956924
0.954355
0.9525309999999999
0.9520209999999999
0.9508049999999999
0.948693
0.945825
0.9423590000000001
0.9424049999999999
0.946081
0.949169
0.9515389999999999
0.953367
0.954528
0.9545899999999999
0.952993
0.951845
0.9517969999999999
0.9509190000000001
0.9489780000000001
0.945923
0.941832
0.940826
0.94294
0.944177
0.94473
0.9448549999999999
0.944602
0.943795
0.944248
0.946184
0.947516
0.947917
0.947314
0.9455620000000001
0.9450370000000001
0.947226
0.949607
0.9507559999999999
0.950868
0.950001
0.948227
0.945585
0.944095
0.944274
0.9443370000000001
0.944051
0.943408
0.942212
0.9428219999999999
0.946225
0.949556
0.951652
0.9526950000000001
0.952672
0.9514459999999999
0.948816
0.9469700000000001
0.946649
0.946019
0.944783
0.9429420000000001
0.940477
0.940749
0.944343
0.947659
0.949983
0.9513879999999999
0.9518719999999999
0.951268
0.949204
0.947759
0.947559
0.946592
0.9445290000000001
0.941451
0.937433
0.9361709999999999
0.938325
0.940218
0.9412389999999999
0.9414440000000001
0.9408
0.939067
0.9381290000000001
0.938557
0.938542
0.937759
0.93621
0.9338290000000001
0.932393
0.933859
0.9364040000000001
0.938042
0.9387340000000001
0.938515
0.9373940000000001
0.9352719999999999
0.9340629999999999
0.934213
0.9338629999999999
0.9328709999999999
0.9315110000000001
0.9297620000000001
0.9296770000000001
0.932838
0.9368299999999999
0.9397969999999999
0.9418219999999999
0.9430729999999999
0.943436
0.942685
0.942931
0.944685
0.945889
0.94614
0.9454229999999999
0.943649
0.943469
0.9463870000000001
0.949724
0.9521129999999999
0.953774
0.95476
0.9547979999999999
0.9536399999999999
0.953443
0.954656
0.955175
0.954691
0.953159
0.9504459999999999
0.949362
0.9511809999999999
0.9529200000000001
0.9533299999999999
0.952723
0.95125
0.948785
0.947176
0.946799
0.9458479999999999
0.9442520000000001
0.942255
0.9397979999999999
0.937678
0.938666
0.941658
0.9435389999999999
0.9442209999999999
0.943732
0.941982
0.938981
0.9367030000000001
0.9356059999999999
0.9340459999999999
0.9319870000000001
0.9295950000000001
0.926793
0.9244540000000001
0.9253899999999999
0.928573
0.9310620000000001
0.932891
0.934083
0.934457
0.935535
0.937469
0.9385040000000001
0.938473
0.937579
0.935858
0.9332459999999999
0.93294
0.935483
0.937533
0.93865
0.939219
0.939372
0.93899
