1.0142719999999998
1.013382
1.013698
1.013218
1.0117969999999998
1.009575
1.0065389999999999
1.0040149999999999
1.0046629999999999
1.0070270000000001
1.00832
1.008667
1.008237
1.0069700000000001
1.0047270000000001
1.003558
1.0038559999999999
1.00356
1.002353
1.0003229999999999
0.9975620000000001
0.995598
0.9967860000000001
0.999425
1.000928
1.001371
1.000928
0.9996709999999999
0.9975459999999999
0.996606
0.9972340000000001
0.9973700000000001
0.9967030000000001
0.9952139999999999
0.992792
0.991309
0.992893
0.995612
0.9973280000000001
0.9981049999999999
0.9980459999999999
0.997079
0.9950120000000001
0.994016
0.994676
0.994978
0.994626
0.9936379999999999
0.991934
0.991893
0.994965
0.998381
1.000383
1.001126
1.000846
0.9995729999999999
0.997193
0.995949
0.9963280000000001
0.9961639999999999
0.995181
0.993497
0.991094
0.9906370000000001
0.993448
0.996583
0.998509
0.999275
0.9988969999999999
0.997333
0.996654
0.9972409999999999
0.997066
0.995875
0.993814
0.990967
0.988024
0.9883620000000001
0.991339
0.9933930000000001
0.9944149999999999
0.994547
0.9937940000000001
0.99203
0.9910959999999999
0.9912979999999999
0.990806
0.9895579999999999
0.987727
0.9852780000000001
0.982915
0.9836389999999999
0.986497
0.9882629999999999
0.989138
0.989431
0.989188
0.9883069999999999
0.9887370000000001
0.990735
0.992144
0.9925579999999999
0.9919370000000001
0.9902700000000001
0.989037
0.9908
0.994049
0.9961690000000001
0.9972610000000001
0.99745
0.996719
0.9949979999999999
0.9943280000000001
0.995079
0.9952489999999999
0.994607
0.993196
0.99092
0.98946
0.9909889999999999
0.99366
0.995165
0.995508
0.994763
0.9929030000000001
0.989834
0.9877879999999999
0.9873850000000001
0.986632
0.9852190000000001
0.9831489999999999
0.980366
0.979225
0.981258
0.983834
0.985226
0.985615
0.9852200000000001
0.9840120000000001
0.9838020000000001
0.9848549999999999
0.985232
0.984667
0.983302
0.98131
0.978883
0.979676
0.9835299999999999
0.986511
0.9884709999999999
0.989497
0.989547
0.988503
0.9882209999999999
0.9891840000000001
0.9896889999999999
0.989532
0.9887889999999999
0.987392
0.985351
0.98624
0.9899110000000001
0.992583
0.994267
0.995217
0.995508
0.9950190000000001
0.9955940000000001
0.9974850000000001
0.998706
0.999042
0.998539
0.997086
0.995439
0.9966790000000001
0.999983
1.002284
1.003766
1.0046059999999999
1.004648
1.0036100000000001
1.003325
1.004133
1.0040950000000002
1.0029569999999999
1.000805
0.9977159999999999
0.9945450000000001
0.9945290000000001
0.9968600000000001
0.998188
0.9984860000000001
0.997826
0.996192
0.99359
0.9921139999999999
0.992217
0.991977
0.991099
0.9895149999999999
0.9870540000000001
0.984783
0.9853930000000001
0.987707
0.989057
0.9895809999999999
0.9894040000000001
0.988476
0.986634
0.9858040000000001
0.98641
0.986605
0.9861770000000001
0.9851469999999999
0.983475
0.982489
0.9847309999999999
0.9886780000000001
0.9914790000000001
0.9930190000000001
0.9933569999999999
0.9925379999999999
0.990518
0.98935
0.98955
0.989236
0.988145
0.986346
0.9838899999999999
0.9824370000000001
0.984308
0.987734
0.990203
0.9916879999999999
0.9922
0.991618
0.9898299999999999
0.9890100000000001
0.9896020000000001
0.9894639999999999
0.988244
0.9860260000000001
0.9828809999999999
0.9809889999999999
0.98251
0.985384
0.9874959999999999
0.9888239999999999
0.989369
0.9889870000000001
0.9894059999999999
0.9908370000000001
0.991346
0.9907520000000001
0.9893059999999999
0.987144
0.9842299999999999
0.984347
0.987534
0.9896729999999999
0.990599
0.9906200000000001
0.9898889999999999
0.9883870000000001
0.9879549999999999
0.988944
0.9895149999999999
0.9893540000000001
0.9884459999999999
0.9866940000000001
0.984132
0.984533
0.987786
0.9899319999999999
0.990964
0.9911190000000001
0.990447
0.9889129999999999
0.9884879999999999
0.9895430000000001
0.990144
0.990023
0.989243
0.9877549999999999
0.986174
0.987542
0.9910690000000001
0.993534
0.994959
0.995408
0.994793
0.992978
0.991851
0.991871
0.991341
0.990142
0.9883430000000001
0.985893
0.9835969999999999
0.984408
0.9873049999999999
0.989028
0.989548
0.9890549999999999
0.987649
0.9852559999999999
0.983843
0.983844
0.9833280000000001
0.9820129999999999
0.979984
0.977348
0.9756739999999999
0.977367
0.9808020000000001
0.9834040000000001
0.9851270000000001
0.985951
0.985708
0.986086
0.987405
0.9880110000000001
0.987814
0.9869610000000001
0.9855229999999999
0.9834370000000001
0.983759
0.987084
0.9901129999999999
0.9921469999999999
0.993287
0.9935719999999999
0.992956
0.993149
0.9944280000000001
0.9950200000000001
0.99466
0.993441
0.991445
0.988561
0.987992
0.990323
0.992149
0.992936
0.9929389999999999
0.992343
0.991135
0.99108
0.992455
0.9933709999999999
0.9934719999999999
0.992706
0.9909870000000001
0.9882719999999999
0.988484
0.991713
0.993922
0.995044
0.9952719999999999
0.994605
0.9929309999999999
0.9920959999999999
0.992549
0.992554
0.9918680000000001
0.990553
0.988574
0.985727
0.9857520000000001
0.988642
0.990369
0.990993
0.9907440000000001
0.989614
0.9875010000000001
0.9862860000000001
0.986344
0.9858889999999999
0.9848100000000001
0.983244
0.981143
0.9790760000000001
0.980211
0.983814
0.9864450000000001
0.9880030000000001
0.988554
0.988089
0.986592
0.986022
0.986764
0.986973
0.9864360000000001
0.985193
0.9832190000000001
0.9813350000000001
0.982635
0.98624
0.9889030000000001
0.990591
0.9913709999999999
0.991139
0.9897299999999999
0.989115
0.989843
0.990093
0.9895229999999999
0.9881
0.9857819999999999
0.983358
0.9839319999999999
0.986766
0.988757
0.9899110000000001
0.9903059999999999
0.989866
0.9902700000000001
0.9917469999999999
0.992476
0.9921700000000001
0.9909389999999999
0.9889469999999999
0.98624
0.985391
0.987613
0.990203
0.991825
0.99255
0.992516
0.9917459999999999
0.991917
0.9933069999999999
0.994224
0.994424
0.9939120000000001
0.992603
0.990302
0.9896590000000001
0.9919290000000001
0.994373
0.995814
0.996391
0.9961979999999999
0.9951700000000001
0.995085
0.9963559999999999
0.9972549999999999
0.997469
0.996985
0.995748
0.9935809999999999
0.993617
0.9964370000000001
0.998711
0.9999399999999999
1.000304
0.9997450000000001
0.9981059999999999
0.997151
0.9972610000000001
0.996762
0.995559
0.993812
0.991502
0.9884649999999999
0.9882
0.9910469999999999
0.9932049999999999
0.9941969999999999
0.9940979999999999
0.9929479999999999
0.9907729999999999
0.9894639999999999
0.989418
0.988891
0.987664
0.985756
0.9831540000000001
0.980092
0.9803149999999999
0.983683
0.986376
0.98831
0.989541
0.989923
0.9892200000000001
0.989181
0.9902
0.990597
0.990216
0.9891280000000001
0.987341
0.985022
0.985773
0.989405
0.992181
0.994084
0.995225
0.995552
0.9949379999999999
0.9952190000000001
0.9967299999999999
0.9975799999999999
0.997519
0.9966709999999999
0.995016
0.992743
0.993341
0.9965149999999999
0.998617
0.9996709999999999
0.999933
0.9994629999999999
0.9981209999999999
0.9977290000000001
0.9986450000000001
0.998978
0.9984120000000001
0.9969299999999999
0.9944870000000001
0.9915950000000001
0.991815
0.994735
0.996762
0.997827
0.9980100000000001
0.9972
0.9952620000000001
0.99418
0.994483
0.994399
0.9936889999999999
0.99239
0.990418
0.988074
0.9886799999999999
0.991711
0.9936010000000001
0.994432
0.9944049999999999
0.993497
0.993397
0.9944069999999999
0.994816
0.994398
0.993288
0.9915459999999999
0.9890979999999999
0.9881469999999999
0.9902059999999999
0.9928819999999999
0.9944879999999999
0.995027
0.994597
0.9932790000000001
0.9927969999999999
0.993392
0.9933639999999999
0.992562
0.991136
0.9891610000000001
0.98662
0.9863569999999999
0.989247
0.9921620000000001
0.9940260000000001
0.9949370000000001
0.994922
0.9938899999999999
0.993591
0.994434
0.9948100000000001
0.9945440000000001
0.993676
0.992183
0.989917
0.9901979999999999
0.9934350000000001
0.996125
0.997944
0.999084
0.999531
0.9991059999999999
0.999451
1.00078
1.001241
1.000572
0.998934
0.996511
0.993311
0.9928870000000001
0.9956280000000001
0.9978090000000001
0.9990020000000001
0.999325
0.998817
0.9973870000000001
0.9968459999999999
0.997575
0.9978
0.997289
0.996052
0.9939899999999999
0.991135
0.991266
0.994316
0.996332
0.9972530000000001
0.997287
0.9964790000000001
0.9947799999999999
0.9941209999999999
0.9949479999999999
0.9954270000000001
0.99524
0.9943879999999999
0.9927969999999999
0.9903069999999999
0.990663
0.9938790000000001
0.996014
0.9971399999999999
0.9974569999999999
0.9969129999999999
0.995382
0.994676
0.9951639999999999
0.995102
0.994366
0.9931200000000001
0.991368
0.989116
0.9900450000000001
0.993985
0.996906
0.9986459999999999
0.999286
0.9988469999999999
0.9991200000000001
1.000475
1.0012459999999999
1.00122
1.000456
0.998926
0.9965719999999999
0.9953860000000001
0.997224
1.000052
1.001982
1.003079
1.0034020000000001
1.002848
1.002979
1.004075
1.0045709999999999
1.004289
1.0032530000000002
1.001435
0.9987469999999999
0.9973559999999999
0.9989049999999999
1.001204
1.002661
1.003323
1.003217
1.0022879999999998
1.002245
1.003384
1.0039559999999998
1.00368
1.002645
1.00095
0.998505
0.997808
1.000046
1.002494
1.003874
1.004299
1.003923
1.002769
1.002553
1.003598
1.004191
1.00403
1.003074
1.001241
0.998384
0.997283
0.99923
1.001464
1.002815
1.003354
1.003066
1.001776
1.001224
1.001841
1.001965
1.001387
1.0001790000000002
0.9983479999999999
0.995768
0.995698
0.9986360000000001
1.001109
1.002632
1.003336
1.003148
1.001933
1.001524
1.002329
1.002624
1.002267
1.0013809999999999
0.9999049999999999
0.997633
0.9978950000000001
1.001193
1.0039420000000001
1.005559
1.0061209999999998
1.005687
1.004294
1.003792
1.0045469999999999
1.004815
1.004341
1.003112
1.001097
0.998287
0.998276
1.001568
1.004507
1.00658
1.0078120000000002
1.008069
1.0071370000000002
1.006775
1.007418
1.007435
1.0066680000000001
1.005179
1.002981
0.999994
0.999893
1.002959
1.005385
1.006943
1.0077399999999999
1.007727
1.006782
1.0066899999999999
1.0077459999999998
1.008061
1.007382
1.005853
1.0035
1.000173
0.999711
1.002333
1.004071
1.004828
1.0048469999999998
1.0041879999999999
1.002704
1.002165
1.002911
1.003102
1.002429
1.000874
0.9983790000000001
0.995064
0.994818
0.997589
0.999395
1.000157
1.000011
0.998919
0.9985709999999999
0.999383
0.999825
0.9997280000000001
0.999151
0.9980829999999999
0.9963770000000001
0.9957600000000001
0.997923
1.000769
1.002373
1.002924
1.00261
1.001442
1.001115
1.001934
1.0022229999999999
1.001782
1.000775
0.999281
0.997179
0.996721
0.9993350000000001
1.002516
1.004661
1.005789
1.005991
1.005313
1.005511
1.006831
1.007487
1.00728
1.006325
1.004686
1.002358
1.00225
1.005247
1.0082389999999999
1.010211
1.011255
1.011344
1.010306
1.00981
1.010249
1.010054
1.0090940000000002
1.007447
1.005128
1.0020149999999999
1.0009549999999998
1.002882
1.004837
1.005965
1.006393
1.006108
1.004948
1.0045959999999998
1.005319
1.0052940000000001
1.00427
1.002392
0.999814
0.996524
0.9959180000000001
0.9985219999999999
1.000782
1.002145
1.0027
1.002477
1.001399
1.0012370000000002
1.002346
1.002976
1.002877
1.002038
1.000358
0.997714
0.9976649999999999
1.000697
1.003124
1.0044799999999998
1.004937
1.0045389999999998
1.003228
1.002899
1.004009
1.004756
1.004783
1.004049
1.002472
0.9998799999999999
0.999936
1.00288
1.004911
1.00595
1.006208
1.005655
1.004174
1.003602
1.004277
1.0043739999999999
1.00373
1.0025110000000002
1.000736
0.998417
0.999286
1.0031889999999999
1.006043
1.007658
1.008109
1.007431
1.005678
1.004818
1.005274
1.005261
1.004534
1.003095
1.000899
0.9980600000000001
0.9983709999999999
1.001706
1.004099
1.005479
1.005966
1.005487
1.003871
1.003015
1.003417
1.003262
1.002224
1.000322
0.9975879999999999
0.994337
0.994216
0.997026
0.999057
1.000198
1.000493
0.9998790000000001
1.000029
1.001192
1.001609
1.0010350000000001
0.9996200000000001
0.9975450000000001
0.9948290000000001
0.99351
0.995192
0.9976139999999999
0.998948
0.999252
0.998735
0.9975209999999999
0.997353
0.9985299999999999
0.9993489999999999
0.999518
0.9990049999999999
0.997714
0.9954559999999999
0.994713
0.996899
0.999459
1.00106
1.001837
1.001875
1.001084
1.0012020000000001
1.002602
1.003549
1.003786
1.003365
1.002299
1.0004600000000001
1.000904
1.004222
1.007087
1.00889
1.009781
1.009696
1.008478
1.0079069999999999
1.008371
1.0081879999999999
1.0072649999999999
1.0057719999999999
1.003683
1.000808
1.000389
1.002981
1.005066
1.006001
1.005889
1.004804
1.002761
1.001614
1.001708
1.001263
1.000042
0.998064
0.9953190000000001
0.9918100000000001
0.9914229999999999
0.9943879999999999
0.9967729999999999
0.99839
0.9992979999999999
0.999351
0.9983139999999999
0.997915
0.9985719999999999
0.9986659999999999
0.998066
0.996841
0.994977
0.992331
0.992561
0.995873
0.9984270000000001
1.000065
1.0009299999999999
1.0010059999999998
1.0001959999999999
0.9983569999999999
0.9953790000000001
0.991208
0.9858379999999999
0.982389
0.9814219999999999
0.979792
0.9768979999999999
0.972872
0.9728629999999999
0.977101
0.980498
0.982844
0.984137
0.9841700000000001
0.982801
0.979985
0.975635
0.972691
0.9715600000000001
0.9692940000000001
0.965814
0.9615799999999999
0.9608610000000001
0.9644010000000001
0.967685
0.969403
0.9694379999999999
0.967851
0.9646969999999999
0.9599409999999999
0.9536129999999999
0.9487049999999999
0.945853
0.942342
0.9378479999999999
0.932535
0.9302229999999999
0.9318860000000001
0.933398
0.9334100000000001
0.9321229999999999
0.929873
0.926852
0.923097
0.921316
0.921933
0.922191
0.9216540000000001
0.9203610000000001
0.920703
0.924443
0.928815
0.931628
0.933019
0.933284
0.932607
0.9310639999999999
0.928585
0.9250229999999999
0.923163
0.923717
0.924104
0.923809
0.922617
0.9244969999999999
0.9295209999999999
0.932933
0.9341860000000001
0.933623
0.931549
0.928156
0.923478
0.917475
0.9132600000000001
0.911423
0.9089790000000001
0.9055840000000001
0.9022180000000001
0.9027860000000001
0.906329
0.9086110000000001
0.909495
0.9091040000000001
0.9073319999999999
0.903874
0.898379
0.8907809999999999
0.8844870000000001
0.880432
0.875871
0.870541
0.866084
0.865815
0.8681040000000001
0.869276
0.8691120000000001
0.8677360000000001
0.865233
0.861564
0.8566219999999999
0.853292
0.8521489999999999
0.8504700000000001
0.8479629999999999
0.845175
0.845678
0.8486540000000001
0.849993
0.849748
0.848411
0.846352
0.843722
0.8404940000000001
0.836559
0.8347190000000001
0.8354360000000001
0.835817
0.835318
0.8350360000000001
0.838134
0.8432370000000001
0.8467370000000001
0.8485790000000001
0.849086
0.848456
0.846717
0.8438829999999999
0.840045
0.8384
0.839593
0.840616
0.840866
0.842232
0.847058
0.852931
0.8569190000000001
0.859124
0.859992
0.8597309999999999
0.8582219999999999
0.855218
0.850548
0.8473459999999999
0.8463280000000001
0.84454
0.841484
0.839277
0.8406600000000001
0.843564
0.845197
0.845549
0.844735
0.8426680000000001
0.839167
0.8341149999999999
0.830348
0.828369
0.8254520000000001
0.821343
0.817194
0.816565
0.818485
0.819255
0.8187800000000001
0.8172590000000001
0.814792
0.8113859999999999
0.806977
0.801502
0.797783
0.796506
0.795041
0.792806
0.790952
0.792399
0.7956810000000001
0.79755
0.798059
0.797562
0.796317
0.794408
0.7917649999999999
0.790934
0.7922779999999999
0.793053
0.792718
0.7918229999999999
0.794104
0.799026
0.802671
0.8049470000000001
0.806141
0.806496
0.806134
0.804952
0.802714
0.80203
0.8033680000000001
0.804034
0.803588
0.8033319999999999
0.8062739999999999
0.810887
0.813821
0.815204
0.8154279999999999
0.8146909999999999
0.813022
0.810339
0.806604
0.804812
0.805474
0.805614
0.8046949999999999
0.804589
0.807732
0.811994
0.814593
0.815576
0.8152119999999999
0.813674
0.81099
0.806995
0.801517
0.797351
0.795129
0.792322
0.788714
0.7859550000000001
0.787008
0.790316
0.792704
0.794021
0.794327
0.7935300000000001
0.791371
0.787573
0.784621
0.783141
0.7808350000000001
0.77745
0.7733399999999999
0.772508
0.7749149999999999
0.776637
0.7776649999999999
0.778253
0.7785310000000001
0.778456
0.77778
0.77615
0.775806
0.777031
0.777325
0.7763909999999999
0.775046
0.776705
0.78056
0.783034
0.78433
0.784963
0.785171
0.784891
0.78393
0.782129
0.782091
0.7842
0.7856810000000001
0.785954
0.786366
0.7897890000000001
0.794728
0.798086
0.799874
0.800395
0.799833
0.798191
0.79537
0.791288
0.788732
0.788312
0.7873939999999999
0.785514
0.784402
0.7867850000000001
0.790824
0.7935409999999999
0.794917
0.795208
0.7944359999999999
0.792367
0.788737
0.7834369999999999
0.779328
0.777176
0.774523
0.771065
0.768772
0.770325
0.773829
0.77647
0.778123
0.778792
0.778337
0.7766
0.773511
0.7715
0.771012
0.769729
0.767421
0.764355
0.764676
0.768433
0.771446
0.773537
0.774838
0.775346
0.774941
0.773411
0.770554
0.7687930000000001
0.768785
0.7683180000000001
0.767005
0.765387
0.767166
0.771859
0.775614
0.778304
0.780079
0.780989
0.7809520000000001
0.779782
0.77974
0.781215
0.781845
0.781275
0.779625
0.7808649999999999
0.785442
0.789358
0.7921279999999999
0.793934
0.794924
0.79513
0.794393
0.792439
0.7890739999999999
0.78691
0.786529
0.7854479999999999
0.783259
0.781556
0.783143
0.786356
0.78828
0.789028
0.7888149999999999
0.787668
0.7854800000000001
0.782184
0.780356
0.780485
0.780091
0.778791
0.776876
0.778157
0.782377
0.785462
0.787203
0.787687
0.786989
0.785147
0.7820239999999999
0.777415
0.7736649999999999
0.771469
0.768926
0.765998
0.7628729999999999
0.763646
0.768229
0.772079
0.774806
0.776415
0.776844
0.775958
0.7737
0.770195
0.768069
0.767868
0.767261
0.765933
0.7646729999999999
0.767038
0.772292
0.77665
0.7800189999999999
0.782636
0.784571
0.785658
0.7855810000000001
0.786358
0.78828
0.789165
0.78885
0.7874770000000001
0.787967
0.791558
0.795285
0.7978689999999999
0.799453
0.800179
0.800034
0.798891
0.796569
0.792956
0.790702
0.790461
0.7898029999999999
0.788244
0.78684
0.788754
0.792694
0.795147
0.796111
0.795874
0.794611
0.79242
0.789324
0.787768
0.788208
0.788245
0.7874869999999999
0.785906
0.786877
0.790916
0.794442
0.796871
0.798323
0.798724
0.7978850000000001
0.7956
0.79177
0.7887390000000001
0.787212
0.785315
0.7828970000000001
0.780067
0.779825
0.783099
0.786492
0.7885979999999999
0.789411
0.789072
0.787716
0.785377
0.782065
0.780315
0.780682
0.7808390000000001
0.780409
0.779363
0.781623
0.787112
0.791533
0.794774
0.797087
0.798586
0.79919
0.798664
0.7968270000000001
0.796121
0.797076
0.797379
0.796691
0.795041
0.796391
0.8011550000000001
0.8052229999999999
0.808078
0.809812
0.810438
0.809824
0.8077840000000001
0.804225
0.801707
0.80091
0.799658
0.797638
0.794798
0.795145
0.798624
0.8009390000000001
0.8021
0.802423
0.8020079999999999
0.8008069999999999
0.7986989999999999
0.795564
0.793826
0.7938890000000001
0.793253
0.791469
0.788569
0.788858
0.7925300000000001
0.795239
0.796846
0.797565
0.7974859999999999
0.796616
0.7948689999999999
0.792175
0.790996
0.791854
0.792384
0.792101
0.7908569999999999
0.79235
0.796778
0.8000390000000001
0.801793
0.802325
0.801794
0.800261
0.79771
0.7941699999999999
0.792299
0.792663
0.792778
0.79215
0.790866
0.792867
0.797963
0.8018489999999999
0.804307
0.805551
0.805756
0.804888
0.802712
0.8014220000000001
0.801488
0.8008270000000001
0.799357
0.797275
0.7973210000000001
0.80079
0.8048109999999999
0.807847
0.809824
0.810708
0.810407
0.8087840000000001
0.805759
0.803703
0.8032020000000001
0.802163
0.800318
0.797683
0.796972
0.799485
0.8023060000000001
0.8040149999999999
0.8048390000000001
0.805016
0.804565
0.80335
0.801208
0.800381
0.801295
0.801715
0.8012600000000001
0.799818
0.800405
0.8040149999999999
0.8075
0.809956
0.811652
0.8126939999999999
0.812978
0.81229
0.810423
0.809646
0.810427
0.810508
0.8095100000000001
0.80747
0.8076300000000001
0.811075
0.81448
0.816674
0.817801
0.818013
0.8173560000000001
0.815724
0.812987
0.811584
0.812028
0.811941
0.810875
0.808754
0.808976
0.812263
0.815079
0.816763
0.817571
0.817585
0.816734
0.8148479999999999
0.811801
0.810052
0.8101729999999999
0.8098890000000001
0.80885
0.80704
0.807806
0.811883
0.815606
0.817964
0.8191
0.8192200000000001
0.818331
0.816268
0.8129350000000001
0.8107949999999999
0.810504
0.809952
0.808816
0.807001
0.807791
0.811949
0.815883
0.8186260000000001
0.8202799999999999
0.820883
0.820327
0.818491
0.815368
0.8134279999999999
0.813163
0.812279
0.810458
0.807794
0.808129
0.812179
0.816104
0.819187
0.821507
0.8229920000000001
0.8234100000000001
0.822478
0.8200049999999999
0.818509
0.8186760000000001
0.8182550000000001
0.816863
0.814493
0.814959
0.8188810000000001
0.822392
0.824875
0.8264290000000001
0.82709
0.826801
0.825434
0.822858
0.821515
0.8218479999999999
0.821385
0.819758
0.817086
0.817284
0.820836
0.823717
0.8253530000000001
0.825966
0.8257479999999999
0.8247059999999999
0.8227059999999999
0.8196469999999999
0.818033
0.818345
0.818142
0.817016
0.814936
0.815836
0.820033
0.823363
0.825376
0.826189
0.825875
0.824418
0.821767
0.817979
0.815693
0.8154819999999999
0.814972
0.8137850000000001
0.811868
0.813247
0.817986
0.821602
0.8237680000000001
0.824782
0.824774
0.823624
0.8211430000000001
0.8172560000000001
0.814643
0.814022
0.813067
0.8114100000000001
0.809168
0.810533
0.815413
0.8192940000000001
0.821893
0.823292
0.823475
0.82239
0.8200069999999999
0.8163
0.813901
0.813423
0.812455
0.810685
0.808596
0.810172
0.815009
0.818854
0.8215030000000001
0.823075
0.823578
0.8229069999999999
0.820886
0.817385
0.8151
0.814723
0.813811
0.811954
0.809639
0.81071
0.814712
0.8176479999999999
0.819448
0.820304
0.8202790000000001
0.8192969999999999
0.817178
0.813774
0.8117
0.811449
0.810516
0.808634
0.806497
0.807736
0.811634
0.814245
0.815554
0.815913
0.815461
0.814106
0.811696
0.808167
0.806226
0.806389
0.8060189999999999
0.804615
0.802864
0.8043359999999999
0.808337
0.811092
0.8124779999999999
0.812721
0.8119460000000001
0.810163
0.8073670000000001
0.803561
0.801489
0.801723
0.801647
0.8007489999999999
0.799916
0.802419
0.807158
0.8105399999999999
0.8125720000000001
0.813477
0.813261
0.811832
0.809126
0.805217
0.803034
0.8032
0.803034
0.802054
0.801458
0.804391
0.8095060000000001
0.813281
0.8155359999999999
0.8163729999999999
0.8158850000000001
0.814156
0.8111659999999999
0.806867
0.804089
0.803439
0.802315
0.80038
0.799075
0.801459
0.806084
0.809609
0.811867
0.812945
0.812842
0.811435
0.808555
0.8041689999999999
0.801197
0.800262
0.798683
0.7960619999999999
0.7939189999999999
0.795362
0.79902
0.801714
0.803347
0.804074
0.8039310000000001
0.802796
0.8004720000000001
0.7993640000000001
0.799838
0.7994180000000001
0.797884
0.795341
0.795891
0.799589
0.80214
0.8034859999999999
0.803933
0.8036260000000001
0.802561
0.80065
0.7977810000000001
0.796421
0.797018
0.797088
0.796199
0.794589
0.7961520000000001
0.8005939999999999
0.80369
0.805268
0.805623
0.805002
0.803537
0.801269
0.798196
0.7969930000000001
0.798149
0.799009
0.799037
0.798917
0.802003
0.8073170000000001
0.811025
0.813091
0.813916
0.813708
0.812393
0.809783
0.8057479999999999
0.803013
0.802267
0.801072
0.7990659999999999
0.797154
0.79883
0.803165
0.8063640000000001
0.808229
0.808863
0.808333
0.806645
0.803649
0.7991590000000001
0.795876
0.794474
0.79256
0.789904
0.7878029999999999
0.789358
0.793277
0.796238
0.798193
0.799295
0.799528
0.79871
0.796592
0.7930729999999999
0.7909510000000001
0.790818
0.790075
0.788323
0.786787
0.788729
0.793049
0.79642
0.7987989999999999
0.8003779999999999
0.80116
0.800955
0.799529
0.796744
0.79527
0.795609
0.795184
0.79368
0.792449
0.794606
0.798823
0.801782
0.803502
0.8043020000000001
0.804299
0.803383
0.80138
0.7981729999999999
0.796506
0.796866
0.796475
0.7948109999999999
0.793555
0.795745
0.799796
0.802596
0.804056
0.804396
0.803784
0.802231
0.799586
0.798261
0.798705
0.798497
0.797327
0.795221
0.796303
0.800584
0.803609
0.805187
0.8055640000000001
0.804859
0.8030520000000001
0.800092
0.795945
0.7931729999999999
0.792431
0.7914800000000001
0.790031
0.7883
0.790185
0.795284
0.7991189999999999
0.801438
0.802426
0.80218
0.8007479999999999
0.798185
0.794509
0.792324
0.792154
0.791533
0.790155
0.788899
0.7913279999999999
0.796596
0.80085
0.803955
0.806084
0.807244
0.8072239999999999
0.805685
0.80245
0.800255
0.799747
0.798439
0.795984
0.793395
0.794396
0.798275
0.801297
0.803289
0.804399
0.804666
0.803941
0.8042560000000001
0.805828
0.80634
0.805484
0.8034600000000001
0.8024020000000001
0.8043359999999999
0.807248
0.809056
0.80981
0.809709
0.8105289999999999
0.812689
0.814613
0.815932
0.8165979999999999
0.816658
0.816175
0.8180609999999999
0.822667
0.8266950000000001
0.8293149999999999
0.8305520000000001
0.830575
0.829577
0.8291940000000001
0.829885
0.8304440000000001
0.830875
0.83137
0.831933
0.832362
0.8355239999999999
0.8414729999999999
0.8465729999999999
0.850173
0.852424
0.8536590000000001
0.854233
0.855822
0.858607
0.860866
0.86221
0.8626879999999999
0.8624040000000001
0.86145
0.8631260000000001
0.8673059999999999
0.870527
0.872872
0.874603
0.8757389999999999
0.8760469999999999
0.876765
0.8779899999999999
0.878167
0.8771
0.874926
0.871818
0.868241
0.867468
0.86925
0.870352
0.8708319999999999
0.8709180000000001
0.8706010000000001
0.8711770000000001
0.872725
0.873668
0.873748
0.87313
0.87205
0.8705379999999999
0.8705719999999999
0.873218
0.87621
0.8783620000000001
0.879959
0.881238
0.8821889999999999
0.8840399999999999
0.886922
0.889443
0.8914290000000001
0.892968
0.894026
0.8943639999999999
0.8947700000000001
0.897739
0.902399
0.9062709999999999
0.909423
0.911985
0.9138879999999999
0.916415
0.919906
0.9231450000000001
0.9259379999999999
0.9282530000000001
0.9299280000000001
0.9306700000000001
0.930939
0.933508
0.9378110000000001
0.9411700000000001
0.943801
0.945882
0.9472799999999999
0.947774
0.948846
0.950783
0.952061
0.9525030000000001
0.9521149999999999
0.950802
0.948498
0.9481809999999999
0.9509920000000001
0.954051
0.9562639999999999
0.957571
0.957915
0.9571360000000001
0.9567049999999999
0.9569979999999999
0.9566110000000001
0.9554030000000001
0.953506
0.951049
0.948041
0.9465549999999999
0.948268
0.9510280000000001
0.9529850000000001
0.953944
0.953773
0.952369
0.951298
0.951116
0.9505600000000001
0.9494100000000001
0.9476760000000001
0.94535
0.942368
0.9405
0.941999
0.945216
0.9479190000000001
0.949976
0.951335
0.953206
0.955775
0.95773
0.9589040000000001
0.959426
0.959341
0.9585940000000001
0.9571430000000001
0.9582149999999999
0.96235
0.96625
0.9693940000000001
0.971864
0.9736100000000001
0.974534
0.976183
0.978875
0.981034
0.982332
0.982735
0.9822549999999999
0.98093
0.9811700000000001
0.984506
0.9885079999999999
0.991561
0.9936229999999999
0.994732
0.994924
0.995921
0.9980620000000001
0.999698
1.000558
1.0006540000000002
0.999977
0.998467
0.998416
1.00146
1.005223
1.0079040000000001
1.009376
1.009617
1.008576
1.007901
1.008117
1.00787
1.006999
1.005587
1.003694
1.001241
0.999441
1.000541
1.003019
1.004343
1.0045950000000001
1.003935
1.002364
1.001495
1.0017200000000002
1.0015379999999998
1.0007549999999998
0.9995290000000001
0.9979379999999999
0.9958879999999999
0.9947010000000001
0.9966510000000001
1.0002229999999999
1.002896
1.004566
1.005248
1.004934
1.0052860000000001
1.006704
1.007692
1.008049
1.0078340000000001
1.0070270000000001
1.005527
1.0045899999999999
1.0066899999999999
1.0104879999999998
1.013372
1.0152729999999999
1.016209
1.0160790000000002
1.016491
1.0178690000000001
1.018782
1.019047
1.018634
1.017483
1.015498
1.014434
1.016267
1.019196
1.0212299999999999
1.02237
1.022628
1.0219479999999999
1.022063
1.023312
1.023981
1.023799
1.022866
1.021313
1.019093
1.018132
1.020157
1.023017
1.024781
1.025476
1.025287
1.0243149999999999
1.02254
1.021938
1.02296
1.023691
1.0237129999999999
1.022901
1.021164
1.018624
1.019134
1.022593
1.0250219999999999
1.026389
1.0268709999999999
1.026475
1.0251940000000002
1.025089
1.026549
1.0275290000000001
1.0276379999999998
1.026872
1.025192
1.022486
1.022575
1.025679
1.027899
1.029082
1.029317
1.0285950000000001
1.026846
1.025987
1.026457
1.026506
1.0259610000000001
1.024861
1.0231540000000001
1.0207
1.021168
1.0246600000000001
1.027125
1.028356
1.028678
1.0282209999999998
1.0268979999999999
1.0266469999999999
1.027866
1.028613
1.028583
1.027865
1.0264950000000002
1.02433
1.025152
1.029089
1.032094
1.033983
1.034849
1.0346549999999999
1.033353
1.032972
1.03393
1.034305
1.033842
1.0326030000000002
1.030541
1.027565
1.027619
1.030985
1.033619
1.035288
1.036127
1.036089
1.034979
1.0346540000000002
1.035436
1.035418
1.034442
1.032624
1.0299530000000001
1.026502
1.026134
1.028776
1.030464
1.03126
1.031392
1.030828
1.02941
1.029038
1.029993
1.030202
1.029324
1.027465
1.0247629999999999
1.021518
1.021347
1.023942
1.0254860000000001
1.025962
1.025575
1.0244309999999999
1.022497
1.021709
1.022417
1.022667
1.0221770000000001
1.020938
1.018835
1.016291
1.016723
1.019668
1.021614
1.022543
1.022627
1.021858
1.020078
1.019305
1.020057
1.020441
1.0201870000000002
1.019328
1.01781
1.0164799999999998
1.018273
1.022093
1.024692
1.0261069999999999
1.026577
1.0261049999999998
1.02452
1.023865
1.0245549999999999
1.024549
1.023619
1.021943
1.019588
1.017782
1.019292
1.022773
1.0252370000000002
1.026612
1.026922
1.0261209999999998
1.0241719999999999
1.02319
1.023544
1.0231649999999999
1.021822
1.0196209999999999
1.0166190000000002
1.014292
1.015369
1.0183440000000001
1.020334
1.021334
1.021421
1.020481
1.018305
1.016928
1.0168469999999998
1.016186
1.014757
1.012613
1.009742
1.0076120000000002
1.008709
1.01144
1.013221
1.014158
1.014342
1.013691
1.012033
1.0114
1.012148
1.012154
1.011105
1.0091139999999998
1.006313
1.0046389999999998
1.0062879999999998
1.009259
1.011196
1.012101
1.0120770000000001
1.011152
1.0112729999999999
1.012724
1.013544
1.013492
1.012626
1.01091
1.008359
1.0087629999999999
1.012084
1.014306
1.015277
1.015151
1.014011
1.011859
1.010705
1.0110350000000001
1.0110190000000001
1.0103959999999998
1.009215
1.00745
1.005474
1.006538
1.009932
1.011954
1.0126600000000001
1.012413
1.0113530000000002
1.009412
1.008592
1.009274
1.00945
1.008894
1.0078049999999998
1.006247
1.0051370000000002
1.0073020000000001
1.011558
1.0147030000000001
1.016666
1.017516
1.017164
1.015488
1.0145790000000001
1.01492
1.014592
1.013407
1.011479
1.008783
1.006351
1.007182
1.010185
1.012238
1.0133510000000001
1.0136399999999999
1.012991
1.011153
1.0101200000000001
1.0103469999999999
1.0099209999999998
1.00864
1.006513
1.00348
1.001212
1.002083
1.004413
1.005901
1.006678
1.006787
1.006091
1.004418
1.00383
1.004707
1.004946
1.0042440000000001
1.002694
1.000364
0.9989
1.0005819999999999
1.003629
1.0055530000000001
1.006367
1.0062010000000001
1.005147
1.003205
1.002533
1.0036180000000001
1.00441
1.004507
1.003789
1.002075
1.001013
1.002888
1.005974
1.007983
1.0089860000000002
1.0090940000000002
1.0082389999999999
1.006249
1.005311
1.005986
1.006205
1.005629
1.004284
1.002149
1.0014020000000001
1.0038690000000001
1.007141
1.0092290000000002
1.010289
1.010406
1.009427
1.007176
1.0058690000000001
1.0060200000000001
1.005603
1.004465
1.002689
1.000161
0.99905
1.001144
1.003999
1.005616
1.006016
1.0052709999999998
1.003409
1.00048
0.9987530000000001
0.998674
0.9981049999999999
0.99671
0.9944559999999999
0.9913290000000001
0.989908
0.9919290000000001
0.994776
0.996668
0.997658
0.9977280000000001
0.99671
0.9964879999999999
0.997361
0.9974149999999999
0.9965629999999999
0.994992
0.99274
0.990395
0.991244
0.994575
0.996849
0.9980950000000001
0.99851
0.998094
0.9967959999999999
0.9965879999999999
0.9977809999999999
0.9983479999999999
0.9979610000000001
0.9966079999999999
0.994265
0.9919690000000001
0.9926780000000001
0.995288
0.996719
0.997075
0.9965799999999999
0.99535
0.9934290000000001
0.9928950000000001
0.994058
0.9947889999999999
0.9947360000000001
0.9938629999999999
0.992058
0.9909020000000001
0.992676
0.995682
0.997553
0.9983069999999999
0.998033
0.996705
0.99421
0.992643
0.992562
0.992067
0.9909100000000001
0.989145
0.9867450000000001
0.985449
0.987295
0.99021
0.9918110000000001
0.9922049999999999
0.9916360000000001
0.9901190000000001
0.9874959999999999
0.9859
0.985783
0.9850399999999999
0.9834450000000001
0.981208
0.9783940000000001
0.977457
0.9799610000000001
0.9832780000000001
0.985693
0.9872299999999999
0.987874
0.987448
0.987826
0.989382
0.9901969999999999
0.99003
0.9890110000000001
0.987196
0.984877
0.9855719999999999
0.9890059999999999
0.9914950000000001
0.99297
0.9936209999999999
0.993492
0.9924729999999999
0.992352
0.993392
0.993677
0.9930030000000001
0.991555
0.989341
0.986643
0.986816
0.9893639999999999
0.9906799999999999
0.9908870000000001
0.990376
0.9893040000000001
0.9875879999999999
0.98713
0.9882340000000001
0.9888520000000001
0.988607
0.9874700000000001
0.9854350000000001
0.983627
0.984902
0.988072
0.9901399999999999
0.991183
0.991367
0.9906739999999999
0.9890129999999999
0.9882989999999999
0.9888680000000001
0.9888100000000001
0.987926
0.9863129999999999
0.9839180000000001
0.981712
0.982452
0.9850120000000001
0.9865309999999999
0.9870969999999999
0.986815
0.9856280000000001
0.9833649999999999
0.982008
0.982028
0.981593
0.9805280000000001
0.9788629999999999
0.9765290000000001
0.9753459999999999
0.977333
0.980427
0.982383
0.983251
0.9831719999999999
0.982196
0.98219
0.98341
0.983979
0.9837020000000001
0.9826809999999999
0.980984
0.9786309999999999
0.979324
0.983153
0.9861639999999999
0.988123
0.989129
0.9891200000000001
0.9879459999999999
0.987301
0.987558
0.987142
0.985984
0.98421
0.981824
0.978665
0.97841
0.9811840000000001
0.983118
0.984202
0.984667
0.98454
0.9836799999999999
0.983827
0.9852129999999999
0.985885
0.9855870000000001
0.984469
0.9825510000000001
0.980209
0.9807680000000001
0.9838040000000001
0.9859209999999999
0.987217
0.98795
0.9881
0.9873940000000001
0.987506
0.9887379999999999
0.9892620000000001
0.988826
0.987454
0.985088
0.982241
0.9823870000000001
0.985052
0.986722
0.987373
0.9871190000000001
0.985866
0.983497
0.9820979999999999
0.9822200000000001
0.982016
0.981233
0.979877
0.977808
0.976083
0.977282
0.98008
0.9817299999999999
0.982403
0.982274
0.9812700000000001
0.981108
0.9820639999999999
0.982359
0.9818209999999999
0.980649
0.978942
0.9766389999999999
0.9766
0.9796860000000001
0.98277
0.9847879999999999
0.985757
0.985719
0.984711
0.9844299999999999
0.9851530000000001
0.985251
0.9846020000000001
0.9833379999999999
0.981483
0.978967
0.978735
0.981593
0.9843719999999999
0.986188
0.9871989999999999
0.9874440000000001
0.9868040000000001
0.9869889999999999
0.98836
0.9892489999999999
0.989426
0.988883
0.9875780000000001
0.985381
0.985877
0.9893879999999999
0.9922790000000001
0.9944059999999999
0.9959
0.9966709999999999
0.996491
0.9969899999999999
0.998402
0.998914
0.9983049999999999
0.9967590000000001
0.9944620000000001
0.991403
0.9911639999999999
0.9940620000000001
0.9962780000000001
0.99739
0.997492
0.996625
0.994726
0.9936440000000001
0.993815
0.993498
0.992445
0.990642
0.9879889999999999
0.984608
0.984259
0.986834
0.9884649999999999
0.989087
0.988886
0.987873
0.985975
0.985102
0.985677
0.985857
0.9853350000000001
0.984137
0.9822280000000001
0.979726
0.980192
0.983389
0.9855729999999999
0.9867959999999999
0.987232
0.986828
0.9854729999999999
0.9849969999999999
0.985783
0.986085
0.985757
0.984931
0.9835780000000001
0.981977
0.9835139999999999
0.987701
0.990798
0.992684
0.9934540000000001
0.9931469999999999
0.991798
0.991399
0.992353
0.992785
0.9924139999999999
0.991245
0.9892709999999999
0.9873700000000001
0.9887100000000001
0.99244
0.995288
0.997201
0.998223
0.998208
0.996933
0.996331
0.996922
0.996877
0.995916
0.9940969999999999
0.9914620000000001
0.988866
0.989411
0.992274
0.9942469999999999
0.9952489999999999
0.9953290000000001
0.994447
0.994309
0.9952030000000001
0.9953870000000001
0.99461
0.9929879999999999
0.990665
0.9876290000000001
0.986115
0.9875309999999999
0.9894209999999999
0.990217
0.990042
0.989131
0.9875940000000001
0.9871280000000001
0.988025
0.988599
0.988561
0.9878819999999999
0.9864629999999999
0.984118
0.9834959999999999
0.985844
0.9884120000000001
0.9900129999999999
0.990772
0.990767
0.989914
0.989975
0.9913649999999999
0.992395
0.992812
0.992655
0.9919
0.990368
0.991303
0.995065
0.998094
1.000011
1.000992
1.000975
0.999813
0.9993129999999999
0.99987
0.9997719999999999
0.9989180000000001
0.997475
0.9954200000000001
0.992583
0.992608
0.9956969999999999
0.997917
0.99897
0.9989549999999999
0.9979030000000001
0.995815
0.994597
0.9946280000000001
0.994117
0.9928520000000001
0.990878
0.988194
0.985109
0.985275
0.988451
0.9908799999999999
0.9924870000000001
0.993337
0.9933049999999999
0.992182
0.99174
0.9924149999999999
0.9925639999999999
0.992036
0.990873
0.989035
0.9864620000000001
0.986858
0.9902129999999999
0.992669
0.9942409999999999
0.99508
0.995157
0.994353
0.9944639999999999
0.9958100000000001
0.99651
0.996295
0.995274
0.9934290000000001
0.990783
0.9910190000000001
0.994084
0.996186
0.997341
0.9977879999999999
0.9975569999999999
0.998252
1.000066
1.0012510000000001
1.001547
1.000967
0.999476
0.9969959999999999
0.9955639999999999
0.9970629999999999
0.999469
1.000918
1.00146
1.001161
0.9999530000000001
0.99949
1.000183
1.000526
1.000361
0.9997530000000001
0.998648
0.996806
0.996123
0.9981389999999999
1.000597
1.001838
1.002116
1.001641
1.000409
1.000153
1.001201
1.001816
1.0017340000000001
1.001039
0.99974
0.9976809999999999
0.997391
1.000099
1.003082
1.005026
1.005946
1.0058719999999999
1.004786
1.0043959999999998
1.004968
1.004802
1.003745
1.001945
0.999491
0.996401
0.9955629999999999
0.9979629999999999
1.000544
1.0021799999999998
1.0029059999999999
1.002659
1.001263
1.000448
1.0006469999999998
1.0002739999999999
0.999183
0.9974299999999999
0.9950120000000001
0.9918239999999999
0.991189
0.99367
0.995875
0.997389
0.998359
0.998743
0.998358
0.998872
1.000505
1.00138
1.001212
1.0001229999999999
0.9982620000000001
0.9956209999999999
0.995598
0.998748
1.001526
1.003335
1.004254
1.00432
1.003484
1.003547
1.004895
1.0057909999999999
1.005966
1.005379
1.003908
1.001426
1.001543
1.004707
1.0071700000000001
1.008507
1.008895
1.008382
1.0069110000000001
1.006394
1.007266
1.00768
1.007285
1.006078
1.004037
1.001054
1.000882
1.003731
1.00573
1.006792
1.007079
1.006516
1.004953
1.00417
1.004499
1.004176
1.003085
1.001419
0.9992200000000001
0.996376
0.996653
1.000119
1.00264
1.0039360000000002
1.0040930000000001
1.003176
1.0012530000000002
1.000269
1.000634
1.000572
0.999812
0.998331
0.996078
0.993165
0.993399
0.9966700000000001
0.99902
1.000385
1.000889
1.0004540000000002
1.00068
1.001857
1.002398
1.002114
1.001033
0.999182
0.996582
0.9952719999999999
0.997017
0.999741
1.001601
1.002574
1.0026540000000002
1.001787
1.0016459999999998
1.002509
1.002693
1.002
1.000612
0.998691
0.9961690000000001
0.9953219999999999
0.9974860000000001
1.000091
1.001623
1.0022
1.00204
1.00124
1.001576
1.003342
1.004732
1.0053940000000001
1.005254
1.004207
1.002092
1.0017770000000001
1.0043879999999998
1.007042
1.0087549999999998
1.00965
1.009727
1.0088059999999999
1.0085620000000002
1.0093860000000001
1.009636
1.009128
1.00797
1.0062010000000001
1.0036969999999998
1.0033020000000001
1.005817
1.008116
1.009336
1.0095889999999998
1.00882
1.006901
1.005681
1.005616
1.005042
1.003863
1.002218
1.000045
0.997134
0.996886
0.999718
1.001976
1.003182
1.003436
1.002781
1.001219
1.0005680000000001
1.001152
1.001207
1.0004950000000001
0.9990370000000001
0.996822
0.993848
0.9937239999999999
0.9969399999999999
0.9998309999999999
1.0019069999999999
1.0031860000000001
1.003528
1.002724
1.002525
1.00339
1.003733
1.003391
1.002383
1.000658
0.998065
0.998233
1.0014129999999999
1.003814
1.005269
1.005949
1.005858
1.004908
1.004944
1.006276
1.00696
1.006704
1.0056100000000001
1.003674
1.000915
1.001079
1.004126
1.006191
1.0072530000000002
1.0075319999999999
1.0070649999999999
1.005696
1.005218
1.005989
1.00617
1.0054889999999999
1.003955
1.0015209999999999
0.998344
0.998258
1.0011430000000001
1.003042
1.0038610000000001
1.0037280000000002
1.002608
1.000437
0.9992409999999999
0.9995649999999999
0.9996209999999999
0.9991180000000001
0.9980319999999999
0.9962290000000001
0.993765
0.994151
0.997102
0.998884
0.999606
0.999508
0.9985930000000001
0.9985629999999999
0.999697
1.0002389999999999
0.9999450000000001
0.99895
0.9973479999999999
0.9951040000000001
0.994281
0.996518
0.999554
1.001524
1.002384
1.002212
1.001083
1.000733
1.001417
1.001454
1.000715
0.9993620000000001
0.9974719999999999
0.9950129999999999
0.9945379999999999
0.997174
1.0000950000000002
1.0019770000000001
1.002923
1.002988
1.002084
1.001948
1.00295
1.003428
1.003176
1.002219
1.000546
0.9980379999999999
0.997775
1.00047
1.00295
1.004642
1.0057129999999999
1.006137
1.005717
1.006062
1.007365
1.007776
1.007041
1.005331
1.002838
0.999566
0.998778
1.001116
1.0031450000000002
1.004174
1.004316
1.003638
1.002077
1.001439
1.0021
1.002291
1.001755
1.00047
0.9983219999999999
0.995179
0.994906
0.997708
0.999597
1.000445
1.000477
0.9997370000000001
0.998151
0.997602
0.9985040000000001
0.9990120000000001
0.9988040000000001
0.997886
0.996208
0.993604
0.993792
0.9969290000000001
0.999124
1.000343
1.000775
1.000368
0.999
0.998474
0.9991559999999999
0.999296
0.998762
0.997706
0.996116
0.993876
0.99477
0.998741
1.001649
1.0033450000000002
1.003935
1.003468
1.001983
1.001442
1.00224
1.002537
1.002053
1.000774
0.998661
0.9960540000000001
0.996613
1.000053
1.002624
1.004267
1.0050649999999999
1.004896
1.0035450000000001
1.0029
1.003458
1.0034040000000002
1.002445
1.000626
0.9979870000000001
0.994975
0.9951040000000001
0.9980120000000001
1.0000930000000001
1.001224
1.0014399999999999
1.00068
0.998835
0.9978049999999999
0.99797
0.99745
0.99605
0.9939520000000001
0.991186
0.9882639999999999
0.988477
0.991201
0.992907
0.993563
0.9934059999999999
0.9925280000000001
0.992662
0.99408
0.9950120000000001
0.9951399999999999
0.9944299999999999
0.9928299999999999
0.990268
0.9892340000000001
0.991208
0.9936870000000001
0.9952209999999999
0.995883
0.9957229999999999
0.994659
0.9943860000000001
0.995281
0.9957159999999999
0.995498
0.9947290000000001
0.9934290000000001
0.9914379999999999
0.99155
0.994526
0.997242
0.998863
0.999569
0.9993879999999999
0.998259
0.998029
0.999074
0.9996360000000001
0.999554
0.9989319999999999
0.997704
0.995662
0.9963
0.999892
1.002643
1.004206
1.004717
1.00423
1.002738
1.002038
1.002442
1.002192
1.00108
0.999179
0.996532
0.99316
0.992828
0.995807
0.9982059999999999
0.9997
1.000334
0.999975
0.9984
0.9973879999999999
0.9973989999999999
0.996821
0.995539
0.9936309999999999
0.991088
0.9879870000000001
0.987942
0.9908030000000001
0.9928049999999999
0.993978
0.994482
0.994292
0.993275
0.9932200000000001
0.994416
0.9949549999999999
0.9945950000000001
0.993474
0.991584
1.019684
1.0911309999999999
1.172013
1.247027
1.317348
1.383029
1.444143
1.500873
1.553456
1.601793
1.645507
1.6843810000000001
1.704737
1.691127
1.654491
1.614455
1.578442
1.552129
1.536286
1.5255299999999998
1.518599
1.515174
1.521123
1.536709
1.560884
1.603949
1.666816
1.736073
1.7988819999999999
1.8507189999999998
1.8917849999999998
1.923273
1.9464299999999999
1.9624580000000003
1.9763810000000002
1.989723
1.996531
1.989195
1.9630779999999999
1.924073
1.884196
1.852052
1.830988
1.823722
1.827659
1.8373400000000002
1.851245
1.868281
1.888512
1.915057
1.9550720000000001
2.007581
2.061058
2.105845
2.137369
2.15575
2.163281
2.162477
2.155321
2.143205
2.12964
2.1149560000000003
2.09297
2.061214
2.024952
1.992822
1.9716490000000002
1.963727
1.9718810000000002
1.993583
2.021095
2.050924
2.081419
2.112692
2.146574
2.184456
2.226929
2.27005
2.304001
2.3221990000000003
2.3243669999999996
2.313153
2.292218
2.26505
2.234423
2.201884
2.16741
2.1302830000000004
2.095787
2.068223
2.048235
2.039075
2.041573
2.053527
2.0712080000000004
2.0938779999999997
2.121227
2.1482069999999998
2.171418
2.1913650000000002
2.208191
2.2200830000000003
2.223252
2.213768
2.189901
2.157391
2.120501
2.07937
2.037668
1.9985169999999999
1.9631610000000002
1.931171
1.9016119999999999
1.878797
1.864888
1.8579189999999999
1.8592529999999998
1.8691419999999999
1.885531
1.9086619999999999
1.9347849999999998
1.956174
1.97
1.9758330000000002
1.974435
1.9667
1.9526720000000002
1.931256
1.9010799999999999
1.864997
1.825302
1.781696
1.737059
1.6950900000000002
1.658306
1.627709
1.607002
1.596036
1.5903370000000001
1.589545
1.594508
1.605572
1.621667
1.643657
1.6684830000000002
1.688491
1.6999549999999999
1.701759
1.694235
1.678694
1.6565400000000001
1.628447
1.598475
1.5669629999999999
1.530298
1.490032
1.449681
1.412987
1.387809
1.375642
1.370372
1.369605
1.371531
1.374674
1.378457
1.383025
1.393163
1.408224
1.4206299999999998
1.4265370000000002
1.4233850000000001
1.411807
1.3950790000000002
1.372201
1.341626
1.305617
1.266054
1.2238879999999999
1.179753
1.134803
1.090949
1.055086
1.029963
1.012268
1.001658
1.002618
1.013588
1.026485
1.0386360000000001
1.049045
1.057209
1.0624799999999999
1.0636219999999998
1.058941
1.04684
1.030804
1.011058
0.983615
0.9497120000000001
0.917249
0.888661
0.859583
0.830363
0.802045
0.77583
0.753157
0.735375
0.723359
0.722079
0.7312569999999999
0.743888
0.761947
0.783191
0.800124
0.8112229999999999
0.816098
0.814549
0.806267
0.790783
0.767688
0.737017
0.699674
0.657471
0.618183
0.585047
0.560221
0.545284
0.534303
0.525361
0.518567
0.5142260000000001
0.51277
0.51447
0.518927
0.5248010000000001
0.5300729999999999
0.53854
0.548946
0.560454
0.571174
0.573573
0.567674
0.554078
0.533338
0.506215
0.47381999999999996
0.437638
0.399441
0.361209
0.324929
0.297737
0.28614
0.28622
0.290931
0.297304
0.30506700000000003
0.313792
0.322712
0.330735
0.336399
0.33793
0.333517
0.328033
0.326877
0.326339
0.320778
0.308488
0.290622
0.268258
0.242486
0.21465
0.186329
0.159161
0.134681
0.114192
0.107003
0.11905
0.14014200000000002
0.16178399999999998
0.18248399999999998
0.201445
0.21784699999999999
0.230902
0.239826
0.243731
0.241619
0.232539
0.215981
0.19886500000000001
0.190652
0.185591
0.175544
0.161451
0.144819
0.12684600000000001
0.10871099999999999
0.091709
0.077078
0.065751
0.058142
0.064429
0.08895
0.119322
0.147949
0.17332
0.194411
0.21028400000000003
0.220228
0.22375100000000003
0.220478
0.210144
0.192753
0.168984
0.140426
0.11793
0.10977100000000001
0.10722000000000001
0.103209
0.09851599999999999
0.094211
0.090931
0.089168
0.089367
0.091724
0.095871
0.10065700000000001
0.104556
0.11571400000000001
0.139508
0.16499
0.183998
0.195933
0.201012
0.19944800000000001
0.191563
0.17788099999999998
0.159147
0.136428
0.11109100000000001
0.084593
0.068216
0.068756
0.07632699999999999
0.084647
0.093841
0.10421
0.115632
0.12778599999999998
0.140208
0.15212799999999999
0.162384
0.169621
0.172738
0.171265
0.172977
0.18520699999999998
0.199129
0.206077
0.20629099999999997
0.200828
0.190664
0.17696800000000001
0.16122999999999998
0.145036
0.129668
0.11578800000000002
0.10359600000000001
0.102583
0.119051
0.142871
0.166294
0.188424
0.208806
0.226727
0.24136300000000002
0.251886
0.25754099999999996
0.257815
0.252548
0.24191
0.226433
0.21368
0.212981
0.217516
0.218166
0.21552800000000003
0.210946
0.205521
0.200286
0.19614700000000002
0.193613
0.192661
0.192807
0.193379
0.201098
0.22359600000000002
0.252477
0.27777199999999996
0.29836599999999996
0.313902
0.323902
0.32805700000000004
0.32646
0.319552
0.307988
0.292532
0.273992
0.253328
0.231677
0.21636999999999998
0.216585
0.22586799999999999
0.23505399999999999
0.24434
0.25432
0.26495599999999997
0.275835
0.28638
0.29585900000000004
0.303329
0.307666
0.307913
0.303787
0.301919
0.309077
0.319893
0.326729
0.328017
0.324839
0.318316
0.30951100000000004
0.299473
0.289138
0.27913499999999997
0.269575
0.260203
0.25102800000000003
0.248849
0.261785
0.283436
0.304533
0.323594
0.340262
0.35388800000000004
0.363764
0.369339
0.370303
0.366588
0.358168
0.344968
0.327271
0.312239
0.307569
0.309236
0.310429
0.309816
0.30857199999999996
0.307594
0.30740700000000004
0.308207
0.309852
0.311952
0.313864
0.314758
0.314004
0.317747
0.332129
0.351659
0.36840700000000004
0.379752
0.385864
0.38705300000000004
0.383747
0.37652199999999997
0.365952
0.352542
0.33668000000000003
0.318714
0.299334
0.28586300000000003
0.286412
0.29634099999999997
0.307874
0.31925
0.330488
0.34124099999999996
0.35097
0.359153
0.365259
0.368716
0.368834
0.36489699999999997
0.356579
0.350396
0.352459
0.359099
0.364124
0.364994
0.362579
0.357695
0.350992
0.343088
0.334542
0.325786
0.31701799999999997
0.308233
0.299564
0.297686
0.309556
0.329692
0.34974299999999997
0.36709400000000003
0.381351
0.392031
0.398647
0.400864
0.398502
0.391518
0.379957
0.364004
0.344323
0.328358
0.323631
0.32661100000000004
0.330691
0.333667
0.336074
0.338217
0.340169
0.341925
0.343357
0.344173
0.343839
0.341672
0.33724299999999996
0.336959
0.346936
0.36241
0.37607199999999996
0.385056
0.389547
0.389748
0.385866
0.378266
0.367444
0.353973
0.338388
0.321187
0.303126
0.291555
0.294363
0.30648400000000003
0.319777
0.33220700000000003
0.343696
0.35389
0.362273
0.368342
0.371606
0.371589
0.367796
0.35981399999999997
0.347702
0.33208000000000004
0.32006399999999996
0.318671
0.323234
0.326481
0.326495
0.324052
0.319831
0.314389
0.30829
0.302014
0.295688
0.288936
0.28125500000000003
0.278992
0.289702
0.307712
0.32442
0.33784899999999995
0.347835
0.354102
0.356375
0.354525
0.348573
0.338753
0.32550999999999997
0.30938699999999997
0.291054
0.277685
0.277425
0.284936
0.291959
0.297227
0.301216
0.304138
0.306061
0.307014
0.306863
0.30529
0.301863
0.296211
0.288333
0.285043
0.293734
0.308215
0.319658
0.32629400000000003
0.328475
0.326592
0.321193
0.31305700000000003
0.30298400000000003
0.29156
0.278999
0.265285
0.250688
0.242263
0.248613
0.263311
0.277008
0.288727
0.298494
0.30595900000000004
0.310676
0.312346
0.310861
0.306242
0.29844899999999996
0.28733600000000004
0.27305100000000004
0.262574
0.26409499999999997
0.27171999999999996
0.276856
0.278698
0.278084
0.27564
0.271823
0.26699
0.26137699999999997
0.255112
0.24814099999999997
0.24022800000000002
0.23774699999999999
0.24900300000000003
0.267374
0.283346
0.29586799999999996
0.30492600000000003
0.310366
0.312129
0.310367
0.305278
0.297001
0.285727
0.271796
0.255779
0.23841500000000002
0.22672199999999998
0.229523
0.24005900000000002
0.248836
0.255646
0.260921
0.264732
0.267094
0.268057
0.26753699999999997
0.26515500000000003
0.260277
0.25238299999999997
0.24795999999999999
0.255386
0.268389
0.277856
0.283038
0.284609
0.283102
0.278976
0.272727
0.264825
0.255648
0.24543
0.234237
0.22218800000000002
0.216165
0.224823
0.240994
0.25500700000000004
0.266473
0.27561599999999997
0.282317
0.286355
0.287552
0.285729
0.280711
0.272354
0.26063200000000003
0.24593299999999998
0.23544400000000001
0.23807399999999998
0.247256
0.253648
0.257011
0.258146
0.257617
0.25590799999999997
0.25347600000000003
0.250581
0.247167
0.242806
0.23686
0.229044
0.219608
0.208794
0.196521
0.182599
0.166918
0.149437
0.130166
0.109176
0.086608
0.062705
0.037831000000000004
0.012249
-0.009535
-0.022106999999999998
-0.025957
-0.024003999999999998
-0.018948
-0.01293
-0.007398999999999999
-0.0031579999999999998
-0.000502
0.000605
0.000373
-0.0008539999999999999
-0.002467
-0.0036079999999999997
-0.0035859999999999998
-0.00231
-0.00024700000000000004
0.001941
0.003706
0.004759
0.0050880000000000005
0.004895
0.004507
0.0042369999999999994
0.005779
0.008468999999999999
0.009136
0.007176999999999999
0.003703
0.000118
-0.0027129999999999997
-0.004502
-0.005281
-0.005302
-0.004924
-0.0045049999999999995
-0.004235
-0.004017
-0.00358
-0.002735
-0.001511
-0.000113
0.001206
0.0022559999999999998
0.002957
0.0033439999999999998
0.003529
0.003654
0.003815
0.003963
0.003908
0.0034549999999999997
0.0025559999999999997
0.001342
4e-05
-0.001129
-0.002031
-0.0026379999999999997
-0.003009
-0.003252
-0.003464
-0.003665
-0.003752
-0.003564
-0.003001
-0.002101
-0.0010140000000000001
7.2e-05
0.00101
0.001732
0.002247
0.002623
0.00294
0.0032380000000000004
0.003471
0.00352
0.003266
0.002681
0.001842
0.000895
0.0006929999999999999
0.0009570000000000001
0.000343
-0.000813
-0.0018440000000000002
-0.002693
-0.003319
-0.003662
-0.003653
-0.0032719999999999997
-0.002579
-0.001702
-0.0007740000000000001
0.00011899999999999999
0.001006
0.0017100000000000001
0.002129
0.002443
0.002709
0.0029170000000000003
0.003
0.002881
0.002526
0.001971
0.001295
0.000573
-0.000128
-0.000755
-0.001281
-0.001725
-0.0021149999999999997
-0.0024519999999999998
-0.002689
-0.002758
-0.0026149999999999997
-0.0022649999999999997
-0.001759
-0.001164
-0.000541
6.3e-05
0.00061
0.001097
0.001539
0.0019440000000000002
0.002286
0.002509
0.0025570000000000002
0.002407
0.0020829999999999998
0.0016350000000000002
0.001111
0.000553
-0.0
-0.000526
-0.001018
-0.001477
-0.001891
-0.002218
-0.0024010000000000004
-0.002404
-0.002225
-0.001898
-0.00147
-0.00098
-0.000463
5.2000000000000004e-05
0.00055
0.0010199999999999999
0.001452
0.001819
0.002079
0.002194
0.002147
0.001952
0.001644
0.00126
0.000834
0.000388
-6.2e-05
-0.000505
-0.00093
-0.0013189999999999999
-0.001641
-0.0018579999999999998
-0.0019440000000000002
-0.0018989999999999999
-0.001738
-0.001489
-0.001174
-0.000813
-0.000421
-1e-05
0.000411
0.000825
0.001207
0.001519
0.001727
0.001814
0.0017829999999999999
0.001652
0.0014349999999999999
0.001146
0.000797
0.00040599999999999995
-1e-05
-0.00043499999999999995
-0.0008439999999999999
-0.001208
-0.0014869999999999998
-0.001656
-0.001707
-0.0016530000000000002
-0.001509
-0.001289
-0.0010019999999999999
-0.000664
-0.00029
0.0001
0.000484
0.000839
0.001137
0.001352
0.001471
0.001495
0.001437
0.001486
0.001434
0.001103
0.000719
0.00031600000000000004
-8e-05
-0.000446
-0.0007639999999999999
-0.0010199999999999999
-0.001204
-0.001315
-0.001354
-0.001323
-0.0012230000000000001
-0.0010630000000000001
-0.0008529999999999999
-0.000597
-0.0003
2.3e-05
0.000348
0.0006519999999999999
0.0009119999999999999
0.001114
0.001248
0.001308
0.0012900000000000001
0.001194
0.0010279999999999998
0.0008039999999999999
0.000531
0.00022400000000000002
-9.8e-05
-0.00040899999999999997
-0.000684
-0.000908
-0.00107
-0.001166
-0.0011949999999999999
-0.0011539999999999999
-0.001047
-0.0008810000000000001
-0.000666
-0.000412
-0.000139
0.000136
0.000392
0.000615
0.000795
0.000927
0.001007
0.001034
0.001006
0.000925
0.000792
0.0006129999999999999
0.000398
0.00020800000000000001
7.000000000000001e-06
-0.00023999999999999998
-0.00047000000000000004
-0.000672
-0.0008320000000000001
-0.0009400000000000001
-0.000993
-0.000987
-0.000924
-0.000801
-0.000624
-0.000407
-0.000168
7.3e-05
0.000302
0.0005110000000000001
0.000692
0.0008349999999999999
0.0009279999999999999
0.000964
0.0009390000000000001
0.0008539999999999999
0.000712
0.000524
0.000306
7.8e-05
-0.00014199999999999998
-0.000343
-0.000518
-0.000664
-0.000771
-0.0008320000000000001
-0.000843
-0.000802
-0.000711
-0.0005769999999999999
-0.000413
-0.000236
-5.6999999999999996e-05
0.00011499999999999999
0.000275
0.00042
0.000545
0.000643
0.000709
0.000736
0.000719
0.000656
0.000554
0.000425
0.000281
0.000127
-3.6e-05
-0.00020299999999999997
-0.000366
-0.0005110000000000001
-0.000629
-0.000712
-0.00075
-0.000736
-0.000668
-0.000556
-0.00041500000000000006
-0.000259
-9.2e-05
8.2e-05
0.000256
0.00041799999999999997
0.000553
0.0006490000000000001
0.0007
0.0007030000000000001
0.000655
0.0005650000000000001
0.000443
0.000305
0.000162
1.9e-05
-0.000124
-0.000261
-0.00038500000000000003
-0.000484
-0.000551
-0.0005809999999999999
-0.000573
-0.000528
-0.00045700000000000005
-0.00037
-0.00027400000000000005
-0.000171
-6.1e-05
5.6999999999999996e-05
0.000177
0.000292
0.000393
0.000472
0.0005200000000000001
0.000533
0.0005139999999999999
0.000469
0.000407
0.000327
0.000226
0.000103
-3.5e-05
-0.000175
-0.000307
-0.000421
-0.0005059999999999999
-0.000552
-0.000554
-0.000519
-0.000458
-0.000379
-0.00028
-0.000162
-2.8999999999999997e-05
0.00011100000000000001
0.000242
0.000352
0.000433
0.00047999999999999996
0.000489
0.000465
0.00041500000000000006
0.00035
0.000277
0.000195
0.000102
-0.0
-0.00010400000000000001
-0.0002
-0.00028
-0.000338
-0.00037
-0.00037799999999999997
-0.000368
-0.000346
-0.000317
-0.000277
-0.000223
-0.00015
-6.3e-05
3.4e-05
0.000132
0.00022200000000000003
0.000296
0.00034700000000000003
0.000376
0.000386
0.000381
0.000362
0.000322
0.000256
0.000164
5.5e-05
-6.1e-05
-0.000172
-0.000267
-0.00033999999999999997
-0.000384
-0.000399
-0.000392
-0.000366
-0.000324
-0.000262
-0.000178
-7.6e-05
3.3e-05
0.000132
0.000212
0.00027
0.000304
0.00031600000000000004
0.000309
0.00028900000000000003
0.000262
0.000231
0.00018899999999999999
0.000132
6.2e-05
-1.1e-05
-7.7e-05
-0.00013000000000000002
-0.000171
-0.00020099999999999998
-0.000225
-0.00024300000000000002
-0.00025699999999999996
-0.000265
-0.000261
-0.00023799999999999998
-0.000192
-0.000126
-4.8e-05
3.1e-05
0.00010400000000000001
0.000167
0.00022
0.000262
0.000294
0.000314
0.000317
0.000296
0.000246
0.000171
8.1e-05
-1.2e-05
-9.7e-05
-0.000168
-0.00022200000000000003
-0.00025699999999999996
-0.000276
-0.00028199999999999997
-0.000276
-0.00025499999999999996
-0.000213
-0.000149
-7.4e-05
-0.0
6.1e-05
0.00010800000000000001
0.00014099999999999998
0.00016299999999999998
0.000175
0.000181
0.00018600000000000002
0.00018999999999999998
0.000188
0.00016999999999999999
0.000135
9e-05
4.7e-05
9e-06
-2.3e-05
-5.5e-05
-8.9e-05
-0.000125
-0.000162
-0.000198
-0.000226
-0.00023799999999999998
-0.000226
-0.00018999999999999998
-0.000138
-8e-05
-2.4e-05
3.1e-05
8.4e-05
0.000135
0.000182
0.000223
0.00025299999999999997
0.000263
0.000246
0.00020299999999999997
0.00014199999999999998
7.5e-05
0.000935
0.00234
0.0025960000000000002
0.001834
0.000889
0.00013700000000000002
-0.000359
-0.000606
-0.000653
-0.000562
-0.000401
-0.00022999999999999998
-7.2e-05
0.001525
0.004091
0.005052
0.004163
0.002487
0.00095
-0.00011999999999999999
-0.000698
-0.0008759999999999999
-0.000788
-0.000563
-0.000309
-8.7e-05
0.00010400000000000001
0.000271
0.000365
0.000333
0.00018
-3.6e-05
-0.00023999999999999998
-0.00037999999999999997
-0.00043
-0.000398
-0.000309
-0.000195
-0.000101
-6.500000000000001e-05
-7.2e-05
-6.8e-05
-8e-06
0.000103
0.00022799999999999999
0.000322
0.000357
0.000332
0.00026000000000000003
0.000165
7.7e-05
2.8000000000000003e-05
0.001632
0.004365
0.005385
0.0044210000000000005
0.002584
0.0008759999999999999
-0.00031299999999999996
-0.000951
-0.0011380000000000001
-0.001025
-0.000766
-0.00048600000000000005
-0.00023799999999999998
6e-06
0.001779
0.004535
0.005539
0.0045509999999999995
0.002691
0.000962
-0.00024300000000000002
-0.000889
-0.001065
-0.000918
-0.000611
-0.000309
-0.000105
0.000677
0.0017640000000000002
0.0019079999999999998
0.001351
0.0007070000000000001
0.000117
-0.000317
-0.00056
-0.00063
-0.000575
-0.00043099999999999996
-0.000229
-2.7000000000000002e-05
0.00011200000000000001
0.000162
0.000146
0.00011
8.8e-05
8.6e-05
9.300000000000001e-05
9.8e-05
9.9e-05
8.8e-05
5.3e-05
-1e-06
-4.5e-05
0.001558
0.004311
0.005382
0.0045
0.002744
0.001088
-9.2e-05
-0.0007700000000000001
-0.001026
-0.000981
-0.0007599999999999999
-0.00048300000000000003
-0.000215
0.001912
0.005364
0.0068579999999999995
0.005986
0.003814
0.001545
-0.000109
-0.001053
-0.0013830000000000001
-0.001288
-0.000968
-0.000588
-0.000254
0.00197
0.005562
0.007144
0.006308
0.004097
0.001727
-4.2e-05
-0.001101
-0.001519
-0.001463
-0.001125
-0.0006799999999999999
-0.000244
0.000147
0.000459
0.000617
0.000573
0.000364
8.8e-05
-0.000157
-0.00031099999999999997
-0.000363
-0.000331
-0.00025
-0.00015800000000000002
-0.000105
0.0021739999999999997
0.006111
0.007877
0.007073
0.004803
0.002315
0.00045099999999999996
-0.000688
-0.001201
-0.0012640000000000001
-0.001057
-0.000719
-0.000305
0.002624
0.007391
0.009679
0.008837000000000001
0.006034
0.00271
4.4e-05
-0.001578
-0.002238
-0.002187
-0.0017280000000000002
-0.001157
-0.000672
0.002277
0.007129000000000001
0.009542
0.008925
0.006431999999999999
0.0033450000000000003
0.0007570000000000001
-0.0009119999999999999
-0.001703
-0.0018100000000000002
-0.001467
-0.0008960000000000001
-0.00027
0.0026969999999999997
0.007336
0.009492
0.0086
0.005833
0.002602
3.1e-05
-0.001539
-0.0021920000000000004
-0.002173
-0.001773
-0.001251
-0.000754
0.003007
0.009323999999999999
0.012629999999999999
0.01208
0.009098
0.0050479999999999995
0.001379
-0.001042
-0.002242
-0.0024690000000000003
-0.002053
-0.0013289999999999999
-0.000553
0.0037070000000000002
0.010636
0.014225
0.013544999999999998
0.010148
0.005507
0.001241
-0.001593
-0.003001
-0.0032920000000000002
-0.002873
-0.002127
-0.001314
-0.000516
0.003889
0.011
0.014601
0.01381
0.010305
0.005635
0.001424
-0.001296
-0.002558
-0.002702
-0.002169
-0.0014089999999999999
-0.000708
0.003929
0.011726
0.015934
0.015430000000000001
0.011868
0.006837
0.0019850000000000002
-0.001466
-0.002959
-0.002218
0.000223
0.002908
0.004391
0.008986
0.016027
0.018167
0.015101
0.009553
0.0034200000000000003
-0.0016300000000000002
-0.0046630000000000005
-0.005912
-0.005776
-0.004692
-0.003111
-0.001424
0.0048200000000000005
0.014897
0.021306
0.022706
0.020697
0.016478
0.010735
0.004314
-0.001652
-0.006235
-0.00877
-0.009054000000000001
-0.007595
-7.2e-05
0.011649
0.018448
0.018978000000000002
0.015766
0.011208
0.006712
0.003154
0.000975
6.3e-05
0.00021600000000000002
0.001015
0.0017920000000000002
0.008169
0.018619
0.022959999999999998
0.020179
0.013590000000000001
0.00604
-0.000267
-0.003998
-0.005181
-0.004644
-0.0032270000000000003
-0.001373
0.0007
0.00891
0.021700999999999998
0.028544
0.027811000000000002
0.022248
0.014416
0.006209
-0.000691
-0.005448
-0.008204000000000001
-0.009006
-0.00783
-0.004939
0.005116
0.020017
0.028612000000000002
0.029051999999999998
0.024064
0.016386
0.008206999999999999
0.001273
-0.003515
-0.00618
-0.006889
-0.005939
-0.003927
0.005823
0.021281
0.029981999999999998
0.030170999999999996
0.025043
0.017402
0.009412
0.002656
-0.0020989999999999997
-0.004951
-0.00621
-0.0061340000000000006
-0.00504
0.0043100000000000005
0.020051
0.029204
0.029554
0.024319999999999998
0.016784999999999998
0.009444
0.003549
-0.000677
-0.0034119999999999997
-0.004664
-0.004456
-0.0031969999999999998
0.006453
0.022427000000000002
0.031191000000000003
0.030605
0.024243
0.015290999999999999
0.006173
-0.001031
-0.005403
-0.007098999999999999
-0.006389
-0.003936
-0.000755
0.00227
0.012862
0.029012
0.036818000000000004
0.034722
0.026931999999999998
0.016615
0.006143
-0.002275
-0.0075049999999999995
-0.009633
-0.009211
-0.007022
-0.003811
0.008153
0.026601999999999997
0.037176
0.037706
0.032376
0.024483
0.015258
0.005686999999999999
-0.002344
-0.007629
-0.010047
-0.009778
-0.007534000000000001
0.004215999999999999
0.022906
0.034003
0.035407
0.031143999999999998
0.024302
0.016099000000000002
0.007483
0.00014199999999999998
-0.004786
-0.0072299999999999994
-0.007417
-0.00594
0.005391
0.024159
0.034981
0.035929
0.031626999999999995
0.024928
0.016781
0.008161
0.000958
-0.003626
-0.005627
-0.00539
-0.0037340000000000003
0.007703
0.02652
0.037377999999999995
0.039449
0.037426999999999995
0.033045
0.026645
0.018219
0.00792
-0.001518
-0.0071
-0.008520999999999999
-0.006762000000000001
0.005915
0.026566000000000003
0.039958999999999995
0.045305
0.046763
0.045633
0.042035
0.035883
0.026982
0.015313
0.002785
-0.0064849999999999994
-0.010535
-0.000949
0.019207
0.033382999999999996
0.039754000000000005
0.042586
0.043448
0.04251
0.039495999999999996
0.033902
0.025415
0.01415
0.002219
-0.00646
-0.000678
0.016513999999999997
0.028560000000000002
0.033662
0.035641
0.036241
0.035764
0.033846
0.030031
0.024059999999999998
0.015881
0.006187
-0.002008
-0.006553
0.001505
0.019275999999999998
0.031076999999999997
0.035855
0.037308999999999995
0.03663
0.03375
0.028556
0.021416
0.01281
0.004298
-0.001444
-0.00366
0.006278
0.0254
0.039271
0.047389999999999995
0.05204500000000001
0.053915
0.053223
0.049832999999999995
0.043421
0.034019
0.022412
0.009736
-0.00055
0.004255
0.021574
0.036016
0.046091
0.053747
0.059394
0.062809
0.06337000000000001
0.060367
0.053597000000000006
0.0435
0.030761
0.016013
0.012306000000000001
0.023397
0.035452
0.044105
0.050384
0.055220000000000005
0.058910000000000004
0.06093
0.06040499999999999
0.056914
0.050646
0.041955
0.031061000000000002
0.028977
0.040063
0.052149
0.059642999999999995
0.063226
0.064324
0.064131
0.062951
0.060297
0.055771
0.049436
0.041614
0.032657
0.022675
0.022902000000000002
0.036639
0.050579
0.059641999999999994
0.064703
0.066713
0.065981
0.062503
0.056491999999999994
0.048320999999999996
0.038423
0.027457
0.016103
0.016766999999999997
0.032598
0.049464999999999995
0.06250900000000001
0.072494
0.080081
0.085369
0.087805
0.086396
0.080491
0.070396
0.05728
0.042515
0.0376
0.047306
0.059881
0.069621
0.076985
0.082859
0.087729
0.091379
0.092921
0.09145700000000001
0.086667
0.07873
0.067959
0.054515
0.048879
0.05606900000000001
0.06501599999999999
0.070306
0.072992
0.074439
0.075099
0.074523
0.072174
0.067995
0.062265999999999995
0.055299
0.047227
0.048219
0.062362
0.07754
0.087574
0.093135
0.095789
0.096538
0.09541000000000001
0.091945
0.085977
0.077955
0.068673
0.05884400000000001
0.058887
0.073474
0.090978
0.10496199999999999
0.115558
0.123404
0.12870499999999999
0.131096
0.12997999999999998
0.12520599999999998
0.11722
0.10680799999999999
0.094927
0.082328
0.07904800000000001
0.090296
0.105028
0.116737
0.126025
0.13378099999999998
0.139991
0.143842
0.144455
0.141481
0.13509200000000002
0.125876
0.114665
0.110851
0.12046400000000002
0.133595
0.143233
0.150071
0.15535
0.15973800000000002
0.163105
0.164673
0.163672
0.159925
0.15375999999999998
0.145535
0.135269
0.13121300000000002
0.13999
0.15273399999999998
0.162185
0.16886800000000002
0.173816
0.177307
0.17885399999999999
0.17794200000000002
0.174653
0.16955599999999998
0.163258
0.156067
0.15567999999999999
0.168458
0.185126
0.197371
0.20565300000000003
0.211483
0.21583899999999998
0.21876900000000002
0.219781
0.21851900000000002
0.21506999999999998
0.20984299999999997
0.203263
0.195455
0.193155
0.203747
0.219448
0.231685
0.240835
0.247623
0.251881
0.252965
0.250665
0.24552
0.238373
0.230035
0.22106399999999998
0.211502
0.207661
0.217261
0.232917
0.24568800000000002
0.255805
0.263853
0.26957800000000004
0.27221799999999996
0.271268
0.267072
0.260682
0.253019
0.24423000000000003
0.233911
0.228093
0.23525500000000002
0.24935100000000002
0.261784
0.272669
0.282442
0.290648
0.29636799999999996
0.29894
0.298319
0.29478000000000004
0.288431
0.279075
0.266534
0.257432
0.260386
0.270596
0.28029299999999996
0.288727
0.296025
0.301793
0.305537
0.307103
0.306756
0.304789
0.301116
0.295227
0.286448
0.280604
0.284884
0.29434
0.30178499999999997
0.306532
0.309341
0.310496
0.310125
0.308516
0.306048
0.302842
0.298575
0.292685
0.284699
0.28071
0.287939
0.301159
0.312429
0.32006
0.324223
0.32513200000000003
0.323027
0.318298
0.311573
0.3035
0.294439
0.284485
0.27369
0.268442
0.276271
0.291463
0.30547199999999997
0.316644
0.324897
0.329918
0.331298
0.328986
0.323499
0.315485
0.305313
0.293186
0.27937399999999996
0.270571
0.27473600000000004
0.286638
0.29817899999999997
0.308137
0.31674
0.323756
0.32857800000000004
0.330574
0.329316
0.32453899999999997
0.316207
0.304665
0.290484
0.280525
0.282632
0.291862
0.30043000000000003
0.30706999999999995
0.312243
0.316019
0.31813
0.318324
0.316554
0.312824
0.306992
0.298763
0.294016
0.299354
0.30999299999999996
0.318843
0.324567
0.32795100000000005
0.32956199999999997
0.329625
0.32808200000000004
0.324783
0.31971700000000003
0.313012
0.304809
0.295155
0.290216
0.29672800000000005
0.30928
0.31998000000000004
0.327227
0.33166999999999996
0.33361999999999997
0.332888
0.329329
0.323233
0.31517
0.30567
0.295119
0.283721
0.277699
0.284027
0.297059
0.308685
0.317456
0.323635
0.32702800000000004
0.327236
0.324263
0.3186
0.310836
0.301377
0.290405
0.277913
0.27009099999999997
0.274402
0.285575
0.29575500000000005
0.30390500000000004
0.31041199999999997
0.315048
0.31711300000000003
0.31598200000000004
0.31149
0.30395300000000003
0.29397199999999996
0.28207
0.2685
0.259743
0.263806
0.275095
0.285262
0.293414
0.29984
0.304321
0.306375
0.305728
0.302498
0.296946
0.289153
0.278951
0.266187
0.25737600000000005
0.260793
0.270966
0.27968200000000004
0.28634299999999996
0.291469
0.295002
0.296559
0.2959
0.293106
0.28835
0.281614
0.272675
0.261248
0.253494
0.257312
0.26695
0.274275
0.279009
0.281814
0.28277399999999997
0.28173000000000004
0.278688
0.273951
0.267878
0.260587
0.25192
0.24783899999999998
0.255805
0.269567
0.280444
0.287644
0.291552
0.292398
0.29052
0.28627199999999997
0.279902
0.271766
0.262333
0.251925
0.240603
0.234526
0.241654
0.25551199999999996
0.267092
0.275914
0.28223000000000004
0.285693
0.285635
0.281627
0.273937
0.263455
0.251101
0.23742399999999997
0.222725
0.21359
0.21847600000000003
0.23059200000000002
0.240767
0.24897600000000003
0.255606
0.260382
0.262664
0.261946
0.25814699999999996
0.251391
0.241694
0.229048
0.21369499999999997
0.20268599999999998
0.20471099999999998
0.21329
0.21994699999999998
0.225039
0.22920300000000002
0.23237
0.23403000000000002
0.23372600000000002
0.23136199999999998
0.22701999999999997
0.220612
0.211804
0.206752
0.21347399999999997
0.225332
0.23392600000000002
0.239627
0.24314000000000002
0.24479499999999998
0.244745
0.242971
0.23945
0.2344
0.228147
0.220836
0.21231599999999998
0.208902
0.218335
0.233087
0.24394000000000002
0.25100500000000003
0.255191
0.256871
0.255887
0.252192
0.24625
0.238671
0.229809
0.219795
0.20865999999999998
0.20307
0.211004
0.22518200000000002
0.236641
0.24534
0.25158200000000003
0.255
0.25503600000000004
0.251688
0.245575
0.237369
0.227481
0.216079
0.20938800000000002
0.215511
0.22786199999999998
0.23767199999999997
0.245126
0.250873
0.255038
0.257337
0.257205
0.254112
0.24791100000000002
0.23890999999999998
0.22770900000000002
0.214767
0.20653600000000003
0.211142
0.22196999999999997
0.23039
0.236675
0.24144000000000002
0.24458000000000002
0.24556599999999998
0.244027
0.240071
0.234028
0.226082
0.216203
0.204354
0.19736099999999998
0.203421
0.215522
0.224983
0.23209699999999997
0.23763099999999998
0.24158000000000002
0.24344899999999997
0.242904
0.240101
0.235379
0.22885100000000003
0.220307
0.20936
0.202355
0.20742399999999997
0.21794299999999997
0.225735
0.23146399999999998
0.235918
0.239078
0.24051399999999998
0.23985900000000002
0.23712399999999997
0.232575
0.226385
0.218446
0.21484099999999998
0.223609
0.23790999999999998
0.248745
0.256201
0.260826
0.262816
0.262401
0.259824
0.25527
0.24910500000000002
0.24183200000000002
0.23374099999999998
0.224762
0.22085
0.230016
0.24538000000000001
0.25772
0.26703000000000005
0.27373800000000004
0.277561
0.27784899999999996
0.27421799999999996
0.26704
0.2573
0.245928
0.23338699999999998
0.21985700000000002
0.2117
0.217265
0.23004000000000002
0.24111799999999997
0.25051
0.25851799999999997
0.264704
0.268225
0.268431
0.265212
0.258762
0.249191
0.23655900000000002
0.221165
0.20973000000000003
0.21116500000000002
0.219619
0.22666399999999998
0.232605
0.237967
0.242567
0.245813
0.247196
0.246579
0.24396700000000002
0.239155
0.23166399999999998
0.227039
0.232881
0.24314299999999997
0.24983699999999998
0.253546
0.255361
0.255748
0.254871
0.252711
0.249229
0.244581
0.238979
0.23243699999999998
0.2247
0.221588
0.23101300000000002
0.24607300000000001
0.257468
0.265177
0.269962
0.27203099999999997
0.271048
0.266827
0.259888
0.251155
0.241342
0.23078800000000002
0.21958699999999998
0.214062
0.22237600000000002
0.237644
0.250657
0.261193
0.269398
0.27478800000000003
0.276737
0.275163
0.27060500000000004
0.26368800000000003
0.254794
0.24404499999999998
0.231375
0.222952
0.22735100000000003
0.238747
0.248594
0.25690799999999997
0.264085
0.26981
0.273334
0.274007
0.27162600000000003
0.266386
0.258671
0.248756
0.242733
0.248221
0.259743
0.269403
0.27681300000000003
0.282575
0.286773
0.289159
0.289416
0.28738600000000003
0.28319
0.27703
0.268934
0.25869899999999996
0.252229
0.257115
0.26811
0.277383
0.28429499999999996
0.28939499999999996
0.292625
0.293525
0.291835
0.28778200000000004
0.281802
0.274156
0.264855
0.253744
0.24671300000000002
0.251205
0.261493
0.26952800000000005
0.275049
0.278911
0.28119099999999997
0.281494
0.279599
0.275688
0.27009
0.262954
0.25416
0.243436
0.23670300000000002
0.241844
0.253114
0.262112
0.26826500000000003
0.271878
0.272923
0.271394
0.267548
0.261878
0.25492
0.24698699999999998
0.238048
0.22784400000000002
0.222354
0.229827
0.243919
0.25561100000000003
0.264594
0.27107
0.27475700000000003
0.27518899999999996
0.27215700000000004
0.26600300000000004
0.25749299999999997
0.24731199999999998
0.23579
0.22914099999999998
0.235448
0.24881
0.260718
0.270834
0.279503
0.286534
0.291428
0.293606
0.292623
0.28835500000000003
0.280881
0.270296
0.256797
0.246952
0.24901399999999999
0.257749
0.265205
0.270968
0.27563200000000004
0.279136
0.280999
0.280864
0.27876599999999996
0.2749
0.269282
0.261682
0.251732
0.24511100000000002
0.249085
0.257982
0.26409299999999997
0.267407
0.26887300000000003
0.268813
0.26718200000000003
0.263975
0.259445
0.25393000000000004
0.247538
0.24005
0.23105900000000001
0.22622399999999998
0.233206
0.245916
0.255713
0.262058
0.26533
0.26574000000000003
0.263341
0.258231
0.25087800000000005
0.24199
0.23208600000000001
0.221352
0.21574000000000002
0.22315900000000002
0.23734499999999997
0.24952800000000003
0.25945300000000004
0.267377
0.273049
0.27594
0.275488
0.271465
0.264291
0.254693
0.243196
0.23008499999999998
0.22162600000000002
0.22612
0.23746199999999998
0.246996
0.254743
0.26119699999999996
0.266137
0.268916
0.268999
0.266288
0.260935
0.253159
0.243292
0.231602
0.224169
0.228962
0.23987399999999998
0.24844899999999998
0.25479
0.259563
0.262784
0.264073
0.263154
0.260148
0.255338
0.24878499999999998
0.24021599999999999
0.229198
0.221604
0.225846
0.23638
0.244907
0.251434
0.256525
0.26007399999999997
0.26155500000000004
0.260635
0.257495
0.25254699999999997
0.24600500000000003
0.23778400000000002
0.22762399999999997
0.22137600000000002
0.227061
0.238571
0.24734699999999998
0.253499
0.257776
0.260267
0.260756
0.25923
0.25598699999999996
0.25135
0.24538400000000002
0.23787399999999997
0.234408
0.24219899999999997
0.25546599999999997
0.26614699999999997
0.273767
0.278771
0.281159
0.280823
0.277883
0.272656
0.26553000000000004
0.25690799999999997
0.247088
0.23615999999999998
0.230044
0.23640999999999998
0.249298
0.260221
0.26864699999999997
0.27479499999999996
0.278308
0.278546
0.27514
0.268281
0.258601
0.24691999999999997
0.233893
0.219808
0.21073499999999998
0.214943
0.22623400000000002
0.235798
0.243635
0.250154
0.25512399999999996
0.257945
0.25813
0.255569
0.250318
0.24228400000000003
0.231199
0.216935
0.205871
0.206913
0.21455100000000002
0.220579
0.225377
0.229573
0.23305
0.235264
0.235752
0.234402
0.231267
0.226248
0.219025
0.215129
0.222173
0.234073
0.242704
0.248504
0.252266
0.254197
0.254366
0.252874
0.249862
0.245601
0.24039899999999997
0.234373
0.22733299999999998
0.224937
0.234673
0.25004099999999996
0.262196
0.270762
0.276212
0.27875900000000003
0.278405
0.275202
0.269594
0.262245
0.25359699999999996
0.24379299999999998
0.232854
0.226809
0.233514
0.24698299999999998
0.258682
0.26815500000000003
0.275588
0.280522
0.282168
0.280124
0.27481300000000003
0.267029
0.257282
0.24575
0.2325
0.22353499999999998
0.226857
0.23698899999999998
0.24577800000000002
0.252888
0.258668
0.262927
0.26511999999999997
0.264782
0.261785
0.256178
0.248025
0.23747800000000002
0.23044299999999998
0.23431
0.24389499999999997
0.251725
0.25756599999999996
0.26208200000000004
0.265442
0.267471
0.267837
0.266252
0.26265
0.25708400000000003
0.24953499999999998
0.239826
0.23355700000000001
0.238103
0.248221
0.256338
0.262175
0.266282
0.26865100000000003
0.268917
0.26687
0.26276
0.257052
0.25003800000000004
0.241736
0.231973
0.22642600000000002
0.23258
0.244378
0.25350900000000004
0.260008
0.264734
0.267752
0.26862800000000003
0.267144
0.26359
0.258392
0.251734
0.243509
0.239288
0.246075
0.258529
0.269002
0.276871
0.282619
0.28629
0.287717
0.286798
0.283586
0.278346
0.271505
0.263419
0.254154
0.249373
0.25596399999999997
0.26865500000000003
0.279858
0.288707
0.29552399999999995
0.300071
0.301769
0.30024
0.295613
0.288452
0.279486
0.269289
0.25809
0.25167
0.256905
0.268759
0.279825
0.289142
0.29701500000000003
0.30314800000000003
0.306868
0.307697
0.30562399999999995
0.30085500000000004
0.293448
0.28325300000000003
0.27575
0.277256
0.28433600000000003
0.29116
0.296493
0.301059
0.305117
0.30838699999999997
0.310299
0.31033499999999997
0.308311
0.304282
0.298249
0.29
0.284854
0.288571
0.29711
0.304477
0.30944099999999997
0.312638
0.31413800000000003
0.313749
0.311546
0.30797399999999997
0.303564
0.29862
0.29311
0.28668899999999997
0.28457
0.292327
0.30533299999999997
0.316819
0.324949
0.330115
0.332571
0.332356
0.32961599999999996
0.32482300000000003
0.31856599999999996
0.311181
0.302653
0.29282800000000003
0.287394
0.292591
0.3045
0.316627
0.326922
0.3353
0.34123200000000004
0.343913
0.342948
0.338694
0.331876
0.323079
0.3126
0.306157
0.30930799999999997
0.31878
0.328959
0.337596
0.344968
0.351072
0.355621
0.358232
0.358576
0.356469
0.351825
0.344648
0.33505
0.32871
0.33069
0.338292
0.34657899999999997
0.353011
0.358026
0.361673
0.363609
0.363593
0.361713
0.358198
0.35312
0.34633800000000003
0.337586
0.33211
0.334584
0.342384
0.350706
0.356838
0.361158
0.363746
0.36436999999999997
0.36293000000000003
0.359655
0.354912
0.34889699999999996
0.341516
0.33785
0.341917
0.351166
0.36094699999999996
0.368176
0.37341399999999997
0.37714899999999996
0.379424
0.379981
0.378585
0.375269
0.370258
0.363743
0.35575
0.351646
0.355585
0.365226
0.376013
0.384517
0.390813
0.39473800000000003
0.395958
0.394503
0.390849
0.385666
0.37947600000000004
0.37249
0.36466
0.361271
0.366157
0.37690500000000005
0.388997
0.398831
0.40654
0.41204300000000005
0.414921
0.41486000000000006
0.411891
0.406362
0.398727
0.389301
0.378289
0.371319
0.37249499999999997
0.380285
0.390761
0.400047
0.408107
0.41466899999999995
0.41911000000000004
0.42093500000000006
0.420022
0.416462
0.410304
0.401457
0.389907
0.381346
0.379909
0.384631
0.392079
0.398319
0.403554
0.40786100000000003
0.410991
0.41274099999999997
0.41308199999999995
0.41198999999999997
0.409263
0.404486
0.402415
0.405351
0.412332
0.420638
0.425987
0.42900200000000005
0.43036899999999995
0.430389
0.42913199999999996
0.42668100000000003
0.423153
0.418646
0.41318299999999997
0.406674
0.404208
0.408355
0.41797399999999996
0.42974399999999996
0.438626
0.444371
0.44689799999999996
0.446125
0.44228
0.43599899999999997
0.42805200000000004
0.419058
0.409416
0.399302
0.39404
0.396656
0.40576100000000004
0.417721
0.427863
0.436061
0.442129
0.445557
0.445912
0.443144
0.437537
0.429443
0.419162
0.406907
0.398179
0.396406
0.401073
0.409261
0.41655
0.42302799999999996
0.428598
0.432734
0.43489399999999995
0.434742
0.432097
0.42680500000000005
0.41877600000000004
0.408062
0.400227
0.39877199999999996
0.403066
0.41006800000000004
0.415397
0.419317
0.42203
0.42344499999999996
0.423522
0.42234799999999995
0.42
0.416391
0.41120500000000004
0.409238
0.41272299999999995
0.421015
0.431544
0.43963500000000005
0.445561
0.44962299999999994
0.451854
0.452233
0.450771
0.447528
0.44264499999999996
0.43629700000000005
0.42858199999999996
0.42471800000000004
0.426929
0.434742
0.445488
0.45388199999999995
0.460004
0.46400699999999995
0.465797
0.465347
0.462797
0.45844399999999996
0.45257700000000006
0.445324
0.43668199999999996
0.431853
0.43296
0.43966700000000003
0.449514
0.45715
0.462625
0.466028
0.467228
0.46624899999999997
0.46332399999999996
0.458815
0.452966
0.44573500000000005
0.441942
0.442882
0.44899300000000003
0.458769
0.46653199999999995
0.47239200000000003
0.476612
0.479067
0.47942700000000005
0.477354
0.47264399999999995
0.46543199999999996
0.45616
0.44528900000000005
0.43823
0.43692299999999995
0.441762
0.45093900000000003
0.458796
0.465225
0.470135
0.47312299999999996
0.47386999999999996
0.472314
0.46860100000000005
0.462923
0.455376
0.44604499999999997
0.44016700000000003
0.43961999999999996
0.444733
0.45376000000000005
0.46127700000000005
0.467509
0.47272700000000006
0.47677200000000003
0.479379
0.480386
0.47972700000000007
0.47729099999999997
0.472811
0.46593500000000004
0.46152200000000004
0.46089300000000005
0.46492
0.47258199999999995
0.47827299999999995
0.482392
0.485371
0.487117
0.487441
0.486332
0.48391000000000006
0.48027
0.475358
0.47401499999999996
0.47680600000000006
0.48451700000000003
0.496025
0.504768
0.510626
0.513907
0.514806
0.51349
0.51026
0.505516
0.499621
0.492884
0.485475
0.48231899999999994
0.483904
0.49112100000000003
0.503132
0.5133840000000001
0.5215380000000001
0.527472
0.530717
0.5308689999999999
0.527929
0.5222979999999999
0.514506
0.505069
0.494396
0.48758900000000005
0.485479
0.489178
0.49833299999999997
0.506795
0.514088
0.520145
0.52453
0.5268010000000001
0.526699
0.52415
0.51925
0.51212
0.502775
0.49615699999999996
0.49318199999999995
0.49507399999999996
0.501898
0.50793
0.512908
0.517067
0.5202479999999999
0.522223
0.522834
0.521958
0.519414
0.514872
0.512764
0.51357
0.517588
0.525408
0.532151
0.537115
0.540705
0.542959
0.543776
0.543097
0.540917
0.537327
0.532483
0.526459
0.52404
0.5257149999999999
0.531345
0.541087
0.549605
0.555688
0.559412
0.5607489999999999
0.559855
0.557037
0.552675
0.547164
0.5407350000000001
0.533377
0.529814
0.530568
0.535482
0.544974
0.553872
0.560705
0.565397
0.567789
0.567857
0.56571
0.561608
0.555895
0.548708
0.539999
0.534561
0.533216
0.5359659999999999
0.54375
0.551836
0.558542
0.563712
0.567
0.5680569999999999
0.566717
0.5630689999999999
0.5573739999999999
0.549782
0.540409
0.5342899999999999
0.5323359999999999
0.5346
0.5419579999999999
0.549579
0.555856
0.560735
0.564042
0.565619
0.5654020000000001
0.563338
0.559301
0.553076
0.549184
0.548376
0.549982
0.555772
0.562232
0.567388
0.571401
0.5743
0.575943
0.5761539999999999
0.5747770000000001
0.571706
0.56689
0.560283
0.556497
0.55615
0.558505
0.565163
0.572138
0.577166
0.58036
0.581757
0.581359
0.5793560000000001
0.576082
0.5718270000000001
0.5666899999999999
0.560571
0.558017
0.559437
0.563762
0.572082
0.580083
0.5856439999999999
0.58903
0.590406
0.589959
0.5880569999999999
0.584938
0.580616
0.575016
0.56802
0.564253
0.5644140000000001
0.5676640000000001
0.575658
0.584477
0.591594
0.596754
0.5996060000000001
0.599934
0.5978180000000001
0.593435
0.5870810000000001
0.5791850000000001
0.57457
0.574025
0.57608
0.5829979999999999
0.591679
0.5989979999999999
0.6048479999999999
0.609119
0.611567
0.611995
0.610252
0.6062270000000001
0.5999909999999999
0.591761
0.586198
0.584134
0.584196
0.589041
0.5958859999999999
0.601595
0.606133
0.609378
0.611146
0.611352
0.609941
0.606863
0.602038
0.595341
0.5912970000000001
0.5906859999999999
0.5917819999999999
0.5970949999999999
0.603989
0.609368
0.613211
0.615524
0.616375
0.615911
0.614219
0.6113069999999999
0.6070720000000001
0.601276
0.5982430000000001
0.598438
0.599871
0.6051380000000001
0.61168
0.616321
0.619197
0.620628
0.6207729999999999
0.619645
0.617261
0.613631
0.608671
0.6067100000000001
0.60832
0.6110220000000001
0.6178710000000001
0.626783
0.633785
0.638718
0.6416109999999999
0.642465
0.641269
0.6381180000000001
0.6333300000000001
0.6272399999999999
0.62007
0.6164189999999999
0.617041
0.619255
0.626179
0.635788
0.64372
0.649584
0.65315
0.6542439999999999
0.652868
0.649224
0.643676
0.636498
0.627889
0.622526
0.621235
0.6213390000000001
0.626253
0.634285
0.641178
0.6467470000000001
0.6509010000000001
0.653464
0.654274
0.653147
0.64988
0.644271
0.6362479999999999
0.630344
0.627422
0.624983
0.6270899999999999
0.632558
0.637145
0.640776
0.6434529999999999
0.645049
0.645456
0.644556
0.6421979999999999
0.638181
0.6365310000000001
0.6376470000000001
0.638034
0.641929
0.6486430000000001
0.653366
0.656288
0.6578510000000001
0.6581739999999999
0.657325
0.6554270000000001
0.652541
0.6486609999999999
0.6437579999999999
0.642063
0.6440899999999999
0.6462439999999999
0.652397
0.661473
0.668428
0.6731
0.6755
0.675683
0.674009
0.670842
0.6664100000000001
0.660938
0.654609
0.65181
0.6531319999999999
0.65499
0.6614180000000001
0.671401
0.679686
0.685868
0.6897979999999999
0.691442
0.690978
0.688499
0.684083
0.677959
0.670305
0.665479
0.6642359999999999
0.662968
0.666298
0.6738350000000001
0.680253
0.685307
0.688906
0.690861
0.690998
0.689113
0.685105
0.679025
0.67498
0.673647
0.671196
0.6725
0.67825
0.6832739999999999
0.687159
0.6900430000000001
0.6918489999999999
0.692479
0.691821
0.689679
0.685891
0.680389
0.677305
0.677424
0.676676
0.679484
0.686503
0.692593
0.69708
0.69993
0.701212
0.701122
0.699789
0.697286
0.693682
0.688941
0.687056
0.688455
0.6887310000000001
0.692401
0.7000770000000001
0.70639
0.7107899999999999
0.713569
0.71502
0.715268
0.714287
0.7120270000000001
0.7084010000000001
0.703252
0.7006819999999999
0.701339
0.700983
0.704188
0.711558
0.717651
0.721783
0.7240949999999999
0.724648
0.723498
0.720813
0.716797
0.711531
0.709059
0.710012
0.710316
0.713294
0.720392
0.727428
0.732719
0.7362
0.737777
0.737373
0.7350369999999999
0.7308819999999999
0.724979
0.717458
0.712558
0.711251
0.709761
0.711348
0.717721
0.724859
0.7307239999999999
0.735064
0.737745
0.738681
0.737766
0.734913
0.730115
0.723482
0.71916
0.717884
0.715749
0.716175
0.721186
0.72697
0.731669
0.7352920000000001
0.737915
0.7395430000000001
0.740055
0.73922
0.736759
0.732366
0.729799
0.729661
0.728092
0.72846
0.7327140000000001
0.737208
0.7403850000000001
0.7424189999999999
0.743392
0.7433810000000001
0.74241
0.7403850000000001
0.737146
0.736446
0.738741
0.739966
0.742302
0.748132
0.754509
0.7589640000000001
0.76153
0.7622720000000001
0.761412
0.7592760000000001
0.755975
0.7515189999999999
0.7460439999999999
0.743557
0.7447159999999999
0.745614
0.748366
0.7554489999999999
0.76375
0.770139
0.774237
0.7760630000000001
0.775845
0.77373
0.76979
0.764308
0.757687
0.753976
0.753849
0.753497
0.754912
0.760837
0.768504
0.774787
0.779447
0.782445
0.7837390000000001
0.783196
0.780701
0.776249
0.7698010000000001
0.765145
0.763119
0.760283
0.758741
0.7617520000000001
0.767054
0.771487
0.774867
0.777184
0.778384
0.778276
0.776565
0.7729739999999999
0.770995
0.771184
0.770021
0.7684529999999999
0.770419
0.774812
0.777941
0.779867
0.78074
0.780674
0.77974
0.777864
0.774898
0.770738
0.7689779999999999
0.770137
0.770442
0.7706890000000001
0.7745770000000001
0.780625
0.784782
0.78676
0.786825
0.7854399999999999
0.7829119999999999
0.779353
0.7749
0.769682
0.7674449999999999
0.768727
0.76967
0.771375
0.777079
0.784671
0.790392
0.794171
0.7961779999999999
0.796474
0.795147
0.7923560000000001
0.788181
0.782566
0.779273
0.779061
0.778307
0.7782859999999999
0.782616
0.7894909999999999
0.795042
0.798955
0.801196
0.801826
0.8009149999999999
0.798349
0.79397
0.791453
0.791617
0.791046
0.789892
0.79278
0.799258
0.804613
0.808611
0.811331
0.8127880000000001
0.812938
0.811619
0.808617
0.8039029999999999
0.801182
0.80118
0.800433
0.798806
0.8013359999999999
0.807863
0.813192
0.816979
0.819349
0.820413
0.820205
0.8186720000000001
0.815763
0.811443
0.809194
0.809523
0.8089069999999999
0.807125
0.80913
0.814701
0.81871
0.8211299999999999
0.822348
0.8226110000000001
0.821996
0.820376
0.817533
0.813277
0.811045
0.811344
0.810545
0.808363
0.809809
0.8149
0.818624
0.820678
0.821282
0.820807
0.81945
0.817066
0.81345
0.812017
0.8133630000000001
0.814083
0.813663
0.8164
0.822837
0.828303
0.8318700000000001
0.8336450000000001
0.8338629999999999
0.832685
0.830116
0.8261780000000001
0.821049
0.818371
0.8188770000000001
0.819306
0.81918
0.822844
0.830683
0.837735
0.8429629999999999
0.8463709999999999
0.848029
0.847931
0.8460790000000001
0.842614
0.837676
0.834782
0.834634
0.8340270000000001
0.8326110000000001
0.8348620000000001
0.8414809999999999
0.8477549999999999
0.8526790000000001
0.8563430000000001
0.858859
0.860137
0.8598530000000001
0.85765
0.853303
0.8502620000000001
0.849308
0.847166
0.843367
0.8422219999999999
0.8451770000000001
0.8482430000000001
0.850274
0.8514430000000001
0.851944
0.85175
0.8505959999999999
0.8481700000000001
0.8475239999999999
0.849032
0.84934
0.8480219999999999
0.847878
0.851152
0.8550709999999999
0.857311
0.858116
0.8578969999999999
0.856844
0.8549479999999999
0.85215
0.848435
0.847042
0.848558
0.849814
0.8502290000000001
0.8522709999999999
0.857874
0.864043
0.8682979999999999
0.870658
0.871323
0.870489
0.86835
0.865084
0.8608309999999999
0.8590180000000001
0.8603069999999999
0.8614350000000001
0.8617809999999999
0.864223
0.870605
0.877605
0.8828600000000001
0.8863219999999999
0.888225
0.888748
0.887785
0.8850690000000001
0.8836149999999999
0.884076
0.883619
0.8819969999999999
0.880625
0.8831110000000001
0.888259
0.892366
0.895286
0.8971
0.897767
0.897099
0.894803
0.8907079999999999
0.887993
0.887329
0.885768
0.8829739999999999
0.8805219999999999
0.8819809999999999
0.885914
0.888597
0.890026
0.8905290000000001
0.890259
0.8891709999999999
0.8871180000000001
0.8839600000000001
0.882718
0.883922
0.8845780000000001
0.884192
0.8839379999999999
0.887117
0.89243
0.8964280000000001
0.899192
0.900963
0.901832
0.901725
0.900437
0.897785
0.8968
0.8980370000000001
0.8984549999999999
0.897541
0.8965069999999999
0.899224
0.9045799999999999
0.90854
0.910985
0.9122239999999999
0.912472
0.9116799999999999
0.9096700000000001
0.909416
0.911449
0.912759
0.9128860000000001
0.9119149999999999
0.9143379999999999
0.920055
0.9242100000000001
0.926696
0.927905
0.928054
0.927143
0.925085
0.9218139999999999
0.920351
0.9213399999999999
0.92199
0.921934
0.921161
0.92389
0.930207
0.935255
0.9384399999999999
0.9399129999999999
0.939781
0.9381229999999999
0.935048
0.930644
0.92791
0.9274709999999999
0.9266200000000001
0.925106
0.923027
0.924532
0.929934
0.934643
0.9380209999999999
0.940264
0.941433
0.9413379999999999
0.9396260000000001
0.9360040000000001
0.9333809999999999
0.932486
0.930631
0.927479
0.923193
0.9223030000000001
0.925525
0.928501
0.930707
0.93235
0.933459
0.933789
0.932939
0.9333940000000001
0.935466
0.9363299999999999
0.935699
0.933826
0.9335530000000001
0.9364950000000001
0.9397059999999999
0.9414379999999999
0.9420280000000001
0.94184
0.94099
0.9394299999999999
0.937055
0.9366030000000001
0.9385760000000001
0.9402520000000001
0.9411639999999999
0.941157
0.942959
0.947891
0.9527049999999999
0.9557059999999999
0.9570780000000001
0.957103
0.955944
0.9537
0.950465
0.9492139999999999
0.950585
0.9518559999999999
0.952583
0.9526709999999999
0.955176
0.961241
0.967224
0.971477
0.974195
0.975649
0.9758030000000001
0.9743709999999999
0.971141
0.9689780000000001
0.9686299999999999
0.967618
0.965708
0.96301
0.962448
0.9657969999999999
0.969999
0.9730770000000001
0.975067
0.975959
0.9755229999999999
0.973511
0.9698379999999999
0.9673930000000001
0.966734
0.965147
0.9623219999999999
0.9584450000000001
0.956643
0.958702
0.9615670000000001
0.963462
0.964527
0.964843
0.964275
0.962569
0.9594870000000001
0.957758
0.9579639999999999
0.957512
0.956044
0.953516
0.952786
0.9555540000000001
0.9588040000000001
0.960788
0.961699
0.961683
0.960725
0.958715
0.9555440000000001
0.95405
0.954767
0.9548639999999999
0.9538139999999999
0.9516129999999999
0.95168
0.955354
0.959015
0.9611350000000001
0.961885
0.9614969999999999
0.960102
0.957656
0.956791
0.9579770000000001
0.9585670000000001
0.9581790000000001
0.956839
0.956472
0.959464
0.9636440000000001
0.966325
0.967626
0.9677610000000001
0.966741
0.964499
0.960918
0.958686
0.958493
0.9579209999999999
0.956686
0.95486
0.954559
0.9578840000000001
0.962261
0.965017
0.96616
0.965859
0.9642360000000001
0.96141
0.957398
0.9549549999999999
0.9546309999999999
0.953785
0.9521069999999999
0.9497549999999999
0.949264
0.952469
0.956575
0.959399
0.961046
0.961651
0.961118
0.959183
0.955664
0.953391
0.952995
0.951833
0.949551
0.9462889999999999
0.944889
0.947391
0.9509719999999999
0.9534739999999999
0.954941
0.955509
0.955099
0.9534440000000001
0.950285
0.9483940000000001
0.9483229999999999
0.947417
0.9454549999999999
0.942542
0.9419780000000001
0.945
0.9480719999999999
0.9498620000000001
0.9507059999999999
0.950859
0.950313
0.94891
0.949159
0.9513729999999999
0.9528209999999999
0.953105
0.9522430000000001
0.951686
0.9542
0.958259
0.9608959999999999
0.962094
0.9620700000000001
0.960933
0.958724
0.955493
0.9538770000000001
0.954415
0.954701
0.9544370000000001
0.9535959999999999
0.9535799999999999
0.956866
0.96141
0.9640200000000001
0.9648190000000001
0.964269
0.962598
0.959793
0.955809
0.953357
0.953046
0.9524389999999999
0.9512200000000001
0.9493590000000001
0.9488469999999999
0.9519219999999999
0.956267
0.959306
0.961125
0.9618620000000001
0.961397
0.959508
0.9560299999999999
0.953551
0.9525959999999999
0.950731
0.9477200000000001
0.943751
0.941081
0.9422379999999999
0.945052
0.946918
0.947893
0.948059
0.947267
0.945232
0.9442299999999999
0.944599
0.9439540000000001
0.942156
0.939364
0.9364309999999999
0.9366329999999999
0.939017
0.940097
0.9400350000000001
0.939224
0.937817
0.935817
0.9331079999999999
0.932057
0.933025
0.933533
0.933208
0.932092
0.931588
0.9344450000000001
0.9389149999999999
0.9417620000000001
0.943089
0.943283
0.9425950000000001
0.9410639999999999
0.938575
0.937687
0.938969
0.9399799999999999
0.940325
0.9399139999999999
0.940349
0.943953
0.948715
0.9520049999999999
0.9540299999999999
0.9550290000000001
0.955017
0.953799
0.951153
0.9497200000000001
0.9501229999999999
0.949892
0.9487049999999999
0.946606
0.945466
0.9477399999999999
0.9514030000000001
0.9538030000000001
0.955023
0.9552729999999999
0.9546040000000001
0.9528129999999999
0.949609
0.9475790000000001
0.947283
0.946256
0.9442969999999999
0.9415290000000001
0.9400040000000001
0.942017
0.9453739999999999
0.947577
0.948674
0.948751
0.947679
0.9452209999999999
0.9437040000000001
0.943708
0.9430459999999999
0.941458
0.939026
0.935716
0.9356270000000001
0.9388780000000001
0.941174
0.942385
0.9427180000000001
0.9422200000000001
0.9407840000000001
0.938214
0.936678
0.9365680000000001
0.935679
0.9338120000000001
0.931155
0.928076
0.9283290000000001
0.931476
0.9334389999999999
0.93427
0.934371
0.933931
0.9328870000000001
0.933343
0.9355899999999999
0.9373239999999999
0.9381149999999999
0.937895
0.936544
0.937448
0.9413290000000001
0.9445879999999999
0.946459
0.9471799999999999
0.946983
0.945981
0.9441649999999999
0.9436690000000001
0.9448040000000001
0.94539
0.945189
0.944292
0.9426030000000001
0.9437129999999999
0.9477909999999999
0.9506959999999999
0.952039
0.952225
0.9514549999999999
0.949679
0.94676
0.9450350000000001
0.945019
0.944576
0.9435549999999999
0.9420719999999999
0.940499
0.942449
0.947315
0.951008
0.953464
0.9548760000000001
0.955209
0.954305
0.9520139999999999
0.950609
0.950556
0.949707
0.947881
0.945234
0.9418700000000001
0.9420270000000001
0.945765
0.948707
0.9507700000000001
0.9521229999999999
0.952666
0.952095
0.950049
0.9486889999999999
0.9485530000000001
0.9476209999999999
0.945701
0.942825
0.93909
0.9385479999999999
0.941154
0.9428270000000001
0.9437110000000001
0.944095
0.9439850000000001
0.943204
0.9436690000000001
0.9456049999999999
0.9468219999999999
0.9469540000000001
0.945974
0.9438690000000001
0.943132
0.945363
0.94801
0.9494670000000001
0.949894
0.949428
0.948117
0.9459549999999999
0.944959
0.9455309999999999
0.9457620000000001
0.945434
0.944549
0.942937
0.943092
0.9461139999999999
0.9490649999999999
0.9506629999999999
0.951139
0.950601
0.949023
0.946308
0.9446379999999999
0.9445709999999999
0.944152
0.943126
0.9415
0.939199
0.939685
0.943427
0.946624
0.948624
0.9495610000000001
0.949476
0.948307
0.9458489999999999
0.9441639999999999
0.9437120000000001
0.942459
0.9401870000000001
0.937067
0.9332309999999999
0.932476
0.935225
0.937531
0.9388719999999999
0.9393389999999999
0.9388559999999999
0.937218
0.936363
0.9367719999999999
0.9365690000000001
0.9354899999999999
0.933593
0.930895
0.929392
0.931003
0.93368
0.935422
0.936264
0.936313
0.935585
0.9339780000000001
0.933376
0.934084
0.934161
0.933467
0.9322370000000001
0.930492
0.930433
0.9335629999999999
0.9373459999999999
0.9400149999999999
0.9417139999999999
0.9426530000000001
0.9428340000000001
0.9440270000000001
0.946508
0.948412
0.9494389999999999
0.949606
0.948891
0.947665
0.9492219999999999
0.953155
0.956008
0.957777
0.9586979999999999
0.9588209999999999
0.9580120000000001
0.956097
0.95515
0.955634
0.955573
0.9547
0.9530219999999999
0.9503799999999999
0.9495889999999999
0.951725
0.9536879999999999
0.9544
0.954192
0.953211
0.951319
0.950358
0.9506600000000001
0.950304
0.9491
0.947234
0.944759
0.942801
0.943939
0.946895
0.9488280000000001
0.9496680000000001
0.949449
0.9480430000000001
0.945321
0.9431149999999999
0.9418770000000001
0.940008
0.937456
0.934417
0.9308879999999999
0.927682
0.927768
0.9302389999999999
0.931952
0.9328770000000001
0.933109
0.932559
0.932833
0.934158
0.934792
0.934534
0.9335620000000001
0.9319290000000001
0.9295190000000001
0.9298139999999999
0.9330069999999999
0.9353790000000001
0.936794
0.937609
0.9379879999999999
0.937866
