1.01424
1.0133450000000002
1.013657
1.013179
1.011771
1.0095690000000002
1.006549
1.004035
1.004688
1.007051
1.0083440000000001
1.008697
1.008271
1.006998
1.00474
1.003547
1.0038209999999999
1.0035120000000002
1.002304
1.0002799999999998
0.997531
0.995576
0.996764
0.999401
1.00091
1.001368
1.00094
0.999698
0.997582
0.9966370000000001
0.9972540000000001
0.997384
0.996717
0.995226
0.9927959999999999
0.991296
0.992856
0.995559
0.997273
0.998058
0.998016
0.997072
0.995015
0.9940129999999999
0.994669
0.994977
0.9946360000000001
0.99366
0.991967
0.991927
0.9949870000000001
0.998389
1.0003819999999999
1.001118
1.000833
0.999555
0.99716
0.9959
0.996274
0.996117
0.99515
0.993489
0.9911040000000001
0.990648
0.993453
0.996585
0.998517
0.999294
0.998928
0.9973690000000001
0.996683
0.9972540000000001
0.9970600000000001
0.9958530000000001
0.993785
0.990936
0.987986
0.988318
0.991294
0.9933549999999999
0.99439
0.9945430000000001
0.993814
0.992065
0.991131
0.991324
0.990823
0.989577
0.9877530000000001
0.985308
0.982942
0.983651
0.986483
0.988225
0.989088
0.989381
0.989143
0.9882719999999999
0.988712
0.990717
0.992137
0.992568
0.9919680000000001
0.990315
0.989086
0.9908370000000001
0.994065
0.996172
0.9972639999999999
0.997455
0.996725
0.9949979999999999
0.9943059999999999
0.995027
0.995181
0.9945440000000001
0.993149
0.990898
0.989459
0.9909959999999999
0.9936719999999999
0.995188
0.9955430000000001
0.994806
0.9929520000000001
0.989873
0.987801
0.987373
0.986612
0.9852
0.983133
0.98035
0.979201
0.9812139999999999
0.983776
0.9851700000000001
0.985576
0.9852120000000001
0.984035
0.9838389999999999
0.984892
0.985268
0.9847030000000001
0.983334
0.98134
0.9789030000000001
0.9796739999999999
0.983503
0.9864709999999999
0.988432
0.9894649999999999
0.989525
0.9884870000000001
0.988195
0.989144
0.9896459999999999
0.9895010000000001
0.988786
0.987424
0.985402
0.9862860000000001
0.989942
0.9926
0.9942709999999999
0.9952120000000001
0.995501
0.995007
0.995568
0.9974430000000001
0.998658
0.9990020000000001
0.998516
0.9970760000000001
0.995431
0.996661
0.999957
1.00226
1.003762
1.004635
1.004702
1.003666
1.003363
1.004146
1.0040870000000002
1.00294
1.000786
0.997698
0.994526
0.9945
0.996819
0.99815
0.9984639999999999
0.997821
0.996194
0.993592
0.992107
0.9922030000000001
0.991975
0.991123
0.9895639999999999
0.98711
0.984825
0.9854040000000001
0.9876860000000001
0.9890180000000001
0.98954
0.989367
0.988447
0.98661
0.985773
0.9863709999999999
0.986575
0.9861639999999999
0.985144
0.983476
0.98249
0.984728
0.9886780000000001
0.991498
0.993057
0.9934
0.9925729999999999
0.9905280000000001
0.989324
0.989497
0.9891780000000001
0.988094
0.986308
0.983865
0.982417
0.984284
0.987712
0.990194
0.991692
0.992216
0.991642
0.9898540000000001
0.989036
0.9896360000000001
0.989506
0.988283
0.9860530000000001
0.982885
0.9809620000000001
0.982456
0.9853209999999999
0.987441
0.988784
0.98935
0.988986
0.9894149999999999
0.990848
0.99136
0.990771
0.989333
0.9871770000000001
0.9842629999999999
0.9843799999999999
0.987567
0.9897
0.990611
0.9906149999999999
0.989866
0.988345
0.9878969999999999
0.9888809999999999
0.98946
0.989318
0.9884350000000001
0.986708
0.98416
0.984564
0.9878100000000001
0.9899479999999999
0.990978
0.991135
0.990467
0.988936
0.988509
0.98955
0.990129
0.9899870000000001
0.989194
0.9877020000000001
0.986123
0.9874950000000001
0.991028
0.993511
0.9949620000000001
0.9954350000000001
0.9948370000000001
0.993029
0.991891
0.9918879999999999
0.991343
0.9901409999999999
0.988346
0.9859020000000001
0.983607
0.9844069999999999
0.987281
0.988984
0.9894930000000001
0.989001
0.98761
0.9852350000000001
0.9838309999999999
0.983841
0.983344
0.9820459999999999
0.9800270000000001
0.9773930000000001
0.975708
0.9773729999999999
0.980784
0.9833770000000001
0.9851049999999999
0.9859399999999999
0.9857090000000001
0.986086
0.987384
0.987965
0.9877549999999999
0.9869030000000001
0.985483
0.9834229999999999
0.9837629999999999
0.987093
0.990129
0.9921709999999999
0.9933139999999999
0.993599
0.99298
0.993158
0.9944129999999999
0.994992
0.994633
0.993424
0.9914440000000001
0.988569
0.987984
0.990288
0.9920979999999999
0.992885
0.9929040000000001
0.992337
0.991158
0.9911139999999999
0.9924850000000001
0.993398
0.993498
0.9927299999999999
0.991009
0.988283
0.9884780000000001
0.991692
0.9938959999999999
0.995022
0.9952629999999999
0.994608
0.99293
0.992073
0.9925069999999999
0.9925069999999999
0.991833
0.9905459999999999
0.9886
0.985773
0.9857959999999999
0.988671
0.990383
0.9909969999999999
0.9907440000000001
0.989608
0.98749
0.986266
0.9863120000000001
0.9858520000000001
0.9847809999999999
0.9832280000000001
0.98113
0.9790540000000001
0.980175
0.983772
0.9864139999999999
0.987999
0.9885799999999999
0.988136
0.9866459999999999
0.9860610000000001
0.9867739999999999
0.9869620000000001
0.986417
0.985173
0.9831989999999999
0.9813129999999999
0.982606
0.986203
0.988869
0.9905700000000001
0.9913629999999999
0.991137
0.989726
0.9891040000000001
0.989836
0.9901059999999999
0.989559
0.9881530000000001
0.9858399999999999
0.983401
0.983942
0.9867440000000001
0.988722
0.989876
0.990276
0.9898450000000001
0.9902549999999999
0.9917290000000001
0.9924569999999999
0.992157
0.990935
0.988952
0.98625
0.985397
0.987618
0.990216
0.9918520000000001
0.992583
0.992548
0.99177
0.9919180000000001
0.9932770000000001
0.9941760000000001
0.994376
0.993876
0.992585
0.9902989999999999
0.989657
0.9919209999999999
0.9943629999999999
0.995806
0.996389
0.9962040000000001
0.995183
0.9950979999999999
0.996368
0.9972690000000001
0.997483
0.9969959999999999
0.9957540000000001
0.9935780000000001
0.9935940000000001
0.996394
0.998662
0.9999030000000001
1.00029
0.9997510000000001
0.9981200000000001
0.99716
0.997259
0.996751
0.995547
0.9938100000000001
0.991511
0.9884799999999999
0.9882129999999999
0.9910540000000001
0.9932059999999999
0.994194
0.9940899999999999
0.992935
0.9907549999999999
0.989434
0.989375
0.9888530000000001
0.9876459999999999
0.985759
0.983167
0.9801030000000001
0.9803120000000001
0.983663
0.986349
0.9882920000000001
0.9895379999999999
0.989936
0.989242
0.9891979999999999
0.990201
0.9905860000000001
0.9901979999999999
0.9891059999999999
0.987318
0.984999
0.985743
0.9893719999999999
0.992159
0.994081
0.9952340000000001
0.9955629999999999
0.9949469999999999
0.995216
0.9967159999999999
0.997568
0.997519
0.99669
0.99505
0.992776
0.9933540000000001
0.9965069999999999
0.9985950000000001
0.999642
0.9999049999999999
0.999444
0.998109
0.997717
0.998635
0.9989790000000001
0.998424
0.99695
0.994506
0.991605
0.991814
0.9947290000000001
0.996758
0.997835
0.998033
0.997229
0.9952780000000001
0.9941709999999999
0.994452
0.9943569999999999
0.993648
0.9923629999999999
0.990409
0.988075
0.988685
0.9917159999999999
0.993608
0.994442
0.9944149999999999
0.993503
0.993399
0.9944040000000001
0.994808
0.9943930000000001
0.993293
0.991557
0.989102
0.988133
0.9901709999999999
0.992835
0.9944440000000001
0.9949979999999999
0.9945870000000001
0.993289
0.992821
0.9934139999999999
0.993375
0.992566
0.991136
0.989159
0.986619
0.986355
0.989239
0.992149
0.994016
0.9949319999999999
0.994919
0.993883
0.9935729999999999
0.994401
0.9947729999999999
0.994518
0.9936659999999999
0.992195
0.98995
0.990231
0.993449
0.9961180000000001
0.997928
0.999065
0.999519
0.9991059999999999
0.9994540000000001
1.000776
1.001233
1.000565
0.998926
0.996505
0.993303
0.992866
0.995598
0.997783
0.9989889999999999
0.9993299999999999
0.998843
0.997423
0.9968670000000001
0.997569
0.997776
0.9972639999999999
0.9960370000000001
0.993993
0.991145
0.991273
0.9943129999999999
0.9963219999999999
0.997237
0.9972719999999999
0.996468
0.994767
0.994101
0.994926
0.9954129999999999
0.99524
0.9944069999999999
0.9928299999999999
0.9903350000000001
0.990667
0.993859
0.995984
0.9971190000000001
0.997453
0.996922
0.995396
0.994683
0.9951549999999999
0.995079
0.9943379999999999
0.9930959999999999
0.9913489999999999
0.9891
0.99003
0.993975
0.996907
0.998663
0.9993139999999999
0.998873
0.999135
1.000467
1.001218
1.001191
1.000441
0.998927
0.9965809999999999
0.995392
0.997215
1.000024
1.001944
1.003045
1.00338
1.002842
1.0029860000000002
1.004086
1.004585
1.004312
1.0032809999999999
1.0014610000000002
0.9987659999999999
0.9973549999999999
0.9988790000000001
1.001167
1.0026329999999999
1.0033100000000001
1.003217
1.002294
1.002245
1.003367
1.003926
1.003649
1.002625
1.00095
0.998525
0.997833
1.000066
1.002513
1.003892
1.00431
1.003925
1.002761
1.002527
1.003557
1.004152
1.0040069999999999
1.003069
1.001249
0.998396
0.9972799999999999
0.99921
1.0014370000000001
1.002792
1.003349
1.003084
1.001809
1.001254
1.001859
1.001971
1.001383
1.000165
0.9983290000000001
0.9957440000000001
0.995667
0.998603
1.001083
1.002622
1.003344
1.003164
1.001943
1.00152
1.002311
1.002601
1.002255
1.001392
0.999935
0.9976649999999999
0.9979120000000001
1.001191
1.003926
1.005535
1.0060950000000002
1.0056610000000001
1.004273
1.003773
1.004527
1.004804
1.004345
1.003127
1.00111
0.998288
0.9982629999999999
1.001544
1.0044870000000001
1.0065790000000001
1.007832
1.0081
1.0071649999999999
1.006785
1.007403
1.007406
1.006635
1.005147
1.002959
0.9999809999999999
0.9998819999999999
1.002948
1.0053809999999999
1.006947
1.007744
1.0077260000000001
1.006777
1.00668
1.007736
1.008062
1.0073969999999999
1.0058799999999999
1.003531
1.000191
0.9997010000000001
1.002299
1.0040280000000001
1.004785
1.0048139999999999
1.004173
1.002705
1.002168
1.002913
1.003106
1.002435
1.00088
0.998384
0.995067
0.994819
0.997591
0.999401
1.000168
1.000026
0.998928
0.998561
0.9993489999999999
0.999775
0.999674
0.999108
0.9980629999999999
0.996382
0.9957790000000001
0.997942
1.000781
1.002378
1.002926
1.0026110000000001
1.001444
1.00112
1.00194
1.002224
1.0017790000000002
1.000772
0.999276
0.997166
0.996691
0.999289
1.002466
1.004624
1.005775
1.006003
1.005348
1.005555
1.0068629999999998
1.007499
1.0072780000000001
1.006318
1.004681
1.0023600000000001
1.002255
1.0052459999999999
1.008227
1.010194
1.0112370000000002
1.0113290000000001
1.01029
1.009785
1.0102149999999999
1.010026
1.009085
1.0074610000000002
1.0051649999999999
1.002067
1.000996
1.0028920000000001
1.004821
1.005937
1.006366
1.0060930000000001
1.004948
1.0046
1.005312
1.005277
1.00425
1.002372
0.9998
0.996511
0.9958969999999999
0.998498
1.0007700000000002
1.002151
1.002725
1.002516
1.001436
1.001248
1.002324
1.0029350000000001
1.002837
1.0020149999999999
1.0003549999999999
0.9977209999999999
0.9976659999999999
1.000687
1.003104
1.004456
1.004917
1.004527
1.003218
1.002888
1.004002
1.004761
1.0048030000000001
1.0040799999999999
1.002505
0.999898
0.999926
1.002845
1.004869
1.0059209999999998
1.0062
1.005662
1.004186
1.003607
1.004267
1.004351
1.0037049999999998
1.002493
1.000726
0.9984129999999999
0.999286
1.003197
1.006059
1.0076829999999999
1.008133
1.007444
1.005674
1.004792
1.005231
1.0052219999999998
1.004515
1.0030940000000002
1.0009059999999999
0.998066
0.9983639999999999
1.001683
1.004067
1.0054530000000002
1.005954
1.005491
1.003888
1.0030370000000002
1.0034399999999999
1.003287
1.002243
1.000328
0.9975790000000001
0.9943120000000001
0.9941760000000001
0.9969809999999999
0.999027
1.0001879999999999
1.0004950000000001
0.9998870000000001
1.0000360000000001
1.001188
1.001593
1.001017
0.99961
0.9975510000000001
0.9948530000000001
0.993539
0.995216
0.9976309999999999
0.9989540000000001
0.9992409999999999
0.998708
0.9974860000000001
0.9973139999999999
0.998491
0.9993190000000001
0.9995059999999999
0.9990100000000001
0.997732
0.9954790000000001
0.994726
0.9968959999999999
0.999445
1.001045
1.001832
1.00189
1.001112
1.0012290000000001
1.002614
1.003542
1.003759
1.0033219999999998
1.002256
1.000427
1.000882
1.004208
1.007082
1.008899
1.0098049999999998
1.0097260000000001
1.008504
1.007917
1.008363
1.008167
1.007247
1.0057719999999999
1.003702
1.000832
1.0004
1.002969
1.005033
1.005955
1.005846
1.0047760000000001
1.002756
1.0016209999999999
1.001716
1.001276
1.0000639999999998
0.998091
0.995341
0.991818
0.99141
0.9943559999999999
0.9967370000000001
0.9983690000000001
0.9992989999999999
0.999368
0.998333
0.997915
0.9985430000000001
0.9986209999999999
0.9980209999999999
0.9968110000000001
0.9949709999999999
0.992346
0.9925790000000001
0.995884
0.9984350000000001
1.000074
1.000933
1.001001
1.000182
0.9983299999999999
0.995346
0.9911840000000001
0.9858319999999999
0.982402
0.9814459999999999
0.979806
0.976884
0.972833
0.9728190000000001
0.9770690000000001
0.9804889999999999
0.9828620000000001
0.9841700000000001
0.984197
0.9828129999999999
0.9799889999999999
0.975635
0.972686
0.971548
0.969269
0.965779
0.9615469999999999
0.960844
0.964409
0.9677110000000001
0.9694229999999999
0.9694299999999999
0.9678200000000001
0.964665
0.9599219999999999
0.953614
0.948732
0.945897
0.9423809999999999
0.937866
0.9325319999999999
0.9302090000000001
0.9318719999999999
0.9333799999999999
0.933378
0.9320790000000001
0.9298350000000001
0.9268379999999999
0.923112
0.921349
0.921961
0.922191
0.9216260000000001
0.920327
0.920681
0.924444
0.928841
0.931667
0.93305
0.933293
0.932593
0.931042
0.928565
0.924999
0.923124
0.923667
0.924061
0.923795
0.922638
0.924542
0.929565
0.932952
0.934176
0.933601
0.9315379999999999
0.9281709999999999
0.923515
0.9175139999999999
0.913285
0.9114209999999999
0.90895
0.905543
0.9021790000000001
0.902751
0.9062889999999999
0.908567
0.9094620000000001
0.909101
0.9073709999999999
0.903949
0.8984559999999999
0.890824
0.88449
0.880411
0.87585
0.8705360000000001
0.866094
0.8658239999999999
0.8681
0.8692489999999999
0.869059
0.8676719999999999
0.865181
0.861533
0.8566010000000001
0.853275
0.852139
0.850482
0.84801
0.845253
0.8457530000000001
0.8486899999999999
0.849983
0.8497040000000001
0.848355
0.846309
0.8437020000000001
0.840485
0.836543
0.834684
0.8353799999999999
0.8357549999999999
0.8352719999999999
0.835018
0.8381370000000001
0.843253
0.8467610000000001
0.848612
0.84914
0.848533
0.846793
0.8439209999999999
0.8400280000000001
0.8383379999999999
0.839514
0.840549
0.840829
0.842219
0.8470549999999999
0.852924
0.8569
0.8590969999999999
0.859979
0.85975
0.8582690000000001
0.8552780000000001
0.8506049999999999
0.8473940000000001
0.8463790000000001
0.844599
0.841533
0.8392879999999999
0.840619
0.8434870000000001
0.8451069999999999
0.845474
0.8446969999999999
0.842669
0.83919
0.834139
0.8303590000000001
0.828365
0.82545
0.821361
0.817233
0.8166100000000001
0.818521
0.819276
0.8187909999999999
0.8172649999999999
0.814789
0.8113600000000001
0.80692
0.801416
0.7976850000000001
0.796424
0.794999
0.7928069999999999
0.790979
0.792428
0.7956979999999999
0.7975479999999999
0.798049
0.79756
0.7963319999999999
0.7944359999999999
0.791788
0.7909390000000001
0.792265
0.793031
0.792686
0.791775
0.794038
0.798946
0.8025909999999999
0.804886
0.8061159999999999
0.806511
0.806181
0.805009
0.802758
0.80205
0.80337
0.804034
0.803601
0.803358
0.806303
0.810904
0.813817
0.815182
0.815394
0.8146479999999999
0.812975
0.810288
0.806554
0.804778
0.805469
0.805643
0.804752
0.804656
0.807789
0.812028
0.814605
0.815578
0.815217
0.8136909999999999
0.811016
0.807012
0.801506
0.797313
0.795071
0.792255
0.7886479999999999
0.785896
0.786958
0.790288
0.792706
0.7940510000000001
0.794383
0.793603
0.7914439999999999
0.787623
0.784637
0.783135
0.780822
0.777442
0.7733359999999999
0.772494
0.774877
0.776574
0.777586
0.778167
0.778455
0.778405
0.77776
0.776159
0.7758430000000001
0.77709
0.777399
0.776475
0.775125
0.776759
0.780576
0.783013
0.784288
0.784918
0.785135
0.78486
0.783885
0.782064
0.782014
0.7841239999999999
0.785624
0.785933
0.786384
0.78984
0.794804
0.7981739999999999
0.799959
0.800473
0.799901
0.798236
0.795375
0.791248
0.788661
0.788234
0.78733
0.785466
0.784358
0.786736
0.7907770000000001
0.793503
0.794898
0.7952239999999999
0.794495
0.792459
0.7888430000000001
0.783537
0.779407
0.777229
0.7745529999999999
0.7710670000000001
0.768736
0.77025
0.7737310000000001
0.7763720000000001
0.778045
0.778742
0.7783100000000001
0.7765850000000001
0.7735029999999999
0.7715
0.7710229999999999
0.769764
0.767487
0.764441
0.7647619999999999
0.7685
0.77148
0.7735380000000001
0.77481
0.775295
0.77487
0.773324
0.770455
0.7686970000000001
0.768712
0.768281
0.766999
0.765397
0.767184
0.77188
0.775641
0.778341
0.780131
0.781054
0.7810189999999999
0.77983
0.779752
0.7811899999999999
0.781792
0.7812020000000001
0.779541
0.780778
0.785361
0.789289
0.792085
0.7939229999999999
0.7949430000000001
0.795171
0.7944479999999999
0.7924939999999999
0.7891239999999999
0.786959
0.7865810000000001
0.785503
0.783312
0.781593
0.783148
0.786321
0.788215
0.788946
0.78873
0.787596
0.785423
0.782141
0.780334
0.78049
0.780119
0.778838
0.776934
0.778212
0.782421
0.7854979999999999
0.787234
0.7877109999999999
0.7870020000000001
0.78515
0.782007
0.777363
0.77358
0.771365
0.768822
0.7659130000000001
0.762814
0.7636109999999999
0.768219
0.772094
0.774841
0.776466
0.776908
0.776025
0.773753
0.7702319999999999
0.768093
0.767876
0.767252
0.7659090000000001
0.7646310000000001
0.766972
0.772205
0.7765529999999999
0.779926
0.782569
0.784543
0.785672
0.785629
0.7864270000000001
0.788359
0.789246
0.788932
0.787554
0.788022
0.791588
0.795295
0.7978569999999999
0.79942
0.800131
0.799976
0.798829
0.796502
0.792886
0.790641
0.790427
0.789812
0.788297
0.7869229999999999
0.788853
0.79279
0.795225
0.796171
0.795918
0.7946340000000001
0.792419
0.7892979999999999
0.787718
0.788136
0.7881630000000001
0.787407
0.7858350000000001
0.786816
0.7908649999999999
0.7944060000000001
0.796864
0.798357
0.798796
0.797985
0.79571
0.791863
0.788799
0.787239
0.785315
0.7828729999999999
0.7800239999999999
0.7797649999999999
0.783027
0.786412
0.788516
0.789338
0.789018
0.7876890000000001
0.78537
0.782072
0.7803439999999999
0.7807390000000001
0.78092
0.780506
0.779456
0.781688
0.787137
0.79152
0.79473
0.797024
0.798515
0.7991229999999999
0.798602
0.796762
0.796057
0.7970229999999999
0.797345
0.796683
0.7950550000000001
0.7964180000000001
0.801198
0.8052819999999999
0.808146
0.8098810000000001
0.810501
0.809868
0.807793
0.804194
0.801643
0.800826
0.799574
0.797571
0.794747
0.7951010000000001
0.798585
0.800908
0.802085
0.802431
0.802041
0.800859
0.798763
0.795633
0.793892
0.7939470000000001
0.793299
0.791493
0.788557
0.78881
0.792454
0.795149
0.7967609999999999
0.7975
0.797446
0.796597
0.79486
0.7921699999999999
0.790999
0.791875
0.792428
0.792162
0.790926
0.7924180000000001
0.7968350000000001
0.800077
0.801809
0.8023140000000001
0.801754
0.800197
0.797628
0.794076
0.7922100000000001
0.792597
0.7927420000000001
0.792141
0.7908729999999999
0.7928810000000001
0.797986
0.801887
0.804359
0.805611
0.805823
0.8049569999999999
0.802769
0.8014479999999999
0.8014789999999999
0.800783
0.799288
0.797192
0.7972319999999999
0.800701
0.8047380000000001
0.807804
0.809815
0.810728
0.8104520000000001
0.808845
0.805825
0.803771
0.803271
0.802227
0.8003779999999999
0.797737
0.7970079999999999
0.7994899999999999
0.802272
0.803944
0.804747
0.804924
0.804487
0.803291
0.801172
0.800374
0.801316
0.801761
0.801327
0.799895
0.800479
0.804077
0.807546
0.8099850000000001
0.8116680000000001
0.812702
0.812974
0.812263
0.810363
0.809554
0.8103199999999999
0.810411
0.809439
0.8074279999999999
0.80762
0.811096
0.814521
0.816729
0.817865
0.8180810000000001
0.81742
0.815775
0.813013
0.811585
0.812012
0.811918
0.810846
0.808714
0.808916
0.812184
0.814991
0.816689
0.817527
0.817576
0.816764
0.814908
0.811871
0.81012
0.810236
0.8099430000000001
0.808894
0.8070689999999999
0.807811
0.811865
0.815574
0.817923
0.819054
0.8191729999999999
0.818284
0.816214
0.812873
0.810739
0.810471
0.8099529999999999
0.808854
0.807064
0.8078569999999999
0.812006
0.815924
0.81865
0.82029
0.820883
0.820315
0.818462
0.815325
0.813375
0.813104
0.812221
0.8104060000000001
0.807742
0.808076
0.812136
0.81608
0.819191
0.821544
0.8230559999999999
0.823484
0.822544
0.820048
0.818524
0.818671
0.818241
0.816842
0.8144600000000001
0.814913
0.818828
0.8223370000000001
0.824825
0.8263879999999999
0.827059
0.826783
0.8254299999999999
0.8228719999999999
0.8215530000000001
0.8219129999999999
0.82147
0.819845
0.817159
0.817326
0.820845
0.823701
0.8253229999999999
0.825926
0.8257040000000001
0.8246629999999999
0.8226620000000001
0.8196030000000001
0.817995
0.8183199999999999
0.81813
0.817021
0.814958
0.815874
0.8200850000000001
0.8234309999999999
0.82545
0.826253
0.8259209999999999
0.8244389999999999
0.8217559999999999
0.817937
0.8156329999999999
0.8154140000000001
0.814905
0.813728
0.811822
0.8132119999999999
0.817967
0.8215969999999999
0.823774
0.8248030000000001
0.824815
0.823684
0.821212
0.8173229999999999
0.814699
0.814059
0.813082
0.811399
0.809128
0.8104680000000001
0.815339
0.8192219999999999
0.821831
0.823249
0.823456
0.822392
0.8200290000000001
0.816331
0.813934
0.813461
0.812504
0.810743
0.808652
0.8102159999999999
0.815034
0.818856
0.8214809999999999
0.823034
0.823521
0.822845
0.8208280000000001
0.817332
0.8150569999999999
0.814699
0.813811
0.811974
0.809673
0.8107479999999999
0.8147449999999999
0.8176760000000001
0.819475
0.8203299999999999
0.820304
0.819319
0.817184
0.813758
0.811662
0.811394
0.81045
0.808573
0.80645
0.807701
0.811612
0.814237
0.815561
0.815936
0.8155
0.814153
0.811735
0.808193
0.806241
0.806399
0.806028
0.804624
0.8028609999999999
0.8043130000000001
0.808298
0.811042
0.81242
0.81267
0.8119149999999999
0.810154
0.807372
0.803573
0.801505
0.801747
0.801683
0.8007920000000001
0.799952
0.802439
0.8071649999999999
0.810537
0.8125640000000001
0.81347
0.8132520000000001
0.811813
0.809092
0.805168
0.802978
0.8031520000000001
0.803006
0.802048
0.801467
0.804407
0.809528
0.8133090000000001
0.815571
0.816411
0.815918
0.81418
0.811176
0.806859
0.80407
0.803416
0.802289
0.80035
0.799034
0.801409
0.806036
0.809575
0.811854
0.812956
0.812874
0.811484
0.808607
0.8042159999999999
0.80124
0.800299
0.79871
0.796076
0.793914
0.7953359999999999
0.7989850000000001
0.801676
0.803307
0.804036
0.803897
0.802769
0.800454
0.799362
0.799854
0.79945
0.797933
0.795403
0.795949
0.7996310000000001
0.802167
0.803497
0.803928
0.803608
0.8025329999999999
0.800612
0.797737
0.796377
0.796977
0.797054
0.7961779999999999
0.794582
0.796157
0.800616
0.803723
0.805305
0.805664
0.805049
0.803583
0.801298
0.798201
0.796975
0.798113
0.798963
0.798988
0.798871
0.8019649999999999
0.80729
0.8110069999999999
0.813078
0.813916
0.8137270000000001
0.812431
0.809832
0.805797
0.80305
0.802294
0.801094
0.799082
0.7971550000000001
0.7988109999999999
0.80313
0.806318
0.80818
0.808818
0.8083
0.806633
0.803657
0.7991729999999999
0.795887
0.794484
0.7925800000000001
0.789937
0.787841
0.789387
0.793289
0.796233
0.798177
0.7992739999999999
0.799505
0.798686
0.796561
0.793032
0.790906
0.79078
0.790049
0.7883180000000001
0.786799
0.788745
0.793061
0.796424
0.798802
0.8003899999999999
0.801182
0.800978
0.799539
0.796734
0.795248
0.795582
0.7951560000000001
0.793658
0.792428
0.794579
0.798796
0.801759
0.803487
0.804304
0.804321
0.8034140000000001
0.801407
0.798189
0.796514
0.796878
0.796497
0.7948350000000001
0.793565
0.795737
0.799779
0.802575
0.804031
0.804373
0.803769
0.802222
0.799579
0.798255
0.7987
0.798502
0.797349
0.7952520000000001
0.796331
0.800603
0.803619
0.805193
0.805573
0.804868
0.803053
0.800082
0.795926
0.793145
0.792396
0.791445
0.7900020000000001
0.788283
0.79018
0.795285
0.799122
0.801445
0.8024439999999999
0.8022100000000001
0.8007810000000001
0.7982100000000001
0.794521
0.792323
0.792145
0.791518
0.790132
0.788868
0.791293
0.796558
0.800812
0.80392
0.80606
0.807242
0.807248
0.805721
0.802481
0.800281
0.799775
0.798471
0.796013
0.7934100000000001
0.7943939999999999
0.798261
0.8012739999999999
0.8032560000000001
0.804359
0.8046300000000001
0.803917
0.804242
0.805817
0.806333
0.805487
0.8034789999999999
0.8024439999999999
0.804387
0.807288
0.809083
0.809826
0.809716
0.810527
0.812678
0.814595
0.8159069999999999
0.816565
0.816617
0.816133
0.818029
0.822659
0.826707
0.829332
0.830567
0.8305899999999999
0.829601
0.829235
0.8299340000000001
0.8304790000000001
0.830885
0.831359
0.831907
0.8323309999999999
0.8354940000000001
0.8414459999999999
0.846548
0.850147
0.8523940000000001
0.8536309999999999
0.854224
0.855844
0.858649
0.860907
0.8622340000000001
0.8626969999999999
0.8624120000000001
0.8614719999999999
0.8631540000000001
0.8673200000000001
0.8705149999999999
0.8728370000000001
0.874556
0.8756959999999999
0.876022
0.876755
0.8779809999999999
0.8781559999999999
0.877084
0.874909
0.87182
0.868274
0.867516
0.869288
0.8703629999999999
0.870815
0.870892
0.87059
0.8711840000000001
0.8727290000000001
0.873649
0.873705
0.873074
0.8720030000000001
0.870519
0.8705780000000001
0.8732280000000001
0.876209
0.878347
0.8799379999999999
0.881233
0.8822139999999999
0.884086
0.886959
0.889447
0.891402
0.8929290000000001
0.8940030000000001
0.894367
0.894777
0.8977299999999999
0.902365
0.906223
0.9093829999999999
0.911977
0.9139120000000001
0.9164479999999999
0.919924
0.9231389999999999
0.9259209999999999
0.9282459999999999
0.929953
0.9307200000000001
0.9309860000000001
0.933524
0.937792
0.941132
0.943775
0.945882
0.947293
0.947781
0.948833
0.95075
0.9520299999999999
0.952498
0.9521440000000001
0.950845
0.9485290000000001
0.9481850000000001
0.9509780000000001
0.954044
0.9562799999999999
0.957607
0.9579549999999999
0.9571569999999999
0.956692
0.956957
0.956571
0.955384
0.9535049999999999
0.95105
0.948031
0.9465290000000001
0.9482370000000001
0.9510149999999999
0.953001
0.953976
0.953801
0.9523790000000001
0.9512889999999999
0.9511040000000001
0.9505629999999999
0.949427
0.9476969999999999
0.945358
0.942349
0.9404520000000001
0.941943
0.945175
0.947896
0.9499629999999999
0.951324
0.9531940000000001
0.955765
0.95773
0.9589209999999999
0.959456
0.9593700000000001
0.958608
0.9571379999999999
0.958202
0.962341
0.966247
0.9693930000000001
0.9718549999999999
0.973583
0.9744889999999999
0.976136
0.978842
0.9810209999999999
0.9823360000000001
0.9827469999999999
0.9822709999999999
0.980949
0.981193
0.9845309999999999
0.988535
0.991585
0.993633
0.994725
0.9949120000000001
0.9959120000000001
0.9980540000000001
0.9996879999999999
1.000544
1.000632
0.999948
0.99844
0.998401
1.001463
1.005242
1.007932
1.0094040000000002
1.0096450000000001
1.008606
1.0079280000000002
1.008137
1.0078799999999999
1.006994
1.005567
1.00367
1.001225
0.999431
1.00053
1.003002
1.004319
1.0045680000000001
1.003916
1.0023600000000001
1.001509
1.0017479999999999
1.0015690000000002
1.0007780000000002
0.9995450000000001
0.9979520000000001
0.995898
0.9947010000000001
0.9966379999999999
1.000198
1.00286
1.0045309999999998
1.005223
1.00492
1.00528
1.006694
1.00767
1.0080209999999998
1.007815
1.007025
1.005543
1.004617
1.006713
1.010498
1.013369
1.015267
1.016202
1.016073
1.0164799999999998
1.017845
1.01875
1.019017
1.018615
1.017477
1.015503
1.014438
1.0162579999999999
1.019177
1.021216
1.0223719999999998
1.022649
1.021982
1.022097
1.023333
1.023986
1.023793
1.022856
1.021306
1.019088
1.018119
1.020134
1.022995
1.0247680000000001
1.0254729999999999
1.0252940000000001
1.024327
1.022545
1.021931
1.022952
1.023696
1.023735
1.022935
1.021198
1.018646
1.0191370000000002
1.0225790000000001
1.0249979999999999
1.026366
1.0268540000000002
1.02646
1.025176
1.025072
1.026537
1.027523
1.0276399999999999
1.02688
1.025201
1.022491
1.022577
1.025683
1.0279120000000002
1.029104
1.029335
1.028605
1.026846
1.0259719999999999
1.026426
1.02647
1.025933
1.024841
1.0231379999999999
1.020693
1.021168
1.024664
1.0271299999999999
1.028361
1.028685
1.028232
1.0269139999999999
1.0266620000000002
1.02788
1.028627
1.02859
1.027862
1.0264870000000001
1.0243149999999999
1.025124
1.029053
1.0320639999999999
1.033966
1.034845
1.034664
1.0333729999999999
1.0329959999999998
1.033947
1.0343120000000001
1.033844
1.03261
1.0305549999999999
1.027579
1.027628
1.030985
1.033609
1.035267
1.0361040000000001
1.03607
1.034964
1.034638
1.035419
1.035406
1.034442
1.032637
1.029976
1.026529
1.026151
1.028776
1.03045
1.031245
1.031383
1.030826
1.029412
1.029036
1.029979
1.0301790000000002
1.029298
1.027444
1.0247540000000002
1.021519
1.021348
1.023939
1.025484
1.025967
1.025586
1.0244469999999999
1.022514
1.0217120000000002
1.022399
1.02264
1.0221559999999998
1.0209290000000002
1.018839
1.016299
1.01672
1.0196530000000001
1.021592
1.022522
1.022618
1.021867
1.020096
1.0193159999999999
1.020057
1.020438
1.020186
1.019331
1.017819
1.016486
1.0182639999999998
1.0220719999999999
1.0246709999999999
1.026095
1.0265799999999998
1.026119
1.024532
1.023863
1.024541
1.0245309999999999
1.023606
1.021945
1.0196040000000002
1.017796
1.019293
1.022764
1.025226
1.026606
1.026923
1.026126
1.024176
1.0231860000000002
1.023531
1.023152
1.0218180000000001
1.0196290000000001
1.016628
1.0142930000000001
1.0153590000000001
1.018324
1.020313
1.021323
1.021427
1.020497
1.0183200000000001
1.01693
1.016836
1.016174
1.014751
1.012612
1.0097450000000001
1.007616
1.008704
1.0114239999999999
1.013204
1.014148
1.014338
1.01369
1.012032
1.011393
1.0121360000000001
1.012147
1.011109
1.009128
1.006329
1.004649
1.006281
1.009241
1.011179
1.012089
1.01207
1.011153
1.011276
1.012715
1.013526
1.013476
1.0126190000000002
1.010912
1.008366
1.008769
1.012084
1.014306
1.01528
1.0151569999999999
1.0140200000000001
1.011867
1.010702
1.0110190000000001
1.010998
1.010377
1.0092020000000002
1.007448
1.005484
1.006545
1.0099280000000002
1.011943
1.012649
1.012411
1.011362
1.009428
1.008604
1.0092780000000001
1.009447
1.008883
1.007793
1.0062389999999999
1.005128
1.007284
1.011534
1.01468
1.016651
1.017517
1.017182
1.015512
1.014592
1.014916
1.014576
1.013393
1.011477
1.008793
1.006361
1.007183
1.010171
1.012211
1.01332
1.013617
1.012982
1.011153
1.010117
1.010337
1.009915
1.008648
1.006536
1.003509
1.001233
1.002082
1.0043879999999998
1.0058690000000001
1.006658
1.006781
1.0060950000000002
1.004422
1.003823
1.004683
1.004916
1.004222
1.002687
1.000373
0.998915
1.0005879999999998
1.003628
1.005559
1.0063819999999999
1.006219
1.005161
1.003204
1.002507
1.003577
1.004376
1.004493
1.003792
1.0020879999999999
1.001021
1.002879
1.005954
1.007965
1.008979
1.009103
1.008263
1.0062719999999998
1.00532
1.0059879999999999
1.006209
1.005632
1.004282
1.002139
1.001379
1.003835
1.007109
1.00921
1.010289
1.0104229999999998
1.009448
1.007187
1.005863
1.006005
1.0055889999999998
1.004464
1.002705
1.000181
0.9990610000000001
1.001142
1.003991
1.0056040000000002
1.006003
1.005255
1.00339
1.000459
0.998732
0.998658
0.9981030000000001
0.9967239999999999
0.994476
0.991339
0.9899040000000001
0.9919120000000001
0.9947520000000001
0.9966510000000001
0.997657
0.99774
0.996726
0.996499
0.997359
0.9973989999999999
0.996541
0.9949680000000001
0.992715
0.990374
0.9912299999999999
0.9945649999999999
0.996841
0.9980979999999999
0.998518
0.9980979999999999
0.9967940000000001
0.9965809999999999
0.997768
0.998337
0.997964
0.996625
0.994288
0.991992
0.9926879999999999
0.995274
0.99669
0.997042
0.996548
0.9953280000000001
0.993423
0.992898
0.994058
0.99479
0.994741
0.993868
0.992065
0.9909100000000001
0.9926780000000001
0.9956809999999999
0.997558
0.9983209999999999
0.998051
0.996726
0.9942219999999999
0.9926290000000001
0.9925229999999999
0.9920180000000001
0.990865
0.9891129999999999
0.986735
0.985458
0.987308
0.990218
0.991816
0.9922059999999999
0.991641
0.990133
0.987509
0.985906
0.9857870000000001
0.985044
0.9834459999999999
0.981208
0.978389
0.977434
0.979916
0.9832219999999999
0.985641
0.9871969999999999
0.98787
0.9874729999999999
0.9878620000000001
0.9894120000000001
0.9902129999999999
0.9900329999999999
0.9890120000000001
0.9872040000000001
0.9848879999999999
0.9855780000000001
0.9890040000000001
0.9914850000000001
0.9929520000000001
0.993599
0.9934719999999999
0.9924540000000001
0.992325
0.993358
0.9936440000000001
0.992984
0.9915649999999999
0.989381
0.9866969999999999
0.9868610000000001
0.9893870000000001
0.9906799999999999
0.990873
0.9903639999999999
0.989301
0.98759
0.9871270000000001
0.988218
0.988826
0.9885780000000001
0.9874440000000001
0.985416
0.983615
0.984891
0.98806
0.990132
0.991193
0.991402
0.9907239999999999
0.98906
0.988324
0.9888600000000001
0.988778
0.9878899999999999
0.986289
0.9839100000000001
0.9817110000000001
0.982442
0.984985
0.9864959999999999
0.987065
0.986793
0.9856219999999999
0.9833729999999999
0.982015
0.982028
0.981599
0.98055
0.9788959999999999
0.976562
0.9753629999999999
0.9773209999999999
0.9803870000000001
0.9823350000000001
0.9832129999999999
0.983151
0.982194
0.982192
0.983395
0.9839469999999999
0.983669
0.982658
0.9809770000000001
0.978641
0.979341
0.9831610000000001
0.986166
0.988132
0.9891459999999999
0.989143
0.987966
0.987302
0.9875290000000001
0.9870969999999999
0.985943
0.9841840000000001
0.981819
0.978675
0.978411
0.9811629999999999
0.983087
0.984176
0.984656
0.9845510000000001
0.9837100000000001
0.983856
0.9852299999999999
0.9858950000000001
0.9855959999999999
0.984482
0.982567
0.980216
0.980749
0.9837610000000001
0.985872
0.9871780000000001
0.9879319999999999
0.9881049999999999
0.9874069999999999
0.987504
0.988717
0.989238
0.988816
0.987468
0.985124
0.982281
0.9824129999999999
0.98506
0.986715
0.9873629999999999
0.9871139999999999
0.9858600000000001
0.983477
0.982057
0.982166
0.981966
0.981203
0.979875
0.977825
0.9760969999999999
0.977281
0.980067
0.981719
0.98241
0.982301
0.9813049999999999
0.981137
0.982073
0.9823440000000001
0.981792
0.98062
0.978917
0.9766100000000001
0.976562
0.97964
0.982728
0.984765
0.985759
0.985742
0.9847440000000001
0.984459
0.985166
0.985251
0.984606
0.983355
0.981509
0.978991
0.978743
0.981575
0.984332
0.986143
0.9871610000000001
0.9874149999999999
0.986784
0.9869700000000001
0.98834
0.989239
0.9894350000000001
0.988908
0.987614
0.9854200000000001
0.9859
0.9893860000000001
0.992266
0.994397
0.995898
0.9966729999999999
0.996491
0.996973
0.9983639999999999
0.9988670000000001
0.9982629999999999
0.9967280000000001
0.994449
0.991403
0.9911629999999999
0.99406
0.9962850000000001
0.9974069999999999
0.997516
0.996654
0.994749
0.9936440000000001
0.9937940000000001
0.9934729999999999
0.9924280000000001
0.990635
0.987986
0.9845969999999999
0.984232
0.9867959999999999
0.988426
0.989057
0.988873
0.9878790000000001
0.9859889999999999
0.985115
0.9856889999999999
0.9858709999999999
0.98535
0.9841530000000001
0.982243
0.9797290000000001
0.980176
0.983361
0.9855430000000001
0.986775
0.9872190000000001
0.986816
0.985456
0.984973
0.9857530000000001
0.9860549999999999
0.98574
0.9849319999999999
0.983592
0.9819959999999999
0.9835299999999999
0.987712
0.9908049999999999
0.99269
0.993458
0.9931450000000001
0.9917879999999999
0.9913780000000001
0.9923209999999999
0.9927540000000001
0.9923930000000001
0.9912299999999999
0.9892559999999999
0.987355
0.988691
0.992417
0.9952700000000001
0.997199
0.998238
0.998237
0.996967
0.9963559999999999
0.996935
0.996884
0.995916
0.9940899999999999
0.99145
0.988848
0.989383
0.99224
0.9942200000000001
0.99523
0.995317
0.994441
0.99431
0.9952030000000001
0.9953879999999999
0.994618
0.993007
0.9906959999999999
0.9876659999999999
0.986144
0.987542
0.989417
0.990202
0.990016
0.9891
0.9875649999999999
0.9871
0.987994
0.9885709999999999
0.9885430000000001
0.987874
0.986469
0.9841340000000001
0.983512
0.9858540000000001
0.988419
0.9900190000000001
0.990784
0.9907860000000001
0.989934
0.989981
0.99135
0.9923629999999999
0.992766
0.992606
0.9918620000000001
0.990346
0.99129
0.9950530000000001
0.998084
1.000011
1.0010059999999998
1.001003
0.9998440000000001
0.999338
0.9998809999999999
0.99977
0.998914
0.9974770000000001
0.9954290000000001
0.9925870000000001
0.9925940000000001
0.995663
0.997871
0.9989239999999999
0.998923
0.997891
0.9958239999999999
0.994612
0.9946370000000001
0.994125
0.992869
0.9909049999999999
0.9882219999999999
0.98513
0.9852790000000001
0.988434
0.9908530000000001
0.9924649999999999
0.993325
0.9933
0.9921760000000001
0.991719
0.992375
0.9925200000000001
0.9920040000000001
0.9908610000000001
0.9890450000000001
0.9864850000000001
0.986876
0.990218
0.9926709999999999
0.9942469999999999
0.995087
0.9951610000000001
0.99435
0.9944459999999999
0.9957790000000001
0.9964790000000001
0.9962719999999999
0.995265
0.9934299999999999
0.990778
0.9909969999999999
0.99405
0.996158
0.9973270000000001
0.9977950000000001
0.997583
0.9982850000000001
1.000086
1.001257
1.0015479999999999
1.000969
0.9994780000000001
0.9969959999999999
0.995554
0.997042
0.999442
1.000894
1.0014459999999998
1.001161
0.999958
0.9994860000000001
1.0001659999999999
1.0005030000000001
1.000345
0.9997540000000001
0.9986719999999999
0.9968450000000001
0.9961559999999999
0.9981530000000001
1.000594
1.001825
1.002102
1.001628
1.0003950000000001
1.000134
1.001176
1.001787
1.001709
1.001026
0.9997370000000001
0.9976809999999999
0.997382
1.0000799999999999
1.0030649999999999
1.005023
1.005963
1.005903
1.004821
1.004419
1.004967
1.0047780000000002
1.0037120000000002
1.001914
0.9994639999999999
0.9963780000000001
0.995541
0.9979370000000001
1.000518
1.002162
1.0029
1.002665
1.001275
1.0004549999999999
1.000646
1.000277
0.999199
0.9974559999999999
0.995042
0.991849
0.9911909999999999
0.99364
0.995827
0.99734
0.9983190000000001
0.998717
0.9983479999999999
0.998868
1.0005
1.001379
1.001219
1.000137
0.9982840000000001
0.9956430000000001
0.995609
0.998751
1.001531
1.0033450000000002
1.004265
1.004328
1.00348
1.0035180000000001
1.004842
1.005734
1.0059209999999998
1.005357
1.00391
1.001442
1.0015610000000001
1.004722
1.007184
1.00852
1.0089110000000001
1.0084
1.006924
1.006397
1.007263
1.007676
1.0072809999999999
1.006071
1.004026
1.001032
1.000844
1.003685
1.00569
1.006775
1.007087
1.006542
1.004988
1.004203
1.004521
1.004185
1.0030860000000001
1.001419
0.9992190000000001
0.9963709999999999
0.996642
1.000103
1.002623
1.003918
1.004074
1.003152
1.001227
1.000238
1.000602
1.0005549999999999
0.999818
0.9983559999999999
0.9961110000000001
0.993196
0.993416
0.9966659999999999
0.999
1.000361
1.000868
1.00044
1.0006709999999999
1.001845
1.002381
1.0020950000000002
1.001011
0.999157
0.996559
0.995252
0.9969969999999999
0.999726
1.001603
1.002592
1.00268
1.001815
1.001668
1.002514
1.002677
1.001973
1.000584
0.998676
0.996167
0.9953209999999999
0.997476
1.000075
1.001603
1.002175
1.002019
1.0012299999999998
1.001573
1.003342
1.00474
1.005414
1.005282
1.004241
1.0021229999999999
1.00179
1.004376
1.007013
1.0087190000000001
1.009624
1.0097209999999999
1.008812
1.008564
1.009375
1.009615
1.009101
1.007945
1.006192
1.0037049999999998
1.003319
1.0058340000000001
1.008132
1.009355
1.0096120000000002
1.008842
1.0069110000000001
1.00567
1.005581
1.004993
1.0038200000000002
1.0021959999999999
1.0000440000000002
0.9971389999999999
0.9968799999999999
0.999698
1.001948
1.003159
1.003428
1.002792
1.001248
1.0005979999999999
1.0011709999999998
1.001218
1.000505
0.9990459999999999
0.996822
0.9938299999999999
0.9936870000000001
0.996886
0.9997790000000001
1.0018770000000001
1.003182
1.003542
1.002742
1.00253
1.003378
1.003719
1.003387
1.0023950000000001
1.000687
0.998101
0.9982559999999999
1.001416
1.003806
1.005256
1.005929
1.00583
1.004873
1.004903
1.0062360000000001
1.006937
1.006702
1.00563
1.0037049999999998
1.000939
1.001083
1.004116
1.006182
1.007252
1.007544
1.007088
1.005719
1.005224
1.005974
1.0061440000000001
1.005459
1.003925
1.001493
0.998318
0.998235
1.001131
1.0030430000000001
1.0038770000000001
1.003757
1.002637
1.0004520000000001
0.999236
0.999549
0.999606
0.9991120000000001
0.9980399999999999
0.996245
0.9937739999999999
0.994143
0.997075
0.998848
0.9995709999999999
0.9994790000000001
0.9985719999999999
0.998555
0.999699
1.0002469999999999
0.999958
0.9989680000000001
0.997366
0.9951129999999999
0.994275
0.9965
0.999532
1.001509
1.0023790000000001
1.002214
1.00109
1.000735
1.001403
1.001421
1.0006760000000001
0.9993290000000001
0.997451
0.9950100000000001
0.994549
0.997187
1.000104
1.001983
1.0029270000000001
1.002989
1.002084
1.001942
1.002934
1.003411
1.003164
1.002212
1.000546
0.9980450000000001
0.9977719999999999
1.000444
1.002909
1.0046030000000001
1.005688
1.006135
1.005739
1.0060930000000001
1.0073889999999999
1.007789
1.0070459999999999
1.0053299999999998
1.002839
0.999568
0.998771
1.001099
1.003126
1.0041579999999999
1.004306
1.003638
1.0020799999999999
1.001427
1.002068
1.002254
1.001732
1.000473
0.998351
0.9952200000000001
0.9949399999999999
0.9977229999999999
0.9995940000000001
1.00043
1.000461
0.999726
0.998141
0.997585
0.998481
0.9989889999999999
0.998785
0.997877
0.996209
0.993603
0.9937790000000001
0.996906
0.9991049999999999
1.0003440000000001
1.000799
1.000406
0.9990370000000001
0.9984959999999999
0.9991530000000001
0.9992709999999999
0.9987290000000001
0.9976790000000001
0.9960969999999999
0.9938600000000001
0.9947530000000001
0.9987219999999999
1.001634
1.00334
1.00394
1.003477
1.001991
1.001441
1.0022309999999999
1.002536
1.00207
1.000804
0.998692
0.9960709999999999
0.996605
1.000019
1.002578
1.004226
1.005039
1.004887
1.0035459999999998
1.002901
1.003457
1.003408
1.0024549999999999
1.000638
0.9979979999999999
0.994981
0.995099
0.9980020000000001
1.000092
1.001234
1.001452
1.000685
0.998827
0.997778
0.997928
0.997408
0.9960200000000001
0.993942
0.991194
0.988275
0.988484
0.9912059999999999
0.9929110000000001
0.9935620000000001
0.993403
0.992524
0.992656
0.9940690000000001
0.995002
0.995138
0.994432
0.9928309999999999
0.9902620000000001
0.989216
0.9911770000000001
0.9936510000000001
0.9951909999999999
0.995868
0.9957280000000001
0.994677
0.9944059999999999
0.995295
0.99572
0.995492
0.994717
0.9934200000000001
0.9914370000000001
0.9915510000000001
0.994524
0.997236
0.998859
0.999566
0.999383
0.99825
0.9980120000000001
0.9990479999999999
0.999607
0.999533
0.9989299999999999
0.9977209999999999
0.9956870000000001
0.9963190000000001
0.9998959999999999
1.0026329999999999
1.00419
1.0047030000000001
1.004226
1.002746
1.002046
1.0024389999999999
1.0021799999999998
1.001068
0.999167
0.9965200000000001
0.9931459999999999
0.992808
0.9957790000000001
0.99818
0.99969
1.000346
1.0000040000000001
0.9984350000000001
0.99741
0.997397
0.9968040000000001
0.9955200000000001
0.993619
0.9910889999999999
0.9879950000000001
0.9879399999999999
0.990784
0.992778
0.9939520000000001
0.994458
0.994273
0.9932639999999999
0.993209
0.9944040000000001
0.994951
0.994606
0.993503
0.991624
0.995301
1.045576
1.130678
1.207617
1.279909
1.347589
1.410617
1.4692290000000001
1.523614
1.573661
1.61919
1.660004
1.695788
1.724309
1.7332509999999999
1.701813
1.650425
1.612124
1.584817
1.5634780000000001
1.547109
1.5352290000000002
1.5326549999999999
1.540165
1.551297
1.563917
1.578674
1.600025
1.640255
1.70711
1.778132
1.8346069999999999
1.884127
1.9281549999999998
1.963453
1.990623
2.0109779999999997
2.025598
2.035072
2.039416
2.037195
2.022985
1.991529
1.944639
1.9000720000000002
1.870064
1.85135
1.842502
1.841805
1.847241
1.8599029999999999
1.8786669999999999
1.899573
1.9224150000000002
1.9497369999999998
1.987371
2.040202
2.100796
2.150631
2.183663
2.207039
2.2213
2.224749
2.21968
2.208723
2.194128
2.177221
2.157852
2.133517
2.10422
2.069907
2.0360970000000003
2.0161830000000003
2.013106
2.0224330000000004
2.041127
2.068193
2.103878
2.142948
2.179423
2.212196
2.24194
2.271185
2.302705
2.334212
2.355587
2.3575049999999997
2.34081
2.315281
2.285367
2.250086
2.211936
2.1734419999999997
2.1360200000000003
2.099839
2.063749
2.03119
2.0016439999999998
1.973683
1.956003
1.954248
1.9653610000000001
1.983702
2.009775
2.040205
2.066825
2.08704
2.100653
2.108802
2.113657
2.1175330000000003
2.120162
2.11809
2.105536
2.077914
2.0376369999999997
1.990607
1.94166
1.8950189999999998
1.853652
1.8220009999999998
1.800298
1.78377
1.7694880000000002
1.7556720000000001
1.7436099999999999
1.7385
1.7454470000000002
1.7645220000000001
1.79381
1.826811
1.8551380000000002
1.8752779999999998
1.885404
1.885288
1.876125
1.8643830000000001
1.853018
1.838766
1.819268
1.7906229999999999
1.7506509999999997
1.702207
1.655677
1.61732
1.585502
1.56043
1.542482
1.530667
1.523091
1.517695
1.517463
1.522716
1.5307870000000001
1.544071
1.5629709999999999
1.5833700000000002
1.601799
1.616069
1.621052
1.6134110000000002
1.5940159999999999
1.565124
1.529576
1.490126
1.4487379999999999
1.40561
1.35886
1.31115
1.264349
1.218433
1.1778309999999999
1.146909
1.131559
1.1299219999999999
1.134933
1.143937
1.15438
1.1639329999999999
1.171193
1.181174
1.195691
1.210115
1.221622
1.226168
1.224165
1.214601
1.193789
1.163181
1.125808
1.08476
1.042712
1.001477
0.9616620000000001
0.922686
0.8876299999999999
0.85725
0.829924
0.810552
0.8057529999999999
0.813808
0.828357
0.8461280000000001
0.8639479999999999
0.8789309999999999
0.88897
0.893123
0.891708
0.885966
0.882444
0.881401
0.874633
0.863532
0.847799
0.822411
0.78837
0.7493029999999999
0.7090850000000001
0.671137
0.6377970000000001
0.609833
0.586454
0.56599
0.552511
0.546992
0.551178
0.566604
0.587288
0.610251
0.632703
0.651561
0.6641060000000001
0.668416
0.663597
0.649907
0.6286069999999999
0.601344
0.574775
0.5493680000000001
0.524895
0.500347
0.469476
0.433896
0.397022
0.362047
0.331527
0.307044
0.288865
0.27595
0.27258000000000004
0.283411
0.30209
0.321554
0.341283
0.361762
0.381754
0.398751
0.41005
0.413386
0.407283
0.391341
0.36638899999999996
0.334323
0.303233
0.280974
0.26484
0.247994
0.22721100000000002
0.203199
0.17795
0.154093
0.13413
0.119781
0.11159200000000001
0.108873
0.11846199999999998
0.14385599999999998
0.17338199999999998
0.19866
0.21950300000000003
0.236815
0.25093000000000004
0.261178
0.266025
0.263685
0.252837
0.233055
0.20495100000000002
0.177398
0.16108
0.151003
0.139951
0.12828900000000001
0.11591099999999999
0.102311
0.08769199999999999
0.0734
0.061457000000000005
0.053646000000000006
0.050828
0.063128
0.094084
0.130295
0.163359
0.190869
0.21139899999999998
0.224741
0.23172199999999998
0.23328200000000002
0.229667
0.220246
0.204002
0.180288
0.149427
0.11309100000000001
0.083365
0.06878
0.060801999999999995
0.053671
0.048244999999999996
0.04464
0.042102999999999995
0.040115
0.038943
0.039418
0.042287
0.047613
0.064884
0.09688200000000001
0.129891
0.156468
0.17568599999999998
0.187007
0.190525
0.187352
0.17893199999999998
0.166191
0.149225
0.127621
0.101136
0.070371
0.047304
0.039909
0.039332
0.040139999999999995
0.04297
0.048594
0.056663
0.065998
0.07544
0.084374
0.092722
0.100599
0.117192
0.147569
0.179832
0.20512600000000003
0.22238899999999998
0.231573
0.23268000000000003
0.22616399999999998
0.21337199999999998
0.19614600000000001
0.176035
0.153897
0.13003900000000002
0.10474100000000001
0.088568
0.0893
0.098058
0.1084
0.120403
0.134209
0.149514
0.165599
0.18131
0.195356
0.20676399999999998
0.21510100000000001
0.220286
0.222137
0.226811
0.242009
0.25943099999999997
0.268785
0.270016
0.264228
0.252552
0.23649
0.217973
0.198769
0.179924
0.161734
0.144178
0.135642
0.143519
0.159935
0.177849
0.19708900000000001
0.21734299999999998
0.237792
0.257362
0.274776
0.288663
0.297926
0.302051
0.301082
0.29534699999999997
0.285283
0.277528
0.279001
0.283517
0.283139
0.277474
0.268177
0.256842
0.24507800000000002
0.23438299999999998
0.225663
0.218977
0.213774
0.209325
0.21158200000000002
0.228582
0.253853
0.278698
0.302415
0.324359
0.343528
0.358827
0.369243
0.37401999999999996
0.372854
0.36595300000000003
0.353903
0.337496
0.317664
0.301502
0.296112
0.29630100000000004
0.294867
0.291154
0.286774
0.283066
0.281049
0.281325
0.283815
0.287731
0.29187399999999997
0.294984
0.30245
0.32055300000000003
0.34449
0.367028
0.38571
0.399949
0.40919099999999997
0.412998
0.411236
0.404154
0.392333
0.37656300000000004
0.357743
0.336835
0.314872
0.298807
0.295601
0.30030300000000004
0.305796
0.31104
0.317025
0.324256
0.33276100000000003
0.342156
0.351608
0.359933
0.365846
0.36818
0.366111
0.365954
0.37385
0.386675
0.398017
0.403967
0.404545
0.400109
0.391246
0.378936
0.36436599999999997
0.348595
0.332415
0.316411
0.300933
0.292175
0.29684099999999997
0.31009699999999996
0.324777
0.339388
0.35415
0.368721
0.382285
0.393811
0.402198
0.40641
0.405643
0.399499
0.38816
0.378792
0.377772
0.382357
0.38644
0.386164
0.381924
0.37446
0.364668
0.353667
0.34255599999999997
0.332098
0.322628
0.314102
0.306144
0.304596
0.315888
0.33505999999999997
0.354749
0.37285799999999997
0.38918200000000003
0.403077
0.413591
0.41980500000000004
0.42098199999999997
0.41663599999999995
0.40663699999999997
0.391353
0.371703
0.349045
0.33105
0.324776
0.325804
0.326962
0.326006
0.323754
0.320997
0.318382
0.31642
0.315303
0.314754
0.31405500000000003
0.312221
0.314643
0.327226
0.345398
0.362425
0.37609499999999996
0.386226
0.392373
0.393991
0.390714
0.38246199999999997
0.369437
0.352169
0.331574
0.30894499999999997
0.285815
0.269783
0.268806
0.276555
0.284111
0.290408
0.296047
0.30134099999999997
0.306394
0.311177
0.315392
0.318373
0.31916100000000003
0.316673
0.316452
0.324866
0.33767600000000003
0.34824299999999997
0.35446300000000003
0.356364
0.353952
0.347326
0.336867
0.323196
0.307056
0.289269
0.270759
0.252553
0.242042
0.247865
0.262921
0.27708499999999997
0.289392
0.300261
0.309789
0.317846
0.324211
0.328497
0.33009299999999997
0.328259
0.322287
0.311662
0.30288200000000004
0.303834
0.310356
0.31504499999999996
0.315963
0.31334
0.30743899999999996
0.298687
0.287819
0.275733
0.263271
0.25112199999999996
0.23982699999999998
0.229713
0.227169
0.23998200000000003
0.260374
0.27825300000000003
0.293082
0.305225
0.314668
0.32117399999999996
0.324457
0.32415
0.319798
0.31096399999999996
0.297426
0.279383
0.26403699999999997
0.260511
0.264123
0.266575
0.26660500000000004
0.264572
0.260762
0.255562
0.24956799999999998
0.24342399999999997
0.237598
0.2323
0.227481
0.22924299999999997
0.245146
0.267373
0.285919
0.300229
0.310723
0.317575
0.320824
0.320466
0.31642
0.308512
0.296597
0.280729
0.26134
0.239494
0.22314699999999998
0.22209600000000002
0.22965100000000002
0.23589899999999997
0.240459
0.243729
0.24590599999999999
0.247229
0.24803499999999998
0.24855100000000002
0.24870599999999998
0.24809299999999998
0.24595999999999998
0.24768099999999998
0.260179
0.276756
0.288918
0.29634099999999997
0.299708
0.299466
0.295892
0.28922
0.279625
0.2672
0.25207399999999996
0.23460599999999998
0.215596
0.20310699999999998
0.206656
0.21915199999999999
0.23067
0.240564
0.24904600000000002
0.256076
0.261617
0.265745
0.268487
0.26966799999999996
0.268882
0.265516
0.25876
0.254367
0.260211
0.270556
0.27712800000000004
0.27952899999999997
0.278575
0.274805
0.26861
0.260395
0.250535
0.23929299999999998
0.22690700000000003
0.213754
0.20043
0.187615
0.175683
0.164375
0.153085
0.141375
0.12903
0.115933
0.102017
0.08720399999999999
0.07134700000000001
0.05418099999999999
0.035298
0.014147
-0.006469
-0.021133000000000002
-0.028239
-0.029307999999999997
-0.026151
-0.02072
-0.014733000000000001
-0.009386
-0.005311
-0.002647
-0.00117
-0.000454
-2e-05
0.000571
0.0017059999999999998
0.0036229999999999995
0.00611
0.008491
0.010128
0.010778
0.010517
0.009577
0.008227
0.008712000000000001
0.010648000000000001
0.010613
0.008119
0.004171
-0.000131
-0.004141
-0.007531
-0.009885
-0.011008
-0.011039
-0.01029
-0.009085
-0.007669
-0.00613
-0.0045
-0.002893
-0.001394
9.6e-05
0.001789
0.0037670000000000004
0.005790999999999999
0.007451999999999999
0.008486
0.008869
0.008707
0.008137
0.007254999999999999
0.006092
0.004706
0.003232
0.001745
0.000166
-0.001632
-0.0036119999999999998
-0.005497
-0.006956
-0.007831
-0.008152
-0.008025
-0.007554000000000001
-0.006797
-0.005776
-0.0045509999999999995
-0.0032240000000000003
-0.0018239999999999999
-0.00027
0.0015
0.003382
0.005097
0.0063869999999999994
0.007166
0.007487000000000001
0.007435
0.007078
0.006444
0.006224
0.00621
0.005213000000000001
0.003314
0.0010869999999999999
-0.001193
-0.003322
-0.005056000000000001
-0.0062450000000000006
-0.006901999999999999
-0.007134000000000001
-0.007039
-0.006678
-0.006063000000000001
-0.005195
-0.004116
-0.0029170000000000003
-0.001632
-0.000215
0.00133
0.002872
0.004212
0.005225
0.005896
0.006267
0.006367
0.006197
0.005741
0.005002
0.004039
0.002928
0.001689
0.000303
-0.001179
-0.002613
-0.0038399999999999997
-0.004777
-0.005429
-0.005821
-0.005965
-0.0058460000000000005
-0.005445
-0.0047729999999999995
-0.003887
-0.002844
-0.001655
-0.000322
0.0010789999999999999
0.0024059999999999997
0.003535
0.004413
0.0050420000000000005
0.005436
0.0055899999999999995
0.005484
0.005108
0.004481000000000001
0.00366
0.0026850000000000003
0.001564
0.000317
-0.0009710000000000001
-0.002175
-0.0032
-0.004016
-0.0046229999999999995
-0.00502
-0.005189
-0.005113
-0.004785
-0.004229999999999999
-0.003489
-0.002589
-0.001539
-0.000373
0.00082
0.0019309999999999998
0.002889
0.00367
0.00427
0.004676
0.004866
0.0048200000000000005
0.004538
0.004037
0.003348
0.002493
0.0014880000000000002
0.000381
-0.000737
-0.001771
-0.002666
-0.003403
-0.003975
-0.004365
-0.004548
-0.004508
-0.004248
-0.003786
-0.003143
-0.002336
-0.001394
-0.000373
0.000643
0.001582
0.002403
0.003093
0.00364
0.004023
0.004215
0.004201
0.003981
0.0035700000000000003
0.002983
0.002236
0.001362
0.000425
-0.0005059999999999999
-0.001375
-0.002154
-0.002826
-0.00337
-0.003759
-0.003966
-0.003973
-0.003779
-0.003396
-0.002841
-0.002134
-0.001312
-0.00043499999999999995
0.000434
0.001253
0.001997
0.002641
0.0031579999999999998
0.00352
0.003706
0.003703
0.003513
0.003152
0.002636
0.0019850000000000002
0.0012380000000000002
0.00044400000000000006
-0.000346
-0.0011
-0.001795
-0.002404
-0.002895
-0.0032409999999999995
-0.003425
-0.003438
-0.003283
-0.002966
-0.002503
-0.001913
-0.001231
-0.000499
0.000239
0.0009550000000000001
0.001621
0.002209
0.002686
0.003025
0.0032119999999999996
0.0032409999999999995
0.003111
0.0028239999999999997
0.0023899999999999998
0.001834
0.00119
0.000499
-0.000204
-0.0008849999999999999
-0.001516
-0.0020670000000000003
-0.0025109999999999998
-0.0028239999999999997
-0.002995
-0.003018
-0.002892
-0.002618
-0.002211
-0.001697
-0.001111
-0.00048600000000000005
0.000149
0.000768
0.0013449999999999998
0.0018559999999999998
0.002275
0.002583
0.002764
0.0028079999999999997
0.002711
0.002473
0.002107
0.001639
0.001104
0.000528
-6.7e-05
-0.000656
-0.001212
-0.0017079999999999999
-0.00212
-0.002426
-0.0026089999999999998
-0.002657
-0.002566
-0.002341
-0.001998
-0.0015609999999999999
-0.00106
-0.000519
4.3e-05
0.000603
0.001134
0.001605
0.001989
0.002269
0.002431
0.002466
0.0023710000000000003
0.002157
0.001842
0.001448
0.0009960000000000001
0.000505
-8e-06
-0.000521
-0.001008
-0.001439
-0.001794
-0.002059
-0.002224
-0.002277
-0.0022140000000000003
-0.002042
-0.0017739999999999998
-0.001425
-0.001009
-0.000543
-5e-05
0.00044699999999999997
0.000918
0.001335
0.001679
0.001936
0.002098
0.002156
0.002101
0.001939
0.001685
0.001351
0.000953
0.000508
4e-05
-0.000425
-0.00086
-0.001243
-0.00156
-0.001797
-0.001946
-0.001998
-0.001947
-0.001795
-0.001557
-0.001248
-0.0008849999999999999
-0.000482
-5.9999999999999995e-05
0.00035800000000000003
0.000749
0.001099
0.001397
0.001629
0.0017829999999999999
0.001848
0.001818
0.001696
0.001493
0.001221
0.0008939999999999999
0.000521
0.00011899999999999999
-0.000286
-0.0006730000000000001
-0.001023
-0.001324
-0.001557
-0.0017059999999999998
-0.001638
-0.001505
-0.001444
-0.001312
-0.001108
-0.000837
-0.0005070000000000001
-0.00013700000000000002
0.000246
0.0006129999999999999
0.000944
0.001224
0.001438
0.001573
0.001626
0.0015970000000000001
0.0014880000000000002
0.001307
0.001066
0.0007769999999999999
0.000453
0.00010800000000000001
-0.00023700000000000001
-0.0005639999999999999
-0.0008550000000000001
-0.001101
-0.001294
-0.001425
-0.00149
-0.001482
-0.001403
-0.001256
-0.001048
-0.000785
-0.00047999999999999996
-0.00015
0.000183
0.000502
0.000791
0.001036
0.001228
0.001362
0.001431
0.001425
0.001343
0.001192
0.000983
0.000723
0.00042699999999999997
0.00011399999999999999
-0.000193
-0.000481
-0.000739
-0.000958
-0.001129
-0.001248
-0.001307
-0.001297
-0.001219
-0.001084
-0.0009
-0.000674
-0.000417
-0.000145
0.000127
0.000388
0.0006320000000000001
0.000848
0.001025
0.001153
0.001222
0.001225
0.001163
0.001044
0.00088
0.000675
0.000436
0.000176
-8.9e-05
-0.000348
-0.000592
-0.00081
-0.000986
-0.001108
-0.001169
-0.001165
-0.001101
-0.000984
-0.000824
-0.0006259999999999999
-0.000398
-0.00015
0.000103
0.00034700000000000003
0.0005679999999999999
0.000759
0.00091
0.001009
0.0010539999999999998
0.001044
0.000989
0.000892
0.0007570000000000001
0.000587
0.000389
0.000171
-5.4000000000000005e-05
-0.000273
-0.000475
-0.000656
-0.000808
-0.000775
-0.000726
-0.000813
-0.000859
-0.0008460000000000001
-0.000766
-0.000625
-0.00043499999999999995
-0.000215
1.6e-05
0.000241
0.00044800000000000005
0.000629
0.000781
0.0008960000000000001
0.0009630000000000001
0.0009720000000000001
0.000925
0.0008289999999999999
0.000692
0.000521
0.00033
0.000131
-6.500000000000001e-05
-0.000252
-0.000424
-0.0005780000000000001
-0.000709
-0.0008089999999999999
-0.000867
-0.0008699999999999999
-0.000825
-0.00074
-0.000624
-0.00048300000000000003
-0.000323
-0.000156
0.000398
0.001045
0.001153
0.001009
0.000874
0.000779
0.000723
0.000686
0.000654
0.000615
0.0005549999999999999
0.000463
0.000337
0.00173
0.004175
0.004984000000000001
0.003907
0.002042
0.000346
-0.00085
-0.0015140000000000002
-0.0017289999999999999
-0.001628
-0.001347
-0.0009939999999999999
-0.000638
-0.000306
2.9999999999999997e-05
0.000376
0.000638
0.000734
0.000678
0.000547
0.00042
0.000346
0.000335
0.00037
0.00042
0.00045
0.000433
0.000338
0.00014099999999999998
-0.000122
-0.00033999999999999997
-0.000442
-0.000443
-0.000404
-0.000375
-0.000379
-0.000414
-0.00046399999999999995
-0.0005009999999999999
0.0009400000000000001
0.0034
0.004366
0.003658
0.0023239999999999997
0.001132
0.000265
-0.000242
-0.00042300000000000004
-0.00036
-0.00015900000000000002
8.8e-05
0.000309
0.000469
0.002073
0.004672
0.005586
0.004488000000000001
0.002484
0.0006360000000000001
-0.000643
-0.0013310000000000002
-0.001544
-0.001443
-0.00118
-0.0008730000000000001
-0.000603
0.00018600000000000002
0.0011769999999999999
0.00133
0.00099
0.000669
0.000388
0.000149
-2.2e-05
-9.300000000000001e-05
-5.9e-05
5.3e-05
0.0002
0.000342
0.000459
0.00055
0.000583
0.000489
0.000264
1e-06
-0.000198
-0.000294
-0.000315
-0.00031
-0.00031099999999999997
-0.00032900000000000003
-0.00035800000000000003
0.001231
0.003932
0.00492
0.003995
0.002346
0.0009279999999999999
-6e-06
-0.000515
-0.000696
-0.000643
-0.000446
-0.00018700000000000002
6.9e-05
0.002085
0.005392
0.006934999999999999
0.006289
0.004297
0.001999
0.000133
-0.001077
-0.001615
-0.0016300000000000002
-0.001342
-0.000949
-0.000584
0.00165
0.005228
0.006786
0.005898
0.003657
0.001358
-0.000241
-0.0010960000000000002
-0.001362
-0.0012439999999999999
-0.000916
-0.000504
-9.9e-05
0.00024900000000000004
0.0005549999999999999
0.00082
0.0009660000000000001
0.0009369999999999999
0.000725
0.00037
-2.3e-05
-0.00032900000000000003
-0.00047599999999999997
-0.00047300000000000006
-0.00038199999999999996
-0.000275
0.0021260000000000003
0.006181
0.007896
0.006846
0.00426
0.00158
-0.000254
-0.001185
-0.0014140000000000001
-0.0012259999999999999
-0.000869
-0.0004940000000000001
-0.000167
0.002494
0.006986
0.009341
0.008952
0.006731
0.0037670000000000004
0.001093
-0.0008119999999999999
-0.0018859999999999999
-0.002223
-0.002009
-0.001482
-0.0008730000000000001
0.002274
0.007289
0.009724
0.008904
0.006043
0.00265
-3.3e-05
-0.001602
-0.002171
-0.002026
-0.0014990000000000001
-0.000872
-0.00031800000000000003
0.0024460000000000003
0.006913
0.009173
0.008668
0.006421
0.003593
0.001131
-0.000598
-0.0015689999999999999
-0.001894
-0.00175
-0.0013310000000000002
-0.000811
0.003007
0.009349
0.012622
0.011953
0.008758
0.0044859999999999995
0.000674
-0.001759
-0.002846
-0.0028989999999999997
-0.002328
-0.001508
-0.000714
0.003428
0.010227
0.013918
0.013580000000000002
0.010626
0.0063950000000000005
0.002326
-0.000582
-0.002225
-0.002804
-0.002627
-0.002023
-0.001266
-0.000532
0.0038130000000000004
0.010937
0.014546000000000002
0.013683
0.010025
0.005148
0.0007700000000000001
-0.00201
-0.0032450000000000005
-0.003304
-0.0026579999999999998
-0.001731
-0.00084
0.003821
0.011454
0.015612000000000001
0.015361000000000001
0.012247
0.007677
0.003089
-0.000368
-0.002321
-0.002531
-0.001141
0.000866
0.002343
0.007275
0.014804
0.01787
0.015971
0.011271999999999999
0.005454
0.00016
-0.003568
-0.005695
-0.006307
-0.005559000000000001
-0.003882
-0.001847
0.004776
0.015116
0.021516999999999998
0.022533
0.019925
0.01521
0.009341
0.0032979999999999997
-0.001941
-0.00573
-0.007638
-0.007690000000000001
-0.0064150000000000006
0.000633
0.011747
0.017975
0.018095
0.014758000000000002
0.010387
0.006286
0.003164
0.001277
0.00038199999999999996
0.000269
0.000674
0.001165
0.0073939999999999995
0.017831
0.022375
0.019962
0.013781999999999999
0.006537
0.00031099999999999997
-0.003539
-0.004927
-0.004621
-0.0033909999999999995
-0.001592
0.000596
0.008951
0.021811
0.028669999999999998
0.027860000000000003
0.022093
0.013984
0.005546
-0.001385
-0.005975
-0.008484
-0.009023999999999999
-0.007622
-0.004576
0.0054789999999999995
0.020241
0.028678
0.028988
0.023912
0.016236
0.008187999999999999
0.001463
-0.0031780000000000003
-0.005850999999999999
-0.006716
-0.0060079999999999995
-0.004242
0.005278
0.020562
0.029236
0.029548
0.024634
0.017244
0.009518
0.00297
-0.0017100000000000001
-0.004602
-0.005953
-0.00598
-0.004967
0.004334
0.020064
0.029226
0.029548
0.024225999999999998
0.016567
0.009127
0.0032119999999999996
-0.000977
-0.0036450000000000002
-0.004785
-0.004436
-0.0030399999999999997
0.006679999999999999
0.022645
0.031348
0.030637
0.024118
0.01505
0.005908
-0.00121
-0.005446
-0.007044
-0.006296
-0.003875
-0.000768
0.002205
0.012737
0.028787
0.036527
0.034411000000000004
0.026638
0.01642
0.006108
-0.002187
-0.007383
-0.009559
-0.009217
-0.007088
-0.003879
0.008123
0.026601
0.03718
0.037705
0.032319
0.02431
0.015011000000000002
0.005488
-0.002468
-0.007737999999999999
-0.010152
-0.009845999999999999
-0.007531
0.004281
0.02298
0.034037
0.035381
0.031018
0.024031999999999998
0.015739
0.007204
4.4e-05
-0.00476
-0.007151
-0.007324
-0.0058579999999999995
0.005452
0.024193
0.034957
0.035759
0.031239999999999997
0.024328
0.016026
0.0074849999999999995
0.0005610000000000001
-0.0037979999999999997
-0.0056549999999999994
-0.0053170000000000005
-0.0035909999999999996
0.007888
0.026739
0.037607
0.039625
0.0375
0.033002
0.026501
0.017997
0.00765
-0.0017879999999999999
-0.0073420000000000004
-0.008713
-0.0068650000000000004
0.00592
0.026681
0.040112
0.045366000000000004
0.046682
0.045426
0.041741
0.035545
0.026619
0.014913
0.00243
-0.006716
-0.010664
-0.000995
0.019237
0.033428
0.039698000000000004
0.042369
0.043081
0.042054
0.039026
0.033458999999999996
0.024992
0.013699000000000001
0.001816
-0.006706
-0.000786
0.016516
0.028602
0.033647
0.035525
0.036024
0.035461
0.033477999999999994
0.02962
0.023612
0.015374
0.005707
-0.002309
-0.006626000000000001
0.001627
0.01951
0.031326
0.036047
0.037411
0.036652
0.033710000000000004
0.028455
0.021249
0.012565999999999999
0.004045
-0.001604
-0.003701
0.006336
0.025505
0.039376999999999995
0.047471
0.052087
0.053924
0.053237
0.049882
0.043477999999999996
0.034023000000000005
0.022322
0.009568
-0.000709
0.004159
0.021488
0.035885
0.045908
0.053526
0.059162
0.06262000000000001
0.06325700000000001
0.060302999999999995
0.053535
0.043406
0.030619
0.015831
0.012129000000000001
0.02325
0.035302999999999994
0.043897000000000005
0.050082
0.05485399999999999
0.058553999999999995
0.060623
0.060122
0.056617999999999995
0.050336
0.041652
0.030794
0.028801999999999998
0.04
0.052141999999999994
0.059623
0.063149
0.064184
0.063975
0.062836
0.060224
0.055702999999999996
0.04933
0.041444
0.032452999999999996
0.022512
0.022838999999999998
0.036655
0.050605000000000004
0.059649
0.064703
0.06675199999999999
0.066101
0.062699
0.056718
0.048511
0.038523
0.027462999999999998
0.016075
0.016779
0.032664
0.049539
0.062543
0.07247100000000001
0.080038
0.085392
0.08795700000000001
0.08664
0.080732
0.07057100000000001
0.057388999999999996
0.042617
0.037744
0.04749
0.060062
0.069741
0.077001
0.08277899999999999
0.087636
0.09137100000000001
0.09300599999999999
0.09156900000000001
0.086744
0.078753
0.067965
0.054581
0.049048
0.056302
0.065224
0.070418
0.073001
0.074425
0.07515
0.074645
0.07230299999999999
0.068065
0.062242
0.055199
0.047133999999999995
0.048227
0.062488
0.07771499999999999
0.087715
0.093203
0.095828
0.096638
0.095622
0.092221
0.086212
0.07807
0.06866599999999999
0.058794000000000006
0.05889400000000001
0.07356499999999999
0.09109600000000001
0.10503399999999999
0.115551
0.123347
0.12869
0.131218
0.130234
0.125504
0.11746300000000001
0.106945
0.09499099999999999
0.082412
0.079212
0.090505
0.105181
0.11675999999999999
0.125924
0.13365
0.139949
0.143922
0.14459
0.141585
0.13511700000000001
0.125838
0.11465
0.110945
0.12066099999999999
0.133806
0.143361
0.15007
0.15525999999999998
0.159664
0.163135
0.16478199999999998
0.16375
0.159889
0.153616
0.145376
0.135204
0.131273
0.14011700000000002
0.152841
0.162214
0.168825
0.17379
0.177397
0.179061
0.17816400000000002
0.174783
0.16955399999999998
0.163167
0.15599200000000002
0.15571500000000002
0.168595
0.18526700000000002
0.197421
0.205598
0.211407
0.21585700000000002
0.21893
0.220029
0.21875
0.215212
0.20989899999999997
0.203311
0.195589
0.19339
0.203997
0.21961
0.23171799999999998
0.240786
0.247604
0.25199299999999997
0.25319400000000003
0.250904
0.24566300000000002
0.238391
0.22999499999999998
0.221081
0.211642
0.207884
0.217468
0.23303400000000002
0.245714
0.255811
0.263937
0.26978
0.272471
0.271446
0.26710300000000003
0.26060900000000004
0.252958
0.24427600000000002
0.234055
0.22823600000000002
0.235296
0.249261
0.261628
0.27255799999999997
0.282461
0.29079499999999997
0.296553
0.299061
0.298346
0.294774
0.288484
0.27922600000000003
0.266723
0.25754099999999996
0.260339
0.270425
0.280119
0.288652
0.296063
0.301877
0.305573
0.30704000000000004
0.306631
0.304704
0.30116
0.29541300000000004
0.286699
0.280816
0.284996
0.29438000000000003
0.301838
0.306644
0.30947800000000003
0.310573
0.31008
0.30835999999999997
0.305875
0.302757
0.298613
0.292799
0.28480500000000003
0.28074899999999997
0.28792399999999996
0.301173
0.312554
0.320309
0.324531
0.325409
0.323212
0.31838
0.311602
0.303534
0.294479
0.284484
0.273604
0.268279
0.276106
0.29139
0.305529
0.316798
0.32507800000000003
0.330077
0.331425
0.329112
0.32367399999999996
0.315729
0.305582
0.293406
0.279492
0.270574
0.274658
0.286536
0.298083
0.308031
0.316603
0.32361
0.32847800000000005
0.330573
0.329436
0.324751
0.316444
0.304875
0.29065
0.280656
0.28275100000000003
0.29199
0.30055
0.307135
0.312218
0.315913
0.317977
0.318161
0.316407
0.3127
0.30689
0.298703
0.294028
0.299458
0.310183
0.31908600000000004
0.324802
0.328129
0.329673
0.329696
0.328137
0.324826
0.319733
0.31297800000000003
0.304713
0.295014
0.290065
0.29659800000000003
0.309188
0.319925
0.327207
0.331704
0.333739
0.333093
0.329583
0.323488
0.315377
0.305798
0.29517
0.283727
0.27769
0.284007
0.29701500000000003
0.308603
0.317339
0.32351399999999997
0.326944
0.327204
0.324271
0.318635
0.310895
0.301475
0.290568
0.27813899999999997
0.270337
0.274604
0.28569
0.295771
0.303842
0.310316
0.31496999999999997
0.317064
0.315936
0.31142
0.303859
0.293885
0.28203
0.268515
0.25979
0.263858
0.275144
0.28532399999999997
0.293513
0.29998600000000003
0.30449299999999996
0.30652199999999996
0.305796
0.302469
0.296849
0.289046
0.278883
0.26616300000000004
0.257365
0.260758
0.270897
0.279605
0.2863
0.291485
0.295072
0.296657
0.29599699999999995
0.2932
0.288464
0.281764
0.27284899999999995
0.26140399999999997
0.253579
0.257295
0.26685
0.27415100000000003
0.278915
0.281769
0.28276399999999996
0.281723
0.27865700000000004
0.273904
0.267854
0.26061999999999996
0.25201399999999996
0.24796700000000002
0.255929
0.269669
0.28054
0.287752
0.291667
0.292489
0.290559
0.28623699999999996
0.27978800000000004
0.27160700000000004
0.26219000000000003
0.251834
0.240562
0.23450700000000002
0.24162600000000004
0.255467
0.26705999999999996
0.275933
0.28231999999999996
0.28585
0.28582199999999996
0.28179299999999996
0.27405799999999997
0.26354299999999997
0.251166
0.23745
0.222694
0.213493
0.218313
0.230388
0.24057399999999998
0.24884499999999998
0.25555700000000003
0.260411
0.262737
0.262027
0.258235
0.25151599999999996
0.241875
0.22927399999999998
0.213928
0.202868
0.204802
0.21329499999999998
0.219892
0.224942
0.229075
0.23222800000000002
0.233882
0.233573
0.231233
0.22696
0.22065
0.21193800000000002
0.206938
0.213652
0.22548
0.234064
0.23977800000000002
0.24329499999999998
0.24493
0.244839
0.242993
0.23938
0.234254
0.22796599999999997
0.22065500000000002
0.21216300000000002
0.20879099999999998
0.21825799999999998
0.23304499999999997
0.243956
0.251098
0.255367
0.257112
0.256132
0.25238
0.24637699999999998
0.23876399999999998
0.229877
0.219833
0.20865799999999998
0.203013
0.210875
0.224992
0.236433
0.24516500000000002
0.251486
0.255
0.25510700000000003
0.25179
0.2457
0.23752600000000001
0.22767800000000002
0.216308
0.2096
0.21564499999999998
0.227904
0.237646
0.245061
0.250784
0.25493899999999997
0.257239
0.257096
0.253977
0.24776399999999998
0.23879099999999998
0.227665
0.214821
0.206656
0.21127100000000001
0.22208000000000003
0.230487
0.23677600000000001
0.24155700000000002
0.24470300000000003
0.24565
0.244027
0.23998699999999998
0.233897
0.225939
0.216071
0.204242
0.19726400000000002
0.203326
0.21541999999999997
0.22489699999999999
0.232067
0.23769400000000002
0.241733
0.243635
0.243061
0.24020999999999998
0.235461
0.228933
0.220396
0.209425
0.202352
0.207335
0.21779
0.22556199999999998
0.23131100000000002
0.23580900000000002
0.23902199999999998
0.240497
0.239851
0.237119
0.232604
0.22648600000000002
0.218625
0.215048
0.22377800000000003
0.23801
0.24878899999999998
0.256226
0.260848
0.262821
0.262369
0.259735
0.25511300000000003
0.24890700000000002
0.241648
0.23361500000000002
0.224712
0.220862
0.230055
0.24541999999999997
0.257773
0.26713200000000004
0.273909
0.27778400000000003
0.278061
0.274352
0.267074
0.257269
0.24586999999999998
0.23330900000000002
0.21974899999999997
0.211556
0.217077
0.22982199999999997
0.240921
0.250388
0.258504
0.2648
0.268388
0.268602
0.265371
0.258934
0.24939899999999998
0.236787
0.22136199999999998
0.20983000000000002
0.211133
0.219484
0.226481
0.23241199999999998
0.23778200000000002
0.24240100000000003
0.24566
0.247049
0.246461
0.243929
0.239236
0.23186500000000002
0.227314
0.23314899999999997
0.24334899999999998
0.24999200000000002
0.253678
0.25547
0.255806
0.25485
0.252589
0.24900799999999998
0.244306
0.23870999999999998
0.232215
0.224546
0.22149699999999997
0.230969
0.24607300000000001
0.257536
0.265335
0.27021799999999996
0.27236
0.271374
0.26705999999999996
0.26000100000000004
0.25118
0.24130900000000002
0.230702
0.219444
0.21386
0.222119
0.23736100000000002
0.250408
0.261029
0.269351
0.274859
0.276886
0.275345
0.270809
0.263928
0.255079
0.244362
0.231665
0.22312800000000002
0.227367
0.23863099999999998
0.248406
0.256684
0.263852
0.26958899999999997
0.27313000000000004
0.273823
0.271488
0.266332
0.258732
0.24893200000000001
0.242975
0.248459
0.259943
0.26957600000000004
0.276976
0.28272600000000003
0.286883
0.28918299999999997
0.28931599999999996
0.287166
0.28289699999999995
0.276727
0.268669
0.258499
0.252087
0.257019
0.26805999999999996
0.277391
0.284385
0.289576
0.29287199999999997
0.293775
0.292027
0.2879
0.28186700000000003
0.274188
0.26485
0.253681
0.24656599999999998
0.250973
0.261209
0.269244
0.274821
0.278778
0.281158
0.281533
0.27967600000000004
0.27579499999999996
0.270242
0.263165
0.254416
0.243686
0.236882
0.241919
0.253103
0.26205100000000003
0.268173
0.271756
0.27276300000000003
0.27119
0.267308
0.26163400000000003
0.254726
0.246892
0.23806599999999997
0.227944
0.22248600000000002
0.22996
0.24405300000000002
0.255765
0.26476500000000003
0.27123
0.274866
0.275219
0.272096
0.265866
0.257313
0.247115
0.235578
0.228911
0.23520500000000003
0.248577
0.260535
0.270748
0.279534
0.286663
0.291619
0.29381599999999997
0.29282199999999997
0.288537
0.281051
0.270439
0.25688
0.24695
0.248914
0.25756
0.26496
0.27071100000000003
0.275399
0.278945
0.280851
0.280752
0.27870700000000004
0.274932
0.269424
0.26192
0.25203000000000003
0.245419
0.249344
0.25816100000000003
0.264201
0.26745
0.268847
0.268717
0.267016
0.26373800000000003
0.25915900000000003
0.253648
0.247309
0.239904
0.230994
0.22621999999999998
0.233254
0.24603000000000003
0.255907
0.262317
0.26561999999999997
0.266024
0.26356999999999997
0.25835199999999997
0.250877
0.24189000000000002
0.23191799999999999
0.221138
0.21549000000000001
0.22288000000000002
0.237054
0.24926399999999999
0.259268
0.267304
0.273092
0.276086
0.275704
0.271714
0.264559
0.254974
0.24346500000000001
0.23031
0.221771
0.226138
0.23733800000000002
0.24676599999999999
0.254458
0.260911
0.265888
0.26871
0.268826
0.266162
0.260891
0.253217
0.243456
0.231856
0.22446999999999998
0.22924299999999997
0.24009699999999998
0.248617
0.25490300000000005
0.25961799999999996
0.262776
0.263979
0.262947
0.259847
0.255006
0.24849000000000002
0.240004
0.22907199999999997
0.221532
0.22581500000000002
0.236402
0.244996
0.251591
0.256748
0.260341
0.261807
0.260806
0.257567
0.25253600000000004
0.24593600000000002
0.237671
0.22745900000000002
0.221142
0.226771
0.23827399999999999
0.24709899999999999
0.253348
0.257734
0.260312
0.260852
0.259354
0.25613800000000003
0.25153400000000004
0.24560700000000002
0.238119
0.23462600000000003
0.242323
0.255467
0.26605
0.27361399999999997
0.278596
0.280972
0.280622
0.27767
0.272446
0.265361
0.256819
0.2471
0.23625900000000002
0.23019
0.23656
0.24943400000000002
0.260353
0.268787
0.274946
0.278449
0.278625
0.27510999999999997
0.26813899999999996
0.258385
0.246677
0.233656
0.21958200000000003
0.210522
0.21475
0.226077
0.235709
0.243637
0.250247
0.255289
0.258137
0.258302
0.255707
0.250438
0.24240100000000003
0.2313
0.21697199999999997
0.205798
0.20672100000000002
0.214273
0.220271
0.22508899999999998
0.229339
0.232884
0.235165
0.23570700000000003
0.23441700000000001
0.23135999999999998
0.226427
0.21927199999999997
0.21539899999999998
0.222402
0.23422300000000001
0.242788
0.248552
0.252281
0.25415
0.254234
0.252655
0.24957
0.245281
0.240116
0.23417399999999997
0.22724
0.224942
0.23474899999999999
0.250165
0.262372
0.270991
0.27648
0.27904
0.278645
0.275341
0.269619
0.262191
0.253494
0.24364
0.23264400000000002
0.22654499999999997
0.23321599999999998
0.246691
0.258447
0.268031
0.275604
0.28067800000000004
0.28242
0.280403
0.27508699999999997
0.267298
0.25754099999999996
0.24598000000000003
0.232665
0.223586
0.22677600000000003
0.236808
0.245549
0.25263800000000003
0.258415
0.262692
0.264916
0.26461599999999996
0.26168800000000003
0.25619000000000003
0.248166
0.237738
0.23077399999999998
0.23462399999999997
0.24413400000000002
0.251891
0.257671
0.26213000000000003
0.265422
0.267373
0.26765100000000003
0.26599
0.262352
0.256795
0.249288
0.23964499999999997
0.23344499999999999
0.238046
0.24821999999999997
0.256411
0.262337
0.26652600000000004
0.268947
0.269196
0.26705500000000004
0.262827
0.257025
0.249944
0.24159099999999997
0.23178600000000002
0.2262
0.232325
0.244117
0.253269
0.259829
0.264651
0.267775
0.268725
0.267275
0.26374699999999995
0.25859
0.251975
0.243774
0.23951999999999998
0.246202
0.258519
0.268883
0.276687
0.282409
0.286081
0.287522
0.286619
0.283414
0.27818899999999996
0.27139800000000003
0.263403
0.254244
0.249536
0.256142
0.26881700000000003
0.28001
0.28886100000000003
0.29568099999999997
0.300208
0.301834
0.300184
0.295439
0.288199
0.27921
0.269034
0.257877
0.251496
0.256757
0.268633
0.27974099999999996
0.289137
0.297115
0.303338
0.307093
0.307895
0.305775
0.300973
0.29355
0.28333
0.275756
0.277149
0.28411
0.29085300000000003
0.296165
0.30077
0.304908
0.308272
0.310256
0.310332
0.308343
0.304377
0.29843400000000003
0.29026599999999997
0.285149
0.28881599999999996
0.29725799999999997
0.30454200000000003
0.309456
0.312619
0.31406999999999996
0.313598
0.311296
0.307651
0.30322899999999997
0.29834499999999997
0.292943
0.286648
0.28463
0.292439
0.305467
0.316985
0.325164
0.330375
0.332843
0.332574
0.329718
0.324799
0.318458
0.311033
0.302476
0.292605
0.28711
0.292268
0.304193
0.31640100000000004
0.326827
0.335359
0.341426
0.34418200000000004
0.34322199999999997
0.338948
0.33211799999999997
0.323315
0.312811
0.306294
0.309317
0.318651
0.328737
0.33734000000000003
0.34471399999999996
0.350829
0.35539
0.358022
0.358412
0.35639499999999996
0.351881
0.344844
0.33536
0.329069
0.33100799999999997
0.338522
0.346729
0.35310199999999997
0.358067
0.361655
0.363503
0.36338000000000004
0.361423
0.357889
0.352844
0.346117
0.337427
0.332009
0.33454
0.342412
0.350823
0.357049
0.361444
0.364059
0.364638
0.363093
0.3597
0.354865
0.348794
0.341373
0.33766
0.341671
0.35088
0.360661
0.367937
0.373252
0.377078
0.379444
0.38007399999999997
0.378727
0.37545500000000004
0.370488
0.364006
0.356013
0.35185
0.355672
0.365178
0.375864
0.384315
0.390602
0.394534
0.395751
0.394285
0.390637
0.385494
0.37937600000000005
0.372481
0.364743
0.361421
0.366333
0.377079
0.389166
0.398993
0.406683
0.412141
0.414933
0.41476199999999996
0.411692
0.406109
0.398473
0.389073
0.37808400000000003
0.37112399999999995
0.372312
0.380137
0.390677
0.400049
0.40820500000000004
0.414847
0.419325
0.421142
0.42019300000000004
0.416596
0.41040299999999996
0.401509
0.389882
0.38122
0.379686
0.38435199999999997
0.3918
0.398079
0.403368
0.407729
0.410905
0.412703
0.41310399999999997
0.412091
0.409451
0.404746
0.40270300000000003
0.405607
0.412513
0.420738
0.426016
0.428961
0.430256
0.43020200000000003
0.428879
0.42639
0.42287299999999994
0.418418
0.41303100000000004
0.40660300000000005
0.404208
0.408411
0.41808199999999995
0.429907
0.43885
0.444642
0.44718
0.44636400000000004
0.44242299999999996
0.43602299999999994
0.427968
0.418887
0.409181
0.399024
0.393735
0.396357
0.405504
0.41753599999999996
0.427775
0.43608199999999997
0.44225299999999995
0.445759
0.44616000000000006
0.44341499999999995
0.43781800000000004
0.42971899999999996
0.419407
0.407078
0.39823000000000003
0.39631700000000003
0.400863
0.408973
0.41622600000000004
0.42271099999999995
0.428325
0.432526
0.434766
0.43470699999999995
0.43216499999999997
0.426976
0.419034
0.40837399999999996
0.400544
0.399047
0.40328200000000003
0.41022
0.415476
0.41931
0.421921
0.423231
0.423221
0.42199799999999993
0.419651
0.416096
0.41100299999999995
0.40914
0.412724
0.421104
0.431705
0.439859
0.445829
0.44990600000000003
0.452115
0.45243500000000003
0.450891
0.44755600000000006
0.44258000000000003
0.43615
0.428363
0.424436
0.426612
0.43442600000000003
0.445208
0.453682
0.459924
0.464053
0.46595
0.46557200000000004
0.463057
0.458717
0.452845
0.445568
0.43687600000000004
0.431971
0.43298100000000006
0.439586
0.449345
0.45691899999999996
0.462363
0.46576300000000004
0.46697799999999995
0.466033
0.46316
0.458729
0.452987
0.445867
0.44216000000000005
0.44314
0.449241
0.45898199999999995
0.46669399999999994
0.472497
0.476657
0.479048
0.479338
0.47718999999999995
0.47240699999999997
0.46514399999999995
0.45586099999999996
0.445013
0.437996
0.43674799999999997
0.44164799999999993
0.450891
0.458834
0.465359
0.470347
0.47336999999999996
0.474101
0.472484
0.468692
0.462937
0.455325
0.44593599999999994
0.440007
0.43941099999999994
0.44447600000000004
0.453471
0.46099300000000004
0.46727399999999997
0.47257299999999997
0.47670799999999997
0.479396
0.480469
0.479875
0.477509
0.47308500000000003
0.46622600000000003
0.46177700000000005
0.461056
0.46496899999999997
0.47253100000000003
0.47814399999999996
0.482213
0.48516899999999996
0.4869
0.48721000000000003
0.486095
0.48369300000000004
0.480116
0.47529899999999997
0.474059
0.476934
0.48469799999999996
0.49623999999999996
0.505012
0.510882
0.514147
0.514993
0.51358
0.510229
0.505371
0.499391
0.49261400000000005
0.485209
0.482079
0.483691
0.490939
0.502995
0.513319
0.521578
0.5276270000000001
0.530963
0.531161
0.52822
0.522562
0.514728
0.505232
0.494482
0.487572
0.48534399999999994
0.48894
0.498032
0.506483
0.513822
0.5199600000000001
0.524429
0.526771
0.52673
0.5242439999999999
0.519424
0.512382
0.5030979999999999
0.496487
0.493464
0.495266
0.501989
0.5079279999999999
0.5128229999999999
0.5169050000000001
0.5200130000000001
0.521931
0.522518
0.521666
0.5192
0.514772
0.512775
0.5136609999999999
0.517728
0.525574
0.532341
0.537337
0.540946
0.54318
0.543932
0.5431560000000001
0.540866
0.5371739999999999
0.5322600000000001
0.526193
0.523751
0.5254220000000001
0.531079
0.540879
0.5494859999999999
0.5556909999999999
0.559531
0.560942
0.560079
0.5572550000000001
0.552867
0.547335
0.5408890000000001
0.5334949999999999
0.5298649999999999
0.5305270000000001
0.535342
0.5447529999999999
0.553607
0.560443
0.565171
0.567611
0.5677399999999999
0.565659
0.5616300000000001
0.5560109999999999
0.548912
0.54025
0.534809
0.5334220000000001
0.5361020000000001
0.543822
0.5518649999999999
0.558534
0.563662
0.566891
0.567887
0.566493
0.562819
0.557146
0.549609
0.540297
0.534243
0.532345
0.5346569999999999
0.5420659999999999
0.5497350000000001
0.5560350000000001
0.5609
0.5641579999999999
0.565667
0.565385
0.563271
0.5592050000000001
0.552955
0.549031
0.548188
0.549763
0.555538
0.562022
0.567239
0.571326
0.5743020000000001
0.576009
0.576266
0.574922
0.571871
0.567058
0.5604279999999999
0.556592
0.556175
0.558457
0.565064
0.572012
0.5770270000000001
0.580217
0.5816100000000001
0.5812039999999999
0.5792
0.5759479999999999
0.571749
0.566688
0.5606439999999999
0.5581510000000001
0.559606
0.563938
0.5722470000000001
0.580222
0.585741
0.589079
0.590391
0.589874
0.587923
0.584779
0.58045
0.574859
0.56788
0.564126
0.564298
0.567576
0.575621
0.5845060000000001
0.591697
0.59692
0.599803
0.600126
0.5979800000000001
0.593542
0.587118
0.57916
0.574487
0.573882
0.5758989999999999
0.582806
0.591497
0.598845
0.604739
0.609058
0.611546
0.6120140000000001
0.610321
0.606348
0.600161
0.591973
0.586418
0.584316
0.5843119999999999
0.589074
0.595833
0.601478
0.605981
0.609204
0.610967
0.6111880000000001
0.609809
0.6067739999999999
0.602006
0.595364
0.59136
0.590783
0.591904
0.597229
0.604132
0.609521
0.613354
0.61562
0.616399
0.615857
0.614088
0.611122
0.6068720000000001
0.601087
0.5980810000000001
0.5983149999999999
0.599795
0.605105
0.611696
0.616384
0.619291
0.620743
0.620899
0.619766
0.617364
0.613718
0.608735
0.606729
0.608274
0.610909
0.6177020000000001
0.626582
0.633592
0.638564
0.641513
0.642428
0.641282
0.638162
0.633401
0.6273340000000001
0.620174
0.616525
0.6171409999999999
0.619334
0.626224
0.635803
0.643712
0.649551
0.65308
0.654134
0.652726
0.6490630000000001
0.643528
0.636392
0.627834
0.6225229999999999
0.621273
0.62139
0.626304
0.6343340000000001
0.641228
0.646798
0.650948
0.6534989999999999
0.654287
0.653133
0.649844
0.644215
0.6361640000000001
0.630234
0.627287
0.624831
0.626946
0.6324489999999999
0.6370859999999999
0.640772
0.643491
0.645107
0.645515
0.644608
0.6422439999999999
0.638227
0.636578
0.6376850000000001
0.638048
0.6419159999999999
0.648604
0.6532979999999999
0.656197
0.657749
0.658062
0.657204
0.6553180000000001
0.652467
0.6486350000000001
0.643786
0.642135
0.6441819999999999
0.646334
0.652473
0.661532
0.6684770000000001
0.67315
0.675541
0.6756949999999999
0.6739930000000001
0.6707960000000001
0.666326
0.660826
0.65449
0.6516930000000001
0.653021
0.654899
0.6613640000000001
0.671395
0.6797350000000001
0.68597
0.689923
0.6915640000000001
0.691084
0.688578
0.684127
0.6779810000000001
0.670311
0.665453
0.664175
0.662876
0.6661779999999999
0.6736949999999999
0.680122
0.685207
0.6888380000000001
0.69083
0.691018
0.68918
0.685212
0.679168
0.675135
0.673779
0.671288
0.672543
0.67824
0.6832229999999999
0.687088
0.689959
0.6917479999999999
0.692365
0.691704
0.689566
0.6857979999999999
0.680316
0.677094
0.676778
0.6754060000000001
0.677511
0.68365
0.688689
0.692128
0.694025
0.694479
0.693691
0.691767
0.688776
0.684797
0.6797850000000001
0.677708
0.678987
0.6792100000000001
0.6830470000000001
0.690917
0.697238
0.70153
0.7040069999999999
0.7049989999999999
0.704705
0.7031029999999999
0.700182
0.6959609999999999
0.690369
0.687531
0.688083
0.687752
0.691357
0.699198
0.705516
0.709896
0.712493
0.713353
0.712529
0.710188
0.706504
0.701496
0.69918
0.700209
0.7005319999999999
0.703843
0.7113119999999999
0.718457
0.7239899999999999
0.727895
0.73005
0.730332
0.728748
0.725364
0.720222
0.7134229999999999
0.7092350000000001
0.708619
0.7077289999999999
0.710033
0.7170300000000001
0.7244229999999999
0.730362
0.734625
0.737128
0.737831
0.7366590000000001
0.733578
0.728637
0.721963
0.717698
0.716533
0.714498
0.7150770000000001
0.7202029999999999
0.725958
0.730558
0.734013
0.736398
0.737714
0.7378319999999999
0.73652
0.7335079999999999
0.728517
0.725325
0.724582
0.722503
0.722503
0.726532
0.730954
0.734216
0.736421
0.737587
0.737762
0.736949
0.735031
0.731847
0.731117
0.733295
0.73435
0.736466
0.742005
0.7480399999999999
0.752166
0.754448
0.754975
0.754013
0.75192
0.748795
0.744634
0.739548
0.7374890000000001
0.7390479999999999
0.740274
0.743437
0.7508520000000001
0.759233
0.765629
0.769675
0.771397
0.771049
0.768776
0.764656
0.7590140000000001
0.752283
0.748559
0.748537
0.748394
0.750372
0.756947
0.765035
0.771705
0.776668
0.7798510000000001
0.781204
0.780591
0.777909
0.773189
0.766411
0.761402
0.759033
0.755866
0.754185
0.7571180000000001
0.762255
0.766608
0.769997
0.77241
0.773784
0.773888
0.7723909999999999
0.768989
0.767135
0.767358
0.766142
0.764519
0.766364
0.770532
0.77346
0.775226
0.775984
0.775863
0.774949
0.773166
0.7703810000000001
0.7664989999999999
0.765092
0.766658
0.767425
0.768304
0.773041
0.779997
0.784971
0.787726
0.78867
0.788196
0.786438
0.783474
0.7794979999999999
0.7746810000000001
0.772792
0.774386
0.775614
0.7774909999999999
0.783359
0.791213
0.797193
0.801214
0.803461
0.8040470000000001
0.803111
0.80077
0.796981
0.791656
0.7886350000000001
0.7886770000000001
0.7880560000000001
0.7878569999999999
0.791903
0.798611
0.8039890000000001
0.807722
0.809791
0.8102689999999999
0.8092229999999999
0.806523
0.8019890000000001
0.799272
0.799193
0.7983779999999999
0.796778
0.7992199999999999
0.8054359999999999
0.8104600000000001
0.814068
0.816348
0.817282
0.816807
0.814789
0.811058
0.805629
0.802197
0.8014939999999999
0.8001159999999999
0.797794
0.799701
0.805832
0.810844
0.814384
0.816593
0.817602
0.817431
0.815971
0.813135
0.8088930000000001
0.8067310000000001
0.8072699999999999
0.807138
0.8059890000000001
0.8086409999999999
0.814967
0.819968
0.82358
0.8260209999999999
0.8274549999999999
0.82795
0.827363
0.825459
0.822049
0.820608
0.821659
0.8215309999999999
0.8197979999999999
0.821578
0.827017
0.8310200000000001
0.8333510000000001
0.834317
0.8342940000000001
0.833405
0.8314819999999999
0.828385
0.827576
0.8295600000000001
0.830799
0.830759
0.8335950000000001
0.840044
0.845618
0.8492200000000001
0.85095
0.851051
0.84967
0.8467899999999999
0.842434
0.836823
0.833644
0.833686
0.8337370000000001
0.8332959999999999
0.836192
0.843267
0.8500709999999999
0.855039
0.858068
0.859217
0.85849
0.8559040000000001
0.851642
0.8458829999999999
0.842091
0.8409770000000001
0.83944
0.837148
0.8380610000000001
0.843384
0.849018
0.8535229999999999
0.8569549999999999
0.8594149999999999
0.8607809999999999
0.8607040000000001
0.8587959999999999
0.854776
0.8519909999999999
0.8512
0.849181
0.8454780000000001
0.844166
0.84695
0.850139
0.8523639999999999
0.8537819999999999
0.8545940000000001
0.85477
0.85405
0.8521299999999999
0.852083
0.854273
0.855302
0.8546950000000001
0.8552139999999999
0.8590909999999999
0.86351
0.866078
0.8670260000000001
0.8667950000000001
0.865613
0.86351
0.8604639999999999
0.856492
0.854901
0.856298
0.8574790000000001
0.8578620000000001
0.8600059999999999
0.8657950000000001
0.872128
0.876553
0.879065
0.879841
0.8790549999999999
0.87687
0.87345
0.868933
0.866768
0.867658
0.868375
0.868334
0.8702549999999999
0.8761680000000001
0.8829469999999999
0.8880469999999999
0.891409
0.893278
0.89384
0.8929739999999999
0.890396
0.8859739999999999
0.8831200000000001
0.882654
0.8814930000000001
0.87921
0.8784770000000001
0.8818600000000001
0.8867379999999999
0.890415
0.892854
0.8941469999999999
0.8941870000000001
0.8926950000000001
0.8894709999999999
0.8876709999999999
0.887863
0.886976
0.884675
0.8822760000000001
0.883618
0.887727
0.8907930000000001
0.892734
0.8937200000000001
0.8937959999999999
0.892882
0.8907950000000001
0.887333
0.885431
0.8856069999999999
0.885008
0.883392
0.88185
0.8839790000000001
0.888591
0.8916870000000001
0.893332
0.893907
0.893595
0.892415
0.890294
0.8871700000000001
0.88613
0.887656
0.8885649999999999
0.888244
0.8881049999999999
0.8916069999999999
0.897214
0.9011440000000001
0.903344
0.9042870000000001
0.90438
0.9036360000000001
0.9017719999999999
0.901552
0.9034709999999999
0.904651
0.9046790000000001
0.903568
0.905817
0.911441
0.9155639999999999
0.917991
0.919082
0.919042
0.9178649999999999
0.915436
0.911661
0.909593
0.9099149999999999
0.909883
0.90923
0.908273
0.911222
0.9175209999999999
0.9222809999999999
0.925301
0.926832
0.9269930000000001
0.9258299999999999
0.923393
0.919696
0.91776
0.918168
0.9180879999999999
0.9172680000000001
0.915892
0.9184700000000001
0.9248129999999999
0.9299569999999999
0.9337290000000001
0.9363959999999999
0.9380059999999999
0.938305
0.936876
0.933436
0.9309719999999999
0.9302959999999999
0.9287629999999999
0.926009
0.9221370000000001
0.9216139999999999
0.925067
0.928056
0.930059
0.9313229999999999
0.931932
0.931687
0.9302219999999999
0.930085
0.931651
0.9321200000000001
0.9311889999999999
0.929061
0.928657
0.9314309999999999
0.9343379999999999
0.9358719999999999
0.9364450000000001
0.936421
0.935876
0.934692
0.932683
0.9324950000000001
0.9345870000000001
0.936251
0.93705
0.936852
0.938372
0.942997
0.9475870000000001
0.950477
0.95186
0.951988
0.9509709999999999
0.948867
0.945766
0.9446540000000001
0.9461860000000001
0.9476469999999999
0.9485450000000001
0.948729
0.9512079999999999
0.957101
0.96278
0.966641
0.9689260000000001
0.9699540000000001
0.969706
0.9679110000000001
0.9643860000000001
0.962058
0.9616950000000001
0.960764
0.9589770000000001
0.9564090000000001
0.9562950000000001
0.96015
0.964591
0.9679129999999999
0.970132
0.9711860000000001
0.9708049999999999
0.968722
0.964874
0.962201
0.9613149999999999
0.959542
0.9565889999999999
0.952633
0.951034
0.953376
0.9563510000000001
0.9583799999999999
0.9595940000000001
0.960047
0.9596030000000001
0.9580139999999999
0.955051
0.9534440000000001
0.953751
0.953341
0.951816
0.949117
0.948257
0.9508700000000001
0.9538719999999999
0.955701
0.9565799999999999
0.9566479999999999
0.955874
0.9541209999999999
0.951253
0.9500959999999999
0.9511569999999999
0.95157
0.9507959999999999
0.948838
0.949232
0.953227
0.9570879999999999
0.9593709999999999
0.960227
0.959866
0.9584280000000001
0.955885
0.954902
0.9559979999999999
0.956558
0.9562069999999999
0.9549620000000001
0.9547549999999999
0.9579290000000001
0.962276
0.96511
0.9665299999999999
0.966728
0.9657040000000001
0.9633959999999999
0.959686
0.9572579999999999
0.9568049999999999
0.9559110000000001
0.954303
0.952083
0.9514520000000001
0.954506
0.9586549999999999
0.9612850000000001
0.962419
0.962317
0.9611870000000001
0.959017
0.9556290000000001
0.953717
0.9538549999999999
0.9535100000000001
0.9524549999999999
0.9507459999999999
0.950823
0.954456
0.9588200000000001
0.9618030000000001
0.963533
0.9641790000000001
0.963678
0.961779
0.9583149999999999
0.956153
0.9559559999999999
0.955125
0.9533469999999999
0.9507059999999999
0.949931
0.9529850000000001
0.9570360000000001
0.9599780000000001
0.9619129999999999
0.962938
0.96288
0.9614219999999999
0.958319
0.9564
0.9562620000000001
0.955285
0.9532879999999999
0.9503809999999999
0.949725
0.952701
0.955908
0.957868
0.9589139999999999
0.959268
0.958843
0.95742
0.9574879999999999
0.959413
0.960541
0.9604790000000001
0.9591930000000001
0.9578059999999999
0.959354
0.962656
0.964513
0.9649270000000001
0.964167
0.962367
0.959585
0.9558909999999999
0.953885
0.954101
0.9541790000000001
0.9538040000000001
0.95289
0.952559
0.955466
0.959833
0.962304
0.962996
0.962355
0.960576
0.957641
0.953535
0.950984
0.950627
0.9500799999999999
0.949045
0.9474950000000001
0.947367
0.950907
0.955808
0.9594360000000001
0.9618450000000001
0.9631219999999999
0.9630989999999999
0.9615290000000001
0.95826
0.955932
0.9551069999999999
0.9533360000000001
0.950369
0.9463969999999999
0.943844
0.9451620000000001
0.9480459999999999
0.9500200000000001
0.9511629999999999
0.9515530000000001
0.951024
0.949264
0.94596
0.9437700000000001
0.9433010000000001
0.942032
0.939614
0.936002
0.934098
0.935506
0.937212
0.9376909999999999
0.937285
0.936234
0.93458
0.932206
0.93153
0.9328930000000001
0.9337059999999999
0.9335530000000001
0.93248
0.931775
0.934343
0.938692
0.9414959999999999
0.942737
0.9427129999999999
0.941649
0.9396100000000001
0.9365
0.9347719999999999
0.9350299999999999
0.935053
0.9345690000000001
0.9335530000000001
0.933214
0.936193
0.9408340000000001
0.9440639999999999
0.946011
0.946916
0.946857
0.945743
0.9434450000000001
0.9426540000000001
0.9439420000000001
0.94473
0.944614
0.94358
0.943516
0.946716
0.9510559999999999
0.9540280000000001
0.9557979999999999
0.9566479999999999
0.956677
0.9556690000000001
0.953263
0.95194
0.952203
0.951601
0.949937
0.94734
0.9456
0.947291
0.950483
0.952368
0.952967
0.952391
0.950528
0.94714
0.944606
0.9435819999999999
0.941909
0.939362
0.936058
0.932334
0.9319379999999999
0.934578
0.936284
0.936959
0.936818
0.935917
0.9341379999999999
0.931262
0.929465
0.92911
0.9279430000000001
0.925797
0.922916
0.9199459999999999
0.920367
0.923473
0.9254899999999999
0.9264889999999999
0.92685
0.9267219999999999
0.925998
0.9267340000000001
0.929226
0.9312219999999999
0.932318
0.9324530000000001
0.931481
0.932643
0.9366909999999999
0.9400870000000001
0.941989
0.9426760000000001
0.9424459999999999
0.9414610000000001
0.939736
0.9394469999999999
0.9409270000000001
0.9419690000000001
0.9422889999999999
0.9419190000000001
0.9407049999999999
0.942471
0.9471350000000001
0.950311
0.951918
0.952425
0.952034
0.950666
0.9481379999999999
0.9467559999999999
0.947002
0.9467200000000001
0.9457959999999999
0.9443790000000001
0.942944
0.9450430000000001
0.949984
0.9537620000000001
0.9563219999999999
0.957838
0.958239
0.957333
0.954952
0.9533729999999999
0.9530930000000001
0.952003
0.9499200000000001
0.946981
0.943268
0.942853
0.9459129999999999
0.948262
0.9497469999999999
0.950576
0.950678
0.9497530000000001
0.9474299999999999
0.945851
0.94555
0.9444959999999999
0.942464
0.9394450000000001
0.9354790000000001
0.934666
0.937041
0.9385290000000001
0.939277
0.939556
0.939358
0.938493
0.938847
0.940659
0.9418040000000001
0.9419540000000001
0.9410870000000001
0.939169
0.938652
0.941119
0.944017
0.945725
0.946385
0.946106
0.944933
0.9428690000000001
0.941947
0.942594
0.9429120000000001
0.942673
0.9418620000000001
0.940299
0.9405969999999999
0.943758
0.9467610000000001
0.9484870000000001
0.949177
0.9489120000000001
0.947631
0.9451930000000001
0.9437700000000001
0.9439139999999999
0.943635
0.942675
0.941052
0.938717
0.939349
0.943264
0.946473
0.948525
0.949659
0.949995
0.949363
0.94945
0.9504520000000001
0.950464
0.949371
0.9474229999999999
0.944789
0.9428850000000001
0.944141
0.947042
0.94894
0.949845
0.949837
0.9488469999999999
0.9466969999999999
0.945285
0.945134
0.944516
0.943269
0.9414959999999999
0.9391200000000001
0.937831
0.939599
0.942528
0.9445709999999999
0.9458639999999999
0.9465540000000001
0.946573
0.9456889999999999
0.945789
0.947202
0.947918
0.947738
0.9468700000000001
0.9453379999999999
0.945282
0.948365
0.952239
0.955119
0.9571559999999999
0.9584799999999999
0.9589260000000001
0.958189
0.95819
0.959376
0.959835
0.9592930000000001
0.957741
0.9550649999999999
0.953427
0.954793
0.956986
0.9581290000000001
0.9583520000000001
0.957736
0.95614
0.953415
0.9517620000000001
0.9517110000000001
0.9512280000000001
0.9500049999999999
0.948009
0.945103
0.944101
0.9461200000000001
0.9481129999999999
0.948953
0.948895
0.948017
0.9461790000000001
0.945166
0.945318
0.944852
0.943659
0.941983
0.9399
0.937951
0.939225
0.94299
0.945775
0.947407
0.9478979999999999
0.947152
0.9451229999999999
0.9437190000000001
0.9434389999999999
0.942672
0.941291
0.9393799999999999
0.9368559999999999
0.934508
0.935326
0.9384239999999999
0.9406969999999999
0.942182
0.9430350000000001
0.9431950000000001
0.9424610000000001
0.942609
0.943901
0.944426
0.943994
0.942675
0.940421
0.939097
0.940788
0.9435680000000001
0.945362
0.946364
0.9467270000000001
0.94635
