1.012377
1.011576
1.011992
1.0115889999999998
1.010219
1.008038
1.0050459999999999
1.00276
1.003642
1.006018
1.0072780000000001
1.007566
1.007066
1.005733
1.003433
1.002214
1.0024629999999999
1.0021
1.000809
0.9986889999999999
0.995836
0.9937879999999999
0.9949100000000001
0.997492
0.9989319999999999
0.99931
0.9988049999999999
0.997482
0.995281
0.9942469999999999
0.9947600000000001
0.994763
0.993959
0.99235
0.989842
0.988311
0.989891
0.9926379999999999
0.994399
0.9952350000000001
0.9952350000000001
0.9943219999999999
0.994347
0.995647
0.996397
0.996424
0.995818
0.994585
0.992975
0.994441
0.998508
1.001276
1.00262
1.002781
1.001954
1.000194
0.9994540000000001
1.0001010000000001
1.000233
0.999611
0.998359
0.9965379999999999
0.994755
0.9961260000000001
0.999807
1.002305
1.003594
1.003832
1.0030370000000002
1.0011940000000001
1.000422
1.0011370000000002
1.001293
1.00058
0.999077
0.996791
0.994799
0.996025
0.999344
1.001685
1.0030430000000001
1.003558
1.0031709999999998
1.001673
1.00091
1.001203
1.000666
0.9992110000000001
0.9970180000000001
0.994092
0.99136
0.991772
0.9942719999999999
0.995771
0.996417
0.9964299999999999
0.995758
0.994223
0.993806
0.9948309999999999
0.995186
0.994519
0.9928440000000001
0.9901840000000001
0.9881770000000001
0.9893379999999999
0.9920530000000001
0.9937809999999999
0.994591
0.994577
0.993711
0.991944
0.991394
0.992458
0.99308
0.992983
0.992175
0.990525
0.989663
0.9918020000000001
0.995142
0.997338
0.9983879999999999
0.9983620000000001
0.997244
0.994981
0.993767
0.994181
0.994265
0.99369
0.9924219999999999
0.990376
0.9893879999999999
0.991504
0.9946309999999999
0.9964930000000001
0.997223
0.997051
0.995983
0.993864
0.9927860000000001
0.993152
0.9928379999999999
0.9915790000000001
0.989554
0.986865
0.985741
0.98806
0.991476
0.9939290000000001
0.99539
0.995835
0.9951260000000001
0.995158
0.99636
0.9968899999999999
0.996495
0.9952610000000001
0.9932139999999999
0.9903190000000001
0.9904379999999999
0.993657
0.995935
0.997151
0.997484
0.996991
0.995605
0.995136
0.995858
0.995927
0.9952049999999999
0.993813
0.9916729999999999
0.9889100000000001
0.9891110000000001
0.992002
0.993822
0.994677
0.994834
0.994296
0.9929469999999999
0.992714
0.993924
0.9945579999999999
0.994273
0.993086
0.991036
0.9890969999999999
0.9903190000000001
0.9936959999999999
0.996017
0.997288
0.9976290000000001
0.997041
0.995505
0.995024
0.995972
0.9964059999999999
0.9960559999999999
0.994927
0.99292
0.99095
0.991873
0.9946360000000001
0.9963040000000001
0.996984
0.996812
0.99574
0.993617
0.99245
0.9926709999999999
0.992367
0.991345
0.9896719999999999
0.987333
0.985994
0.987893
0.9911479999999999
0.993244
0.994144
0.9939469999999999
0.9926959999999999
0.990326
0.9888979999999999
0.988856
0.988241
0.986835
0.984764
0.98211
0.9806219999999999
0.9825
0.985836
0.9881840000000001
0.9895209999999999
0.9898600000000001
0.989089
0.9871219999999999
0.9861040000000001
0.98651
0.986303
0.985158
0.983131
0.9802299999999999
0.978252
0.979569
0.9824290000000001
0.9844620000000001
0.98569
0.98618
0.985822
0.9863540000000001
0.987977
0.9887299999999999
0.9883790000000001
0.987124
0.985084
0.9822620000000001
0.982513
0.9858459999999999
0.9881629999999999
0.989392
0.989833
0.989605
0.9886469999999999
0.9887729999999999
0.990283
0.9912719999999999
0.991431
0.9907729999999999
0.989232
0.9870200000000001
0.987776
0.99121
0.9934790000000001
0.994563
0.994693
0.993935
0.992283
0.9917600000000001
0.992776
0.9933870000000001
0.993295
0.9925309999999999
0.991008
0.989283
0.990416
0.993641
0.995704
0.99666
0.996619
0.9955280000000001
0.9932719999999999
0.991772
0.991483
0.99067
0.989202
0.987158
0.984499
0.9819969999999999
0.982672
0.985549
0.98729
0.9878319999999999
0.98735
0.98593
0.983519
0.982082
0.982042
0.9814860000000001
0.9801540000000001
0.978145
0.975556
0.973823
0.975476
0.9790200000000001
0.9817389999999999
0.9835879999999999
0.984568
0.9845229999999999
0.9851489999999999
0.986758
0.987649
0.9876790000000001
0.986964
0.985569
0.983455
0.983669
0.9868979999999999
0.989917
0.991981
0.993196
0.9935889999999999
0.993094
0.9934370000000001
0.994877
0.995589
0.995297
0.994117
0.9921549999999999
0.989334
0.9890100000000001
0.9916219999999999
0.9935799999999999
0.9944350000000001
0.9944440000000001
0.9937879999999999
0.992484
0.992344
0.9936510000000001
0.994495
0.994518
0.9936729999999999
0.9918790000000001
0.989116
0.989288
0.99245
0.9945799999999999
0.995618
0.995768
0.9950450000000001
0.9933540000000001
0.9925200000000001
0.9929450000000001
0.9928629999999999
0.992017
0.990475
0.9882290000000001
0.985123
0.984883
0.9875659999999999
0.98919
0.9897549999999999
0.9894959999999999
0.9884040000000001
0.986368
0.985247
0.985403
0.985038
0.9840260000000001
0.982506
0.9804459999999999
0.9783870000000001
0.979524
0.983144
0.985763
0.987289
0.987815
0.987358
0.985915
0.985452
0.9863350000000001
0.986684
0.9862709999999999
0.985142
0.9832780000000001
0.981485
0.982891
0.9866309999999999
0.989405
0.991165
0.991984
0.991757
0.990326
0.9896659999999999
0.99031
0.990442
0.989757
0.9882549999999999
0.9859120000000001
0.983558
0.984274
0.987242
0.989333
0.990542
0.99095
0.9904850000000001
0.9908450000000001
0.992274
0.992942
0.992553
0.9912280000000001
0.989139
0.9863430000000001
0.9854360000000001
0.98761
0.990131
0.9916870000000001
0.992367
0.992311
0.991542
0.9917370000000001
0.993157
0.994082
0.99425
0.993677
0.992293
0.98993
0.989231
0.9914639999999999
0.993907
0.9953489999999999
0.995917
0.995699
0.994641
0.994524
0.995758
0.9966219999999999
0.996818
0.9963420000000001
0.9951409999999999
0.9930469999999999
0.993195
0.9961459999999999
0.9985370000000001
0.99985
1.00027
0.9997540000000001
0.9981559999999999
0.997242
0.9973860000000001
0.9969049999999999
0.99569
0.9939100000000001
0.991567
0.9885219999999999
0.988309
0.9912350000000001
0.99346
0.9945229999999999
0.994498
0.993418
0.9912979999999999
0.990041
0.990032
0.9895
0.988225
0.9862540000000001
0.983598
0.9805290000000001
0.9807620000000001
0.9841049999999999
0.986742
0.9885870000000001
0.989713
0.9899969999999999
0.9892219999999999
0.9891549999999999
0.990188
0.990613
0.990266
0.9892129999999999
0.987448
0.9851610000000001
0.985936
0.9895360000000001
0.992232
0.994028
0.995064
0.9952989999999999
0.9946149999999999
0.9948530000000001
0.9963350000000001
0.9971620000000001
0.9970829999999999
0.9962270000000001
0.994585
0.9923639999999999
0.9930459999999999
0.9963040000000001
0.998466
0.999553
0.999816
0.999317
0.997936
0.9975149999999999
0.9984040000000001
0.998708
0.998123
0.996648
0.994238
0.991401
0.991683
0.99466
0.9967239999999999
0.9978020000000001
0.9979870000000001
0.997188
0.995288
0.9942700000000001
0.9946440000000001
0.994616
0.9939399999999999
0.992654
0.990682
0.988347
0.988967
0.992002
0.993885
0.994693
0.9946389999999999
0.9937090000000001
0.9935950000000001
0.994606
0.995025
0.994617
0.9935120000000001
0.991785
0.989375
0.9884809999999999
0.99059
0.9932790000000001
0.994858
0.995337
0.994827
0.993418
0.992858
0.993411
0.9933649999999999
0.9925459999999999
0.991102
0.9891139999999999
0.986562
0.986297
0.989194
0.9921139999999999
0.993977
0.994885
0.9948739999999999
0.993857
0.9935889999999999
0.994469
0.9948540000000001
0.9945639999999999
0.993649
0.992092
0.9897610000000001
0.990007
0.993243
0.995944
0.9977739999999999
0.998926
0.999389
0.9989889999999999
0.999383
1.000782
1.001308
1.000688
0.99908
0.996667
0.9934649999999999
0.9930399999999999
0.995763
0.9978950000000001
0.999024
0.9992840000000001
0.998724
0.9972770000000001
0.9967809999999999
0.9975940000000001
0.9978969999999999
0.997439
0.9962270000000001
0.994173
0.991332
0.9914790000000001
0.994532
0.99654
0.997439
0.99744
0.996598
0.9948809999999999
0.9942219999999999
0.995051
0.9955219999999999
0.995318
0.9944440000000001
0.9928370000000001
0.9903489999999999
0.990734
0.993986
0.996134
0.9972409999999999
0.997526
0.996958
0.995419
0.994725
0.9952409999999999
0.9952030000000001
0.9944700000000001
0.9932059999999999
0.991426
0.9891280000000001
0.9900120000000001
0.993927
0.996817
0.998525
0.999149
0.998718
0.999022
1.0004309999999998
1.001257
1.001255
1.0004819999999999
0.998933
0.996567
0.995361
0.997194
1.00005
1.001997
1.003089
1.003392
1.002812
1.0029270000000001
1.004022
1.004518
1.004227
1.003185
1.0013729999999998
0.998705
0.9973420000000001
0.998934
1.001277
1.002748
1.003409
1.0033020000000001
1.0023739999999999
1.002341
1.0035
1.004078
1.003781
1.002701
1.000941
0.9984379999999999
0.997712
0.99995
1.002414
1.0038200000000002
1.004286
1.0039559999999998
1.0028489999999999
1.002687
1.0037719999999999
1.004364
1.004161
1.0031450000000002
1.0012459999999999
0.998341
0.997223
0.9991700000000001
1.0014
1.0027409999999999
1.003263
1.0029549999999998
1.001667
1.001147
1.001807
1.001965
1.0014100000000001
1.00021
0.9983719999999999
0.9957790000000001
0.9957010000000001
0.9986309999999999
1.001082
1.0025680000000001
1.0032379999999999
1.0030370000000002
1.001833
1.0014530000000001
1.002286
1.002594
1.002226
1.001307
0.9998020000000001
0.997527
0.997821
1.001164
1.003947
1.005584
1.006159
1.005728
1.004329
1.003823
1.004574
1.004823
1.004315
1.00306
1.0010430000000001
0.9982489999999999
0.9982709999999999
1.0015969999999998
1.004548
1.006608
1.007818
1.008062
1.0071350000000001
1.0068
1.007479
1.0075129999999999
1.006745
1.0052459999999999
1.003031
1.000026
0.999925
1.002999
1.005421
1.006966
1.007755
1.0077399999999999
1.006789
1.006692
1.007738
1.008031
1.007327
1.005778
1.003423
1.000129
0.999724
1.002399
1.004165
1.004925
1.004924
1.0042200000000001
1.0026899999999999
1.0021200000000001
1.002846
1.0030139999999999
1.002321
1.000758
0.9982709999999999
0.994978
0.994761
0.997561
0.999391
1.000162
1.000019
0.998934
0.998603
0.9994370000000001
0.9998879999999999
0.999776
0.9991629999999999
0.9980450000000001
0.996294
0.995663
0.997842
1.000717
1.002351
1.002923
1.002623
1.001463
1.001136
1.001959
1.002254
1.001814
1.0008
0.9992969999999999
0.997199
0.9967739999999999
0.999423
1.002609
1.004733
1.005823
1.005983
1.005264
1.005448
1.006789
1.007483
1.007303
1.0063600000000001
1.004724
1.00239
1.002291
1.005309
1.008311
1.0102790000000001
1.011306
1.011376
1.010325
1.0098340000000001
1.010285
1.010086
1.009102
1.007427
1.0050780000000001
1.001949
1.00092
1.0029059999999999
1.0048979999999998
1.006035
1.006451
1.006137
1.004944
1.004581
1.005318
1.00531
1.004298
1.002427
0.99985
0.9965649999999999
0.9959809999999999
0.9985959999999999
1.0008350000000001
1.002157
1.0026700000000002
1.002413
1.001326
1.001199
1.002365
1.0030370000000002
1.002951
1.002104
1.000408
0.997761
0.9977239999999999
1.000773
1.003208
1.004557
1.004991
1.004564
1.003235
1.002903
1.00401
1.004746
1.0047629999999999
1.004027
1.002461
0.9999040000000001
1.00001
1.002996
1.005042
1.0060559999999998
1.0062719999999998
1.005681
1.004176
1.003603
1.0042959999999999
1.004412
1.003776
1.002552
1.0007709999999999
0.998447
0.9993120000000001
1.003213
1.0060559999999998
1.00766
1.00811
1.0074450000000001
1.0057120000000002
1.004885
1.00537
1.005355
1.0045979999999999
1.003125
1.000907
0.998059
0.9983799999999999
1.001739
1.004147
1.005523
1.005994
1.005493
1.003863
1.003013
1.0034239999999999
1.0032729999999999
1.002241
1.000353
0.9976309999999999
0.99439
0.994283
0.997093
0.999099
1.000207
1.0004819999999999
0.9998610000000001
1.0000209999999998
1.001215
1.001666
1.001109
0.9996870000000001
0.997583
0.994834
0.9934950000000001
0.995173
0.9975959999999999
0.9989370000000001
0.99926
0.998763
0.9975639999999999
0.99741
0.998604
0.999425
0.999575
0.9990370000000001
0.997719
0.995444
0.994706
0.996909
0.9994790000000001
1.001075
1.00183
1.001839
1.001028
1.001157
1.0025899999999999
1.003577
1.003851
1.0034530000000002
1.002386
1.000524
1.000944
1.004242
1.007089
1.0088620000000001
1.009723
1.009623
1.008415
1.007875
1.0083799999999998
1.008227
1.007306
1.005788
1.003667
1.000779
1.000371
1.00299
1.005104
1.006051
1.005935
1.004826
1.002751
1.001588
1.001685
1.0012370000000002
1.000001
0.9980110000000001
0.995273
0.9917879999999999
0.9914299999999999
0.994425
0.9968229999999999
0.998423
0.9992989999999999
0.999326
0.9982840000000001
0.9979120000000001
0.998609
0.998724
0.9981180000000001
0.996868
0.994965
0.992289
0.9925120000000001
0.9958379999999999
0.9984059999999999
1.000053
1.000933
1.0010290000000002
1.000237
0.998417
0.995445
0.9912559999999999
0.985849
0.982355
0.981359
0.9797379999999999
0.9768870000000001
0.9729040000000001
0.9729120000000001
0.977144
0.9805209999999999
0.9828389999999999
0.984116
0.984158
0.9828049999999999
0.979994
0.97564
0.9726889999999999
0.971558
0.969304
0.965835
0.9616
0.9608629999999999
0.9643709999999999
0.967635
0.9693700000000001
0.9694530000000001
0.9679049999999999
0.964752
0.959975
0.953615
0.948664
0.9457780000000001
0.942264
0.937793
0.9325120000000001
0.930225
0.931895
0.933416
0.933456
0.932192
0.929934
0.9268719999999999
0.9230700000000001
0.921259
0.9218799999999999
0.9221739999999999
0.921675
0.920392
0.920723
0.9244370000000001
0.928776
0.931573
0.9329729999999999
0.933266
0.9326180000000001
0.9310860000000001
0.9286040000000001
0.925047
0.9232090000000001
0.9237770000000001
0.92415
0.9238129999999999
0.9225690000000001
0.9244190000000001
0.929449
0.932897
0.93419
0.933644
0.9315549999999999
0.928126
0.92342
0.917414
0.913221
0.911422
0.9090159999999999
0.905643
0.902285
0.902857
0.9064040000000001
0.908684
0.909545
0.9091030000000001
0.907264
0.903749
0.89825
0.8936059999999999
0.890558
0.886603
0.8816360000000001
0.8759389999999999
0.874
0.8760319999999999
0.877374
0.877555
0.8765860000000001
0.874475
0.871239
0.866851
0.861247
0.8572719999999999
0.855556
0.853513
0.850857
0.848109
0.848852
0.852118
0.8535709999999999
0.8532559999999999
0.851774
0.8495969999999999
0.846933
0.8437969999999999
0.840146
0.838884
0.8403950000000001
0.841561
0.841698
0.84204
0.845619
0.8509329999999999
0.8546360000000001
0.856765
0.857657
0.8574799999999999
0.8561840000000001
0.8536440000000001
0.849799
0.847743
0.848152
0.848145
0.84724
0.847226
0.850801
0.85587
0.859275
0.8610180000000001
0.8614280000000001
0.8606379999999999
0.8585209999999999
0.85487
0.849577
0.845879
0.844518
0.8425020000000001
0.8393430000000001
0.837361
0.8390129999999999
0.841939
0.843576
0.8439709999999999
0.843276
0.841454
0.838385
0.8339780000000001
0.8310290000000001
0.829968
0.828002
0.824816
0.8212430000000001
0.821108
0.823778
0.8252799999999999
0.825466
0.8245129999999999
0.822515
0.819478
0.81534
0.8100569999999999
0.806416
0.8051159999999999
0.80362
0.8013779999999999
0.799236
0.800423
0.8037850000000001
0.805713
0.806217
0.805645
0.804277
0.802244
0.799511
0.79864
0.799951
0.8006260000000001
0.800096
0.798901
0.800825
0.805387
0.8086939999999999
0.810704
0.811737
0.812046
0.8117340000000001
0.810668
0.808565
0.807944
0.8092189999999999
0.809711
0.809017
0.808212
0.810611
0.81501
0.817772
0.818947
0.8188810000000001
0.8177479999999999
0.8155789999999999
0.81234
0.8080510000000001
0.805717
0.805892
0.805667
0.804512
0.80415
0.8071109999999999
0.8113630000000001
0.81395
0.814879
0.814418
0.812767
0.80999
0.805966
0.80052
0.796423
0.794276
0.7915260000000001
0.7879729999999999
0.785391
0.786712
0.790303
0.7930619999999999
0.794841
0.795673
0.795437
0.79385
0.790612
0.785618
0.781756
0.779718
0.776942
0.773099
0.770189
0.7709560000000001
0.773636
0.7755920000000001
0.776894
0.777766
0.778241
0.7781140000000001
0.777039
0.777302
0.779113
0.779801
0.7790229999999999
0.7776069999999999
0.779038
0.782664
0.785018
0.7862779999999999
0.786863
0.78695
0.786478
0.785245
0.783032
0.7823260000000001
0.783568
0.784183
0.783726
0.783369
0.786234
0.79104
0.794339
0.796007
0.796275
0.795339
0.793313
0.7902520000000001
0.786188
0.783925
0.7840229999999999
0.783792
0.782714
0.7824180000000001
0.785517
0.790108
0.793203
0.7948430000000001
0.79537
0.794901
0.79327
0.790211
0.785552
0.782003
0.780234
0.777809
0.77445
0.7719090000000001
0.773166
0.776621
0.7791779999999999
0.780671
0.781097
0.780316
0.778155
0.774513
0.771858
0.770682
0.768686
0.7656930000000001
0.762316
0.762467
0.7658550000000001
0.768506
0.770239
0.771173
0.7713180000000001
0.7705770000000001
0.768759
0.765658
0.763731
0.763604
0.763001
0.761563
0.760128
0.762131
0.7667970000000001
0.770556
0.7733
0.775172
0.776199
0.7762819999999999
0.775233
0.775285
0.776816
0.777492
0.776997
0.775479
0.776875
0.7816270000000001
0.785722
0.788611
0.790452
0.791409
0.791547
0.7907569999999999
0.7888149999999999
0.785551
0.7835949999999999
0.783517
0.782778
0.780932
0.779704
0.7817310000000001
0.7851739999999999
0.787292
0.788249
0.788303
0.787501
0.785741
0.782922
0.781566
0.782119
0.7820590000000001
0.780998
0.779266
0.780697
0.785034
0.7882279999999999
0.790081
0.790683
0.790088
0.788304
0.785198
0.780578
0.776771
0.774467
0.771788
0.768698
0.7653439999999999
0.7657729999999999
0.7699819999999999
0.773465
0.775762
0.77689
0.776813
0.775443
0.772768
0.768914
0.766497
0.766054
0.765237
0.763712
0.762251
0.76442
0.769501
0.773706
0.776933
0.779412
0.7812100000000001
0.7821670000000001
0.781982
0.782658
0.7844800000000001
0.785287
0.784924
0.783555
0.784099
0.787788
0.791651
0.794387
0.796115
0.7969609999999999
0.796912
0.795855
0.7936310000000001
0.790136
0.788008
0.787883
0.7873100000000001
0.785809
0.784524
0.7865449999999999
0.790515
0.793013
0.794046
0.7939109999999999
0.792797
0.790796
0.787912
0.786593
0.787265
0.7874760000000001
0.7868310000000001
0.785321
0.786514
0.7908029999999999
0.794438
0.796971
0.7985260000000001
0.799024
0.798268
0.7960550000000001
0.792293
0.78933
0.78786
0.7860020000000001
0.783617
0.780825
0.780632
0.7839430000000001
0.787343
0.789427
0.790192
0.789782
0.7883399999999999
0.785925
0.78255
0.7807149999999999
0.78096
0.7809699999999999
0.7803720000000001
0.779104
0.781127
0.7864359999999999
0.790725
0.793868
0.7961199999999999
0.797592
0.798196
0.797702
0.795916
0.795231
0.7961560000000001
0.796393
0.795609
0.7938609999999999
0.795091
0.799744
0.803752
0.806571
0.808289
0.8089189999999999
0.80834
0.806377
0.802926
0.800519
0.799818
0.798636
0.796659
0.79386
0.794243
0.7977390000000001
0.800049
0.80118
0.801453
0.800981
0.7997270000000001
0.7975810000000001
0.794419
0.792661
0.7927069999999999
0.792054
0.790269
0.787459
0.787887
0.791658
0.7944479999999999
0.79611
0.796849
0.79676
0.795854
0.794061
0.791315
0.7900699999999999
0.790854
0.791315
0.790986
0.789733
0.791327
0.7958850000000001
0.799218
0.801036
0.801629
0.801153
0.799662
0.797144
0.793632
0.79176
0.79209
0.792158
0.791484
0.7901699999999999
0.7921600000000001
0.797251
0.801135
0.803604
0.804872
0.8051020000000001
0.804255
0.802113
0.798511
0.796036
0.795363
0.794261
0.792495
0.7905260000000001
0.7921819999999999
0.797033
0.800934
0.80362
0.805136
0.80543
0.804373
0.8018770000000001
0.8003359999999999
0.800281
0.799508
0.7977380000000001
0.795049
0.794187
0.796567
0.799431
0.801325
0.802345
0.802633
0.802185
0.800862
0.798456
0.7971199999999999
0.79733
0.797022
0.795927
0.793992
0.794111
0.797355
0.800633
0.802832
0.8041699999999999
0.8047880000000001
0.8046840000000001
0.80378
0.801982
0.8015979999999999
0.803029
0.8038930000000001
0.803736
0.8025359999999999
0.803674
0.807933
0.8117449999999999
0.814226
0.815619
0.816152
0.8159
0.814763
0.812566
0.81162
0.812373
0.812484
0.811538
0.8095060000000001
0.809653
0.812859
0.815721
0.817361
0.818001
0.817719
0.816429
0.813964
0.810231
0.807766
0.807193
0.806236
0.804563
0.802178
0.802741
0.806666
0.809941
0.811873
0.812652
0.8124859999999999
0.811394
0.809214
0.805813
0.803635
0.803311
0.8027029999999999
0.8015100000000001
0.799668
0.8006880000000001
0.805127
0.80916
0.81202
0.8138
0.8145140000000001
0.814046
0.812292
0.8092630000000001
0.807435
0.807334
0.806689
0.805181
0.802875
0.80356
0.807852
0.8118609999999999
0.814904
0.817099
0.81843
0.818723
0.8177369999999999
0.815283
0.8137949999999999
0.813833
0.8131470000000001
0.811465
0.808824
0.809296
0.813191
0.816315
0.818396
0.819684
0.8202389999999999
0.819951
0.8186260000000001
0.816082
0.814737
0.815029
0.8145020000000001
0.812826
0.8101430000000001
0.8105479999999999
0.814268
0.8170069999999999
0.818394
0.818721
0.81821
0.816866
0.814528
0.811071
0.8090109999999999
0.808891
0.808317
0.806864
0.804458
0.805148
0.809081
0.811956
0.813525
0.8139609999999999
0.813351
0.811678
0.808888
0.805013
0.802678
0.802466
0.801999
0.800896
0.79932
0.8012020000000001
0.806245
0.810085
0.812584
0.814033
0.814528
0.813932
0.812044
0.808775
0.806818
0.80688
0.8065939999999999
0.805565
0.804171
0.806307
0.811562
0.815716
0.8185359999999999
0.820117
0.820441
0.819449
0.81712
0.81345
0.81111
0.810692
0.809732
0.807918
0.805937
0.807604
0.812316
0.816012
0.818508
0.8199129999999999
0.820207
0.819267
0.816925
0.813077
0.810439
0.80971
0.8084600000000001
0.806304
0.803855
0.804867
0.8087810000000001
0.811686
0.8134939999999999
0.814366
0.814339
0.8133279999999999
0.8111689999999999
0.807724
0.805569
0.805198
0.804125
0.80208
0.799756
0.800802
0.8045399999999999
0.807045
0.8083060000000001
0.808658
0.80823
0.806938
0.804635
0.801243
0.799427
0.799683
0.799372
0.797999
0.796435
0.798121
0.802195
0.80504
0.806539
0.806894
0.8062229999999999
0.804559
0.801901
0.800752
0.8016
0.8020609999999999
0.80178
0.800728
0.8025260000000001
0.807491
0.811593
0.814246
0.815662
0.815964
0.8151189999999999
0.8130350000000001
0.809668
0.805113
0.802318
0.801978
0.801474
0.800307
0.7999609999999999
0.803204
0.808211
0.811739
0.8137310000000001
0.8143729999999999
0.813783
0.812048
0.809197
0.807845
0.808437
0.808389
0.807351
0.805492
0.8069810000000001
0.8118449999999999
0.8157909999999999
0.818653
0.8205389999999999
0.821421
0.821152
0.819476
0.816132
0.81355
0.8124140000000001
0.810582
0.807815
0.8042020000000001
0.803728
0.8067840000000001
0.809248
0.8106359999999999
0.811094
0.810716
0.809487
0.807316
0.804124
0.8024939999999999
0.802866
0.802679
0.801582
0.799977
0.801539
0.8057479999999999
0.808605
0.810215
0.811042
0.811305
0.810951
0.8097979999999999
0.807667
0.807008
0.808221
0.8087409999999999
0.808094
0.806373
0.807756
0.812264
0.815569
0.817487
0.818213
0.8178489999999999
0.816393
0.813814
0.810102
0.807974
0.808032
0.807739
0.8066260000000001
0.805307
0.807307
0.811809
0.814873
0.8164399999999999
0.81686
0.816314
0.814752
0.81203
0.808046
0.80555
0.805183
0.8044060000000001
0.80282
0.801335
0.803449
0.808247
0.8119770000000001
0.8144520000000001
0.815755
0.815923
0.814947
0.81271
0.809056
0.8065869999999999
0.805926
0.80474
0.8028069999999999
0.800798
0.8023779999999999
0.806864
0.8102560000000001
0.812407
0.813473
0.813472
0.812296
0.809789
0.80591
0.8034399999999999
0.80296
0.8018689999999999
0.799744
0.79757
0.798902
0.8029270000000001
0.806059
0.808241
0.809669
0.810357
0.8101149999999999
0.808665
0.805791
0.804122
0.804158
0.80335
0.801457
0.799783
0.801646
0.805856
0.808901
0.8107310000000001
0.8115979999999999
0.811589
0.810604
0.808491
0.80515
0.8033
0.803449
0.802888
0.801122
0.7994640000000001
0.801182
0.804987
0.80743
0.808407
0.808181
0.806979
0.804884
0.8018069999999999
0.797615
0.795054
0.794683
0.793834
0.792058
0.790984
0.793379
0.797451
0.80015
0.801501
0.80171
0.800806
0.798718
0.795369
0.793355
0.793292
0.792842
0.7917390000000001
0.790275
0.792389
0.7977890000000001
0.8021189999999999
0.8050609999999999
0.806658
0.8069189999999999
0.805873
0.8035640000000001
0.79996
0.797563
0.796936
0.795787
0.7939069999999999
0.791863
0.793533
0.7983979999999999
0.802215
0.8047890000000001
0.8063060000000001
0.806833
0.806275
0.804449
0.8012729999999999
0.7994979999999999
0.799689
0.799233
0.797705
0.796097
0.797977
0.802491
0.805948
0.808233
0.809566
0.81005
0.809585
0.810163
0.8119649999999999
0.812702
0.812058
0.8102199999999999
0.808789
0.8103229999999999
0.813391
0.815343
0.816133
0.815937
0.814917
0.814883
0.8161579999999999
0.8169850000000001
0.8170310000000001
0.816362
0.815083
0.814689
0.817171
0.820794
0.823103
0.824034
0.823808
0.822634
0.822247
0.823148
0.824016
0.824734
0.825401
0.8260049999999999
0.8265030000000001
0.8300139999999999
0.836183
0.8411559999999999
0.8445940000000001
0.84664
0.8475959999999999
0.8478110000000001
0.848949
0.8512219999999999
0.852999
0.8539680000000001
0.854244
0.8539620000000001
0.8530610000000001
0.854884
0.859442
0.8630639999999999
0.865661
0.8674700000000001
0.868563
0.868813
0.8696149999999999
0.871149
0.871833
0.871432
0.870029
0.8677239999999999
0.865293
0.865648
0.8681540000000001
0.869934
0.8711120000000001
0.871949
0.872466
0.8739809999999999
0.87654
0.878459
0.879373
0.8793790000000001
0.8786860000000001
0.877351
0.877285
0.879734
0.882582
0.8845149999999999
0.885812
0.886718
0.887236
0.888625
0.891056
0.89315
0.8947129999999999
0.895805
0.89638
0.8962110000000001
0.896122
0.8985360000000001
0.902508
0.90559
0.907868
0.909523
0.9105690000000001
0.912385
0.915316
0.9180809999999999
0.9204559999999999
0.922401
0.923768
0.924291
0.924514
0.927118
0.9314459999999999
0.9348620000000001
0.937549
0.9396770000000001
0.9411229999999999
0.941664
0.9427399999999999
0.944634
0.9458629999999999
0.946274
0.945909
0.944702
0.94257
0.942332
0.945189
0.948367
0.9506979999999999
0.952161
0.9527370000000001
0.952285
0.9522959999999999
0.953097
0.9531850000000001
0.952368
0.9507540000000001
0.948462
0.945514
0.9443010000000001
0.946276
0.949034
0.95105
0.9521930000000001
0.952327
0.951306
0.95068
0.950941
0.95075
0.949896
0.948413
0.946317
0.9435610000000001
0.942133
0.9440299999999999
0.94734
0.950061
0.9520799999999999
0.953343
0.9550799999999999
0.9574889999999999
0.9592709999999999
0.9602780000000001
0.9606540000000001
0.9604590000000001
0.9596309999999999
0.9580989999999999
0.9589840000000001
0.9628909999999999
0.966633
0.969641
0.9720030000000001
0.973671
0.974524
0.9760540000000001
0.978549
0.980448
0.9814309999999999
0.981477
0.9806219999999999
0.9789329999999999
0.9787290000000001
0.9817100000000001
0.985605
0.988661
0.990819
0.992091
0.992467
0.9936229999999999
0.995884
0.997609
0.9985200000000001
0.998624
0.9979040000000001
0.9963049999999999
0.996058
0.998891
1.002537
1.00514
1.006578
1.00683
1.005847
1.005279
1.00563
1.005523
1.004783
1.003483
1.001667
0.999265
0.997597
0.9988530000000001
1.001421
1.00282
1.003105
1.002425
1.000779
0.9998020000000001
0.9999049999999999
0.999605
0.998735
0.997468
0.9959
0.993951
0.993139
0.995525
0.999338
1.002207
1.004018
1.0047780000000002
1.0044879999999998
1.004825
1.006205
1.007136
1.007406
1.007079
1.006153
1.0045520000000001
1.003629
1.005794
1.009626
1.0125680000000001
1.014551
1.015586
1.015558
1.016057
1.0174940000000001
1.018422
1.0186520000000001
1.018174
1.016943
1.01488
1.0137459999999998
1.015539
1.018449
1.020448
1.02154
1.021747
1.0210190000000001
1.021093
1.022322
1.023003
1.0228620000000002
1.022001
1.0205389999999999
1.018433
1.0176020000000001
1.0197459999999998
1.022692
1.0245
1.025203
1.024981
1.02394
1.023842
1.025076
1.026017
1.026375
1.026087
1.025039
1.023133
1.021986
1.023784
1.0268110000000001
1.0287549999999999
1.0296610000000002
1.0296610000000002
1.028786
1.02706
1.026517
1.027569
1.028253
1.02821
1.027409
1.025728
1.023132
1.023417
1.026598
1.028824
1.030095
1.030538
1.030127
1.028766
1.0284440000000001
1.029584
1.030275
1.030265
1.0295729999999998
1.0281559999999998
1.026011
1.026915
1.03073
1.033353
1.034728
1.03512
1.034583
1.0330059999999999
1.032333
1.032997
1.0331110000000001
1.0324280000000001
1.031067
1.029084
1.026362
1.026622
1.030027
1.032546
1.033888
1.034145
1.03331
1.031389
1.030516
1.031161
1.031358
1.030807
1.029531
1.0274729999999999
1.02467
1.02508
1.0287389999999998
1.031599
1.033575
1.034812
1.0352649999999999
1.0347520000000001
1.035088
1.036541
1.037183
1.036834
1.035609
1.0335020000000001
1.030434
1.030245
1.033172
1.035251
1.03635
1.036709
1.0363360000000001
1.035102
1.034915
1.036067
1.036483
1.035784
1.034042
1.0313729999999999
1.0279209999999999
1.0274889999999999
1.0299530000000001
1.031328
1.031613
1.031045
1.029735
1.027655
1.0267700000000002
1.027388
1.027477
1.0267469999999999
1.025231
1.022865
1.020114
1.020432
1.0233370000000002
1.02526
1.026148
1.026141
1.025223
1.0232620000000001
1.022281
1.0227870000000001
1.022916
1.0224280000000001
1.021364
1.019667
1.0179340000000001
1.019304
1.022895
1.025208
1.026284
1.026407
1.025633
1.023836
1.0230489999999999
1.023657
1.023595
1.0226030000000002
1.020835
1.0183659999999999
1.0163659999999999
1.0176969999999999
1.0211059999999998
1.0235299999999998
1.024908
1.025279
1.024602
1.022825
1.022051
1.022624
1.022449
1.0213020000000002
1.019318
1.016575
1.014621
1.016106
1.019427
1.021742
1.023033
1.023374
1.022661
1.020701
1.019543
1.019668
1.019168
1.017867
1.015835
1.01306
1.01099
1.012142
1.01494
1.0167629999999999
1.017729
1.017943
1.017315
1.015662
1.015021
1.01573
1.0156610000000001
1.014614
1.012825
1.010365
1.008996
1.010928
1.014205
1.016418
1.01766
1.0181129999999998
1.017741
1.016332
1.0159790000000002
1.017109
1.017611
1.0171729999999999
1.015787
1.013366
1.012051
1.013923
1.016758
1.018446
1.019085
1.018786
1.017475
1.0150709999999998
1.0139040000000001
1.014498
1.0146870000000001
1.0141440000000002
1.0128709999999999
1.010745
1.010033
1.012358
1.015104
1.016466
1.016678
1.0159049999999998
1.0140879999999999
1.01112
1.009254
1.008979
1.0082149999999999
1.006804
1.004872
1.002368
1.001853
1.0047469999999998
1.008118
1.0102010000000001
1.0109780000000002
1.010438
1.008535
1.007395
1.007486
1.006868
1.0053459999999999
1.0030620000000001
1.000059
0.9970389999999999
0.997367
1.000351
1.002432
1.003517
1.0037399999999999
1.0030729999999999
1.0013729999999998
1.0005600000000001
1.001021
1.000905
1.000024
0.998409
0.995992
0.993834
0.99475
0.9975569999999999
0.999347
1.000243
1.000412
0.9998610000000001
0.9985229999999999
0.998489
1.000089
1.001123
1.0012159999999999
1.000426
0.998806
0.9982129999999999
1.00068
1.00413
1.006276
1.0072
1.007098
1.006078
1.004108
1.0033219999999998
1.004138
1.0044520000000001
1.003945
1.002617
1.000373
0.9992209999999999
1.001106
1.003866
1.005463
1.0059719999999999
1.005484
1.003927
1.001142
0.999376
0.9992059999999999
0.9985569999999999
0.9971540000000001
0.995067
0.992274
0.991282
0.9934930000000001
0.996092
0.997509
0.9979879999999999
0.997662
0.9964049999999999
0.996099
0.997058
0.997315
0.996699
0.9954299999999999
0.9935780000000001
0.9913200000000001
0.9921040000000001
0.995575
0.9979299999999999
0.999079
0.999181
0.998275
0.99639
0.9955510000000001
0.9961909999999999
0.996449
0.996085
0.9951469999999999
0.9935370000000001
0.9915510000000001
0.9926790000000001
0.9964959999999999
0.9993290000000001
1.0011889999999999
1.002289
1.002618
1.002009
1.002383
1.004041
1.004983
1.0050290000000002
1.004293
1.002735
1.0014299999999998
1.003175
1.006753
1.009257
1.010856
1.0117450000000001
1.0118340000000001
1.010912
1.0109139999999999
1.012135
1.012475
1.011599
1.00952
1.006263
1.0030860000000001
1.002925
1.0045879999999998
1.005126
1.004615
1.003214
1.00095
0.997819
0.995951
0.9957379999999999
0.99511
0.9937520000000001
0.991633
0.988618
0.9862569999999999
0.9869030000000001
0.988925
0.9899379999999999
0.989967
0.9890969999999999
0.9873149999999999
0.984553
0.982936
0.983002
0.982826
0.982133
0.980924
0.979131
0.978417
0.980927
0.9846969999999999
0.987265
0.988692
0.989176
0.9887229999999999
0.989157
0.990798
0.9917799999999999
0.9918299999999999
0.991058
0.989619
0.987557
0.9886229999999999
0.992943
0.996518
0.9990969999999999
1.000773
1.001492
1.001111
0.9995069999999999
0.9988940000000001
0.999742
0.999935
0.999195
0.9975649999999999
0.9949610000000001
0.9941270000000001
0.9966309999999999
0.9996860000000001
1.0018040000000001
1.0031139999999998
1.003672
1.0033219999999998
1.003939
1.005734
1.0065540000000002
1.006101
1.004541
1.0019770000000001
0.9989680000000001
0.998893
1.001198
1.002341
1.002324
1.0014120000000002
0.999657
0.9969309999999999
0.995001
0.9942
0.9927299999999999
0.9903780000000001
0.987252
0.9834299999999999
0.979187
0.9782040000000001
0.980153
0.9810770000000001
0.980932
0.9799370000000001
0.978196
0.975751
0.974635
0.9751989999999999
0.975439
0.9750489999999999
0.974043
0.9723290000000001
0.971209
0.973117
0.976584
0.9791219999999999
0.980881
0.9819889999999999
0.982374
0.981835
0.982201
0.9838110000000001
0.984817
0.9850629999999999
0.9846379999999999
0.9835149999999999
0.9831129999999999
0.985841
0.989992
0.992808
0.994266
0.9945129999999999
0.993624
0.99155
0.9904200000000001
0.990721
0.990445
0.989325
0.9874430000000001
0.9848389999999999
0.983866
0.986191
0.989276
0.991267
0.99223
0.9921770000000001
0.990951
0.990358
0.9907040000000001
0.9901540000000001
0.98859
0.986193
0.983089
0.9794700000000001
0.979015
0.9815870000000001
0.983341
0.9842299999999999
0.984383
0.9837600000000001
0.9822270000000001
0.9814430000000001
0.98167
0.9811799999999999
0.97987
0.977992
0.9755860000000001
0.9724209999999999
0.971924
0.974361
0.976002
0.9766459999999999
0.976649
0.976167
0.975115
0.975269
0.976932
0.9781979999999999
0.9786860000000001
0.978298
0.9769040000000001
0.9750850000000001
0.9761860000000001
0.9796590000000001
0.9821629999999999
0.983733
0.9845149999999999
0.984406
0.983233
0.982949
0.983994
0.9845079999999999
0.984281
0.983411
0.9818530000000001
0.9806819999999999
0.982511
0.9859610000000001
0.988124
0.9890899999999999
0.9890120000000001
0.987826
0.9854200000000001
0.9838610000000001
0.983614
0.982791
0.981261
0.979152
0.9764200000000001
0.974733
0.976251
0.97906
0.980757
0.98136
0.9810110000000001
0.979758
0.979402
0.9801690000000001
0.9801979999999999
0.9792870000000001
0.9775799999999999
0.975189
0.972175
0.97178
0.9745450000000001
0.9770139999999999
0.9784879999999999
0.9790909999999999
0.978834
0.977614
0.977082
0.977633
0.977771
0.977391
0.976563
0.9752299999999999
0.9731780000000001
0.973397
0.9765219999999999
0.979339
0.9812639999999999
0.9825139999999999
0.9831700000000001
0.98315
0.984181
0.98649
0.9881489999999999
0.9888030000000001
0.9885079999999999
0.9873540000000001
0.98531
0.986216
0.9901719999999999
0.993182
0.99518
0.996316
0.99659
0.995865
0.9959020000000001
0.997015
0.9973850000000001
0.9967879999999999
0.995291
0.992883
0.9896659999999999
0.9894799999999999
0.99224
0.993923
0.994409
0.9938620000000001
0.992309
0.989733
0.9881639999999999
0.988082
0.9876209999999999
0.986476
0.9846540000000001
0.982081
0.97916
0.979125
0.9813930000000001
0.982556
0.9827610000000001
0.982258
0.981042
0.98075
0.9816379999999999
0.981981
0.981557
0.980549
0.979093
0.977168
0.976642
0.979193
0.9826739999999999
0.985095
0.9864120000000001
0.986664
0.985886
0.985826
0.986893
0.987533
0.987563
0.987066
0.9859969999999999
0.9842059999999999
0.983906
0.9866459999999999
0.990066
0.992592
0.994347
0.995409
0.9956659999999999
0.9967590000000001
0.998965
1.0005540000000002
1.001243
1.0009940000000002
0.999768
0.9975200000000001
0.997274
1.000024
1.002821
1.0048469999999998
1.006186
1.006752
1.006349
1.00661
1.007785
1.0080930000000001
1.007301
1.005583
1.0031139999999998
0.999878
0.998605
1.0003469999999999
1.0021579999999999
1.002858
1.002553
1.0013940000000001
0.9994280000000001
0.9984639999999999
0.998883
0.9989620000000001
0.998398
0.997124
0.995006
0.9918610000000001
0.9907549999999999
0.992683
0.99459
0.995649
0.995978
0.995583
0.994323
0.9938950000000001
0.9946870000000001
0.9950319999999999
0.994704
0.993761
0.992208
0.989933
0.989959
0.9930329999999999
0.99593
0.997878
0.998965
0.9991110000000001
0.9981760000000001
0.9979520000000001
0.998863
0.9992530000000001
0.9989709999999999
0.9981209999999999
0.9966510000000001
0.994384
0.9946879999999999
0.998057
1.000882
1.002594
1.003287
1.003016
1.0018049999999998
1.001541
1.002557
1.003
1.002583
1.00132
0.999225
0.996334
0.996654
1.000361
1.0033729999999998
1.005485
1.0067190000000001
1.006926
1.005896
1.005418
1.005941
1.00583
1.0049700000000001
1.003463
1.001326
0.9984540000000001
0.9986079999999999
1.001882
1.004265
1.0056209999999999
1.006092
1.00567
1.004281
1.003763
1.0044440000000001
1.004448
1.003526
1.0018129999999998
0.9993290000000001
0.99593
0.9954850000000001
0.9981399999999999
0.999875
1.0006549999999999
1.000728
1.0001360000000001
0.998719
0.9982260000000001
0.9989680000000001
0.999092
0.9983120000000001
0.996648
0.994085
0.9908540000000001
0.9907739999999999
0.9937090000000001
0.99574
0.996767
0.996906
0.9961059999999999
0.996041
0.9971209999999999
0.9978049999999999
0.997915
0.9975139999999999
0.9965860000000001
0.9949950000000001
0.994559
0.996876
0.9997510000000001
1.001348
1.00187
1.00152
1.000321
0.999985
1.000834
1.001169
1.0007780000000002
0.999821
0.9983790000000001
0.9963420000000001
0.996136
0.9990030000000001
1.00222
1.004335
1.005374
1.005427
1.004546
1.004528
1.0056530000000001
1.006137
1.005781
1.0047139999999999
1.003011
1.000657
1.000692
1.003847
1.006825
1.008735
1.009687
1.009676
1.0085520000000001
1.0079989999999999
1.008404
1.008174
1.007161
1.005436
1.002998
0.999735
0.998549
1.000359
1.0021719999999998
1.0031700000000001
1.003506
1.003177
1.002024
1.001739
1.002576
1.002685
1.0017969999999998
1.000047
0.997585
0.994403
0.9939399999999999
0.996655
0.9989319999999999
1.000263
1.000758
1.0004620000000002
0.999332
0.999189
1.000389
1.001153
1.00122
1.000578
0.9991209999999999
0.9967219999999999
0.996984
1.000297
1.002879
1.004324
1.0048059999999999
1.0043819999999999
1.003021
1.0026469999999998
1.003709
1.0043870000000001
1.004338
1.0035379999999998
1.0019209999999998
0.9993299999999999
0.999474
1.002523
1.004601
1.0056530000000001
1.005903
1.005332
1.003823
1.003226
1.0038799999999999
1.003933
1.003214
1.001888
0.9999870000000001
0.9975629999999999
0.998315
1.002059
1.004751
1.006227
1.006585
1.005873
1.004143
1.0033590000000001
1.003917
1.003984
1.003296
1.0018639999999999
0.9996510000000001
0.9967790000000001
0.997041
1.000317
1.002648
1.003966
1.0044
1.003883
1.0022520000000001
1.0014100000000001
1.001835
1.001702
1.000697
0.9988459999999999
0.996175
0.993022
0.9930129999999999
0.995908
0.998001
0.9991909999999999
0.9995370000000001
0.998973
0.999179
1.000409
1.0008860000000002
1.000342
0.998923
0.9968090000000001
0.9940389999999999
0.992733
0.994448
0.9968600000000001
0.9982040000000001
0.998556
0.998117
0.997
0.996948
0.9982479999999999
0.99916
0.9993700000000001
0.9988520000000001
0.997511
0.995173
0.9943780000000001
0.99651
0.998967
1.000453
1.001111
1.001042
1.0001790000000002
1.000281
1.001711
1.002717
1.0030270000000001
1.002675
1.0016530000000001
0.999827
1.00027
1.00357
1.0063879999999998
1.00811
1.008904
1.00873
1.007448
1.006839
1.007282
1.007082
1.006133
1.0046059999999999
1.0024959999999998
0.9996370000000001
0.999267
1.001947
1.004151
1.0052
1.005184
1.004163
1.002151
1.001016
1.001104
1.000616
0.999318
0.997259
0.994458
0.99093
0.9905510000000001
0.993556
0.996001
0.997669
0.998624
0.998733
0.997765
0.9974569999999999
0.998207
0.9983559999999999
0.997763
0.996508
0.994582
0.9918680000000001
0.9920680000000001
0.9953700000000001
0.9978940000000001
0.999503
1.0003549999999999
1.000433
0.9996309999999999
0.9997590000000001
1.0011299999999999
1.00186
1.001686
1.000718
0.998942
0.996286
0.9965360000000001
0.999707
1.001859
1.003002
1.00339
1.003069
1.001893
1.001666
1.002707
1.003116
1.0025979999999999
1.001163
0.9987860000000001
0.995884
0.9961209999999999
0.999173
1.001313
1.0024520000000001
1.002688
1.001942
1.000105
0.999174
0.999664
0.999777
0.99926
0.998131
0.996295
0.994007
0.9946280000000001
0.997662
0.999497
1.0002280000000001
1.0000930000000001
0.999094
0.998933
0.999915
1.000307
0.999866
0.9987159999999999
0.996942
0.994501
0.99345
0.995426
0.9981690000000001
0.999828
1.0003870000000001
0.9999469999999999
0.9985799999999999
0.998014
0.99851
0.998383
0.997482
0.9959709999999999
0.993942
0.9913780000000001
0.990869
0.993539
0.996525
0.9984780000000001
0.9994780000000001
0.999569
0.9986649999999999
0.9985
0.9994629999999999
0.9999180000000001
0.9996780000000001
0.998784
0.997215
0.9948469999999999
0.9947870000000001
0.9977159999999999
1.000398
1.002246
1.003431
1.003934
1.003572
1.003982
1.005364
1.005846
1.005161
1.00348
1.000998
0.9977459999999999
0.997125
0.9996649999999999
1.001792
1.002905
1.003112
1.002457
1.000883
1.0002389999999999
1.000897
1.001055
1.000469
0.9991479999999999
0.997008
0.994017
0.994036
0.9970610000000001
0.999052
0.9999389999999999
0.9999370000000001
0.999101
0.997396
0.996742
0.997559
0.998
0.9977440000000001
0.9968
0.9951180000000001
0.9925370000000001
0.9928239999999999
0.9960459999999999
0.9982270000000001
0.999394
0.999761
0.999292
0.997862
0.9972780000000001
0.997898
0.997959
0.9973219999999999
0.996151
0.994459
0.9921770000000001
0.9930629999999999
0.997023
0.999934
1.001639
1.002249
1.001811
1.0003600000000001
0.999864
1.000713
1.001045
1.0005819999999999
0.9993280000000001
0.99725
0.99475
0.9954139999999999
0.998875
1.0014379999999998
1.003049
1.0038129999999998
1.0036260000000001
1.002291
1.001715
1.002369
1.002413
1.001549
0.999817
0.997244
0.994347
0.994575
0.9974719999999999
0.999489
1.00053
1.000651
0.999798
0.999677
1.0005819999999999
1.000768
0.999986
0.998375
0.9960969999999999
0.993167
0.991693
0.9932030000000001
0.9953540000000001
0.9964069999999999
0.996451
0.9957020000000001
0.994274
0.993907
0.9948959999999999
0.9955219999999999
0.9954850000000001
0.994761
0.99326
0.9908129999999999
0.989979
0.99213
0.994648
0.996233
0.9970120000000001
0.997067
0.9963200000000001
0.996518
0.99803
0.999132
0.999556
0.999337
0.998458
0.996775
0.9973569999999999
1.000781
1.00371
1.005541
1.006443
1.0063790000000001
1.005215
1.0047469999999998
1.005358
1.005333
1.00455
1.003169
1.0011809999999999
0.9984200000000001
0.9982610000000001
1.001142
1.003396
1.004469
1.004453
1.0034
1.001326
1.000132
1.000182
0.999664
0.998353
0.9963110000000001
0.9935620000000001
0.990186
0.990092
0.9933049999999999
0.9958049999999999
0.9974799999999999
0.998398
0.998432
0.9973639999999999
0.996951
0.997603
0.997662
0.996986
0.99565
0.99364
0.9908370000000001
0.990973
0.994202
0.9966229999999999
0.9981479999999999
0.998948
0.9990030000000001
0.9982040000000001
0.998341
0.9997149999999999
1.000434
1.012357
1.066531
1.146125
1.218386
1.2874139999999998
1.355633
1.421144
1.474824
1.500758
1.494155
1.477737
1.466928
1.459416
1.455651
1.459287
1.479055
1.521596
1.5779370000000001
1.635246
1.6876529999999998
1.7312419999999997
1.7634900000000002
1.779521
1.774127
1.755282
1.7372439999999998
1.72658
1.724747
1.731766
1.750201
1.783375
1.830777
1.884282
1.9322689999999998
1.9680259999999998
1.990818
2.0004299999999997
1.99537
1.9800119999999999
1.960068
1.94072
1.929609
1.929803
1.9410610000000001
1.9632599999999998
1.996001
2.038454
2.085156
2.1250150000000003
2.150876
2.161891
2.159007
2.143523
2.1184950000000002
2.090058
2.066061
2.055967
2.062519
2.081391
2.109669
2.143907
2.178682
2.207016
2.222875
2.223784
2.21502
2.20082
2.180714
2.15803
2.13841
2.127038
2.126566
2.136327
2.15781
2.187951
2.218204
2.24343
2.2594540000000003
2.2635549999999998
2.255521
2.237539
2.213308
2.191768
2.176364
2.165236
2.161189
2.165532
2.177139
2.1930810000000003
2.209633
2.222921
2.229114
2.2292110000000003
2.222164
2.204414
2.178401
2.148505
2.119215
2.094505
2.0775200000000003
2.07275
2.081752
2.098184
2.114897
2.1274889999999997
2.132441
2.127332
2.111202
2.085003
2.05583
2.028191
2.001832
1.9796369999999999
1.964034
1.9559349999999998
1.9545689999999998
1.957585
1.9637509999999998
1.9716599999999997
1.975569
1.97059
1.955901
1.9322270000000001
1.9015849999999999
1.867028
1.835721
1.8113830000000002
1.7925689999999999
1.779798
1.772937
1.7705380000000002
1.769999
1.768128
1.764114
1.7575509999999999
1.7447650000000001
1.723655
1.6956369999999998
1.6632919999999998
1.633672
1.610366
1.591789
1.578757
1.5714139999999999
1.568531
1.567821
1.568433
1.5696809999999999
1.567089
1.556824
1.538633
1.5137129999999999
1.4843
1.453249
1.42731
1.409385
1.3969719999999999
1.389746
1.386779
1.385973
1.387674
1.390525
1.388782
1.379397
1.3623809999999998
1.33893
1.311194
1.281935
1.2539639999999999
1.233977
1.223598
1.218016
1.215415
1.2148780000000001
1.21856
1.222699
1.220205
1.210216
1.193355
1.17085
1.144441
1.11637
1.08905
1.069209
1.058339
1.051304
1.04646
1.047967
1.053911
1.0558290000000001
1.051252
1.0395370000000002
1.021081
0.9969709999999999
0.968888
0.939098
0.9100450000000001
0.888605
0.876459
0.868489
0.866807
0.871816
0.8769600000000001
0.877288
0.8710209999999999
0.8576450000000001
0.8377620000000001
0.812811
0.784871
0.7563350000000001
0.729417
0.71075
0.7016140000000001
0.6979569999999999
0.702222
0.710651
0.7159760000000001
0.7160449999999999
0.70968
0.696681
0.677866
0.654771
0.629386
0.603777
0.579703
0.563588
0.556495
0.557697
0.566114
0.574217
0.578513
0.5774239999999999
0.570001
0.556244
0.5371239999999999
0.514251
0.48950200000000005
0.464667
0.44688900000000004
0.439701
0.44244700000000003
0.451237
0.45906199999999997
0.464213
0.465247
0.461002
0.451075
0.435885
0.41642700000000005
0.39402600000000004
0.370168
0.34639000000000003
0.330021
0.327375
0.334131
0.342744
0.34915100000000004
0.352211
0.35080500000000003
0.344091
0.332097
0.31573
0.296222
0.274773
0.252573
0.236945
0.23655199999999998
0.24527600000000002
0.25357199999999996
0.259628
0.262676
0.261819
0.25637
0.24630100000000002
0.23225500000000002
0.215112
0.195766
0.18204700000000001
0.182676
0.190899
0.19813499999999998
0.20389200000000002
0.207813
0.209162
0.20731100000000002
0.202106
0.193778
0.182515
0.168494
0.152265
0.14268599999999998
0.14743599999999998
0.158109
0.166561
0.17244400000000001
0.17591400000000001
0.176762
0.1747
0.16988699999999998
0.162901
0.154178
0.143878
0.132132
0.127753
0.137449
0.151694
0.16238699999999998
0.16911400000000001
0.172183
0.171843
0.168478
0.16287100000000002
0.15595599999999998
0.148273
0.139924
0.13084400000000002
0.129627
0.142475
0.159224
0.17149
0.178802
0.181559
0.18018199999999998
0.175318
0.168127
0.159962
0.151702
0.14363099999999998
0.135719
0.127746
0.128272
0.142984
0.160874
0.173286
0.179844
0.181114
0.177688
0.170502
0.161166
0.151576
0.143008
0.13580899999999999
0.12976300000000002
0.133102
0.15148
0.174012
0.191443
0.202484
0.20710399999999998
0.20575300000000002
0.199433
0.189839
0.179036
0.168736
0.160004
0.15328
0.14836300000000002
0.152614
0.171506
0.194307
0.211331
0.221413
0.224577
0.221248
0.21259299999999998
0.200724
0.188208
0.177085
0.16842100000000002
0.16250799999999999
0.16687000000000002
0.187624
0.214391
0.236659
0.252369
0.260808
0.261917
0.256461
0.246246
0.233769
0.221387
0.21083200000000002
0.20313699999999998
0.198534
0.203425
0.22419699999999998
0.25096599999999997
0.272456
0.286819
0.293564
0.292722
0.285229
0.273187
0.259424
0.246466
0.235923
0.228589
0.22453299999999998
0.229503
0.250079
0.27676799999999996
0.29775300000000005
0.311145
0.316678
0.31459899999999996
0.30596799999999996
0.292991
0.27864
0.265572
0.255411
0.248813
0.245669
0.25154299999999996
0.272379
0.299121
0.320413
0.333777
0.338935
0.33626999999999996
0.32697800000000005
0.313362
0.29849000000000003
0.28515100000000004
0.27508499999999997
0.268946
0.2665
0.27310999999999996
0.294112
0.320872
0.342449
0.355771
0.360473
0.35701700000000003
0.34675700000000004
0.332158
0.31640999999999997
0.302412
0.292005
0.28588
0.28373699999999996
0.29082600000000003
0.312081
0.33908
0.361082
0.374576
0.379108
0.375158
0.364169
0.348736
0.33217800000000003
0.317506
0.306655
0.30037800000000003
0.298379
0.30585999999999997
0.327374
0.354696
0.377258
0.39109299999999997
0.39561399999999997
0.391259
0.379508
0.363056
0.345367
0.329617
0.317898
0.311075
0.308899
0.316508
0.338088
0.36559400000000003
0.38862199999999997
0.40278600000000003
0.40734000000000004
0.40265
0.39019299999999996
0.372731
0.353862
0.33694
0.324251
0.316806
0.314438
0.322265
0.344242
0.372359
0.396214
0.411088
0.416063
0.41141300000000003
0.39860500000000004
0.380467
0.360717
0.342879
0.329422
0.321515
0.31908400000000003
0.32724699999999995
0.34975300000000004
0.378562
0.40323600000000004
0.418775
0.42410600000000004
0.419425
0.406195
0.387315
0.366629
0.34781599999999996
0.333502
0.324984
0.322264
0.324096
0.334571
0.356523
0.381517
0.39964
0.406978
0.403739
0.391343
0.372377
0.35063
0.33031
0.314692
0.305345
0.302252
0.304162
0.315272
0.338809
0.36575100000000005
0.385386
0.393838
0.39124200000000003
0.37900300000000003
0.359631
0.336821
0.31485100000000005
0.297322
0.286224
0.281829
0.283005
0.294014
0.318575
0.34701
0.367744
0.376971
0.374544
0.361769
0.341242
0.316837
0.293068
0.273834
0.261443
0.256416
0.264206
0.290046
0.323948
0.353062
0.37274
0.38095300000000004
0.377254
0.36298400000000003
0.34126100000000004
0.316338
0.292483
0.273165
0.26066
0.25569000000000003
0.263813
0.290159
0.324259
0.353013
0.372076
0.379603
0.375085
0.359797
0.337006
0.311275
0.287085
0.267834
0.25559299999999996
0.250979
0.259569
0.286492
0.320927
0.349493
0.367977
0.374764
0.369556
0.353706
0.330497
0.30454699999999996
0.280406
0.261457
0.249627
0.245371
0.254133
0.281034
0.315294
0.343558
0.361655
0.368001
0.36236399999999996
0.346136
0.32257399999999997
0.29627600000000004
0.271834
0.252713
0.240887
0.23677199999999998
0.24570999999999998
0.27286900000000003
0.307289
0.335446
0.35328200000000004
0.35920599999999997
0.353049
0.33632199999999995
0.312404
0.285956
0.261583
0.24272800000000003
0.23131999999999997
0.227679
0.23700500000000002
0.264497
0.298977
0.32679600000000003
0.344167
0.34961
0.343043
0.32605700000000004
0.302081
0.27576999999999996
0.251658
0.233084
0.221883
0.21831599999999998
0.227633
0.25510700000000003
0.28934299999999996
0.316639
0.333434
0.338331
0.33129200000000003
0.313934
0.28970799999999997
0.263275
0.239141
0.220586
0.20938299999999999
0.205749
0.215194
0.242709
0.276575
0.303385
0.319671
0.32410900000000004
0.31671900000000003
0.299152
0.274864
0.24849200000000002
0.22449499999999997
0.206102
0.195029
0.191442
0.201129
0.22879000000000002
0.262413
0.288936
0.30494299999999996
0.309134
0.30154899999999996
0.283857
0.259519
0.23315500000000003
0.20918899999999999
0.19081900000000002
0.179741
0.183534
0.208121
0.242371
0.273685
0.297747
0.311737
0.31409699999999996
0.30498600000000003
0.286527
0.26236
0.236621
0.21316100000000002
0.195069
0.18412
0.187851
0.212073
0.245414
0.27527399999999996
0.297772
0.310399
0.311636
0.301674
0.28279699999999997
0.25885
0.233974
0.211721
0.194787
0.18473599999999998
0.188997
0.21332199999999998
0.24628000000000003
0.27526
0.296602
0.308158
0.30868
0.298426
0.279647
0.256156
0.232044
0.210708
0.19458599999999998
0.18500899999999998
0.181927
0.183646
0.18698499999999998
0.188099
0.183549
0.170933
0.14907
0.11813
0.079733
0.036832
-0.004521
-0.030807
-0.035595999999999996
-0.025715
-0.009131
0.0070680000000000005
0.017775
0.020416
0.015169
0.004614
-0.007576
-0.018125
-0.02481
-0.026445
-0.022803
-0.014666
-0.003839
0.007268000000000001
0.016455
0.022293
0.024122
0.021861000000000002
0.015985
0.007601999999999999
-0.001643
-0.010009
-0.014691999999999998
-0.015941999999999998
-0.016018
-0.014055000000000002
-0.009461
-0.0031309999999999997
0.003635
0.009572
0.013766
0.015628
0.014853
0.011572
0.006445
0.000502
-0.004738
-0.008904
-0.011854
-0.012718
-0.011379
-0.008134
-0.00367
0.0011480000000000001
0.005501
0.008742
0.010419
0.010311
0.008492
0.005357
0.001534
-0.0022949999999999997
-0.005529999999999999
-0.007712
-0.008542000000000001
-0.007935
-0.006056000000000001
-0.0033020000000000002
-0.000192
0.002758
0.005109000000000001
0.006529999999999999
0.0068260000000000005
0.005989
0.004218
0.001871
-0.000633
-0.002893
-0.004572
-0.0054280000000000005
-0.005351
-0.0044020000000000005
-0.002796
-0.0008439999999999999
0.0011220000000000002
0.0028
0.003943
0.004392
0.005429
0.0067469999999999995
0.006203
0.0037630000000000003
0.000722
-0.0018170000000000003
-0.003467
-0.004098
-0.003751
-0.00266
-0.001212
0.00021600000000000002
0.0013880000000000001
0.002183
0.002843
0.003072
0.002454
0.001405
0.000301
-0.000667
-0.001399
-0.001835
-0.001929
-0.001678
-0.001159
-0.000508
0.000146
0.000714
0.001135
0.001353
0.0013289999999999999
0.001076
0.000668
0.000198
-0.00025499999999999996
-0.000643
-0.000919
-0.001037
-0.000973
-0.0007469999999999999
-0.00041799999999999997
-4.9e-05
0.000306
0.000601
0.000787
0.000826
0.000715
0.00049
0.00020800000000000001
-7.900000000000001e-05
-0.000335
-0.000526
-0.0006230000000000001
-0.000609
-0.000495
-0.000312
-9.6e-05
0.000123
0.000317
0.000455
0.000509
0.00046699999999999997
0.000344
0.000171
-1.7e-05
-0.00018999999999999998
-0.00032
-0.000386
-0.000379
-0.000308
-0.000194
-5.9999999999999995e-05
7.4e-05
0.00018999999999999998
0.00027400000000000005
0.00031099999999999997
0.000294
0.000227
0.000122
-1e-06
-0.000121
-0.000218
-0.000272
-0.000271
-0.000218
-0.000132
-3.1e-05
6.6e-05
0.000146
0.000199
0.000217
0.00020099999999999998
0.000155
8.7e-05
7.000000000000001e-06
-7.5e-05
-0.000148
-0.000196
-0.00020800000000000001
-0.000177
-0.00011399999999999999
-3.3e-05
4.9e-05
0.000117
0.000161
0.000175
0.000157
0.00011499999999999999
5.9999999999999995e-05
2e-06
-5.4000000000000005e-05
-0.000105
-0.000145
-0.00016299999999999998
-0.000153
-0.00011499999999999999
-5.5e-05
1.6e-05
8.4e-05
0.00013700000000000002
0.000164
0.00015900000000000002
0.000127
7.6e-05
1.9e-05
-3.5e-05
-7.900000000000001e-05
-0.000113
-0.000132
-0.000134
-0.000118
-8.4e-05
-3.2e-05
2.8000000000000003e-05
8.4e-05
0.000125
0.000144
0.000136
0.00010400000000000001
5.5e-05
1e-06
-4.6e-05
-8.1e-05
-0.000101
-0.000109
-0.00010700000000000001
-9.300000000000001e-05
-6.6e-05
-2.8000000000000003e-05
1.9e-05
6.6e-05
0.00010400000000000001
0.000125
0.000123
9.9e-05
5.6999999999999996e-05
9e-06
-3.6e-05
-6.8e-05
-8.6e-05
-9.2e-05
-8.9e-05
-7.8e-05
-5.9999999999999995e-05
-3.4e-05
-2e-06
3.5e-05
0.000134
0.00020800000000000001
0.000185
0.00014
8.2e-05
2.4e-05
-2.7000000000000002e-05
-6.2e-05
-7.8e-05
-7.900000000000001e-05
-7.3e-05
-6.500000000000001e-05
-5.5e-05
-4.2e-05
-2.2e-05
6e-06
3.8e-05
6.6e-05
8.4e-05
8.7e-05
7.4e-05
4.7e-05
1.2e-05
-2.2e-05
-4.8e-05
-6.1e-05
-6.4e-05
-6.3e-05
-5.9999999999999995e-05
-5.3e-05
-3.8e-05
-1.4999999999999999e-05
1.4000000000000001e-05
4.7e-05
7.4e-05
9e-05
9e-05
7.099999999999999e-05
4e-05
4e-06
-2.8000000000000003e-05
-4.9e-05
-5.9999999999999995e-05
-6.4e-05
-6.3e-05
-5.9e-05
-5.1e-05
-3.6e-05
-1.4000000000000001e-05
1.6e-05
4.8e-05
7.5e-05
8.7e-05
8.1e-05
5.9999999999999995e-05
2.9999999999999997e-05
-2e-06
-2.8999999999999997e-05
-4.7e-05
-5.6000000000000006e-05
-5.6999999999999996e-05
-5.5e-05
-5.1e-05
-4.4e-05
-2.8000000000000003e-05
-2e-06
2.9999999999999997e-05
5.9e-05
7.7e-05
8.1e-05
6.9e-05
4.5e-05
1.2e-05
-2.1e-05
-4.5e-05
-5.6999999999999996e-05
-5.9e-05
-5.6999999999999996e-05
-5.5e-05
-5e-05
-3.8e-05
-1.6e-05
1.2e-05
4.4e-05
7e-05
8.7e-05
8.7e-05
7e-05
4e-05
4e-06
-2.6000000000000002e-05
-4.7e-05
-5.7999999999999994e-05
-6.2e-05
-6.2e-05
-5.9e-05
-5.1e-05
-3.7e-05
-1.4999999999999999e-05
1.4000000000000001e-05
4.7e-05
7.4e-05
8.7e-05
8.2e-05
6.1e-05
3.1e-05
-1e-06
-2.7000000000000002e-05
-4.6e-05
-5.5e-05
-5.6999999999999996e-05
-1.4000000000000001e-05
2.1e-05
7.000000000000001e-06
-0.0
7.000000000000001e-06
2.7000000000000002e-05
5e-05
6.7e-05
7.4e-05
6.7e-05
4.6e-05
1.3000000000000001e-05
-2.1e-05
-4.6e-05
-5.9e-05
-6.3e-05
-6.3e-05
-6.1e-05
-5.4000000000000005e-05
-3.8e-05
-1.4000000000000001e-05
1.7e-05
4.9e-05
7.7e-05
9.300000000000001e-05
9.2e-05
7.2e-05
3.9e-05
1e-06
-3.1e-05
-5.3e-05
-6.3e-05
-6.6e-05
-6.500000000000001e-05
-5.9e-05
-4.9e-05
-3.3e-05
-1.1e-05
1.9e-05
5.1e-05
7.7e-05
8.9e-05
8.2e-05
5.9e-05
2.8000000000000003e-05
-4e-06
-3.2e-05
-5e-05
-5.7999999999999994e-05
-5.7999999999999994e-05
-5.5e-05
-5e-05
-4.3e-05
-2.8999999999999997e-05
-7.000000000000001e-06
2.3e-05
5.3e-05
7.5e-05
8.2e-05
7.2e-05
4.9e-05
1.8e-05
-1.2e-05
-3.7e-05
-5.1e-05
-5.6000000000000006e-05
-5.4000000000000005e-05
-5e-05
-4.5e-05
-3.6e-05
-1.9e-05
8e-06
3.9e-05
6.500000000000001e-05
7.900000000000001e-05
7.900000000000001e-05
6.4e-05
3.6e-05
3e-06
-2.8999999999999997e-05
-5.1e-05
-5.9999999999999995e-05
-5.9999999999999995e-05
-5.7999999999999994e-05
-5.4000000000000005e-05
-4.6e-05
-3.1e-05
-9e-06
2e-05
5e-05
7.5e-05
8.7e-05
8.4e-05
6.3e-05
3.2e-05
-3e-06
-3.2e-05
-5e-05
-5.9e-05
-6.2e-05
-5.9999999999999995e-05
-5.5e-05
-4.6e-05
-3.1e-05
-9e-06
2e-05
5.1e-05
7.5e-05
8.4e-05
7.6e-05
5.3e-05
4.7e-05
3.5e-05
-2e-06
-3.2e-05
-4.9e-05
-5.6999999999999996e-05
-5.6999999999999996e-05
-5.3e-05
-4.3e-05
-2.4e-05
4e-06
3.6e-05
6.2e-05
7.6e-05
7.6e-05
6.1e-05
3.5e-05
2e-06
-2.8000000000000003e-05
-4.9e-05
-5.6999999999999996e-05
-5.6999999999999996e-05
-5.3e-05
-4.9e-05
-4.2e-05
-2.8999999999999997e-05
-8e-06
1.9e-05
4.8e-05
7.099999999999999e-05
8.3e-05
8e-05
6.1e-05
3.1e-05
-3e-06
-3.1e-05
-5e-05
-5.7999999999999994e-05
-6.1e-05
-5.9e-05
-5.4000000000000005e-05
-4.5e-05
-2.9999999999999997e-05
-8e-06
2e-05
5e-05
7.4e-05
8.4e-05
7.6e-05
5.4000000000000005e-05
2.4e-05
0.001083
0.002822
0.0032869999999999996
0.002475
0.001326
0.0004
-0.000213
-0.000504
-0.000504
-0.00031099999999999997
-9.2e-05
3.1e-05
3.9e-05
0.001393
0.003664
0.004379
0.0033619999999999995
0.001756
0.000465
-0.000312
-0.000609
-0.000528
-0.00022200000000000003
9.9e-05
0.000271
0.000248
8.2e-05
-0.00014099999999999998
-0.000361
-0.000544
-0.000648
-0.000616
-0.00044100000000000004
-0.000171
0.000117
0.000365
0.000546
0.000642
0.000625
0.00048300000000000003
0.00024900000000000004
-1.3000000000000001e-05
-0.000244
-0.000411
-0.000503
-0.000517
-0.000442
-0.000291
-0.0001
9e-05
0.000248
0.000361
0.002075
0.004879
0.005894
0.00486
0.002891
0.0010199999999999999
-0.000308
-0.001026
-0.001172
-0.0009019999999999999
-0.00049
-0.000166
-1.2e-05
1.1e-05
0.001511
0.004026
0.004857
0.0038299999999999996
0.002139
0.000733
-0.000148
-0.000537
-0.0005059999999999999
-0.000192
0.000164
0.000338
0.000265
0.000696
0.0013880000000000001
0.001146
0.00033999999999999997
-0.00032900000000000003
-0.0006900000000000001
-0.0006929999999999999
-0.00042300000000000004
-2.3e-05
0.00037
0.000655
0.0007830000000000001
0.00074
0.000534
0.00021600000000000002
-0.000127
-0.00042300000000000004
-0.000624
-0.000709
-0.000676
-0.000529
-0.00028900000000000003
-6e-06
0.000261
0.00046399999999999995
0.000575
0.00223
0.004936
0.005843999999999999
0.004719
0.002707
0.0008449999999999999
-0.000452
-0.001129
-0.001232
-0.0009220000000000001
-0.000475
-0.000121
5.9e-05
0.002019
0.005273
0.006534000000000001
0.005469
0.003256
0.0011330000000000001
-0.000266
-0.000917
-0.000935
-0.00054
-4.2e-05
0.000298
0.000366
0.002204
0.0053549999999999995
0.006455
0.005204
0.002852
0.000683
-0.000655
-0.001151
-0.0009539999999999999
-0.000346
0.000309
0.000727
0.000802
0.0005740000000000001
0.000157
-0.00033999999999999997
-0.000822
-0.001168
-0.001265
-0.001083
-0.000688
-0.000192
0.000306
0.000737
0.001039
0.0011480000000000001
0.0033909999999999995
0.007205
0.008664
0.007372
0.004515
0.001509
-0.000659
-0.001811
-0.001993
-0.0014759999999999999
-0.000708
-6.500000000000001e-05
0.000303
0.0029170000000000003
0.007215000000000001
0.008985
0.007756999999999999
0.004847
0.001807
-0.000304
-0.0013390000000000001
-0.00144
-0.0009029999999999999
-0.000155
0.000414
0.000606
0.003127
0.007459
0.009172
0.007788
0.0046890000000000005
0.001478
-0.000701
-0.0016460000000000001
-0.001527
-0.000732
0.00022200000000000003
0.00091
0.0011359999999999999
0.003399
0.007208
0.008477
0.006828
0.003632
0.0005480000000000001
-0.001363
-0.0020559999999999997
-0.001726
-0.000755
0.00034700000000000003
0.0011480000000000001
0.001446
0.004647
0.010142
0.0124
0.01077
0.006931999999999999
0.0026260000000000003
-0.000661
-0.0023190000000000003
-0.002487
-0.0016079999999999998
-0.000349
0.000695
0.001207
0.004843999999999999
0.010946
0.013512999999999999
0.011838
0.007756
0.00309
-0.000531
-0.0023510000000000002
-0.0025280000000000003
-0.0015609999999999999
-0.00019099999999999998
0.0009310000000000001
0.001456
0.001336
0.004538
0.010417000000000001
0.012777
0.010987
0.007024
0.002707
-0.00047400000000000003
-0.0019149999999999998
-0.0018170000000000003
-0.000683
0.000713
0.0016640000000000001
0.001846
0.005529
0.012235
0.015750999999999998
0.015425999999999999
0.012523000000000001
0.00785
0.002398
-0.0025510000000000003
-0.0059700000000000005
-0.0071010000000000005
-0.005715
-0.0025989999999999997
0.000771
0.0076230000000000004
0.016791
0.02134
0.020538
0.016305
0.010217
0.0037119999999999996
-0.001801
-0.005520000000000001
-0.007156
-0.006723000000000001
-0.00488
-0.0026579999999999998
0.003936
0.013859
0.019429
0.019597999999999997
0.016562
0.012164
0.0074010000000000005
0.003043
-0.000407
-0.002836
-0.004113
-0.004340999999999999
-0.003871
0.0024100000000000002
0.013064
0.018838
0.018575
0.015031999999999998
0.010529
0.0061719999999999995
0.002526
-0.00014099999999999998
-0.001842
-0.002466
-0.002061
-0.000992
0.0060869999999999995
0.017473
0.023137
0.021793
0.016336
0.009311
0.002672
-0.002008
-0.00421
-0.004501
-0.0035810000000000004
-0.001893
0.00021
0.008399
0.020926
0.027226999999999998
0.025758
0.019486
0.011276999999999999
0.003403
-0.002408
-0.005723
-0.007109000000000001
-0.0069310000000000005
-0.0053289999999999995
-0.002575
0.007213
0.02192
0.030132
0.030039999999999997
0.024541999999999998
0.016452
0.007937
0.000736
-0.004233
-0.007047
-0.007937999999999999
-0.007188
-0.005282
0.0043289999999999995
0.019715
0.028776999999999997
0.029695
0.025399
0.018453999999999998
0.010841
0.004029
-0.001073
-0.0043170000000000005
-0.005922
-0.006072
-0.005069
0.004257
0.019953
0.029006999999999998
0.029191
0.023715
0.015874
0.008221
0.002262
-0.001626
-0.003754
-0.004343
-0.0036149999999999997
-0.0020859999999999997
0.007666
0.023625
0.032202
0.031421
0.024941
0.015788
0.0064069999999999995
-0.001001
-0.005492
-0.007247
-0.006629
-0.004323
-0.001318
0.001531
0.011928
0.028006
0.03608
0.034381999999999996
0.026902999999999996
0.016854
0.006548999999999999
-0.0018670000000000002
-0.007181999999999999
-0.009413
-0.009082999999999999
-0.0069489999999999994
-0.0037619999999999997
0.008223000000000001
0.026751
0.037380000000000004
0.037897
0.032445
0.024276
0.014672999999999999
0.004895
-0.0029980000000000002
-0.007913
-0.009907
-0.009340000000000001
-0.0070090000000000005
0.004651
0.023199
0.034189
0.03551
0.031206
0.024391
0.016215
0.007564
0.000183
-0.0047469999999999995
-0.007225
-0.007525
-0.006211
0.00495
0.023603
0.034466000000000004
0.035496
0.031201999999999997
0.024501
0.016318
0.007718000000000001
0.000701
-0.003635
-0.005455
-0.005154
-0.003511
0.007873
0.026614999999999996
0.037452
0.039598
0.037662
0.033281
0.026741
0.018053
0.007522
-0.001918
-0.007305
-0.008514
-0.006603
0.0061270000000000005
0.026723
0.040024000000000004
0.045325
0.046791
0.045669
0.042044
0.035837
0.026900999999999998
0.015238999999999999
0.002761
-0.006461
-0.010520999999999999
-0.001018
0.019
0.033023000000000004
0.039288
0.042102
0.04299
0.04206
0.039024
0.033412
0.024929
0.013691
0.001907
-0.006562999999999999
-0.000674
0.01655
0.028614999999999998
0.033773000000000004
0.035826
0.036451
0.035917000000000004
0.033872
0.029887999999999998
0.023756
0.01548
0.0058579999999999995
-0.0021379999999999997
-0.006531
0.001592
0.019391
0.031226999999999998
0.036052
0.037531
0.036814
0.03385
0.028592000000000003
0.021419
0.012816
0.004326
-0.001437
-0.003737
0.00611
0.025172999999999997
0.039014
0.047143
0.05185599999999999
0.053786
0.053097000000000005
0.049661000000000004
0.043226
0.033868999999999996
0.022331
0.009679
-0.000628
0.004162
0.021504
0.036003
0.046148
0.053863
0.059507000000000004
0.062818
0.063211
0.060076
0.053249
0.043146
0.030432
0.015711000000000003
0.01204
0.023166
0.03525
0.043987
0.050387
0.055274000000000004
0.058891
0.060785000000000006
0.0602
0.056728999999999995
0.050497
0.041811
0.030867000000000002
0.028701
0.039699
0.05173
0.059253999999999994
0.062944
0.064164
0.064023
0.062824
0.060163999999999995
0.055679
0.049425
0.041692
0.032757999999999995
0.022688
0.02278
0.036445
0.050408
0.059539
0.06464199999999999
0.066611
0.065762
0.062172000000000005
0.056114
0.047987
0.038218
0.027391000000000002
0.016099000000000002
0.016734
0.032534
0.04943
0.062545
0.072589
0.080151
0.085281
0.08747200000000001
0.085884
0.079955
0.06994600000000001
0.056926
0.042178
0.037224
0.046916
0.059537
0.069401
0.076943
0.082973
0.087872
0.09141
0.092817
0.091298
0.086521
0.078599
0.06778300000000001
0.054206
0.048418
0.055544
0.06456100000000001
0.070039
0.072926
0.074449
0.075042
0.07438
0.072027
0.067922
0.062299
0.055402
0.047292
0.048132999999999995
0.062113999999999996
0.077221
0.087296
0.09294
0.095608
0.096252
0.09497
0.09143899999999999
0.085561
0.07773200000000001
0.068638
0.058883000000000005
0.058865999999999995
0.07336000000000001
0.09084500000000001
0.104898
0.115595
0.123491
0.12871
0.130906
0.129614
0.124779
0.11685599999999999
0.10656800000000001
0.09475900000000001
0.082116
0.078739
0.089962
0.104803
0.11671600000000001
0.126185
0.133975
0.14005
0.143718
0.144235
0.141275
0.134959
0.125796
0.11452999999999999
0.11057
0.12006900000000001
0.133204
0.14296099999999998
0.14995899999999998
0.155336
0.15967699999999999
0.162892
0.164353
0.1634
0.159814
0.153797
0.145593
0.135217
0.131026
0.139745
0.152531
0.162091
0.16886600000000002
0.173784
0.17711
0.17849600000000002
0.177561
0.17438599999999999
0.16944800000000002
0.163251
0.15603599999999998
0.155529
0.168214
0.18492
0.197325
0.205777
0.211654
0.215892
0.21863000000000002
0.21951500000000002
0.21825
0.21488400000000002
0.209734
0.20314000000000002
0.195214
0.192801
0.203397
0.219234
0.23165100000000002
0.24091100000000001
0.24765700000000002
0.25175
0.252695
0.250402
0.24539
0.238406
0.23014
0.22108699999999998
0.21135700000000002
0.20739699999999997
0.217002
0.232756
0.245627
0.255757
0.263702
0.26927399999999996
0.27184899999999995
0.270998
0.266995
0.260738
0.25304899999999997
0.244121
0.23368899999999998
0.22789
0.23519600000000002
0.24945599999999998
0.261962
0.27277399999999996
0.28236
0.29036799999999996
0.296
0.298628
0.298115
0.294619
0.288208
0.278744
0.266176
0.257196
0.260367
0.270737
0.280432
0.288731
0.295879
0.30158
0.30537800000000004
0.30707399999999996
0.306818
0.304816
0.30099000000000004
0.294921
0.286045
0.280237
0.284641
0.294197
0.301639
0.306323
0.309108
0.31033299999999997
0.31011
0.308643
0.306211
0.302917
0.29851700000000003
0.292545
0.284578
0.280679
0.287978
0.30116
0.312276
0.319722
0.32377
0.324669
0.322652
0.318058
0.31143899999999997
0.30340900000000004
0.294376
0.284493
0.273812
0.268665
0.276501
0.291584
0.305425
0.31645700000000004
0.324642
0.329651
0.331041
0.328728
0.32318800000000003
0.31509000000000004
0.304877
0.292796
0.279111
0.270472
0.274778
0.28675300000000004
0.29831599999999997
0.308289
0.31690799999999997
0.323905
0.32864899999999997
0.330519
0.329111
0.324212
0.315827
0.304291
0.290147
0.280235
0.282377
0.291614
0.300192
0.306895
0.312176
0.31606300000000004
0.318264
0.31851799999999997
0.316767
0.313014
0.307122
0.298793
0.293914
0.299123
0.309654
0.31843699999999997
0.324162
0.32760900000000004
0.329301
0.32942899999999997
0.327939
0.32469699999999996
0.319693
0.313054
0.30491399999999996
0.29530100000000004
0.29037399999999997
0.296869
0.30938000000000004
0.320021
0.327194
0.331531
0.33334400000000003
0.332505
0.328917
0.322862
0.314882
0.30548600000000004
0.295025
0.28367600000000004
0.277675
0.284025
0.297091
0.30875
0.31753899999999996
0.323701
0.327042
0.327202
0.324208
0.318535
0.310742
0.301215
0.290139
0.277559
0.26972399999999996
0.27411399999999997
0.28541300000000003
0.295712
0.303952
0.31049
0.31509899999999996
0.317131
0.316008
0.311556
0.30405
0.294053
0.282086
0.26845399999999997
0.259675
0.26374899999999996
0.275042
0.28517800000000004
0.293269
0.29963
0.304081
0.306179
0.305647
0.302545
0.29707100000000003
0.289274
0.279009
0.266185
0.257363
0.26082
0.271046
0.279777
0.286404
0.29146500000000003
0.294933
0.296457
0.295796
0.29299400000000003
0.288195
0.281395
0.272412
0.261004
0.253344
0.2573
0.267054
0.274416
0.279118
0.281869
0.282789
0.281742
0.278733
0.274017
0.26791
0.26053699999999996
0.251778
0.247637
0.255601
0.26939
0.280278
0.28746700000000003
0.291375
0.292263
0.290459
0.286306
0.28004
0.271963
0.262506
0.252019
0.240615
0.23449899999999999
0.241641
0.255529
0.267106
0.275878
0.28210599999999997
0.285477
0.28537199999999996
0.281391
0.273769
0.263338
0.251012
0.23737600000000003
0.222741
0.21368600000000001
0.218658
0.230837
0.24101
0.24915199999999998
0.255678
0.260348
0.26256799999999997
0.261846
0.25805100000000003
0.251253
0.24147399999999997
0.228753
0.213375
0.202427
0.204584
0.213297
0.220047
0.225198
0.22939600000000002
0.232566
0.23422300000000001
0.23392800000000002
0.231546
0.227122
0.22058000000000003
0.21163099999999999
0.2065
0.213238
0.225152
0.233771
0.239459
0.24296199999999998
0.24463000000000001
0.244621
0.24293499999999998
0.239544
0.234605
0.2284
0.22107600000000002
0.21250100000000002
0.209024
0.21841799999999997
0.23314000000000001
0.243934
0.250907
0.254975
0.25654699999999997
0.255542
0.251923
0.246071
0.23854
0.22970300000000002
0.21971999999999997
0.208632
0.203121
0.211167
0.22544699999999998
0.236942
0.245592
0.251711
0.254973
0.2549
0.25151100000000004
0.245377
0.23713499999999998
0.22719299999999998
0.215739
0.209067
0.21530100000000002
0.2278
0.23772600000000002
0.245246
0.25102199999999997
0.255189
0.257471
0.257341
0.254278
0.24808899999999998
0.23904099999999998
0.22772199999999998
0.214633
0.206314
0.210927
0.22180999999999998
0.230275
0.236571
0.241315
0.24443499999999999
0.24546300000000001
0.24404099999999998
0.240208
0.23423200000000002
0.22628800000000002
0.21637199999999998
0.20448
0.19746
0.203517
0.21563000000000002
0.225081
0.23212600000000003
0.23753200000000002
0.24135500000000001
0.243181
0.242696
0.239983
0.23530900000000002
0.228775
0.22020599999999999
0.20927300000000001
0.202351
0.207542
0.218156
0.22597399999999998
0.23165999999999998
0.236038
0.23911100000000002
0.240484
0.23981999999999998
0.23709699999999997
0.23251999999999998
0.226244
0.218203
0.21456399999999998
0.22339699999999998
0.23780900000000002
0.248725
0.256196
0.260802
0.262788
0.262401
0.259892
0.25543699999999997
0.24934099999999998
0.24205500000000002
0.233881
0.224795
0.2208
0.22994
0.24531799999999998
0.257653
0.266904
0.273511
0.27724699999999997
0.277532
0.274007
0.266973
0.257326
0.24598499999999998
0.233462
0.219967
0.211865
0.21750300000000003
0.230332
0.241389
0.25067399999999995
0.258519
0.264536
0.267951
0.26814699999999997
0.26495599999999997
0.25850100000000004
0.248887
0.23623000000000002
0.220879
0.209581
0.211207
0.219815
0.226927
0.232871
0.238206
0.24276199999999998
0.245979
0.247358
0.246709
0.24399
0.23900900000000003
0.231343
0.226608
0.232463
0.24282600000000001
0.249613
0.253366
0.255218
0.25567199999999995
0.254894
0.252865
0.24952399999999997
0.244956
0.239342
0.232719
0.224873
0.221664
0.231023
0.24602600000000002
0.257335
0.264924
0.269571
0.271529
0.270549
0.266474
0.259735
0.251152
0.24142800000000003
0.23094
0.219804
0.21434499999999998
0.22272399999999998
0.238019
0.250977
0.261381
0.269406
0.274619
0.27646
0.274858
0.270294
0.263351
0.254407
0.243615
0.230981
0.222716
0.227348
0.23894
0.248892
0.25724
0.264406
0.270086
0.273565
0.27420700000000003
0.271771
0.266423
0.258552
0.248477
0.242364
0.24786999999999998
0.259463
0.269176
0.276606
0.282379
0.286621
0.289116
0.289543
0.287695
0.283613
0.277465
0.269295
0.258948
0.252379
0.25719699999999995
0.268133
0.277333
0.28414
0.289116
0.29225
0.293147
0.291555
0.287628
0.281737
0.274142
0.264883
0.253841
0.246916
0.25152199999999997
0.261884
0.269921
0.275353
0.279062
0.281184
0.281381
0.279444
0.275513
0.26987
0.26266300000000004
0.253807
0.243092
0.236463
0.24176
0.253162
0.262231
0.268418
0.272057
0.273138
0.27166
0.267867
0.26221300000000003
0.255186
0.24710500000000002
0.237992
0.22766399999999998
0.22213200000000002
0.229622
0.243731
0.255413
0.264382
0.270878
0.274629
0.27516999999999997
0.27227199999999996
0.266232
0.257777
0.24760300000000002
0.236075
0.22943400000000003
0.23575300000000002
0.249106
0.260952
0.270936
0.279443
0.286335
0.291146
0.29330900000000004
0.292365
0.28814
0.28068899999999997
0.27013200000000004
0.256698
0.246959
0.249153
0.258013
0.265547
0.271318
0.275936
0.279364
0.281165
0.280993
0.278841
0.274865
0.269096
0.261354
0.251311
0.244673
0.248721
0.257743
0.263964
0.267367
0.268918
0.268943
0.267404
0.264301
0.259846
0.254328
0.24785
0.24023000000000003
0.231116
0.22619899999999998
0.23312399999999997
0.24575999999999998
0.25545300000000004
0.261704
0.26492899999999997
0.265342
0.263018
0.25806999999999997
0.250906
0.24216100000000002
0.23234200000000002
0.221656
0.216083
0.223539
0.23774800000000001
0.249898
0.259712
0.267473
0.272972
0.275715
0.27516799999999997
0.27111399999999997
0.263928
0.254315
0.242827
0.229771
0.221426
0.226104
0.237655
0.24735
0.255171
0.261614
0.26648499999999997
0.269189
0.26922399999999996
0.266449
0.260982
0.253058
0.243035
0.231212
0.22371799999999997
0.228557
0.23957399999999998
0.248243
0.25466700000000003
0.25951799999999997
0.26282
0.264225
0.263462
0.26058899999999996
0.255816
0.249191
0.240481
0.22932600000000003
0.22165500000000002
0.225852
0.236327
0.24477600000000002
0.251216
0.25622
0.25971
0.261218
0.260422
0.257436
0.252605
0.246133
0.237954
0.22784899999999997
0.221689
0.22744899999999998
0.23896799999999999
0.24767199999999998
0.253686
0.257807
0.260176
0.2606
0.25905300000000003
0.255793
0.251116
0.245096
0.237548
0.23411500000000002
0.24204
0.255486
0.266308
0.273999
0.279019
0.281405
0.281074
0.278145
0.272913
0.265739
0.257011
0.247052
0.23600300000000002
0.22982800000000003
0.236204
0.249129
0.26006999999999997
0.268485
0.274609
0.27812
0.278429
0.275171
0.268471
0.258897
0.247248
0.234202
0.22009099999999998
0.21100500000000003
0.215196
0.22644699999999998
0.23593000000000003
0.24365
0.25004099999999996
0.254907
0.257687
0.257905
0.255397
0.250172
0.242133
0.231055
0.216869
0.205961
0.207177
0.214946
0.221025
0.22579200000000002
0.229902
0.233269
0.23538499999999998
0.235803
0.234384
0.23115100000000002
0.22601500000000002
0.218692
0.214757
0.22186
0.233879
0.242608
0.24845599999999998
0.252254
0.254257
0.254533
0.253162
0.250257
0.24604
0.24079
0.234639
0.22744099999999998
0.22490500000000002
0.234551
0.24986399999999998
0.261963
0.270462
0.275854
0.27837399999999995
0.278064
0.275002
0.26956199999999997
0.262326
0.25374
0.24399
0.23312
0.227152
0.23391199999999998
0.247385
0.25901199999999996
0.268331
0.27555799999999997
0.28028400000000003
0.28179299999999996
0.27972199999999997
0.274439
0.266675
0.256941
0.245441
0.232273
0.223462
0.22697199999999998
0.23724699999999999
0.246104
0.253233
0.259006
0.263231
0.265379
0.264995
0.261915
0.256164
0.24783200000000002
0.23711300000000002
0.229977
0.233875
0.24358200000000002
0.25152800000000003
0.257454
0.262042
0.26548
0.267604
0.26808200000000004
0.26660700000000004
0.26306199999999996
0.257484
0.249867
0.240058
0.233692
0.238169
0.248225
0.256247
0.261965
0.265954
0.268241
0.268527
0.266617
0.26268600000000003
0.257121
0.250197
0.24195100000000003
0.23223000000000002
0.226728
0.23291900000000001
0.244731
0.253836
0.260248
0.264831
0.267694
0.268466
0.26695100000000005
0.263379
0.258139
0.251421
0.243162
0.23898200000000003
0.24591500000000002
0.25856399999999996
0.269196
0.27715100000000004
0.282918
0.286568
0.287956
0.287009
0.283792
0.278542
0.27164
0.26342899999999997
0.254017
0.249137
0.255718
0.268449
0.279679
0.288527
0.29533200000000004
0.299892
0.301677
0.300309
0.295854
0.288804
0.27986300000000003
0.269622
0.258353
0.25187600000000004
0.257081
0.268917
0.279938
0.289153
0.296883
0.30288699999999996
0.30656
0.307436
0.30544299999999996
0.300723
0.29333000000000004
0.28315300000000004
0.275731
0.277385
0.284632
0.291576
0.29694
0.301448
0.305386
0.308521
0.310336
0.31033
0.308274
0.304167
0.29801300000000003
0.289648
0.284455
0.28824
0.29691799999999996
0.30440300000000003
0.309431
0.312661
0.314211
0.313927
0.311869
0.308413
0.304031
0.29901
0.293344
0.286744
0.284482
0.292167
0.305147
0.31659499999999996
0.324662
0.32976500000000003
0.332196
0.332048
0.329471
0.324863
0.31873
0.311395
0.30289299999999997
0.298662
0.304126
0.315758
0.32774200000000003
0.337872
0.346369
0.35310199999999997
0.357514
0.35890900000000003
0.35687800000000003
0.351611
0.34371399999999996
0.333818
0.322351
0.315163
0.317731
0.326829
0.33683
0.34525700000000004
0.35232199999999997
0.35788200000000003
0.36146500000000004
0.362722
0.361615
0.358263
0.352723
0.345007
0.33518600000000004
0.328893
0.33108200000000004
0.338973
0.347578
0.35433899999999996
0.35975
0.363937
0.366605
0.36747199999999997
0.366496
0.363749
0.359177
0.352533
0.34348
0.337275
0.338634
0.345378
0.353059
0.358889
0.363212
0.366056
0.36713
0.366254
0.36355
0.35930500000000004
0.35370799999999997
0.34671399999999997
0.338107
0.333251
0.336875
0.345974
0.35520799999999997
0.361616
0.365611
0.367551
0.36756300000000003
0.36580100000000004
0.36254000000000003
0.358057
0.35244699999999995
0.345573
0.342642
0.34779499999999997
0.358501
0.370077
0.379237
0.38613600000000003
0.390773
0.392852
0.392137
0.388679
0.382802
0.37496199999999996
0.365581
0.35494699999999996
0.348706
0.35131
0.360398
0.371196
0.380166
0.387272
0.392288
0.39472399999999996
0.394239
0.39086
0.384969
0.377107
0.367716
0.357016
0.350513
0.352506
0.360668
0.370449
0.37859499999999996
0.38540599999999997
0.39095100000000005
0.394914
0.396949
0.396868
0.394569
0.389884
0.38256100000000004
0.377723
0.378807
0.384917
0.393084
0.39958
0.404871
0.409277
0.412656
0.414628
0.414838
0.41313500000000003
0.409564
0.40422199999999997
0.39710500000000004
0.393397
0.395989
0.403447
0.412336
0.418421
0.422133
0.42389499999999997
0.42378699999999997
0.42189499999999996
0.41853999999999997
0.41415100000000005
0.40902
0.40318200000000004
0.396434
0.393795
0.398024
0.407561
0.41881499999999994
0.427271
0.43299799999999994
0.436123
0.43661300000000003
0.43456999999999996
0.430349
0.42439099999999996
0.41701400000000005
0.40838800000000003
0.398574
0.392877
0.394453
0.402306
0.41313599999999995
0.42232299999999995
0.429679
0.43491199999999997
0.437432
0.436812
0.43309
0.4267
0.41817200000000004
0.407936
0.39623600000000003
0.388544
0.388361
0.394586
0.403762
0.41158500000000003
0.418127
0.423378
0.427019
0.42874799999999996
0.42839399999999994
0.425854
0.42106899999999997
0.41402700000000003
0.409946
0.41142700000000004
0.418095
0.427489
0.434963
0.44091
0.44572399999999995
0.44936400000000004
0.451589
0.45215600000000006
0.450899
0.447743
0.442654
0.435554
0.431539
0.432729
0.43908500000000006
0.448482
0.455771
0.461134
0.464699
0.46627799999999997
0.465783
0.463375
0.459387
0.454139
0.447783
0.44025200000000003
0.43658199999999997
0.43856300000000004
0.445748
0.455657
0.46288
0.467703
0.47056400000000004
0.471609
0.470926
0.468642
0.464912
0.45982399999999995
0.453298
0.445154
0.440413
0.44091499999999995
0.44689799999999996
0.456478
0.464067
0.46956800000000004
0.47290200000000004
0.473778
0.47211000000000003
0.468124
0.462257
0.454925
0.446341
0.44155900000000003
0.44205600000000006
0.44827700000000004
0.458585
0.467141
0.473872
0.47888400000000003
0.481983
0.482892
0.481389
0.47737799999999997
0.47099300000000005
0.46258
0.45248900000000003
0.446063
0.44510600000000006
0.45015600000000006
0.459581
0.46767200000000003
0.47444
0.479917
0.48376899999999995
0.485658
0.48542299999999994
0.483047
0.47854300000000005
0.47189
0.463124
0.45751400000000003
0.456693
0.461429
0.47035
0.477603
0.48331
0.48772600000000005
0.490752
0.492234
0.49213199999999996
0.49047700000000005
0.487237
0.482221
0.47511400000000004
0.470747
0.470149
0.474235
0.48205
0.48772600000000005
0.49164399999999997
0.494302
0.49572299999999997
0.4958
0.49451999999999996
0.491935
0.48805600000000005
0.48280100000000004
0.480991
0.483146
0.490174
0.501316
0.510102
0.516286
0.520135
0.521763
0.5212359999999999
0.5187189999999999
0.514486
0.508837
0.502075
0.494439
0.490911
0.492083
0.498625
0.509948
0.519774
0.527425
0.53279
0.5354949999999999
0.5352520000000001
0.532131
0.5265479999999999
0.519015
0.510003
0.499857
0.493633
0.492068
0.496096
0.505387
0.51384
0.520936
0.526698
0.5308039999999999
0.5328689999999999
0.532636
0.5299510000000001
0.524713
0.5169060000000001
0.5066229999999999
0.49896599999999997
0.494992
0.496101
0.5024270000000001
0.508152
0.512901
0.516829
0.51972
0.521285
0.5213409999999999
0.519771
0.516432
0.5110859999999999
0.508262
0.508504
0.512166
0.519682
0.525982
0.5303399999999999
0.5332020000000001
0.534741
0.535
0.534028
0.53186
0.528519
0.524043
0.518406
0.5163310000000001
0.518269
0.5242100000000001
0.534184
0.542746
0.548887
0.552786
0.5544789999999999
0.5541
0.5518930000000001
0.548132
0.54311
0.537053
0.530041
0.526938
0.52835
0.534217
0.544788
0.554657
0.56235
0.567759
0.570721
0.571214
0.569384
0.56552
0.559984
0.552972
0.544488
0.5393479999999999
0.538321
0.5412779999999999
0.549129
0.5571510000000001
0.5636800000000001
0.568667
0.57185
0.572902
0.5716180000000001
0.568004
0.5622189999999999
0.554393
0.544664
0.538092
0.535624
0.537291
0.5440520000000001
0.551172
0.557006
0.5615020000000001
0.564461
0.565674
0.565041
0.5625100000000001
0.5579970000000001
0.551377
0.5472090000000001
0.5462520000000001
0.5477609999999999
0.5534680000000001
0.559845
0.56483
0.568585
0.5711689999999999
0.572483
0.572396
0.5707840000000001
0.567558
0.5626760000000001
0.556088
0.552357
0.55207
0.5544899999999999
0.561168
0.568138
0.573216
0.576551
0.578206
0.578164
0.576553
0.573621
0.5695939999999999
0.564567
0.558474
0.555936
0.557412
0.561962
0.5705859999999999
0.578839
0.584674
0.588341
0.5900029999999999
0.58983
0.588155
0.585226
0.581079
0.575654
0.5734
0.574863
0.5783699999999999
0.586117
0.59511
0.602374
0.607889
0.611556
0.6130800000000001
0.612265
0.609105
0.603686
0.596279
0.5873619999999999
0.581871
0.580669
0.5822609999999999
0.588906
0.597445
0.604612
0.610153
0.6138359999999999
0.615434
0.61487
0.612176
0.6074350000000001
0.600824
0.592545
0.587225
0.5856
0.586119
0.591368
0.5985699999999999
0.604614
0.609549
0.613347
0.615843
0.616895
0.616351
0.614003
0.6096
0.602878
0.5981529999999999
0.596167
0.595252
0.598433
0.603468
0.607201
0.609779
0.61121
0.611424
0.610446
0.608298
0.604949
0.600306
0.59863
0.600346
0.602869
0.608981
0.616537
0.621901
0.6251760000000001
0.626604
0.626454
0.624991
0.622345
0.618577
0.613794
0.608097
0.605931
0.607851
0.611333
0.619222
0.629197
0.637158
0.642771
0.645938
0.646686
0.645154
0.641608
0.6365
0.630229
0.6229680000000001
0.6192439999999999
0.619766
0.6219
0.628786
0.638413
0.646534
0.652885
0.6572979999999999
0.65955
0.659525
0.6572560000000001
0.652878
0.64646
0.6380680000000001
0.632359
0.6302810000000001
0.62921
0.6329199999999999
0.6400239999999999
0.646183
0.651219
0.65504
0.657445
0.6582439999999999
0.65723
0.65418
0.648892
0.6455270000000001
0.644809
0.6431899999999999
0.645273
0.650964
0.655396
0.6585880000000001
0.660746
0.66189
0.661982
0.660953
0.6586850000000001
0.6550630000000001
0.649997
0.647573
0.648273
0.648251
0.6518649999999999
0.658728
0.6636
0.666325
0.667183
0.6664479999999999
0.664361
0.661145
0.657
0.6520520000000001
0.646297
0.643918
0.645396
0.647089
0.652883
0.6617390000000001
0.6686
0.673374
0.67616
0.676988
0.676083
0.6736850000000001
0.669864
0.6646029999999999
0.6579149999999999
0.654185
0.654157
0.654396
0.659172
0.6676989999999999
0.674798
0.680129
0.683566
0.685027
0.684593
0.682295
0.678148
0.672326
0.669195
0.669456
0.668941
0.6725770000000001
0.680624
0.687412
0.692705
0.6966399999999999
0.6991569999999999
0.700129
0.699398
0.696771
0.692207
0.685866
0.68201
0.6813899999999999
0.680089
0.68289
0.6903779999999999
0.697113
0.70239
0.7061569999999999
0.708329
0.708889
0.7078409999999999
0.70519
0.700954
0.695112
0.6916859999999999
0.691304
0.6899109999999999
0.691832
0.697862
0.703079
0.706851
0.7093510000000001
0.710673
0.710911
0.7100529999999999
0.707954
0.7044199999999999
0.699236
0.6963010000000001
0.696114
0.6944670000000001
0.695639
0.700649
0.704721
0.707099
0.70792
0.7074060000000001
0.705816
0.703217
0.6995439999999999
0.6947409999999999
0.692735
0.694054
0.694616
0.697896
0.705106
0.711824
0.716533
0.7192850000000001
0.7202189999999999
0.719399
0.716856
0.712734
0.707313
0.7008409999999999
0.697433
0.6978260000000001
0.698094
0.701897
0.710341
0.718734
0.7254189999999999
0.730143
0.732741
0.733152
0.7314609999999999
0.72788
0.7226060000000001
0.7157979999999999
0.711738
0.711336
0.710645
0.7133430000000001
0.7207640000000001
0.728429
0.734803
0.739803
0.743402
0.74555
0.746085
0.744736
0.741243
0.7355
0.731613
0.730325
0.727712
0.72739
0.7315550000000001
0.7364689999999999
0.740362
0.743262
0.745208
0.74615
0.7459359999999999
0.744344
0.7411399999999999
0.739955
0.7411909999999999
0.740872
0.741012
0.744582
0.7491399999999999
0.751872
0.752963
0.752794
0.751578
0.7494149999999999
0.746341
0.742352
0.7374350000000001
0.735336
0.736607
0.7373569999999999
0.739371
0.745222
0.752171
0.757219
0.760177
0.76105
0.760065
0.757613
0.753965
0.749243
0.743567
0.740884
0.7418640000000001
0.742621
0.745214
0.752125
0.760306
0.766721
0.771109
0.773552
0.774254
0.773288
0.770571
0.7661359999999999
0.760154
0.756617
0.756208
0.755147
0.755795
0.76094
0.767717
0.7732319999999999
0.777334
0.779993
0.781108
0.7804979999999999
0.778016
0.773637
0.771111
0.771015
0.769775
0.768804
0.772
0.777833
0.78255
0.7860550000000001
0.788395
0.789529
0.7894
0.787872
0.784754
0.779918
0.776999
0.776702
0.775572
0.774425
0.777184
0.782601
0.786625
0.789143
0.790309
0.7903100000000001
0.789289
0.7872600000000001
0.784194
0.780046
0.778382
0.7796420000000001
0.779987
0.7799520000000001
0.783489
0.789438
0.793657
0.7960010000000001
0.796796
0.796456
0.795197
0.792962
0.789624
0.785085
0.782949
0.783768
0.783818
0.783855
0.787756
0.79408
0.798588
0.801093
0.80184
0.800994
0.798562
0.794566
0.789151
0.7860550000000001
0.78595
0.785377
0.784479
0.787768
0.794643
0.80029
0.804391
0.806916
0.807789
0.807038
0.804737
0.800824
0.795193
0.791493
0.790675
0.789555
0.788242
0.791321
0.798236
0.8040430000000001
0.808384
0.811307
0.812858
0.813004
0.811611
0.8085640000000001
0.803914
0.8014
0.801689
0.8012020000000001
0.79995
0.80277
0.809294
0.814591
0.818473
0.8212020000000001
0.8229479999999999
0.8236879999999999
0.8232280000000001
0.8213290000000001
0.8211709999999999
0.823126
0.8237110000000001
0.8224799999999999
0.82347
0.827982
0.832108
0.834693
0.8360540000000001
0.8364860000000001
0.836102
0.8348409999999999
0.832513
0.828931
0.827411
0.8285389999999999
0.828968
0.828102
0.8298610000000001
0.835073
0.839405
0.84173
0.842249
0.841197
0.8388190000000001
0.835374
0.8310649999999999
0.8260059999999999
0.8236600000000001
0.8245979999999999
0.825358
0.8252639999999999
0.828254
0.8350219999999999
0.8410340000000001
0.8450690000000001
0.8472879999999999
0.8480059999999999
0.847318
0.845053
0.84109
0.835571
0.832111
0.8314600000000001
0.8303969999999999
0.8285030000000001
0.8299219999999999
0.835758
0.8417
0.8463200000000001
0.849534
0.8512930000000001
0.85145
0.849856
0.846476
0.8446229999999999
0.844875
0.8441200000000001
0.842144
0.8421270000000001
0.8461540000000001
0.8512540000000001
0.8553360000000001
0.8584450000000001
0.860671
0.862023
0.8624040000000001
0.8615799999999999
0.859275
0.85856
0.859992
0.860497
0.859656
0.8601129999999999
0.8641280000000001
0.868999
0.872375
0.8744069999999999
0.8753770000000001
0.875446
0.8746139999999999
0.872799
0.869936
0.8692120000000001
0.8710620000000001
0.8720969999999999
0.871658
0.8721469999999999
0.8760870000000001
0.8809030000000001
0.883825
0.884941
0.8846870000000001
0.8833979999999999
0.881131
0.877776
0.8732639999999999
0.87082
0.8710030000000001
0.870598
0.869066
0.8687739999999999
0.8722129999999999
0.8768100000000001
0.879784
0.8812180000000001
0.8813280000000001
0.8801100000000001
0.877452
0.8733120000000001
0.8708469999999999
0.870706
0.8699950000000001
0.868416
0.86719
0.8698879999999999
0.875347
0.879674
0.8826139999999999
0.884191
0.884475
0.88356
0.8813770000000001
0.8777209999999999
0.8755379999999999
0.8755620000000001
0.875173
0.8741120000000001
0.8736139999999999
0.877086
0.883122
0.8878360000000001
0.8910809999999999
0.8930540000000001
0.893849
0.8933969999999999
0.89156
0.8883209999999999
0.886959
0.8880969999999999
0.888601
0.887978
0.8879360000000001
0.8918200000000001
0.897941
0.9027629999999999
0.906292
0.908809
0.910365
0.9107700000000001
0.909732
0.9099709999999999
0.911853
0.912429
0.9114030000000001
0.909063
0.909805
0.914043
0.917342
0.9192870000000001
0.920222
0.920373
0.919747
0.9181860000000001
0.9154610000000001
0.914316
0.915236
0.9154120000000001
0.914423
0.9122110000000001
0.912932
0.916852
0.919479
0.920442
0.9200719999999999
0.918646
0.916367
0.913373
0.9097209999999999
0.9083319999999999
0.909702
0.910916
0.911442
0.911133
0.91406
0.920286
0.9250959999999999
0.928082
0.929658
0.9300280000000001
0.9290719999999999
0.926585
0.9225559999999999
0.920091
0.919976
0.919559
0.918479
0.9168040000000001
0.918751
0.9246719999999999
0.9299200000000001
0.9337200000000001
0.936117
0.9370700000000001
0.936472
0.934242
0.933154
0.9337059999999999
0.933241
0.931575
0.929008
0.9287700000000001
0.9324020000000001
0.9367469999999999
0.940208
0.9428629999999999
0.944783
0.9458979999999999
0.945995
0.9447559999999999
0.9447059999999999
0.94631
0.947019
0.946572
0.9450040000000001
0.945068
0.948471
0.95229
0.9547549999999999
0.9561270000000001
0.956673
0.956463
0.955428
0.953465
0.953285
0.955305
0.956664
0.956801
0.955674
0.9558479999999999
0.959201
0.962902
0.9648530000000001
0.9653370000000001
0.964759
0.963299
0.960894
0.957408
0.955573
0.9559270000000001
0.9557889999999999
0.954728
0.952723
0.952283
0.95529
0.959009
0.961382
0.9625309999999999
0.9625309999999999
0.961276
0.9586020000000001
0.95445
0.9517610000000001
0.9512450000000001
0.9503209999999999
0.948682
0.9463870000000001
0.9463389999999999
0.9500700000000001
0.9543450000000001
0.9572370000000001
0.958752
0.9590190000000001
0.9581049999999999
0.95593
0.9523370000000001
0.9501200000000001
0.949875
0.949003
0.947268
0.944782
0.9447180000000001
0.9484790000000001
0.9526540000000001
0.955583
0.9573360000000001
0.9579639999999999
0.9573379999999999
0.955249
0.9516120000000001
0.949416
0.949314
0.9485450000000001
0.9467110000000001
0.9438709999999999
0.943673
0.94731
0.951016
0.953499
0.9549139999999999
0.955377
0.954809
0.9530059999999999
0.9524870000000001
0.953616
0.9537120000000001
0.952478
0.950142
0.948576
0.9503950000000001
0.953717
0.955702
0.9564299999999999
0.9562370000000001
0.955277
0.953484
0.9507
0.949435
0.9501219999999999
0.95021
0.949324
0.947464
0.946517
0.9490200000000001
0.9528719999999999
0.955203
0.956044
0.9556959999999999
0.9544020000000001
0.952306
0.949398
0.948325
0.949557
0.9504459999999999
0.950577
0.949882
0.9505379999999999
0.954432
0.958894
0.9616389999999999
0.962945
0.963124
0.9621930000000001
0.960016
0.956448
0.954249
0.954105
0.953527
0.9522149999999999
0.9502459999999999
0.9501360000000001
0.953724
0.9581299999999999
0.961053
0.9624940000000001
0.962534
0.961155
0.9583209999999999
0.9539719999999999
0.95094
0.949859
0.9481350000000001
0.9455399999999999
0.9422889999999999
0.9415899999999999
0.944809
0.948541
0.951141
0.9527110000000001
0.953318
0.9528270000000001
0.9509610000000001
0.950095
0.9506530000000001
0.95024
0.948667
0.9460639999999999
0.9436190000000001
0.9444819999999999
0.9475129999999999
0.94949
0.9504809999999999
0.950707
0.9502379999999999
0.949003
0.946809
0.945994
0.9469420000000001
0.947192
0.946371
0.944524
0.942958
0.9446260000000001
0.947996
0.949767
0.950075
0.94934
0.947868
0.945767
0.9429850000000001
0.942124
0.9436389999999999
0.94486
0.945258
0.944688
0.945019
0.9484940000000001
0.9529780000000001
0.9559989999999999
0.957643
0.958096
0.957391
0.9554729999999999
0.95229
0.9505
0.950623
0.950151
0.948801
0.9466700000000001
0.945865
0.9486120000000001
0.952516
0.954945
0.955968
0.9558399999999999
0.954578
0.952002
0.9505049999999999
0.9505370000000001
0.949766
0.9480719999999999
0.9456760000000001
0.943333
0.9445
0.9483739999999999
0.95114
0.9526680000000001
0.9531360000000001
0.952599
0.950995
0.9482459999999999
0.9468260000000001
0.9472149999999999
0.947051
0.946052
0.944285
0.9424299999999999
0.94401
0.948233
0.951267
0.95311
0.9540420000000001
0.9541430000000001
0.9533200000000001
0.9514030000000001
0.950752
0.9517620000000001
0.952053
0.951401
0.949887
0.9483459999999999
0.9500190000000001
0.9538620000000001
0.956368
0.9577399999999999
0.958356
0.9582700000000001
0.957305
0.955208
0.95434
0.955092
0.954953
0.953522
0.9508059999999999
0.948092
0.9486610000000001
0.9513379999999999
0.9528399999999999
0.953234
0.952743
0.9513780000000001
0.949041
0.948016
0.948664
0.9486620000000001
0.947737
0.945981
0.9433520000000001
0.9437459999999999
0.947184
0.94934
0.9500040000000001
0.9495299999999999
0.9481
0.9457059999999999
0.942264
0.9400270000000001
0.93948
0.9385899999999999
0.93725
0.935557
0.933442
0.934816
0.939425
0.9427549999999999
0.9446620000000001
0.945357
0.944895
0.9432790000000001
0.940526
0.939034
0.9392590000000001
0.9389280000000001
0.93774
0.935759
0.933615
0.934974
0.9392020000000001
0.942443
0.9447209999999999
0.9462649999999999
0.947023
0.9467180000000001
0.945003
0.9441649999999999
0.94475
0.9444889999999999
0.943025
0.9403940000000001
0.937541
0.9379790000000001
0.940947
0.942994
0.9441799999999999
0.944684
0.944468
0.9433370000000001
0.943364
0.9448030000000001
0.945327
0.9446120000000001
0.942801
0.9400350000000001
0.9398049999999999
0.9427059999999999
0.945081
0.9462219999999999
0.94635
0.945666
0.944256
0.9420569999999999
0.9412010000000001
0.942074
0.9425479999999999
0.9423469999999999
0.9414870000000001
0.9398200000000001
0.940579
0.9443290000000001
0.9474799999999999
0.9493450000000001
0.9501299999999999
0.949943
0.9487610000000001
0.9465100000000001
0.945491
0.946258
0.946691
0.946471
0.945607
0.9439870000000001
0.945175
0.9494610000000001
0.9528340000000001
0.954781
0.955569
0.955375
0.9541290000000001
0.951594
0.9499129999999999
0.9495299999999999
0.948335
0.9461620000000001
0.943212
0.9395450000000001
0.9392309999999999
0.942441
0.944894
0.946335
0.9468780000000001
0.946421
0.9447110000000001
0.943701
0.9438040000000001
0.9430379999999999
0.9411870000000001
0.9384170000000001
0.9348190000000001
0.9328559999999999
0.9341510000000001
0.936242
0.937499
0.9380069999999999
0.9378610000000001
0.9370040000000001
0.9352520000000001
0.9344889999999999
0.9350120000000001
0.934893
0.934061
0.932658
0.930564
0.93032
0.93311
0.936049
0.9378540000000001
0.9388120000000001
0.939099
0.938667
0.9373879999999999
0.9373600000000001
0.938983
0.9401290000000001
0.940422
0.939817
0.938257
0.939054
0.942998
0.946594
0.949016
0.950478
0.951048
0.950656
0.949192
0.948801
0.9499110000000001
0.9504229999999999
0.950044
0.94878
0.946549
0.946765
0.9500379999999999
0.952743
0.954307
0.954965
0.9547180000000001
0.9534100000000001
0.952915
0.953542
0.9533940000000001
0.952375
0.9506690000000001
0.948307
0.9466959999999999
0.9482149999999999
0.951269
0.9531879999999999
0.953908
0.9534969999999999
0.951981
0.9493959999999999
0.947684
0.9472229999999999
0.946234
0.94458
0.942391
0.939702
0.9378489999999999
0.939276
0.94245
0.94466
0.9459209999999999
0.9463229999999999
0.945787
0.944148
0.9432709999999999
0.943586
0.943343
0.9423540000000001
0.940657
0.93821
0.9368110000000001
0.9384969999999999
0.941367
0.9433739999999999
0.944684
0.945384
0.94534
0.946159
0.9479920000000001
0.9489479999999999
0.948702
0.9472879999999999
0.9448
0.9415709999999999
0.941284
0.943765
0.945249
0.945694
0.9452860000000001
0.944098
0.9421430000000001
0.941258
0.94175
0.941807
0.941213
0.940031
0.9381790000000001
0.936551
0.9377120000000001
0.9404629999999999
0.941998
0.9424459999999999
0.942019
0.940786
0.938707
0.937651
0.9380069999999999
0.9380299999999999
0.937566
0.936682
0.935312
0.934692
0.937106
0.9409620000000001
0.943609
0.945132
0.9457629999999999
0.945478
0.944052
0.943225
0.9434020000000001
0.942884
0.9415540000000001
0.939614
0.9371280000000001
0.935284
0.9366040000000001
0.939743
0.941961
0.943256
0.9436709999999999
0.943076
0.943126
0.9441940000000001
0.944634
0.9442159999999999
0.9430209999999999
0.941068
0.938267
0.937998
0.940732
0.9430299999999999
0.94455
0.9454670000000001
0.9458
0.945406
0.945818
0.947217
0.9478770000000001
0.9476549999999999
0.946788
0.94535
0.9431799999999999
0.943564
0.94685
0.9494469999999999
0.9509540000000001
0.951607
0.9515049999999999
0.95058
