1.014273
1.013385
1.0137040000000002
1.013224
1.0118
1.009574
1.006534
1.00401
1.004659
1.007026
1.008319
1.0086629999999999
1.00823
1.006964
1.004724
1.0035610000000001
1.003865
1.003571
1.002362
1.000329
0.9975649999999999
0.995598
0.9967889999999999
0.999432
1.000934
1.0013729999999998
1.0009270000000001
0.999668
0.997541
0.996605
0.997237
0.997373
0.996704
0.9952129999999999
0.992791
0.9913120000000001
0.9929020000000001
0.995625
0.99734
0.998115
0.998051
0.997079
0.9950100000000001
0.9940180000000001
0.9946809999999999
0.994983
0.9946280000000001
0.9936370000000001
0.9919290000000001
0.9918889999999999
0.994965
0.998384
1.0003870000000001
1.0011290000000002
1.000847
0.9995729999999999
0.9971969999999999
0.995958
0.996339
0.996173
0.995185
0.9934950000000001
0.991088
0.990632
0.993448
0.996585
0.99851
0.999273
0.998891
0.997325
0.996647
0.997238
0.9970680000000001
0.9958790000000001
0.9938170000000001
0.9909690000000001
0.988027
0.988367
0.991346
0.9934
0.994419
0.9945459999999999
0.9937870000000001
0.9920209999999999
0.9910889999999999
0.991297
0.990809
0.98956
0.9877239999999999
0.9852719999999999
0.982909
0.9836370000000001
0.9865010000000001
0.988273
0.989149
0.98944
0.989194
0.988311
0.988742
0.990741
0.992149
0.9925579999999999
0.991933
0.9902620000000001
0.989029
0.9907969999999999
0.9940530000000001
0.996175
0.997265
0.99745
0.9967159999999999
0.9949959999999999
0.994331
0.9950899999999999
0.9952639999999999
0.9946200000000001
0.9932030000000001
0.9909209999999999
0.989459
0.9909889999999999
0.993661
0.9951639999999999
0.9955040000000001
0.994756
0.9928950000000001
0.989828
0.98779
0.9873930000000001
0.9866389999999999
0.985223
0.9831489999999999
0.9803639999999999
0.979226
0.9812649999999999
0.9838459999999999
0.985238
0.9856229999999999
0.9852209999999999
0.9840059999999999
0.9837950000000001
0.984851
0.9852299999999999
0.984665
0.9832989999999999
0.9813059999999999
0.97888
0.9796790000000001
0.9835389999999999
0.9865219999999999
0.9884790000000001
0.9895010000000001
0.989547
0.988502
0.988224
0.989193
0.9897
0.989541
0.988791
0.9873860000000001
0.98534
0.986232
0.989908
0.992584
0.9942700000000001
0.9952190000000001
0.995508
0.9950190000000001
0.995598
0.9974940000000001
0.9987159999999999
0.9990469999999999
0.998539
0.997081
0.9954360000000001
0.9966809999999999
0.999991
1.002293
1.003768
1.0046
1.004636
1.0035969999999999
1.003318
1.004133
1.0041
1.0029620000000001
1.000808
0.9977159999999999
0.9945450000000001
0.994533
0.9968670000000001
0.998195
0.9984879999999999
0.9978239999999999
0.996188
0.9935889999999999
0.992118
0.992226
0.991984
0.9910979999999999
0.989507
0.987043
0.984776
0.9853940000000001
0.987717
0.9890690000000001
0.989592
0.9894120000000001
0.9884799999999999
0.9866370000000001
0.9858110000000001
0.9864200000000001
0.986614
0.986181
0.9851479999999999
0.983476
0.982492
0.9847379999999999
0.988685
0.991481
0.993015
0.99335
0.992532
0.990516
0.9893569999999999
0.9895639999999999
0.9892489999999999
0.9881549999999999
0.986351
0.9838899999999999
0.9824370000000001
0.984311
0.9877389999999999
0.9902059999999999
0.9916879999999999
0.9921979999999999
0.991614
0.989827
0.989009
0.9896
0.989459
0.988236
0.9860190000000001
0.982877
0.980992
0.9825209999999999
0.985397
0.987506
0.9888290000000001
0.989369
0.9889819999999999
0.989401
0.990834
0.991345
0.9907520000000001
0.9893040000000001
0.987139
0.984225
0.9843430000000001
0.9875309999999999
0.98967
0.990597
0.9906200000000001
0.989891
0.988392
0.987965
0.988957
0.989527
0.989361
0.9884459999999999
0.9866889999999999
0.984124
0.984527
0.987785
0.989935
0.9909680000000001
0.9911200000000001
0.990445
0.9889100000000001
0.9884850000000001
0.9895430000000001
0.990149
0.99003
0.989251
0.987762
0.98618
0.98755
0.991079
0.99354
0.994959
0.995402
0.994784
0.9929680000000001
0.9918469999999999
0.991875
0.991348
0.9901479999999999
0.988344
0.985891
0.983593
0.9844069999999999
0.98731
0.989037
0.9895579999999999
0.9890639999999999
0.987654
0.985259
0.9838469999999999
0.983849
0.9833290000000001
0.982009
0.979978
0.97734
0.97567
0.9773700000000001
0.9808129999999999
0.983416
0.985135
0.9859530000000001
0.9857049999999999
0.986084
0.987409
0.9880209999999999
0.987827
0.986973
0.9855299999999999
0.9834379999999999
0.983758
0.987084
0.9901139999999999
0.992145
0.993283
0.993567
0.992951
0.993149
0.994434
0.99503
0.994667
0.993442
0.991439
0.988553
0.9879889999999999
0.9903280000000001
0.992159
0.9929450000000001
0.992944
0.992341
0.9911280000000001
0.991073
0.992451
0.993368
0.993469
0.9927010000000001
0.9909819999999999
0.9882700000000001
0.9884870000000001
0.991719
0.993928
0.9950479999999999
0.9952709999999999
0.994599
0.992927
0.9920979999999999
0.992559
0.992566
0.991877
0.990555
0.988568
0.985718
0.9857459999999999
0.988641
0.9903719999999999
0.9909959999999999
0.9907469999999999
0.9896159999999999
0.987505
0.9862920000000001
0.9863540000000001
0.985899
0.984817
0.983246
0.981143
0.979079
0.9802209999999999
0.983828
0.9864569999999999
0.988009
0.9885520000000001
0.988081
0.986584
0.9860190000000001
0.986768
0.986981
0.9864430000000001
0.9851989999999999
0.983223
0.9813379999999999
0.98264
0.9862479999999999
0.9889100000000001
0.9905940000000001
0.9913709999999999
0.991137
0.9897299999999999
0.9891200000000001
0.98985
0.9900950000000001
0.989518
0.9880899999999999
0.98577
0.983349
0.983931
0.986772
0.988765
0.989917
0.990309
0.989866
0.9902690000000001
0.991748
0.9924790000000001
0.9921719999999999
0.9909379999999999
0.988944
0.986237
0.98539
0.9876149999999999
0.9902040000000001
0.991822
0.9925440000000001
0.992508
0.99174
0.991916
0.9933139999999999
0.994236
0.9944350000000001
0.9939180000000001
0.992603
0.990298
0.989657
0.9919309999999999
0.9943770000000001
0.995818
0.9963930000000001
0.9961969999999999
0.995168
0.995085
0.9963569999999999
0.9972559999999999
0.997469
0.996984
0.9957459999999999
0.9935799999999999
0.9936209999999999
0.996447
0.9987229999999999
0.999949
1.000306
0.999741
0.998101
0.997149
0.9972639999999999
0.996769
0.995566
0.993815
0.9915010000000001
0.9884629999999999
0.9882
0.991049
0.993209
0.9942
0.9941
0.99295
0.990776
0.9894709999999999
0.9894299999999999
0.9889020000000001
0.987669
0.9857549999999999
0.98315
0.98009
0.980318
0.983692
0.9863879999999999
0.9883190000000001
0.9895440000000001
0.989922
0.989217
0.98918
0.9902040000000001
0.990603
0.9902209999999999
0.989132
0.987344
0.985025
0.9857799999999999
0.9894139999999999
0.992187
0.994085
0.995223
0.995548
0.994936
0.9952219999999999
0.9967370000000001
0.9975860000000001
0.9975209999999999
0.996667
0.995007
0.992734
0.9933379999999999
0.996518
0.9986219999999999
0.999676
0.999936
0.9994629999999999
0.9981190000000001
0.9977299999999999
0.998647
0.998978
0.998408
0.996924
0.994481
0.991592
0.9918170000000001
0.9947389999999999
0.996765
0.997826
0.9980030000000001
0.9971909999999999
0.9952559999999999
0.994181
0.994491
0.994409
0.993698
0.992394
0.990417
0.988072
0.9886799999999999
0.991712
0.993603
0.994433
0.9944049999999999
0.993497
0.993399
0.994411
0.994822
0.994403
0.993289
0.9915430000000001
0.9890959999999999
0.98815
0.990215
0.992894
0.9945
0.995035
0.9946
0.9932770000000001
0.992793
0.99339
0.993367
0.992567
0.9911399999999999
0.9891639999999999
0.9866209999999999
0.986359
0.989252
0.992168
0.99403
0.9949379999999999
0.9949209999999999
0.9938879999999999
0.9935940000000001
0.9944430000000001
0.99482
0.994552
0.9936790000000001
0.99218
0.989909
0.990192
0.9934360000000001
0.99613
0.997951
0.9990889999999999
0.999533
0.9991049999999999
0.99945
1.000782
1.001244
1.000574
0.998934
0.996509
0.99331
0.992891
0.9956370000000001
0.997817
0.999006
0.999324
0.9988100000000001
0.9973780000000001
0.996842
0.9975799999999999
0.9978100000000001
0.997297
0.9960549999999999
0.9939879999999999
0.991131
0.991265
0.994317
0.9963350000000001
0.9972559999999999
0.997289
0.9964790000000001
0.9947809999999999
0.9941260000000001
0.9949549999999999
0.995433
0.9952409999999999
0.994384
0.9927889999999999
0.9903
0.990663
0.9938870000000001
0.996024
0.9971459999999999
0.9974569999999999
0.996909
0.9953770000000001
0.994674
0.995167
0.995108
0.994373
0.993125
0.9913700000000001
0.9891190000000001
0.99005
0.9939899999999999
0.996909
0.9986450000000001
0.999281
0.998841
0.999117
1.000478
1.001255
1.0012299999999998
1.0004600000000001
0.9989239999999999
0.996567
0.995383
0.997225
1.000059
1.001992
1.003087
1.003406
1.002848
1.0029780000000001
1.004076
1.004572
1.0042879999999998
1.003248
1.0014290000000001
0.998743
0.9973559999999999
0.9989120000000001
1.001215
1.0026680000000001
1.0033239999999999
1.003214
1.002284
1.002243
1.003388
1.0039639999999999
1.0036889999999998
1.002651
1.00095
0.998501
0.9978049999999999
1.000045
1.002494
1.003873
1.004298
1.003922
1.0027700000000002
1.002559
1.003609
1.0042010000000001
1.004035
1.003074
1.0012370000000002
0.9983799999999999
0.9972840000000001
0.999238
1.001474
1.002824
1.003358
1.0030629999999998
1.00177
1.00122
1.001841
1.001967
1.001391
1.000183
0.998351
0.9957719999999999
0.995704
0.9986440000000001
1.001116
1.002634
1.003333
1.0031430000000001
1.00193
1.001527
1.002337
1.002634
1.0022739999999999
1.00138
0.999898
0.997626
0.997891
1.001195
1.003947
1.005564
1.006126
1.00569
1.0042959999999999
1.003795
1.0045520000000001
1.0048190000000001
1.00434
1.0031079999999999
1.001093
0.998286
0.998281
1.001576
1.004514
1.0065819999999999
1.007808
1.008061
1.0071290000000002
1.006772
1.007422
1.007443
1.0066760000000001
1.005184
1.002984
0.999994
0.9998940000000001
1.0029620000000001
1.005387
1.006943
1.007739
1.007727
1.0067840000000001
1.006694
1.007752
1.008065
1.0073809999999999
1.005847
1.003492
1.000168
0.999714
1.002342
1.004082
1.004837
1.0048540000000001
1.004189
1.002702
1.0021639999999998
1.002913
1.003104
1.00243
1.000874
0.9983790000000001
0.995066
0.994821
0.997592
0.999397
1.000156
1.0000069999999999
0.998916
0.9985709999999999
0.99939
0.9998379999999999
0.999741
0.9991620000000001
0.9980870000000001
0.996374
0.995756
0.997921
1.0007709999999999
1.002377
1.0029270000000001
1.002612
1.001443
1.001115
1.001935
1.002225
1.001784
1.000775
0.9992790000000001
0.997179
0.996726
0.999346
1.002528
1.0046709999999999
1.005793
1.0059879999999999
1.0053040000000002
1.0055020000000001
1.0068270000000001
1.0074889999999999
1.007284
1.0063280000000001
1.004687
1.002357
1.002248
1.005247
1.008242
1.010214
1.011256
1.011343
1.010306
1.009814
1.010257
1.010063
1.009098
1.0074450000000001
1.005119
1.002003
1.000947
1.002883
1.004845
1.005974
1.0064
1.006111
1.004946
1.0045950000000001
1.0053219999999998
1.005299
1.004275
1.0023950000000001
0.999816
0.996526
0.995925
0.998531
1.000789
1.002146
1.0026959999999998
1.002469
1.001391
1.001236
1.0023549999999999
1.00299
1.002888
1.0020440000000002
1.000357
0.997711
0.997664
1.000701
1.0031299999999999
1.004486
1.004942
1.004541
1.0032299999999998
1.002904
1.0040149999999999
1.004758
1.004781
1.004043
1.002464
0.999876
0.9999389999999999
1.00289
1.004923
1.005957
1.006208
1.005651
1.004169
1.0036
1.0042799999999998
1.0043790000000001
1.003736
1.002514
1.000737
0.998418
0.999287
1.003191
1.006041
1.0076530000000001
1.008103
1.007427
1.005678
1.004824
1.005285
1.0052709999999998
1.004538
1.003093
1.000894
0.9980549999999999
0.9983709999999999
1.0017120000000002
1.004108
1.005486
1.00597
1.005487
1.003868
1.003013
1.003416
1.00326
1.0022209999999998
1.000321
0.9975879999999999
0.994341
0.994226
0.9970370000000001
0.999064
1.000199
1.000491
0.999875
1.000026
1.0011940000000001
1.001616
1.0010430000000001
0.999626
0.9975450000000001
0.994825
0.993505
0.995189
0.997613
0.998949
0.9992549999999999
0.99874
0.997527
0.99736
0.99854
0.999358
0.9995219999999999
0.9990040000000001
0.9977090000000001
0.99545
0.994711
0.9969030000000001
0.999467
1.001068
1.001841
1.001873
1.001077
1.001196
1.0026
1.003552
1.003792
1.0033729999999998
1.002306
1.000464
1.000908
1.004226
1.00709
1.00889
1.009776
1.009688
1.008471
1.007906
1.008377
1.008197
1.0072729999999999
1.005773
1.0036770000000002
1.0008
1.000385
1.002983
1.005074
1.00601
1.005898
1.004808
1.002761
1.0016120000000002
1.001709
1.001264
1.00004
0.998058
0.9953139999999999
0.991809
0.9914280000000001
0.994399
0.996785
0.998397
0.9992969999999999
0.999345
0.998308
0.997915
0.9985799999999999
0.9986790000000001
0.998078
0.996849
0.994978
0.9923280000000001
0.992559
0.995875
0.9984290000000001
1.000065
1.0009299999999999
1.001007
1.0002
0.998365
0.99539
0.991216
0.985841
0.9823850000000001
0.9814149999999999
0.9797879999999999
0.976902
0.9728829999999999
0.972874
0.977109
0.9805010000000001
0.982842
0.984132
0.984166
0.982799
0.979984
0.975635
0.972691
0.971563
0.9693
0.965822
0.9615879999999999
0.9608639999999999
0.964397
0.967677
0.969398
0.969441
0.9678610000000001
0.964706
0.9599469999999999
0.953615
0.948702
0.945846
0.9423360000000001
0.937845
0.932536
0.930226
0.9318879999999999
0.933401
0.9334180000000001
0.932135
0.929883
0.9268540000000001
0.923091
0.921307
0.921927
0.922193
0.9216629999999999
0.9203709999999999
0.920708
0.924443
0.92881
0.9316209999999999
0.9330129999999999
0.933282
0.932608
0.9310649999999999
0.928586
0.925026
0.923171
0.9237290000000001
0.924113
0.92381
0.922609
0.924484
0.9295100000000001
0.9329299999999999
0.934191
0.933629
0.931551
0.9281510000000001
0.9234690000000001
0.917466
0.9132549999999999
0.911422
0.9089809999999999
0.905588
0.902222
0.902791
0.9063370000000001
0.9086209999999999
0.9095049999999999
0.909106
0.907325
0.9038579999999999
0.8983639999999999
0.890776
0.884493
0.8804420000000001
0.8758790000000001
0.8705440000000001
0.866083
0.865815
0.8681059999999999
0.869283
0.869123
0.86775
0.865245
0.8615719999999999
0.8566299999999999
0.853303
0.852159
0.850476
0.847959
0.8451620000000001
0.845666
0.848651
0.8500030000000001
0.849765
0.8484280000000001
0.8463629999999999
0.843727
0.8404950000000001
0.836562
0.834727
0.835448
0.835831
0.8353280000000001
0.83504
0.8381360000000001
0.8432379999999999
0.8467379999999999
0.848578
0.8490790000000001
0.84844
0.846699
0.843874
0.8400489999999999
0.838414
0.839609
0.840626
0.8408680000000001
0.8422270000000001
0.847052
0.8529260000000001
0.8569190000000001
0.8591270000000001
0.859993
0.859725
0.8582110000000001
0.8552059999999999
0.8505379999999999
0.8473379999999999
0.846318
0.844525
0.841468
0.839269
0.840664
0.843577
0.8452120000000001
0.8455600000000001
0.8447379999999999
0.8426620000000001
0.8391559999999999
0.8341059999999999
0.8303440000000001
0.8283719999999999
0.825456
0.821342
0.817189
0.816559
0.818481
0.819254
0.8187810000000001
0.8172590000000001
0.814792
0.811389
0.806987
0.80152
0.797806
0.796525
0.7950510000000001
0.792806
0.7909470000000001
0.792395
0.795683
0.797557
0.79807
0.7975720000000001
0.7963210000000001
0.794408
0.7917649999999999
0.7909390000000001
0.792284
0.79306
0.792725
0.791832
0.7941159999999999
0.7990430000000001
0.80269
0.804963
0.806149
0.8064939999999999
0.806125
0.804941
0.802708
0.802032
0.803375
0.80404
0.803589
0.803327
0.806267
0.810882
0.81382
0.815206
0.815431
0.8146939999999999
0.813025
0.810344
0.806612
0.804818
0.805474
0.805607
0.8046810000000001
0.8045720000000001
0.807719
0.811988
0.814592
0.815578
0.8152119999999999
0.8136680000000001
0.81098
0.806986
0.8015140000000001
0.797355
0.795137
0.79233
0.78872
0.7859619999999999
0.7870159999999999
0.790323
0.792706
0.794017
0.7943180000000001
0.793517
0.791358
0.787567
0.784623
0.783149
0.780842
0.777454
0.773339
0.7725069999999999
0.7749199999999999
0.776648
0.7776810000000001
0.778269
0.778546
0.778466
0.777787
0.776153
0.775805
0.777027
0.7773180000000001
0.776381
0.775034
0.776699
0.780562
0.783044
0.784343
0.7849729999999999
0.7851739999999999
0.784891
0.783933
0.782139
0.782105
0.784215
0.7856920000000001
0.785958
0.7863640000000001
0.789782
0.794717
0.798074
0.799862
0.800383
0.79982
0.798181
0.795367
0.791295
0.7887460000000001
0.788325
0.7874
0.785514
0.784402
0.786788
0.790829
0.793547
0.794922
0.795207
0.7944260000000001
0.792351
0.78872
0.7834220000000001
0.779319
0.77717
0.774519
0.771063
0.768777
0.770338
0.7738470000000001
0.776487
0.778135
0.778796
0.778337
0.776601
0.773513
0.771504
0.771016
0.769729
0.767414
0.764343
0.764664
0.768425
0.7714439999999999
0.773541
0.774845
0.775355
0.7749520000000001
0.773425
0.770571
0.768811
0.768798
0.7683220000000001
0.767003
0.765383
0.7671640000000001
0.771859
0.7756149999999999
0.778303
0.780075
0.78098
0.78094
0.7797729999999999
0.779738
0.78122
0.781853
0.781284
0.7796350000000001
0.780874
0.785451
0.789366
0.792133
0.793934
0.794918
0.7951199999999999
0.7943819999999999
0.79243
0.7890689999999999
0.786907
0.786524
0.785439
0.783249
0.781547
0.78314
0.7863600000000001
0.7882899999999999
0.78904
0.788826
0.787676
0.785485
0.7821899999999999
0.78036
0.780486
0.780088
0.778784
0.776867
0.778151
0.782375
0.785462
0.787203
0.787687
0.786988
0.785145
0.7820239999999999
0.777423
0.7736810000000001
0.7714880000000001
0.768944
0.766011
0.762881
0.763653
0.7682329999999999
0.772081
0.774805
0.776412
0.776837
0.77595
0.773696
0.770196
0.768071
0.767871
0.7672640000000001
0.765935
0.764677
0.767045
0.772304
0.776666
0.780035
0.782648
0.784575
0.785654
0.785573
0.7863479999999999
0.78827
0.789155
0.788838
0.787464
0.787957
0.791554
0.795284
0.79787
0.799456
0.800182
0.800036
0.7988930000000001
0.796574
0.7929649999999999
0.790712
0.790467
0.789801
0.788233
0.786824
0.788737
0.79268
0.795137
0.796103
0.795868
0.794606
0.792419
0.789326
0.787775
0.788218
0.788255
0.787496
0.7859119999999999
0.786883
0.790924
0.794451
0.7968770000000001
0.798322
0.798715
0.79787
0.795583
0.791758
0.788734
0.7872140000000001
0.78532
0.782903
0.780075
0.7798350000000001
0.7831100000000001
0.786506
0.788611
0.789423
0.78908
0.78772
0.785379
0.782069
0.7803180000000001
0.78068
0.780831
0.780397
0.77935
0.781615
0.787111
0.7915399999999999
0.7947850000000001
0.797099
0.798597
0.799198
0.798671
0.7968350000000001
0.796129
0.797084
0.797383
0.79669
0.795038
0.796388
0.8011510000000001
0.805217
0.8080689999999999
0.809801
0.810426
0.809814
0.80778
0.804229
0.801717
0.8009229999999999
0.799668
0.797643
0.794799
0.795146
0.7986270000000001
0.800942
0.8021020000000001
0.8024220000000001
0.802003
0.8007989999999999
0.798691
0.795556
0.793818
0.7938810000000001
0.793245
0.791462
0.788569
0.7888649999999999
0.792542
0.795255
0.79686
0.797574
0.797489
0.796615
0.794868
0.7921779999999999
0.7910010000000001
0.791856
0.7923819999999999
0.792095
0.790849
0.792343
0.796772
0.800035
0.8017920000000001
0.802327
0.8018
0.80027
0.797722
0.794186
0.7923140000000001
0.792673
0.792782
0.792148
0.790862
0.7928649999999999
0.797962
0.801847
0.804303
0.805545
0.8057479999999999
0.804876
0.802702
0.801416
0.801489
0.800832
0.799366
0.797284
0.797331
0.800802
0.804821
0.8078529999999999
0.809823
0.810701
0.810397
0.808773
0.80575
0.803696
0.803196
0.8021560000000001
0.8003100000000001
0.797673
0.796964
0.799482
0.802309
0.804026
0.804854
0.80503
0.804575
0.803357
0.8012130000000001
0.800384
0.801294
0.80171
0.80125
0.7998069999999999
0.800397
0.80401
0.807499
0.809958
0.811654
0.8126939999999999
0.8129770000000001
0.812291
0.810431
0.809662
0.810446
0.810524
0.80952
0.807475
0.807631
0.811072
0.814475
0.8166680000000001
0.817793
0.818005
0.817347
0.815717
0.812987
0.811589
0.812033
0.811944
0.810875
0.808754
0.80898
0.8122729999999999
0.815092
0.816775
0.817577
0.817585
0.8167270000000001
0.814837
0.81179
0.8100430000000001
0.8101659999999999
0.809882
0.808843
0.807036
0.807806
0.811887
0.815612
0.817969
0.8191039999999999
0.8192219999999999
0.818332
0.816272
0.812944
0.810806
0.810512
0.8099529999999999
0.808809
0.80699
0.8077810000000001
0.8119430000000001
0.81588
0.8186260000000001
0.8202809999999999
0.8208850000000001
0.8203290000000001
0.818495
0.815375
0.8134359999999999
0.813172
0.812285
0.810462
0.8077989999999999
0.808137
0.812189
0.816112
0.819191
0.8215040000000001
0.822983
0.823398
0.822468
0.820001
0.818511
0.81868
0.818258
0.816865
0.814496
0.8149649999999999
0.8188880000000001
0.822399
0.82488
0.826434
0.8270930000000001
0.8268030000000001
0.825435
0.822858
0.8215129999999999
0.8218409999999999
0.8213719999999999
0.819743
0.817074
0.817277
0.820836
0.8237209999999999
0.825358
0.8259709999999999
0.825752
0.824709
0.822709
0.819651
0.818038
0.818349
0.818144
0.8170149999999999
0.814933
0.815833
0.8200280000000001
0.823355
0.8253659999999999
0.8261790000000001
0.825867
0.824413
0.8217690000000001
0.817986
0.815703
0.8154939999999999
0.8149810000000001
0.81379
0.811871
0.81325
0.8179890000000001
0.8216030000000001
0.8237700000000001
0.824782
0.8247700000000001
0.823616
0.821134
0.817248
0.814638
0.814018
0.8130649999999999
0.8114100000000001
0.809174
0.810543
0.815425
0.819306
0.821902
0.823298
0.823476
0.8223870000000001
0.820003
0.816296
0.8139
0.813422
0.812451
0.810678
0.808588
0.8101659999999999
0.8150069999999999
0.818855
0.821506
0.823081
0.823585
0.8229139999999999
0.820893
0.817392
0.815107
0.8147270000000001
0.813809
0.811948
0.809632
0.810704
0.81471
0.817647
0.8194469999999999
0.8203010000000001
0.820275
0.819292
0.817174
0.813776
0.811705
0.811457
0.810525
0.8086409999999999
0.806501
0.807739
0.8116369999999999
0.814246
0.815554
0.815909
0.815454
0.814098
0.8116899999999999
0.808167
0.806228
0.8063899999999999
0.806018
0.804612
0.802862
0.804339
0.808343
0.8111
0.812487
0.812729
0.811949
0.810163
0.807365
0.803561
0.8014899999999999
0.801723
0.801643
0.800743
0.799912
0.8024180000000001
0.80716
0.8105439999999999
0.812575
0.8134779999999999
0.813261
0.811832
0.80913
0.805225
0.803044
0.8032090000000001
0.803038
0.802054
0.801455
0.804389
0.809504
0.813279
0.8155319999999999
0.816368
0.81588
0.8141520000000001
0.811164
0.806869
0.8040930000000001
0.803442
0.802315
0.80038
0.799077
0.801465
0.806092
0.809615
0.811869
0.8129430000000001
0.812836
0.811426
0.808546
0.804163
0.801193
0.800257
0.798679
0.796059
0.7939189999999999
0.795365
0.799025
0.801719
0.8033520000000001
0.804079
0.8039350000000001
0.8027989999999999
0.800475
0.799366
0.799838
0.799416
0.797878
0.795331
0.795882
0.799584
0.802139
0.803487
0.8039350000000001
0.803629
0.802565
0.800655
0.797787
0.796428
0.797025
0.797094
0.796201
0.794589
0.796151
0.800592
0.803687
0.805265
0.805619
0.804995
0.803529
0.8012630000000001
0.798197
0.796998
0.7981560000000001
0.799016
0.799042
0.798921
0.802007
0.807319
0.811027
0.8130930000000001
0.813917
0.813704
0.812385
0.809774
0.805742
0.80301
0.802265
0.8010689999999999
0.799061
0.7971520000000001
0.798832
0.803171
0.806371
0.808236
0.808869
0.8083359999999999
0.8066439999999999
0.8036449999999999
0.7991560000000001
0.7958770000000001
0.794475
0.792559
0.789899
0.787796
0.789354
0.793277
0.796242
0.798198
0.799299
0.79953
0.798712
0.796596
0.793081
0.790959
0.790826
0.790079
0.7883220000000001
0.786783
0.7887270000000001
0.79305
0.796423
0.798802
0.800379
0.801157
0.800951
0.799529
0.796747
0.795276
0.795615
0.795187
0.7936810000000001
0.79245
0.794609
0.7988270000000001
0.8017850000000001
0.803504
0.804301
0.804294
0.803376
0.801375
0.798172
0.796507
0.796866
0.79647
0.794804
0.793551
0.795746
0.799798
0.8025979999999999
0.8040579999999999
0.804397
0.803784
0.802229
0.799584
0.798261
0.798706
0.798497
0.797323
0.7952140000000001
0.796298
0.800582
0.803609
0.805187
0.805563
0.804856
0.80305
0.800092
0.795948
0.7931779999999999
0.792437
0.7914859999999999
0.790035
0.788301
0.7901859999999999
0.795284
0.799121
0.801441
0.802426
0.802177
0.800744
0.798182
0.794509
0.7923279999999999
0.792158
0.7915369999999999
0.790158
0.788902
0.791333
0.796602
0.800858
0.803963
0.80609
0.807245
0.8072189999999999
0.805679
0.802447
0.800255
0.799746
0.7984359999999999
0.795979
0.793392
0.794397
0.7982779999999999
0.801301
0.803294
0.804404
0.80467
0.803942
0.804257
0.80583
0.806342
0.805485
0.803457
0.802393
0.804325
0.807241
0.809053
0.809809
0.809709
0.8105289999999999
0.812688
0.8146140000000001
0.8159350000000001
0.816603
0.816663
0.816181
0.818064
0.822665
0.8266899999999999
0.829312
0.830551
0.8305739999999999
0.829573
0.8291850000000001
0.829874
0.8304379999999999
0.830875
0.831374
0.831938
0.8323659999999999
0.835526
0.8414739999999999
0.846575
0.8501770000000001
0.8524290000000001
0.853664
0.854232
0.855815
0.8585969999999999
0.8608600000000001
0.862208
0.8626889999999999
0.862403
0.8614440000000001
0.863118
0.867303
0.8705309999999999
0.8728799999999999
0.8746120000000001
0.8757440000000001
0.8760469999999999
0.876763
0.8779899999999999
0.8781700000000001
0.8771059999999999
0.8749309999999999
0.871818
0.8682340000000001
0.867459
0.869246
0.8703549999999999
0.87084
0.870926
0.870604
0.871174
0.8727239999999999
0.873675
0.873761
0.8731450000000001
0.8720600000000001
0.87054
0.870569
0.873217
0.8762139999999999
0.8783709999999999
0.8799680000000001
0.881242
0.882185
0.884033
0.886919
0.8894479999999999
0.891441
0.8929799999999999
0.8940299999999999
0.8943610000000001
0.894766
0.897741
0.902408
0.906283
0.909431
0.911984
0.9138790000000001
0.9164059999999999
0.919903
0.923148
0.9259440000000001
0.9282540000000001
0.9299209999999999
0.9306559999999999
0.9309270000000001
0.9335030000000001
0.937815
0.941176
0.943802
0.945875
0.9472700000000001
0.947767
0.948845
0.950787
0.9520639999999999
0.952499
0.952103
0.950787
0.9484889999999999
0.9481790000000001
0.950996
0.954053
0.956259
0.9575600000000001
0.9579040000000001
0.9571280000000001
0.956706
0.9570059999999999
0.9566180000000001
0.9554040000000001
0.9535040000000001
0.951046
0.948041
0.9465610000000001
0.948276
0.951033
0.952983
0.953938
0.9537690000000001
0.952371
0.951306
0.951124
0.950565
0.9494100000000001
0.947675
0.94535
0.9423739999999999
0.9405129999999999
0.9420139999999999
0.9452280000000001
0.9479270000000001
0.949982
0.95134
0.9532120000000001
0.955781
0.957736
0.958907
0.959425
0.95934
0.9585959999999999
0.957149
0.9582229999999999
0.962356
0.9662540000000001
0.9693959999999999
0.971865
0.973614
0.974542
0.976193
0.9788819999999999
0.981038
0.982332
0.9827319999999999
0.982251
0.980925
0.981165
0.9845010000000001
0.988503
0.991556
0.9936200000000001
0.9947309999999999
0.994923
0.995919
0.9980600000000001
0.9996959999999999
1.000557
1.0006540000000002
0.999977
0.998467
0.998416
1.001458
1.005218
1.007897
1.009368
1.009608
1.008567
1.007895
1.008114
1.0078690000000001
1.007
1.00559
1.003696
1.00124
0.99944
1.000541
1.003021
1.0043469999999999
1.004599
1.003938
1.002364
1.001493
1.001717
1.001536
1.0007540000000001
0.9995290000000001
0.997936
0.9958870000000001
0.994704
0.996658
1.000233
1.0029059999999999
1.004574
1.005252
1.004936
1.005287
1.006707
1.0077
1.008058
1.007841
1.0070290000000002
1.005526
1.0045879999999998
1.006689
1.0104899999999999
1.013376
1.015277
1.016211
1.016081
1.016494
1.017876
1.018791
1.0190540000000001
1.018637
1.017482
1.0154940000000001
1.014432
1.01627
1.019202
1.021234
1.02237
1.022624
1.021941
1.0220559999999999
1.023309
1.023982
1.023801
1.022869
1.021313
1.019092
1.018133
1.020162
1.023021
1.024782
1.025475
1.025284
1.02431
1.022538
1.021942
1.022965
1.023693
1.0237100000000001
1.022894
1.0211569999999999
1.018619
1.019134
1.022598
1.025028
1.0263950000000002
1.026873
1.026476
1.025196
1.0250920000000001
1.0265520000000001
1.0275299999999998
1.0276379999999998
1.0268709999999999
1.02519
1.022486
1.022577
1.025682
1.027899
1.029079
1.029313
1.028592
1.026844
1.025989
1.026465
1.026515
1.025967
1.024864
1.0231540000000001
1.020699
1.021167
1.0246600000000001
1.027125
1.028357
1.0286790000000001
1.028219
1.0268959999999998
1.026646
1.027866
1.028613
1.028583
1.027865
1.026494
1.02433
1.0251569999999999
1.029097
1.032102
1.033987
1.034849
1.034651
1.033347
1.032967
1.033929
1.034308
1.0338450000000001
1.0326030000000002
1.030538
1.027562
1.027618
1.030986
1.033623
1.035292
1.036131
1.03609
1.03498
1.034657
1.035442
1.035423
1.034443
1.032621
1.029947
1.0264959999999999
1.026131
1.028779
1.030471
1.031266
1.0313940000000001
1.030827
1.029408
1.029039
1.0299969999999998
1.030208
1.0293290000000002
1.027469
1.0247629999999999
1.021516
1.021347
1.023946
1.0254889999999999
1.025962
1.0255729999999998
1.024427
1.022493
1.0217100000000001
1.022424
1.022676
1.022183
1.020939
1.018832
1.0162870000000002
1.016724
1.019674
1.021621
1.022548
1.022629
1.021855
1.020073
1.019304
1.02006
1.020445
1.02019
1.019328
1.017808
1.0164790000000001
1.018276
1.0221
1.024699
1.026111
1.026576
1.0261
1.024516
1.023865
1.0245600000000001
1.0245549999999999
1.023622
1.021941
1.019582
1.0177770000000002
1.019292
1.022777
1.025241
1.026614
1.026921
1.026118
1.024169
1.023191
1.023548
1.023169
1.021822
1.0196180000000001
1.016615
1.01429
1.015372
1.01835
1.02034
1.0213370000000002
1.02142
1.020476
1.0183010000000001
1.0169290000000002
1.016853
1.016191
1.014759
1.012613
1.009741
1.007611
1.0087110000000001
1.0114459999999998
1.013226
1.01416
1.014343
1.013691
1.012034
1.0114040000000002
1.012155
1.012159
1.0111059999999998
1.009112
1.0063090000000001
1.004638
1.006292
1.009267
1.011202
1.0121040000000001
1.012078
1.01115
1.0112709999999998
1.012726
1.01355
1.013498
1.012629
1.010909
1.008356
1.0087620000000002
1.012086
1.014308
1.0152780000000001
1.015151
1.014008
1.011855
1.010705
1.01104
1.011025
1.010401
1.009217
1.007447
1.005468
1.006535
1.009934
1.011958
1.012664
1.012414
1.011349
1.009407
1.008589
1.009275
1.0094530000000002
1.008897
1.007807
1.006247
1.0051379999999999
1.007306
1.011565
1.0147110000000001
1.0166709999999999
1.017516
1.017158
1.015482
1.014577
1.014924
1.014599
1.013412
1.011479
1.008779
1.0063469999999999
1.007182
1.010189
1.012246
1.0133590000000001
1.013644
1.012991
1.011152
1.010122
1.010353
1.009926
1.0086389999999998
1.006507
1.003472
1.001208
1.002086
1.004422
1.00591
1.006684
1.006787
1.0060879999999999
1.004415
1.003832
1.0047139999999999
1.0049540000000001
1.004249
1.0026950000000001
1.000361
0.9988969999999999
1.000584
1.003632
1.005555
1.006364
1.006197
1.0051430000000001
1.003205
1.00254
1.00363
1.004419
1.00451
1.003786
1.00207
1.00101
1.002891
1.005981
1.007989
1.008989
1.009092
1.008234
1.0062440000000001
1.005311
1.0059879999999999
1.006206
1.005629
1.004283
1.002149
1.001406
1.003876
1.007149
1.009234
1.0102879999999999
1.0104
1.009419
1.0071729999999999
1.0058719999999999
1.006026
1.005609
1.004466
1.002685
1.000155
0.9990469999999999
1.0011450000000002
1.004002
1.0056180000000001
1.006019
1.0052729999999999
1.003412
1.000483
0.998757
0.9986790000000001
0.998107
0.996706
0.99445
0.991326
0.9899100000000001
0.991935
0.994785
0.996675
0.99766
0.997725
0.996705
0.9964850000000001
0.9973629999999999
0.9974219999999999
0.9965700000000001
0.9949979999999999
0.9927450000000001
0.990399
0.991247
0.9945790000000001
0.9968530000000001
0.9980969999999999
0.998508
0.998093
0.9967969999999999
0.996592
0.9977879999999999
0.9983549999999999
0.9979629999999999
0.996605
0.994259
0.9919620000000001
0.992675
0.995292
0.996727
0.997082
0.996585
0.995353
0.9934270000000001
0.992893
0.994058
0.994791
0.9947360000000001
0.9938610000000001
0.9920549999999999
0.9909
0.9926780000000001
0.9956860000000001
0.997555
0.9983049999999999
0.998028
0.996698
0.9942040000000001
0.9926459999999999
0.9925719999999999
0.992078
0.99092
0.989151
0.9867450000000001
0.9854450000000001
0.987293
0.9902110000000001
0.991813
0.992207
0.9916370000000001
0.990117
0.9874950000000001
0.9859020000000001
0.9857870000000001
0.985043
0.9834459999999999
0.9812069999999999
0.978392
0.97746
0.979972
0.9832930000000001
0.985706
0.987238
0.987874
0.987442
0.987819
0.9893790000000001
0.9901989999999999
0.990035
0.989015
0.987195
0.984875
0.9855719999999999
0.989009
0.991499
0.992974
0.993624
0.993492
0.9924729999999999
0.9923559999999999
0.9934
0.9936860000000001
0.993008
0.991553
0.9893299999999999
0.9866290000000001
0.986806
0.989361
0.990683
0.990892
0.9903780000000001
0.989301
0.987583
0.987129
0.988236
0.988857
0.988612
0.9874719999999999
0.9854350000000001
0.983627
0.9849040000000001
0.988078
0.990145
0.991183
0.991361
0.990664
0.9890030000000001
0.988296
0.988874
0.988821
0.987936
0.986318
0.983917
0.9817100000000001
0.982455
0.9850200000000001
0.98654
0.9871040000000001
0.98682
0.9856290000000001
0.9833649999999999
0.98201
0.982034
0.981598
0.9805280000000001
0.978858
0.9765229999999999
0.9753440000000001
0.977339
0.98044
0.9823959999999999
0.98326
0.983175
0.982194
0.982188
0.9834139999999999
0.983988
0.9837110000000001
0.9826870000000001
0.980986
0.9786290000000001
0.9793219999999999
0.9831540000000001
0.986168
0.988125
0.989125
0.9891139999999999
0.9879389999999999
0.9873
0.9875649999999999
0.9871530000000001
0.985992
0.9842120000000001
0.98182
0.978657
0.978406
0.981187
0.983125
0.9842069999999999
0.984668
0.9845360000000001
0.9836729999999999
0.983822
0.9852120000000001
0.985886
0.9855870000000001
0.984466
0.9825440000000001
0.9802049999999999
0.980772
0.983815
0.9859319999999999
0.987224
0.987951
0.9880950000000001
0.9873879999999999
0.987507
0.9887459999999999
0.9892709999999999
0.9888319999999999
0.987453
0.985081
0.9822350000000001
0.9823850000000001
0.9850549999999999
0.986727
0.9873770000000001
0.9871200000000001
0.985865
0.9835
0.982108
0.982234
0.982029
0.98124
0.979876
0.9778030000000001
0.9760790000000001
0.9772850000000001
0.980088
0.9817379999999999
0.982406
0.9822709999999999
0.9812639999999999
0.9811030000000001
0.982065
0.982366
0.9818290000000001
0.9806540000000001
0.978944
0.976642
0.976607
0.9796959999999999
0.9827799999999999
0.9847940000000001
0.985756
0.985713
0.9847030000000001
0.984425
0.9851549999999999
0.9852569999999999
0.984606
0.9833360000000001
0.981477
0.97896
0.9787319999999999
0.9815969999999999
0.984381
0.9861969999999999
0.9872040000000001
0.9874459999999999
0.9868040000000001
0.986991
0.988366
0.989253
0.989426
0.9888790000000001
0.987569
0.9853729999999999
0.985874
0.989392
0.9922860000000001
0.99441
0.9959
0.996668
0.9964879999999999
0.996991
0.99841
0.9989239999999999
0.9983129999999999
0.996763
0.9944620000000001
0.991402
0.991165
0.994065
0.9962799999999999
0.9973879999999999
0.9974879999999999
0.9966200000000001
0.994721
0.9936459999999999
0.9938229999999999
0.9935069999999999
0.992451
0.990642
0.987986
0.984608
0.9842639999999999
0.986843
0.988474
0.9890950000000001
0.9888889999999999
0.987872
0.985973
0.985102
0.9856790000000001
0.985859
0.9853350000000001
0.984136
0.982226
0.979727
0.9801979999999999
0.983399
0.985582
0.9868
0.987233
0.986828
0.985475
0.985002
0.985792
0.986094
0.985764
0.984933
0.983576
0.981975
0.9835139999999999
0.9877030000000001
0.9908
0.992684
0.9934540000000001
0.9931469999999999
0.9918
0.991405
0.992361
0.992792
0.992417
0.991245
0.9892700000000001
0.9873709999999999
0.988714
0.992447
0.995294
0.9972030000000001
0.9982209999999999
0.998201
0.996926
0.9963270000000001
0.996922
0.996877
0.995916
0.9940969999999999
0.9914620000000001
0.988867
0.989416
0.9922799999999999
0.994251
0.99525
0.9953290000000001
0.994445
0.994308
0.9952040000000001
0.99539
0.994612
0.9929879999999999
0.99066
0.9876209999999999
0.98611
0.9875299999999999
0.989424
0.9902219999999999
0.9900479999999999
0.989137
0.987597
0.987132
0.988032
0.988607
0.988567
0.987884
0.9864620000000001
0.9841139999999999
0.9834959999999999
0.985848
0.988417
0.990017
0.9907729999999999
0.990764
0.9899100000000001
0.989974
0.9913700000000001
0.9924040000000001
0.992823
0.9926649999999999
0.991906
0.9903700000000001
0.9913059999999999
0.9950690000000001
0.998099
1.000014
1.00099
1.0009700000000001
0.999807
0.9993110000000001
0.999872
0.999777
0.998922
0.997474
0.995416
0.9925790000000001
0.992609
0.995704
0.997927
0.9989790000000001
0.9989600000000001
0.9979030000000001
0.9958110000000001
0.9945940000000001
0.9946290000000001
0.9941190000000001
0.992851
0.990873
0.988188
0.9851049999999999
0.9852770000000001
0.988458
0.9908889999999999
0.9924930000000001
0.9933379999999999
0.993303
0.99218
0.9917440000000001
0.992425
0.992575
0.992044
0.990876
0.989032
0.9864569999999999
0.986857
0.990216
0.9926719999999999
0.994242
0.995079
0.9951559999999999
0.9943540000000001
0.994469
0.995819
0.996518
0.9962989999999999
0.995273
0.993425
0.9907799999999999
0.991023
0.994093
0.996195
0.997345
0.9977870000000001
0.99755
0.998245
1.000062
1.0012530000000002
1.001549
1.000968
0.999475
0.996994
0.9955649999999999
0.9970680000000001
0.999475
1.000923
1.00146
1.001157
0.999949
0.999489
1.0001879999999999
1.000534
1.000368
0.999755
0.9986430000000001
0.9967969999999999
0.996116
0.998138
1.000601
1.001843
1.0021200000000001
1.001643
1.0004110000000002
1.000156
1.001207
1.001823
1.001739
1.001041
0.9997379999999999
0.9976799999999999
0.997395
1.000107
1.003091
1.005031
1.005945
1.005866
1.004779
1.004392
1.004972
1.0048110000000001
1.003755
1.001952
0.999495
0.9964040000000001
0.995566
0.9979690000000001
1.000551
1.002185
1.002907
1.002658
1.001262
1.000451
1.0006540000000002
1.0002799999999998
0.999184
0.997426
0.995006
0.991818
0.991189
0.9936780000000001
0.9958879999999999
0.997401
0.998367
0.9987459999999999
0.998358
0.998872
1.000507
1.001384
1.001214
1.0001209999999998
0.998258
0.995618
0.9956
0.9987530000000001
1.0015290000000001
1.003334
1.004251
1.004315
1.0034809999999998
1.003551
1.0049059999999999
1.0058040000000001
1.005975
1.005382
1.0039049999999998
1.001421
1.0015399999999999
1.004705
1.0071700000000001
1.008506
1.008894
1.0083790000000001
1.006909
1.0063950000000002
1.007269
1.007682
1.007285
1.006076
1.004035
1.001055
1.000888
1.003741
1.005739
1.006795
1.007076
1.006509
1.004945
1.004165
1.004498
1.0041790000000002
1.003088
1.001421
0.9992209999999999
0.9963780000000001
0.996657
1.0001229999999999
1.002644
1.003939
1.0040959999999999
1.003179
1.001258
1.000277
1.000644
1.00058
0.999814
0.9983280000000001
0.996072
0.99316
0.993399
0.996676
0.9990290000000001
1.000394
1.000895
1.000457
1.000681
1.00186
1.002402
1.002119
1.0010370000000002
0.999186
0.9965860000000001
0.995276
0.997023
0.999748
1.0016040000000002
1.002572
1.002648
1.001781
1.001641
1.00251
1.0027
1.002009
1.0006190000000001
0.998693
0.996165
0.9953190000000001
0.9974870000000001
1.000094
1.001627
1.002204
1.0020440000000002
1.001241
1.001577
1.0033450000000002
1.004734
1.005392
1.005249
1.0042
1.0020850000000001
1.001774
1.004392
1.007051
1.008764
1.009654
1.009725
1.008801
1.008559
1.009388
1.009642
1.0091350000000001
1.007975
1.006203
1.003695
1.003301
1.005817
1.008117
1.009335
1.009585
1.0088139999999999
1.0068979999999998
1.005685
1.005625
1.0050540000000001
1.003873
1.0022209999999998
1.000041
0.997129
0.996886
0.999724
1.0019850000000001
1.00319
1.0034399999999999
1.00278
1.001215
1.000564
1.001152
1.001209
1.0004950000000001
0.999035
0.996821
0.993851
0.993733
0.9969530000000001
0.9998440000000001
1.001914
1.003185
1.003522
1.0027190000000001
1.002525
1.0033969999999999
1.003741
1.003396
1.002384
1.0006540000000002
0.998059
0.998229
1.001415
1.003818
1.005272
1.005952
1.005862
1.0049139999999999
1.004953
1.006285
1.006966
1.006704
1.0056049999999999
1.003665
1.000909
1.00108
1.004133
1.006197
1.007256
1.007531
1.007059
1.0056889999999998
1.0052159999999999
1.005992
1.006175
1.005494
1.003959
1.001524
0.9983479999999999
0.9982620000000001
1.001147
1.0030430000000001
1.003857
1.003722
1.002601
1.000435
0.999244
0.9995729999999999
0.9996280000000001
0.999122
0.998031
0.996224
0.993761
0.9941530000000001
0.997108
0.9988940000000001
0.9996149999999999
0.9995139999999999
0.9985959999999999
0.9985639999999999
0.999698
1.00024
0.9999459999999999
0.998948
0.997345
0.9951030000000001
0.9942840000000001
0.996525
0.9995629999999999
1.00153
1.002386
1.00221
1.001079
1.00073
1.00142
1.001463
1.000726
0.9993709999999999
0.997476
0.9950120000000001
0.9945350000000001
0.997172
1.0000959999999999
1.001978
1.002923
1.002987
1.002084
1.00195
1.002956
1.003435
1.00318
1.002219
1.000543
0.998033
0.9977739999999999
1.000476
1.002961
1.004652
1.005719
1.006137
1.0057120000000002
1.0060559999999998
1.007363
1.0077770000000001
1.0070430000000001
1.005333
1.002838
0.9995649999999999
0.9987809999999999
1.0011219999999998
1.00315
1.004177
1.004316
1.003635
1.002074
1.001442
1.00211
1.0023030000000002
1.001763
1.0004709999999999
0.998316
0.9951709999999999
0.994901
0.997708
0.9996010000000001
1.000451
1.0004819999999999
0.9997389999999999
0.998152
0.997606
0.99851
0.9990180000000001
0.998807
0.997886
0.9962059999999999
0.9936020000000001
0.9937959999999999
0.9969389999999999
0.9991329999999999
1.000346
1.0007700000000002
1.0003600000000001
0.998991
0.9984709999999999
0.99916
0.9993049999999999
0.99877
0.997711
0.9961180000000001
0.993877
0.9947729999999999
0.9987450000000001
1.0016530000000001
1.0033459999999998
1.003934
1.003465
1.001982
1.0014450000000001
1.002246
1.002541
1.002052
1.000768
0.998653
0.996049
0.9966149999999999
1.000061
1.002635
1.004276
1.005069
1.004895
1.003542
1.0029
1.003459
1.0034049999999999
1.0024440000000001
1.000624
0.997985
0.994974
0.995108
0.9980180000000001
1.0000950000000002
1.0012219999999998
1.001436
1.000677
0.998834
0.9978100000000001
0.99798
0.99746
0.996057
0.9939530000000001
0.991183
0.98826
0.988476
0.9912030000000001
0.9929100000000001
0.993566
0.993409
0.9925299999999999
0.9926649999999999
0.994085
0.995017
0.995143
0.9944299999999999
0.992828
0.990267
0.989238
0.991216
0.993698
0.99523
0.9958870000000001
0.9957219999999999
0.994654
0.994382
0.995281
0.995719
0.9955040000000001
0.994735
0.993432
0.9914379999999999
0.991549
0.9945280000000001
0.997245
0.998865
0.999568
0.9993860000000001
0.998259
0.9980319999999999
0.999081
0.9996450000000001
0.99956
0.9989319999999999
0.997698
0.995654
0.996296
0.999893
1.002649
1.004212
1.00472
1.004229
1.002734
1.002035
1.0024440000000001
1.0021950000000002
1.001082
0.999179
0.996532
0.9931610000000001
0.9928319999999999
0.995815
0.9982139999999999
0.999704
1.000332
0.9999680000000001
0.9983920000000001
0.9973860000000001
0.9974040000000001
0.9968299999999999
0.9955459999999999
0.993634
0.991087
0.987984
0.987943
0.990809
0.992813
0.993985
0.9944870000000001
0.994295
0.9932770000000001
0.993225
0.994423
0.9949610000000001
0.9945959999999999
0.9934700000000001
0.991576
0.988978
1.019313
1.092854
1.172679
1.246581
1.31598
1.380824
1.441235
1.497221
1.548676
1.595607
1.637921
1.6753330000000002
1.7076209999999998
1.73495
1.7449849999999998
1.722546
1.682368
1.644973
1.613449
1.587435
1.566438
1.554551
1.553554
1.557774
1.563878
1.571785
1.58158
1.593084
1.6113520000000001
1.6473790000000001
1.707284
1.779223
1.8458689999999998
1.901647
1.9467400000000001
1.982377
2.009803
2.0301720000000003
2.044347
2.052855
2.059063
2.0632490000000003
2.0604459999999998
2.044635
2.011621
1.9667599999999998
1.9217990000000003
1.885502
1.860395
1.845392
1.8417299999999999
1.8481029999999998
1.8598430000000001
1.8754540000000002
1.8944299999999998
1.916448
1.941966
1.973914
2.019979
2.0806299999999998
2.143608
2.197229
2.235861
2.258929
2.268642
2.268067
2.260063
2.246782
2.234172
2.223735
2.211001
2.193848
2.1694880000000003
2.136858
2.099918
2.067368
2.050993
2.052054
2.063628
2.082425
2.105166
2.12894
2.151687
2.172261
2.19023
2.210501
2.23539
2.2620169999999997
2.28856
2.310136
2.320562
2.3159799999999997
2.296259
2.264031
2.227086
2.190382
2.15257
2.114218
2.07674
2.04073
2.005754
1.9707400000000002
1.93554
1.906741
1.889356
1.8830790000000002
1.888643
1.9045459999999999
1.9274740000000001
1.953731
1.9800919999999997
2.007381
2.034598
2.057092
2.0737259999999997
2.085295
2.092507
2.094698
2.089474
2.073861
2.049505
2.017659
1.977957
1.9338810000000002
1.8891580000000001
1.8466220000000002
1.8081610000000001
1.7747119999999998
1.747564
1.729311
1.71707
1.706352
1.698073
1.6944419999999998
1.7019540000000002
1.721377
1.745859
1.771121
1.79348
1.809975
1.818662
1.821751
1.820602
1.8127259999999998
1.797987
1.777622
1.7518029999999998
1.719587
1.679903
1.632795
1.580021
1.524753
1.4748780000000001
1.43432
1.401102
1.375616
1.357908
1.34848
1.349084
1.35585
1.363466
1.3719940000000002
1.382419
1.395224
1.409577
1.427799
1.4470889999999998
1.459359
1.461729
1.453351
1.4344709999999998
1.409173
1.381212
1.3499139999999998
1.315328
1.278412
1.239108
1.197023
1.152423
1.106831
1.066975
1.036257
1.012644
0.996653
0.991708
0.9986450000000001
1.011749
1.026256
1.039927
1.051368
1.060162
1.066551
1.0706930000000001
1.071963
1.07384
1.0748030000000002
1.067663
1.050558
1.029296
1.005239
0.974133
0.937875
0.8993190000000001
0.860893
0.824102
0.789446
0.756817
0.726174
0.702896
0.6887979999999999
0.6814939999999999
0.685528
0.699096
0.716054
0.734632
0.752833
0.768492
0.779786
0.785516
0.7852140000000001
0.778965
0.766996
0.749261
0.7306630000000001
0.71106
0.686952
0.661931
0.634104
0.600434
0.5630470000000001
0.524668
0.487857
0.454575
0.425792
0.401433
0.386548
0.383968
0.390812
0.402816
0.416231
0.43122
0.447455
0.46388599999999997
0.478891
0.490453
0.496468
0.495234
0.485883
0.46851800000000005
0.44943900000000003
0.43206400000000006
0.417426
0.403643
0.384949
0.361342
0.333422
0.302194
0.269266
0.236659
0.206357
0.179891
0.165177
0.169371
0.183927
0.19947
0.214792
0.229467
0.24319699999999997
0.25582699999999997
0.267151
0.27660100000000004
0.283119
0.28531
0.281735
0.27119299999999996
0.259338
0.253946
0.25026
0.24111999999999997
0.22655100000000003
0.20797800000000002
0.186408
0.162619
0.137456
0.111873
0.086864
0.063414
0.052339
0.059316999999999995
0.07387300000000001
0.089804
0.106503
0.123124
0.138417
0.151363
0.161395
0.168241
0.171693
0.17144500000000001
0.166996
0.165627
0.174058
0.183309
0.184974
0.179221
0.16696
0.149347
0.127969
0.104555
0.080526
0.056788
0.033821
0.011922
0.0054789999999999995
0.017283
0.031728
0.045866000000000004
0.061035
0.077048
0.093204
0.108669
0.122392
0.133169
0.139906
0.141871
0.138743
0.138987
0.149567
0.161673
0.167704
0.16739500000000002
0.161005
0.149151
0.132875
0.113449
0.092227
0.070513
0.049404
0.029658999999999998
0.0232
0.034241
0.050186
0.065827
0.081188
0.096363
0.111392
0.126114
0.139992
0.152197
0.161733
0.167548
0.168692
0.164502
0.163063
0.172323
0.18395899999999998
0.189662
0.189559
0.184513
0.175146
0.162092
0.146299
0.128948
0.11118399999999999
0.093989
0.078168
0.074047
0.08716900000000001
0.10669400000000001
0.125763
0.143951
0.16112100000000001
0.17689100000000002
0.190909
0.202955
0.21275700000000003
0.219804
0.22339
0.222779
0.21733200000000003
0.21358400000000002
0.22027800000000003
0.23058499999999998
0.235415
0.23496599999999998
0.230202
0.221946
0.211022
0.19828800000000002
0.184538
0.170451
0.15665
0.143723
0.140456
0.153859
0.17488399999999998
0.195472
0.215131
0.233658
0.25056799999999996
0.265336
0.277518
0.286729
0.292597
0.29473699999999997
0.292765
0.286328
0.275294
0.266393
0.267753
0.273812
0.276325
0.274638
0.269893
0.263054
0.254963
0.246412
0.237979
0.229929
0.222313
0.21514699999999998
0.21493400000000001
0.229632
0.251796
0.272108
0.290478
0.307147
0.32177
0.333821
0.342834
0.348378
0.350037
0.347483
0.340537
0.32916799999999996
0.313593
0.300872
0.29891999999999996
0.303233
0.306155
0.30596999999999996
0.303551
0.299798
0.29549899999999996
0.29135300000000003
0.287794
0.284854
0.28223400000000004
0.279518
0.282605
0.29789499999999997
0.319253
0.338588
0.354595
0.367832
0.378419
0.38613200000000003
0.39066599999999996
0.39169699999999996
0.388888
0.38198499999999996
0.370931
0.355891
0.337326
0.322472
0.319036
0.323289
0.32809499999999997
0.33097
0.33228
0.332502
0.332129
0.331669
0.331438
0.331384
0.331123
0.330123
0.32779899999999995
0.329857
0.34183
0.358919
0.374302
0.385761
0.393809
0.39865500000000004
0.40020300000000003
0.398331
0.392951
0.383996
0.37148600000000004
0.355641
0.336931
0.322299
0.319131
0.324206
0.33100999999999997
0.336979
0.34208299999999997
0.346236
0.349378
0.351601
0.353004
0.353514
0.35285900000000003
0.35067600000000004
0.346592
0.346629
0.356354
0.371402
0.384988
0.39418600000000004
0.39941
0.401071
0.399385
0.394521
0.38662399999999997
0.375788
0.362135
0.345939
0.327677
0.314284
0.313205
0.320659
0.329802
0.33843
0.346533
0.353786
0.359752
0.364163
0.366875
0.367705
0.36640100000000003
0.362712
0.356441
0.353844
0.360658
0.37288899999999997
0.383937
0.39063400000000004
0.39328
0.392325
0.38818
0.381269
0.371938
0.360388
0.34675300000000003
0.331258
0.314289
0.302744
0.304176
0.31411999999999995
0.325169
0.33539800000000003
0.34489000000000003
0.353337
0.360212
0.365079
0.367639
0.367652
0.36490700000000004
0.359267
0.350684
0.345604
0.350173
0.360308
0.369224
0.373981
0.374868
0.372319
0.366833
0.359028
0.349472
0.338514
0.326313
0.312986
0.29871
0.290159
0.294867
0.3077
0.32068
0.33205500000000004
0.34195
0.35018299999999997
0.356371
0.360169
0.361302
0.359531
0.35467600000000005
0.34667600000000004
0.335591
0.32160900000000003
0.311551
0.312609
0.319755
0.325155
0.326732
0.32503200000000004
0.32063400000000003
0.314148
0.306264
0.297543
0.28824099999999997
0.27834899999999996
0.26776
0.26271100000000003
0.27056399999999997
0.285199
0.29823299999999997
0.308798
0.317293
0.323678
0.3277
0.329098
0.327613
0.323002
0.31513
0.30404699999999996
0.289976
0.27966599999999997
0.28109
0.28933600000000004
0.296331
0.300282
0.301237
0.29934499999999997
0.29495
0.288639
0.281059
0.27269499999999997
0.263793
0.254407
0.244461
0.24027800000000002
0.249861
0.26626700000000003
0.279964
0.290283
0.297743
0.30258
0.304827
0.304477
0.301467
0.295634
0.2868
0.274918
0.26012399999999997
0.249088
0.250281
0.258141
0.26421500000000003
0.26778
0.26918400000000003
0.268507
0.265868
0.26158200000000004
0.256025
0.249441
0.24190599999999998
0.23338699999999998
0.23019699999999998
0.240448
0.257184
0.270986
0.281359
0.28857
0.292763
0.294151
0.292984
0.28938400000000003
0.28327600000000003
0.274488
0.262917
0.24861
0.23828200000000002
0.24084299999999997
0.250381
0.257959
0.263125
0.266382
0.267965
0.267958
0.266467
0.26361100000000004
0.25945
0.253973
0.24715
0.23892600000000003
0.23567800000000003
0.245579
0.261763
0.27471999999999996
0.28384499999999996
0.289579
0.292174
0.29188000000000003
0.289058
0.284017
0.276843
0.267425
0.255616
0.24135500000000001
0.231165
0.23385799999999998
0.243364
0.250771
0.25593899999999997
0.25945999999999997
0.26156399999999996
0.262327
0.261802
0.259954
0.256617
0.25156999999999996
0.24465100000000004
0.235783
0.22498800000000002
0.21246700000000002
0.198474
0.18304600000000001
0.166069
0.147536
0.127582
0.106419
0.084287
0.061434
0.038056
0.014251
-0.0064540000000000005
-0.018837
-0.022646
-0.020943
-0.016640000000000002
-0.011845999999999999
-0.007696
-0.004625
-0.002718
-0.0018789999999999998
-0.001905
-0.0025440000000000003
-0.003532
-0.004628
-0.005572
-0.006022
-0.0056159999999999995
-0.0041990000000000005
-0.001925
0.000784
0.00336
0.0053
0.006364
0.006622
0.0076359999999999996
0.009365
0.009845999999999999
0.008997
0.007575
0.006187
0.004942
0.0035770000000000003
0.001913
-1.9e-05
-0.0019879999999999997
-0.003677
-0.004843
-0.005427
-0.005423
-0.0051270000000000005
-0.004857
-0.0047079999999999995
-0.004790999999999999
-0.00503
-0.0051719999999999995
-0.004901
-0.004006
-0.002496
-0.000598
0.001338
0.002978
0.004125
0.004758
0.0049770000000000005
0.004943
0.00484
0.004824
0.004939
0.005067
0.00498
0.004457
0.003409
0.001925
0.000239
-0.001367
-0.0026739999999999997
-0.003588
-0.004129
-0.004396
-0.004515
-0.004614
-0.004764
-0.004935
-0.004985
-0.004732
-0.0040479999999999995
-0.002934
-0.001526
-4e-05
0.001315
0.002703
0.0039049999999999996
0.004404
0.004457
0.004438
0.0044659999999999995
0.004567
0.004667
0.0046159999999999994
0.004265
0.003542
0.0024879999999999998
0.001239
-2.8999999999999997e-05
-0.0005480000000000001
-0.00066
-0.001387
-0.002359
-0.003192
-0.0038740000000000003
-0.004405
-0.004767
-0.004903
-0.004734
-0.00421
-0.0033520000000000004
-0.0022559999999999998
-0.001065
8.7e-05
0.001109
0.0019440000000000002
0.002572
0.003035
0.003407
0.003744
0.004051
0.00428
0.004343
0.004152
0.003662
0.0029010000000000004
0.0019579999999999997
0.0009460000000000001
-3.7e-05
-0.000921
-0.0016640000000000001
-0.002263
-0.0027559999999999998
-0.0031829999999999996
-0.003564
-0.0038799999999999998
-0.004076
-0.004079999999999999
-0.0038350000000000003
-0.003333
-0.00262
-0.0017760000000000002
-0.0008849999999999999
-2e-05
0.000768
0.0014550000000000001
0.0020440000000000002
0.0025570000000000002
0.003014
0.003411
0.0037159999999999997
0.0038770000000000002
0.0038380000000000003
0.003564
0.0030670000000000003
0.002397
0.001625
0.0008179999999999999
3.3e-05
-0.0006889999999999999
-0.001333
-0.0019039999999999999
-0.002415
-0.002869
-0.00325
-0.003522
-0.003635
-0.003549
-0.0032530000000000002
-0.002775
-0.002164
-0.001478
-0.000769
-7.7e-05
0.000573
0.0011769999999999999
0.0017350000000000002
0.0022489999999999997
0.002707
0.0030800000000000003
0.003327
0.003406
0.003295
0.003001
0.00256
0.002013
0.001402
0.000766
0.000131
-0.000487
-0.00108
-0.001641
-0.002156
-0.002602
-0.0029460000000000003
-0.003149
-0.003187
-0.003052
-0.002763
-0.002353
-0.001853
-0.001296
-0.000711
-0.000121
0.000459
0.0010199999999999999
0.001549
0.00203
0.002437
0.002741
0.002914
0.002936
0.00281
0.0025510000000000003
0.002184
0.001736
0.001233
0.000701
0.000157
-0.000389
-0.000927
-0.001441
-0.0019089999999999999
-0.002303
-0.002591
-0.002747
-0.002759
-0.002633
-0.002386
-0.002042
-0.0016239999999999998
-0.001159
-0.000665
-0.000151
0.00037400000000000004
0.000895
0.001389
0.001829
0.002187
0.002435
0.002555
0.0025440000000000003
0.002415
0.0021850000000000003
0.0018739999999999998
0.0015019999999999999
0.001084
0.0006309999999999999
0.000151
-0.000344
-0.000834
-0.001294
-0.0013
-0.001153
-0.001451
-0.00186
-0.002128
-0.002224
-0.002148
-0.001924
-0.001585
-0.001164
-0.0006900000000000001
-0.00018700000000000002
0.000319
0.0008060000000000001
0.001255
0.0016589999999999999
0.001987
0.002196
0.00227
0.002223
0.0020800000000000003
0.0018629999999999999
0.001588
0.0012699999999999999
0.000915
0.000526
0.00011200000000000001
-0.00031600000000000004
-0.000742
-0.001153
-0.001526
-0.0018210000000000001
-0.0020039999999999997
-0.002068
-0.002031
-0.001912
-0.0017280000000000002
-0.001492
-0.001212
-0.0008900000000000001
-0.000528
-0.000135
0.000276
0.0006900000000000001
0.0010869999999999999
0.001436
0.001702
0.001865
0.001927
0.0019030000000000002
0.001808
0.001648
0.0014320000000000001
0.0011619999999999998
0.0008439999999999999
0.000484
0.000319
9.7e-05
-0.00040599999999999995
-0.0008900000000000001
-0.0012980000000000001
-0.001594
-0.001771
-0.0018390000000000001
-0.001816
-0.001715
-0.001549
-0.0013310000000000002
-0.001068
-0.0007650000000000001
-0.000429
-6.6e-05
0.000305
0.00066
0.000978
0.00124
0.001437
0.0015660000000000001
0.001629
0.001625
0.001557
0.0014320000000000001
0.001254
0.001027
0.000752
0.000434
8.6e-05
-0.000273
-0.000618
-0.000926
-0.00118
-0.00137
-0.001491
-0.001545
-0.001534
-0.001464
-0.00134
-0.001168
-0.000947
-0.000678
-0.00037
-4.1e-05
0.000288
0.000597
0.000866
0.001085
0.0012490000000000001
0.0013570000000000001
0.001411
0.00141
0.0013570000000000001
0.001468
0.001501
0.0012029999999999999
0.000824
0.00043099999999999996
5.5e-05
-0.00028900000000000003
-0.00059
-0.000842
-0.001044
-0.0011970000000000001
-0.001301
-0.001351
-0.001349
-0.0012900000000000001
-0.001172
-0.001003
-0.000798
-0.0005690000000000001
-0.00032
-5.6000000000000006e-05
0.000218
0.00048600000000000005
0.000732
0.000941
0.001105
0.001214
0.001263
0.001255
0.00119
0.001073
0.000917
0.000732
0.000526
0.000298
5.3e-05
-0.0002
-0.000446
-0.000669
-0.000857
-0.001005
-0.001108
-0.001161
-0.001165
-0.001118
-0.001024
-0.000889
-0.000719
-0.0005200000000000001
-0.000295
-5.3e-05
0.000193
0.000426
0.0006349999999999999
0.000813
0.000956
0.001057
0.001111
0.001111
0.00106
0.0009609999999999999
0.0008210000000000001
0.0006490000000000001
0.000453
0.00023999999999999998
1.8e-05
-0.00020099999999999998
-0.00040599999999999995
-0.00059
-0.000749
-0.000877
-0.000965
-0.001008
-0.001007
-0.000964
-0.0008810000000000001
-0.0007650000000000001
-0.0006190000000000001
-0.00044699999999999997
-0.00025299999999999997
-4.5e-05
0.000164
0.000364
0.000546
0.0007030000000000001
0.000824
0.000906
0.0009480000000000001
0.000953
0.000921
0.000851
0.000743
0.0006
0.000426
0.00022799999999999999
1.9e-05
-0.00018600000000000002
-0.000376
-0.000542
-0.000678
-0.000779
-0.0008449999999999999
-0.000878
-0.0008789999999999999
-0.0008460000000000001
-0.000775
-0.000669
-0.000533
-0.000373
-0.000196
-1.4999999999999999e-05
0.000161
0.00032599999999999996
0.00047400000000000003
0.000601
0.000701
0.0007740000000000001
0.000817
0.0008269999999999999
0.0008
0.000737
0.000644
0.000522
0.000375
0.00020800000000000001
3.2e-05
-0.000144
-0.00031299999999999996
-0.000465
-0.000591
-0.000687
-0.0007509999999999999
-0.000782
-0.00078
-0.000746
-0.000683
-0.000593
-0.00047599999999999997
-0.000332
-0.000171
-3e-06
0.000161
0.000312
0.00044100000000000004
0.000544
0.00062
0.000672
0.000699
0.000701
0.000678
0.00063
0.000554
0.000449
0.000319
0.000172
2.2e-05
-0.000124
-0.000262
-0.000386
-0.000491
-0.0005769999999999999
-0.000641
0.000417
0.002176
0.002653
0.001884
0.000826
1.7e-05
-0.00046399999999999995
-0.0006389999999999999
-0.0005809999999999999
-0.000375
-0.00010400000000000001
0.000166
0.000393
0.0018260000000000001
0.004055
0.00489
0.004164999999999999
0.002792
0.0014810000000000001
0.00043799999999999997
-0.000266
-0.0006450000000000001
-0.000767
-0.000728
-0.000615
-0.000493
-0.000399
-0.000331
-0.000258
-0.000202
-0.000242
-0.000398
-0.000589
-0.000709
-0.000711
-0.000605
-0.00042800000000000005
-0.00021899999999999998
-1.1e-05
0.000173
0.000319
0.00041500000000000006
0.00044500000000000003
0.00042199999999999996
0.00040199999999999996
0.00044500000000000003
0.000543
0.0006320000000000001
0.0006519999999999999
0.000586
0.00045599999999999997
0.000293
0.001825
0.0045520000000000005
0.005525
0.004484
0.002571
0.0008119999999999999
-0.000411
-0.001121
-0.0014349999999999999
-0.001469
-0.001312
-0.001041
-0.00073
-0.00043799999999999997
0.001284
0.0040219999999999995
0.005235
0.004607
0.0030489999999999996
0.001433
0.000169
-0.000605
-0.0008820000000000001
-0.000768
-0.00043099999999999996
-4.4e-05
0.000273
0.001139
0.002221
0.00227
0.001577
0.000795
9.499999999999999e-05
-0.00040899999999999997
-0.000674
-0.000741
-0.000696
-0.0006190000000000001
-0.000552
-0.000496
-0.000439
-0.00036
-0.000248
-0.000131
-5.4000000000000005e-05
-1.1e-05
3.1e-05
8.3e-05
0.000127
0.00015800000000000002
0.000188
0.00023799999999999998
0.000312
0.00198
0.004732
0.0057799999999999995
0.00486
0.003042
0.001317
9.2e-05
-0.0006219999999999999
-0.0009279999999999999
-0.0009519999999999999
-0.0008119999999999999
-0.000612
-0.00043200000000000004
0.0015970000000000001
0.004946
0.0063950000000000005
0.005639
0.003693
0.001604
-2.1e-05
-0.0010710000000000001
-0.001556
-0.001572
-0.001273
-0.000826
-0.000367
0.0019210000000000002
0.005511
0.007205
0.006626999999999999
0.004644
0.0023190000000000003
0.000443
-0.0007700000000000001
-0.0013109999999999999
-0.0013310000000000002
-0.001046
-0.000653
-0.00028700000000000004
-1.8e-05
0.000157
0.000292
0.000364
0.000278
3.1e-05
-0.00025299999999999997
-0.000453
-0.000539
-0.000539
-0.000488
-0.00040199999999999996
-0.000288
0.002082
0.0061070000000000004
0.007940000000000001
0.007111
0.004712
0.002112
0.000272
-0.000724
-0.0010630000000000001
-0.00099
-0.000705
-0.00035099999999999997
-3.1e-05
0.0026449999999999998
0.007084999999999999
0.009229000000000001
0.008606
0.006281
0.003389
0.000877
-0.0009109999999999999
-0.00196
-0.0023469999999999997
-0.0022170000000000002
-0.0017690000000000002
-0.001207
0.0018809999999999999
0.00683
0.009363
0.008914
0.006523999999999999
0.0033710000000000003
0.000591
-0.001259
-0.002114
-0.002134
-0.0016179999999999999
-0.0008900000000000001
-0.00020299999999999997
0.00265
0.007102
0.009287
0.008707
0.006332
0.0033369999999999997
0.000805
-0.000839
-0.001632
-0.001794
-0.001593
-0.001245
-0.000877
0.0027760000000000003
0.008978
0.01222
0.01171
0.008790000000000001
0.00477
0.001103
-0.00134
-0.002589
-0.002886
-0.002532
-0.001812
-0.0009720000000000001
0.003261
0.010081999999999999
0.013781999999999999
0.013541999999999998
0.010709999999999999
0.006527
0.002426
-0.000549
-0.002245
-0.002832
-0.002616
-0.00195
-0.00116
-0.000478
0.0037259999999999997
0.010758
0.014468
0.013817
0.010327
0.005529
0.001112
-0.00182
-0.0032409999999999995
-0.0034649999999999998
-0.002931
-0.0020570000000000002
-0.001144
0.003575
0.011248000000000001
0.015394999999999999
0.015094999999999999
0.011978
0.007495999999999999
0.0030600000000000002
-0.000254
-0.002186
-0.002659
-0.0017059999999999998
-4.1e-05
0.0013650000000000001
0.006587000000000001
0.014756
0.018604
0.017244
0.012691
0.006714
0.001036
-0.003141
-0.005638000000000001
-0.006575
-0.006097999999999999
-0.004561
-0.0024809999999999997
0.004296
0.014791
0.021296000000000002
0.022272
0.019456
0.014516
0.008604
0.002885
-0.0017050000000000001
-0.004848
-0.006437000000000001
-0.006599
-0.005707
0.000919
0.011715999999999999
0.017747
0.017747
0.014315999999999999
0.009871
0.005804
0.002834
0.001117
0.000327
0.000196
0.000462
0.0008039999999999999
0.006972
0.017527
0.022405
0.020397
0.014487
0.007264
0.0008289999999999999
-0.003307
-0.004894
-0.004676
-0.003469
-0.001703
0.00041600000000000003
0.008664
0.021437
0.028298
0.027538
0.021794
0.013646
0.005147
-0.001757
-0.0061530000000000005
-0.00835
-0.008596
-0.007055
-0.004083
0.005802000000000001
0.020425
0.028769
0.029035000000000002
0.02395
0.016245
0.008109
0.001282
-0.003378
-0.005983
-0.006770999999999999
-0.0060479999999999996
-0.004342
0.005033
0.020181
0.028876
0.029372000000000002
0.024712
0.017529
0.009857
0.00321
-0.001594
-0.004541
-0.0058969999999999995
-0.005911
-0.004912
0.004302
0.019897
0.028983999999999996
0.029327
0.024076
0.01646
0.008975
0.00298
-0.001199
-0.0037359999999999997
-0.004688
-0.004177
-0.00271
0.006972
0.022823
0.031415
0.030664
0.024161000000000002
0.015103
0.0059229999999999994
-0.001268
-0.005553
-0.007136
-0.006342
-0.0038759999999999997
-0.0007610000000000001
0.002139
0.012532
0.028494
0.036302
0.034337
0.026699
0.016559
0.006234
-0.0021260000000000003
-0.007365999999999999
-0.009545
-0.009184000000000001
-0.0070420000000000005
-0.003855
0.008073
0.026487
0.037074
0.037644
0.03228
0.02424
0.01485
0.0052450000000000005
-0.00268
-0.007809
-0.010054
-0.009645
-0.0073349999999999995
0.004385
0.022991
0.034011
0.03536
0.031009
0.024033000000000002
0.015719
0.007125
-5.5e-05
-0.004797999999999999
-0.007109000000000001
-0.007248
-0.005811
0.005404
0.024026
0.034741
0.035551
0.031034
0.024125
0.015796
0.007227
0.000364
-0.003855
-0.005589
-0.005195
-0.0034659999999999995
0.007970999999999999
0.026739999999999996
0.037534
0.039528
0.037418
0.032923
0.026368
0.017741
0.007298999999999999
-0.002076
-0.007451
-0.008662000000000001
-0.006723999999999999
0.006064
0.026747000000000003
0.040080000000000005
0.045286
0.046599
0.045337999999999996
0.041614
0.035343
0.02634
0.014588
0.002186
-0.006789
-0.010621
-0.0009310000000000001
0.01923
0.033319999999999995
0.039529
0.042204000000000005
0.042942
0.04191
0.038833
0.033201999999999995
0.024684
0.013374
0.001586
-0.006784
-0.000795
0.016509
0.028572000000000004
0.033612
0.035518
0.036039999999999996
0.035466000000000004
0.033434
0.029494
0.0234
0.015115
0.005518
-0.00236
-0.006601999999999999
0.001655
0.019523
0.031335
0.036064
0.037441
0.036663999999999995
0.033674
0.028379
0.021152
0.012477
0.0040100000000000005
-0.0015949999999999998
-0.003711
0.006278
0.025399
0.03923
0.047312
0.051955999999999995
0.053825
0.053125
0.049716
0.043282
0.033858
0.022215000000000002
0.009497
-0.0007740000000000001
0.004093
0.021425
0.035831
0.045876
0.053521000000000006
0.05915599999999999
0.062548
0.063078
0.060053999999999996
0.053275
0.043175
0.030438
0.01569
0.012005
0.023119999999999998
0.035166
0.043807
0.050076999999999997
0.054886000000000004
0.058528
0.06049500000000001
0.059944000000000004
0.056458
0.050216000000000004
0.041559
0.030695
0.028656
0.039785
0.051887
0.059399
0.06301
0.06414
0.063966
0.062794
0.06015
0.055634
0.04931
0.041494
0.032526
0.022514
0.022725
0.036476999999999996
0.050447000000000006
0.059555
0.064664
0.066708
0.065991
0.06252100000000001
0.05651900000000001
0.048361
0.038481
0.027526
0.016165000000000002
0.016802
0.032608
0.049467000000000004
0.06251
0.072492
0.080066
0.08532200000000001
0.08772
0.086293
0.080404
0.070345
0.057263999999999995
0.042513
0.037592
0.047291
0.059864
0.069611
0.07699
0.082878
0.087744
0.091373
0.092895
0.091426
0.08664
0.078701
0.067912
0.054436
0.048769
0.055951
0.064919
0.070255
0.07299
0.074462
0.07511799999999999
0.074533
0.072189
0.068022
0.06230599999999999
0.055342999999999996
0.047255
0.048211000000000004
0.06232000000000001
0.07748300000000001
0.087521
0.09308999999999999
0.09573999999999999
0.096467
0.095317
0.09185399999999999
0.08592000000000001
0.07795
0.068715
0.05890599999999999
0.058939
0.073507
0.09100499999999999
0.10499700000000001
0.115603
0.123448
0.128727
0.13108
0.129932
0.125146
0.117166
0.10676600000000001
0.09488400000000001
0.08226499999999999
0.078965
0.090215
0.104978
0.11673599999999999
0.126066
0.13383299999999998
0.140019
0.143837
0.144429
0.141447
0.135053
0.125824
0.11458099999999999
0.110724
0.120307
0.133435
0.143093
0.14995999999999998
0.15526099999999998
0.159648
0.163004
0.164575
0.163605
0.159903
0.153771
0.145546
0.135251
0.131161
0.139921
0.152666
0.162129
0.168824
0.173766
0.177232
0.178763
0.17786400000000002
0.174611
0.169552
0.163277
0.156082
0.155678
0.168449
0.185137
0.19742200000000001
0.20573899999999998
0.211577
0.21590900000000002
0.21880300000000003
0.219795
0.218534
0.21509699999999998
0.209878
0.203287
0.19545099999999999
0.193131
0.20373
0.219464
0.231739
0.24091100000000001
0.247693
0.25192600000000004
0.252994
0.250707
0.24559299999999998
0.238474
0.23013899999999998
0.221137
0.21153000000000002
0.207657
0.217252
0.23292100000000002
0.245704
0.255816
0.263841
0.269538
0.272171
0.27124499999999996
0.267085
0.26071500000000003
0.25304
0.244218
0.23387600000000003
0.22806300000000002
0.23525500000000002
0.249379
0.261819
0.272679
0.282408
0.290571
0.296271
0.298849
0.298242
0.294703
0.28833600000000004
0.278957
0.266415
0.257345
0.260352
0.27060100000000004
0.280303
0.288716
0.29599200000000003
0.301754
0.30551100000000003
0.307101
0.306762
0.30477600000000005
0.301063
0.295135
0.28633800000000004
0.280508
0.284823
0.29430700000000004
0.30176
0.306504
0.309319
0.31049699999999997
0.310161
0.308581
0.306116
0.30288699999999996
0.298589
0.29268
0.284699
0.280729
0.287973
0.301186
0.312429
0.320029
0.324176
0.32509
0.32300700000000004
0.318304
0.31159499999999996
0.30352399999999996
0.294462
0.284519
0.273744
0.268516
0.27634699999999995
0.291518
0.305496
0.31664499999999995
0.324888
0.32991
0.33129200000000003
0.328978
0.32347600000000004
0.31543899999999997
0.305255
0.293133
0.27934200000000003
0.270568
0.274755
0.286666
0.29820599999999997
0.308165
0.316771
0.323785
0.32859499999999997
0.330571
0.329287
0.324491
0.316152
0.304613
0.29043800000000003
0.280485
0.282594
0.29181799999999997
0.300379
0.30702399999999996
0.312211
0.31600300000000003
0.318128
0.318334
0.316571
0.312844
0.30701
0.298773
0.294012
0.299335
0.309958
0.318797
0.32451599999999997
0.327904
0.329519
0.329583
0.32804099999999997
0.324746
0.319685
0.312992
0.30480300000000005
0.295163
0.290236
0.296757
0.309312
0.320008
0.327246
0.33166999999999996
0.33359099999999997
0.332836
0.329266
0.323171
0.31511500000000003
0.305627
0.295087
0.283695
0.277677
0.284012
0.297053
0.308687
0.31746399999999997
0.323644
0.327031
0.327235
0.324263
0.318602
0.310834
0.30136199999999996
0.290369
0.277859
0.270034
0.274356
0.285547
0.295742
0.30390300000000003
0.31041199999999997
0.31504099999999996
0.317103
0.315979
0.31150100000000003
0.303975
0.293996
0.282087
0.26850999999999997
0.259755
0.263821
0.275108
0.285265
0.2934
0.299809
0.30428
0.306342
0.305717
0.30251100000000003
0.296973
0.289179
0.278966
0.266192
0.257383
0.260809
0.270993
0.27971
0.286364
0.291478
0.295001
0.296556
0.295902
0.293108
0.28834299999999996
0.281591
0.27263899999999996
0.261211
0.253471
0.257309
0.266962
0.274287
0.279009
0.281803
0.28275900000000004
0.281721
0.278694
0.273969
0.267895
0.260592
0.25190799999999997
0.247815
0.255778
0.26954
0.280411
0.287598
0.291496
0.292344
0.290478
0.28625100000000003
0.279903
0.271781
0.262346
0.25192600000000004
0.24059299999999997
0.234515
0.241653
0.25551999999999997
0.267099
0.275909
0.282206
0.28565
0.285584
0.281582
0.273904
0.263427
0.25107399999999996
0.23740100000000003
0.22271300000000002
0.21359499999999998
0.2185
0.230629
0.24080300000000002
0.24900100000000003
0.25561500000000004
0.26038
0.26266
0.26195100000000004
0.258158
0.251396
0.241681
0.22901799999999997
0.21365599999999998
0.202654
0.204698
0.21329499999999998
0.21996100000000002
0.225059
0.22922800000000002
0.23239899999999997
0.234067
0.23377199999999998
0.231411
0.227057
0.220627
0.21179699999999999
0.206734
0.213461
0.22533000000000003
0.23392399999999997
0.239616
0.24311999999999998
0.244772
0.244727
0.242968
0.239468
0.23443200000000003
0.22818200000000002
0.220865
0.21233400000000002
0.208914
0.21834699999999999
0.2331
0.243946
0.250998
0.255166
0.256831
0.255849
0.252172
0.24624400000000002
0.238664
0.229794
0.219773
0.20863600000000002
0.20305499999999999
0.211006
0.225201
0.236666
0.24535900000000002
0.25158800000000003
0.25499
0.25502199999999997
0.25168
0.245571
0.23736
0.22745900000000002
0.216042
0.20934699999999998
0.215484
0.227854
0.23767399999999997
0.24512899999999999
0.250873
0.25503600000000004
0.257336
0.257214
0.25413600000000003
0.247944
0.23894
0.22772199999999998
0.214758
0.20651799999999998
0.21113200000000001
0.22197199999999997
0.230397
0.236677
0.24143
0.244561
0.24555100000000002
0.244031
0.24009299999999997
0.234055
0.226104
0.216216
0.204362
0.197372
0.203442
0.21555300000000002
0.225018
0.232123
0.237637
0.24156799999999998
0.24343299999999998
0.24290100000000003
0.24011100000000002
0.23538800000000001
0.228848
0.22029
0.209339
0.202348
0.20743899999999998
0.21797399999999997
0.225769
0.23149099999999997
0.235936
0.239089
0.24052300000000001
0.239875
0.237146
0.232591
0.226383
0.218423
0.21481
0.22359
0.23790999999999998
0.248754
0.256206
0.260821
0.262807
0.262397
0.259834
0.255296
0.24914
0.24186100000000002
0.233754
0.22475900000000001
0.22084
0.230012
0.24538800000000002
0.257731
0.267032
0.273721
0.277528
0.277816
0.27420300000000003
0.267043
0.257308
0.245927
0.23337800000000003
0.219849
0.211702
0.217284
0.23007399999999997
0.241153
0.25053200000000003
0.25851999999999997
0.26468800000000003
0.268203
0.268418
0.265207
0.258753
0.249166
0.23651999999999998
0.221124
0.209706
0.211168
0.21964
0.226687
0.232623
0.23798000000000002
0.242577
0.245827
0.247221
0.24660700000000002
0.243984
0.23914899999999997
0.23163499999999998
0.22699699999999998
0.23284699999999997
0.243128
0.24983200000000003
0.25353600000000004
0.255344
0.255731
0.254863
0.25272
0.249259
0.244619
0.239012
0.232458
0.22471
0.221594
0.231025
0.24609
0.25748000000000004
0.26517399999999997
0.269936
0.271984
0.270999
0.26679899999999995
0.259885
0.251162
0.24134699999999998
0.230792
0.219596
0.214083
0.222414
0.23769099999999999
0.2507
0.26122
0.269403
0.27477399999999996
0.276717
0.27515
0.270595
0.263673
0.254765
0.244
0.23133
0.22292800000000002
0.22735999999999998
0.23877800000000002
0.248631
0.25694
0.26411100000000004
0.26983
0.273351
0.274027
0.27164499999999997
0.266394
0.25866
0.248725
0.242696
0.24819499999999997
0.259731
0.269398
0.276803
0.282555
0.286749
0.289145
0.28942399999999996
0.28741700000000003
0.28323000000000004
0.277065
0.26895399999999997
0.258705
0.252228
0.257117
0.26811599999999997
0.277385
0.28428600000000004
0.289369
0.292585
0.293488
0.29181599999999996
0.28778000000000004
0.281803
0.27415300000000004
0.264846
0.253739
0.24672199999999997
0.251233
0.261533
0.269567
0.275075
0.278916
0.281179
0.281479
0.279591
0.275687
0.27008699999999997
0.26294
0.254133
0.24340799999999999
0.23669
0.241852
0.253134
0.26213000000000003
0.268276
0.271885
0.272932
0.271413
0.26758000000000004
0.261918
0.254954
0.247004
0.23804499999999998
0.227832
0.22234600000000002
0.229829
0.243925
0.25561
0.264583
0.271054
0.27474299999999996
0.275187
0.272171
0.266027
0.25751799999999997
0.24733400000000003
0.23580900000000002
0.22916399999999998
0.235479
0.248848
0.260751
0.27085
0.279497
0.286512
0.2914
0.293582
0.292609
0.288344
0.28086700000000003
0.270277
0.256781
0.24694699999999997
0.24902600000000003
0.257775
0.265237
0.270995
0.27565
0.279143
0.281003
0.28087399999999996
0.278777
0.274903
0.269266
0.26164899999999996
0.25169
0.24507199999999998
0.249058
0.25797
0.264088
0.267403
0.26887
0.268814
0.26719299999999996
0.26400100000000004
0.259483
0.253967
0.247563
0.240058
0.23105599999999998
0.226221
0.23320700000000003
0.245914
0.25569899999999995
0.26203000000000004
0.26529400000000003
0.265703
0.263312
0.258223
0.250892
0.242013
0.23210999999999998
0.221375
0.215763
0.223188
0.23738099999999998
0.24956399999999998
0.25947600000000004
0.267381
0.273036
0.275918
0.275465
0.271448
0.264275
0.254671
0.243169
0.230057
0.22160700000000003
0.22612100000000002
0.237486
0.247034
0.254781
0.261227
0.26615500000000003
0.268929
0.269017
0.266309
0.260949
0.253158
0.243274
0.231569
0.22413200000000003
0.228936
0.239862
0.248442
0.254784
0.25955700000000004
0.26278
0.26408000000000004
0.26318400000000003
0.260196
0.25539
0.248824
0.240233
0.22919899999999999
0.22160500000000002
0.225852
0.236386
0.24490599999999998
0.251421
0.256499
0.26003899999999996
0.26152600000000004
0.26062399999999997
0.25750300000000004
0.25256300000000004
0.24602100000000002
0.23779499999999998
0.227636
0.22140100000000001
0.2271
0.23861300000000002
0.24737800000000001
0.253511
0.257769
0.26025
0.26074
0.25922199999999995
0.255983
0.251341
0.245364
0.23784299999999997
0.234377
0.24218499999999998
0.255474
0.266169
0.273789
0.278787
0.28117
0.28083600000000003
0.277904
0.272681
0.265552
0.256915
0.24707600000000002
0.23613499999999998
0.230019
0.236396
0.249295
0.260221
0.268642
0.27478
0.27828600000000003
0.278531
0.275146
0.268306
0.258635
0.24694899999999997
0.233913
0.219822
0.210752
0.214966
0.22625900000000002
0.235816
0.24364
0.250145
0.25510700000000003
0.257931
0.258128
0.255577
0.250324
0.24228000000000002
0.23118400000000003
0.21692199999999998
0.205877
0.20694099999999999
0.21459499999999998
0.22062600000000002
0.22541599999999998
0.22960100000000003
0.233068
0.23527800000000001
0.235767
0.23441599999999999
0.23127199999999998
0.22623800000000002
0.21900100000000003
0.2151
0.22215500000000002
0.23407199999999997
0.242711
0.248507
0.252262
0.25419400000000003
0.254375
0.252902
0.24990700000000002
0.245651
0.240441
0.23439699999999997
0.22733699999999998
0.224929
0.23466399999999998
0.25003400000000003
0.26218600000000003
0.27074299999999996
0.27618200000000004
0.27872199999999997
0.27837199999999995
0.27518899999999996
0.26960100000000004
0.262258
0.253605
0.24379800000000001
0.232864
0.226831
0.23355
0.24702600000000002
0.258718
0.268173
0.27558
0.280491
0.282127
0.28009
0.274789
0.267007
0.257255
0.24572
0.232474
0.22352800000000003
0.22687399999999996
0.23701999999999998
0.24581
0.252915
0.25869200000000003
0.262949
0.265142
0.264807
0.261806
0.256184
0.248009
0.23744
0.230395
0.234273
0.24388
0.251725
0.25756999999999997
0.262086
0.265448
0.267486
0.267865
0.266293
0.262693
0.257121
0.24956
0.239839
0.23356500000000002
0.238114
0.24823499999999998
0.256344
0.26216799999999996
0.266257
0.268613
0.268883
0.266858
0.262771
0.257075
0.25006100000000003
0.241756
0.231992
0.22645
0.23261199999999999
0.24441500000000002
0.253544
0.26003200000000004
0.26474200000000003
0.267744
0.268615
0.26713899999999996
0.263588
0.258385
0.251713
0.243477
0.239256
0.246063
0.25854299999999997
0.26903299999999997
0.276905
0.282647
0.28631
0.28773200000000004
0.286813
0.283607
0.27836900000000003
0.271523
0.263421
0.254137
0.249349
0.255948
0.268652
0.279858
0.2887
0.295506
0.30004699999999995
0.301754
0.300246
0.295643
0.288492
0.279522
0.269313
0.258103
0.25168
0.25692
0.26878
0.27984499999999995
0.28915
0.297003
0.30312
0.306839
0.307682
0.305621
0.300854
0.293439
0.283236
0.27573800000000004
0.277264
0.284368
0.291207
0.29654
0.30109400000000003
0.305134
0.30839
0.310297
0.310339
0.308318
0.30428099999999997
0.29823099999999997
0.289966
0.284817
0.288548
0.297109
0.30448800000000004
0.30945
0.312638
0.314134
0.313757
0.311576
0.308023
0.303616
0.29866
0.293128
0.286686
0.284558
0.292317
0.305329
0.316814
0.324934
0.330088
0.332536
0.332329
0.329612
0.324841
0.318591
0.3112
0.302664
0.292844
0.287425
0.292639
0.304551
0.31666700000000003
0.326938
0.33529000000000003
0.3412
0.343875
0.34291900000000003
0.33867600000000003
0.33186
0.323058
0.312576
0.306139
0.30931
0.318805
0.328995
0.33762800000000004
0.34499
0.351089
0.35564
0.358257
0.358603
0.356487
0.351823
0.344621
0.335002
0.32865700000000003
0.33065
0.33827399999999996
0.346574
0.35301
0.358022
0.361669
0.363615
0.363617
0.361752
0.35823699999999997
0.353149
0.346355
0.337594
0.332117
0.334592
0.34239
0.350699
0.356813
0.361117
0.363698
0.364332
0.362915
0.359664
0.354933
0.348918
0.341532
0.33786700000000003
0.341944
0.35120100000000004
0.36095700000000003
0.36795900000000004
0.372554
0.375202
0.37611
0.37527
0.37262199999999995
0.368222
0.362272
0.35495
0.34628200000000003
0.34162
0.34530700000000003
0.35479099999999997
0.365292
0.373582
0.37974600000000003
0.383615
0.384845
0.383444
0.37982899999999997
0.374544
0.36798000000000003
0.360334
0.351688
0.34752
0.352104
0.362802
0.374768
0.38463600000000003
0.392522
0.398309
0.401547
0.40189400000000003
0.399359
0.394276
0.38709
0.378121
0.367569
0.361078
0.362976
0.37137
0.381965
0.391135
0.398971
0.405356
0.40979799999999994
0.411854
0.41136999999999996
0.408382
0.402876
0.394719
0.383866
0.37603400000000003
0.375531
0.381154
0.389236
0.39600100000000005
0.40166799999999997
0.406298
0.409609
0.41135299999999997
0.41147100000000003
0.409967
0.40673000000000004
0.40148
0.399108
0.402063
0.40924699999999997
0.417764
0.423357
0.42661899999999997
0.428202
0.42837200000000003
0.42718
0.424691
0.421029
0.416303
0.41055200000000003
0.40369299999999997
0.40078800000000003
0.40442
0.413418
0.424466
0.43266000000000004
0.437856
0.440054
0.439204
0.43550600000000006
0.429516
0.421921
0.413274
0.403935
0.394052
0.388906
0.39157800000000004
0.400624
0.412368
0.42224700000000004
0.430148
0.43588599999999994
0.438954
0.438931
0.435796
0.42989099999999997
0.421637
0.41138199999999997
0.39934200000000003
0.390986
0.389834
0.395117
0.40368200000000004
0.411234
0.417857
0.42345299999999997
0.42750699999999997
0.4295
0.42911800000000005
0.426227
0.420838
0.41304399999999997
0.408161
0.408932
0.414882
0.42339499999999997
0.429871
0.43472200000000005
0.43839399999999995
0.440938
0.442229
0.442146
0.440618
0.437619
0.433094
0.42686199999999996
0.423904
0.426396
0.433904
0.444014
0.45186400000000004
0.45775699999999997
0.461866
0.46398599999999995
0.46396499999999996
0.46191000000000004
0.45813999999999994
0.453007
0.44671700000000003
0.43928
0.435791
0.43809
0.4458
0.45647200000000004
0.464636
0.47046099999999996
0.474214
0.47588199999999997
0.47547700000000004
0.473141
0.46913900000000003
0.463689
0.45678100000000005
0.448238
0.443057
0.443024
0.448417
0.45743
0.464503
0.469624
0.472787
0.47374700000000003
0.472437
0.469046
0.463949
0.457455
0.44961999999999996
0.44037
0.43484700000000004
0.435113
0.44122
0.45103999999999994
0.45906499999999995
0.465161
0.46924099999999996
0.470974
0.47014399999999995
0.46678000000000003
0.461161
0.45366999999999996
0.444576
0.43908
0.4389
0.444517
0.454325
0.462687
0.4696
0.47517200000000004
0.479185
0.48131599999999997
0.481292
0.478929
0.47413999999999995
0.46692799999999995
0.457416
0.450954
0.449409
0.45357600000000003
0.46203
0.469041
0.47467600000000004
0.479084
0.482062
0.483396
0.48304300000000006
0.48109300000000005
0.477617
0.472529
0.465605
0.46174899999999997
0.46216899999999994
0.46732399999999996
0.475818
0.481944
0.48612799999999995
0.488928
0.49043100000000006
0.490613
0.48953800000000003
0.48729799999999995
0.48389899999999997
0.479187
0.47783400000000004
0.480253
0.48727299999999996
0.49816800000000006
0.506599
0.51237
0.515817
0.517093
0.5162220000000001
0.5132979999999999
0.508536
0.502209
0.49465699999999996
0.48617299999999997
0.48181499999999994
0.482235
0.48843400000000003
0.49959
0.50912
0.516624
0.521971
0.5247229999999999
0.52453
0.5214409999999999
0.515887
0.508415
0.499536
0.489609
0.483687
0.48245699999999997
0.48703
0.496827
0.505523
0.512914
0.519059
0.523608
0.526146
0.526388
0.524175
0.519401
0.512019
0.502084
0.494637
0.49073100000000003
0.491874
0.49817799999999995
0.5038020000000001
0.5084390000000001
0.5122140000000001
0.514862
0.51608
0.515714
0.5137189999999999
0.510041
0.504476
0.50157
0.501829
0.505807
0.513678
0.5200670000000001
0.52447
0.527339
0.528838
0.529029
0.528012
0.5258649999999999
0.522641
0.5183800000000001
0.513015
0.511215
0.513374
0.519583
0.52977
0.538409
0.544682
0.548772
0.5506770000000001
0.550502
0.548454
0.5447930000000001
0.539825
0.5337649999999999
0.526675
0.523393
0.5245449999999999
0.530149
0.540456
0.550072
0.557555
0.562756
0.565465
0.565653
0.563484
0.559303
0.553539
0.5463939999999999
0.537838
0.532668
0.531629
0.5347390000000001
0.5427649999999999
0.550822
0.5574020000000001
0.5624520000000001
0.565699
0.566822
0.565625
0.562126
0.556501
0.548856
0.5392939999999999
0.53287
0.5305350000000001
0.532454
0.53952
0.546886
0.552983
0.557719
0.5608529999999999
0.5621619999999999
0.561552
0.5589890000000001
0.554412
0.547693
0.543393
0.5422819999999999
0.543726
0.549371
0.5555939999999999
0.5604399999999999
0.564067
0.566533
0.5677439999999999
0.567583
0.565945
0.562743
0.557913
0.551367
0.547653
0.5473359999999999
0.549832
0.55658
0.5634680000000001
0.568491
0.5718270000000001
0.573527
0.573557
0.5720430000000001
0.569232
0.565351
0.560474
0.554517
0.5520930000000001
0.553667
0.558383
0.5671729999999999
0.575511
0.5814199999999999
0.585137
0.5867899999999999
0.586544
0.584765
0.581724
0.57748
0.5719890000000001
0.569684
0.571095
0.5746180000000001
0.582386
0.591342
0.59859
0.604114
0.6078
0.6093390000000001
0.608537
0.6054
0.600007
0.592634
0.5837600000000001
0.5783
0.577095
0.578767
0.5855090000000001
0.594072
0.601297
0.60693
0.6107100000000001
0.61239
0.611896
0.609265
0.604589
0.59805
0.589849
0.584587
0.582987
0.583571
0.588864
0.5960260000000001
0.6020220000000001
0.606899
0.610599
0.612958
0.613855
0.613156
0.610675
0.606168
0.599378
0.594746
0.5931489999999999
0.592929
0.5969909999999999
0.6030760000000001
0.607995
0.611681
0.614047
0.615037
0.614695
0.61305
0.610099
0.605767
0.60433
0.606212
0.608757
0.614862
0.6224970000000001
0.627973
0.631416
0.6331220000000001
0.633425
0.6325770000000001
0.630645
0.627648
0.623621
0.61854
0.616765
0.61885
0.6220939999999999
0.6296229999999999
0.6394029999999999
0.647149
0.652516
0.655401
0.655841
0.653975
0.650069
0.644612
0.6380399999999999
0.630555
0.626691
0.627162
0.629087
0.635764
0.64537
0.653378
0.6594399999999999
0.6633680000000001
0.664985
0.664229
0.661185
0.656044
0.648899
0.639822
0.633455
0.6307550000000001
0.629022
0.632158
0.638935
0.64494
0.649985
0.6539520000000001
0.6566
0.6576850000000001
0.656934
0.654071
0.6488550000000001
0.641211
0.635699
0.633189
0.6310359999999999
0.633346
0.638991
0.643578
0.6470130000000001
0.649358
0.650587
0.650709
0.649705
0.647483
0.643861
0.642829
0.644729
0.645655
0.649874
0.656981
0.66192
0.664696
0.665756
0.6653819999999999
0.66373
0.66093
0.657047
0.652099
0.6461060000000001
0.643347
0.6444380000000001
0.645876
0.651626
0.660626
0.66772
0.672671
0.675419
0.675904
0.674373
0.671168
0.6665270000000001
0.660646
0.653717
0.650223
0.65084
0.652071
0.657886
0.667211
0.6749
0.680635
0.684351
0.686066
0.6859529999999999
0.684056
0.6803680000000001
0.67502
0.668104
0.6638890000000001
0.663063
0.6620149999999999
0.665388
0.672819
0.679045
0.683882
0.687293
0.6891
0.689114
0.687129
0.683076
0.6770649999999999
0.6733020000000001
0.67251
0.670823
0.673183
0.6801020000000001
0.68617
0.6909649999999999
0.694535
0.696738
0.697459
0.696625
0.694109
0.68983
0.683791
0.680094
0.6794439999999999
0.677851
0.679894
0.686121
0.691331
0.695052
0.6973659999999999
0.698326
0.698059
0.696623
0.6940149999999999
0.690231
0.685181
0.682816
0.68357
0.683098
0.686009
0.692914
0.698436
0.702054
0.704032
0.704695
0.704235
0.702643
0.699883
0.69594
0.690723
0.688299
0.689226
0.689184
0.692829
0.700495
0.7065279999999999
0.7104560000000001
0.7124729999999999
0.712693
0.711242
0.7083520000000001
0.7042430000000001
0.6989850000000001
0.696617
0.697779
0.698401
0.702175
0.710212
0.717964
0.724108
0.728577
0.731196
0.731792
0.730334
0.726885
0.7215050000000001
0.7143470000000001
0.709745
0.7087289999999999
0.707518
0.709676
0.7166779999999999
0.724168
0.730318
0.7348859999999999
0.737746
0.738826
0.738041
0.7353310000000001
0.730707
0.724266
0.72014
0.7189989999999999
0.71683
0.717136
0.72185
0.727059
0.731055
0.733925
0.735812
0.736768
0.736697
0.735372
0.732506
0.727792
0.7249760000000001
0.724662
0.723001
0.723372
0.727683
0.732256
0.735521
0.737595
0.73852
0.738354
0.7371340000000001
0.734801
0.7312489999999999
0.730247
0.732291
0.733383
0.735667
0.741509
0.747985
0.752606
0.755394
0.7564069999999999
0.755858
0.754062
0.7511180000000001
0.7470140000000001
0.741839
0.739557
0.740797
0.741644
0.7443420000000001
0.751317
0.7593949999999999
0.7656029999999999
0.7696149999999999
0.771466
0.771379
0.769486
0.765833
0.7606729999999999
0.75437
0.7509979999999999
0.751219
0.751163
0.753023
0.7593409999999999
0.7670899999999999
0.77331
0.777772
0.780457
0.781353
0.7803800000000001
0.7774760000000001
0.7726770000000001
0.7659699999999999
0.7611760000000001
0.759113
0.756283
0.754933
0.758135
0.763416
0.76777
0.7710319999999999
0.773199
0.7742180000000001
0.773898
0.771946
0.76808
0.7657930000000001
0.765655
0.764169
0.7624270000000001
0.764297
0.7685850000000001
0.771737
0.773821
0.7749699999999999
0.775261
0.774733
0.773282
0.770736
0.7669729999999999
0.7655689999999999
0.767031
0.7676069999999999
0.76822
0.772667
0.779357
0.7841229999999999
0.7867689999999999
0.787704
0.787327
0.785796
0.783184
0.779637
0.775279
0.773848
0.7758510000000001
0.777388
0.779405
0.785272
0.793031
0.798801
0.802532
0.8044479999999999
0.8047
0.803463
0.800878
0.796942
0.791589
0.7886479999999999
0.7888539999999999
0.788482
0.7885979999999999
0.79299
0.800035
0.8056989999999999
0.8096479999999999
0.811839
0.8123199999999999
0.8111550000000001
0.808236
0.803412
0.800355
0.7999149999999999
0.798762
0.796846
0.7990510000000001
0.805177
0.810229
0.813962
0.816449
0.817651
0.817477
0.815751
0.812268
0.806998
0.803602
0.802802
0.8012090000000001
0.798517
0.799983
0.805706
0.810333
0.813547
0.8155220000000001
0.816401
0.816213
0.81486
0.812236
0.808269
0.806411
0.8072550000000001
0.8073899999999999
0.8064399999999999
0.809222
0.8156
0.8205520000000001
0.824026
0.8262719999999999
0.827468
0.8277030000000001
0.8268780000000001
0.824788
0.821258
0.819772
0.820852
0.820833
0.819318
0.821392
0.8271299999999999
0.831426
0.8340360000000001
0.8352350000000001
0.835359
0.834525
0.8325819999999999
0.829377
0.8283709999999999
0.830101
0.83106
0.830742
0.833354
0.839666
0.845189
0.848826
0.8506809999999999
0.850978
0.8498450000000001
0.847251
0.8431850000000001
0.837825
0.834837
0.834993
0.835058
0.8345299999999999
0.837241
0.8440790000000001
0.8506309999999999
0.8553360000000001
0.8581200000000001
0.8590540000000001
0.8581709999999999
0.8555200000000001
0.8512790000000001
0.845615
0.84198
0.841067
0.8397479999999999
0.837675
0.8387629999999999
0.84421
0.849925
0.8544379999999999
0.8577959999999999
0.8600909999999999
0.8612219999999999
0.860877
0.858692
0.8544129999999999
0.85141
0.850453
0.848352
0.844683
0.843514
0.846514
0.849967
0.8524870000000001
0.854193
0.855244
0.8555870000000001
0.8549559999999999
0.853036
0.852894
0.854907
0.8556959999999999
0.85482
0.855073
0.858735
0.8630180000000001
0.8655299999999999
0.8665010000000001
0.866361
0.8653379999999999
0.863449
0.8606459999999999
0.856909
0.8555290000000001
0.857089
0.858358
0.858743
0.86082
0.8664879999999999
0.8726450000000001
0.876851
0.879125
0.8796649999999999
0.8786649999999999
0.8763219999999999
0.87282
0.868303
0.866209
0.867225
0.8681110000000001
0.8682709999999999
0.870432
0.876567
0.883496
0.8886879999999999
0.892074
0.893885
0.894309
0.893257
0.8904780000000001
0.8858530000000001
0.882806
0.8821709999999999
0.8808940000000001
0.8785709999999999
0.8779
0.881423
0.886476
0.890358
0.8930110000000001
0.8945040000000001
0.89471
0.8933450000000001
0.890201
0.8884200000000001
0.8885709999999999
0.8875860000000001
0.8851370000000001
0.88256
0.883735
0.8877139999999999
0.890677
0.892547
0.8935049999999999
0.893602
0.8927639999999999
0.890804
0.88751
0.885819
0.8863540000000001
0.886352
0.8854479999999999
0.884532
0.887191
0.892375
0.896178
0.89856
0.8997450000000001
0.8998889999999999
0.8990600000000001
0.8972319999999999
0.894367
0.8935649999999999
0.8953190000000001
0.896442
0.896329
0.896265
0.899835
0.90566
0.9098870000000001
0.9124950000000001
0.913902
0.9144100000000001
0.913999
0.9124479999999999
0.9096049999999999
0.908618
0.910005
0.910588
0.9098629999999999
0.9092549999999999
0.912257
0.917365
0.920859
0.9228219999999999
0.923552
0.92309
0.921319
0.918141
0.9166489999999999
0.917474
0.917709
0.917012
0.9154629999999999
0.917502
0.9231520000000001
0.9275549999999999
0.930307
0.931474
0.9310870000000001
0.929227
0.925992
0.921366
0.9182239999999999
0.9172040000000001
0.915741
0.913718
0.9113020000000001
0.912658
0.918019
0.922702
0.9260209999999999
0.928124
0.929082
0.928791
0.9270459999999999
0.923708
0.92176
0.9219
0.921366
0.9197420000000001
0.917074
0.9178219999999999
0.922386
0.926206
0.92895
0.930955
0.932372
0.93305
0.932632
0.93355
0.936058
0.9373100000000001
0.9369649999999999
0.9352459999999999
0.934883
0.937682
0.940881
0.9426110000000001
0.9432159999999999
0.9430700000000001
0.942263
0.9406760000000001
0.938103
0.937261
0.9386610000000001
0.939577
0.9395979999999999
0.938641
0.9398719999999999
0.944313
0.948348
0.9506540000000001
0.951458
0.951033
0.949549
0.947101
0.9437479999999999
0.9424549999999999
0.9438200000000001
0.945061
0.9457270000000001
0.945709
0.94816
0.9540489999999999
0.959619
0.96341
0.965657
0.966651
0.966374
0.964566
0.961051
0.9586969999999999
0.958269
0.9573280000000001
0.9556389999999999
0.953285
0.953148
0.956907
0.961434
0.9647479999999999
0.9668760000000001
0.9678190000000001
0.9673719999999999
0.9653209999999999
0.961621
0.9592200000000001
0.958702
0.9573299999999999
0.9547709999999999
0.9511870000000001
0.950041
0.952815
0.956116
0.958515
0.9601940000000001
0.9612290000000001
0.961448
0.9605370000000001
0.958182
0.957076
0.957759
0.9575809999999999
0.9561930000000001
0.9535889999999999
0.9528639999999999
0.9556290000000001
0.958743
0.9606549999999999
0.961578
0.9616379999999999
0.960791
0.958902
0.9558450000000001
0.954457
0.955255
0.9553799999999999
0.95429
0.951965
0.951815
0.9551639999999999
0.9583950000000001
0.9600049999999999
0.9601940000000001
0.9592299999999999
0.957274
0.954314
0.95301
0.953845
0.9541790000000001
0.953623
0.9521879999999999
0.9517639999999999
0.954735
0.958944
0.961684
0.963045
0.963217
0.9621930000000001
0.9598909999999999
0.956198
0.953784
0.953341
0.9525049999999999
0.951025
0.948997
0.948522
0.9517549999999999
0.9561780000000001
0.959081
0.96047
0.960607
0.959701
0.9577549999999999
0.954608
0.952944
0.953313
0.953161
0.9522370000000001
0.9505950000000001
0.9507200000000001
0.9543950000000001
0.958809
0.961886
0.9637709999999999
0.964619
0.964341
0.962675
0.9594290000000001
0.957455
0.9573950000000001
0.9566290000000001
0.9548549999999999
0.952191
0.9515049999999999
0.954684
0.95878
0.9617559999999999
0.963686
0.9646469999999999
0.96447
0.9628680000000001
0.959625
0.9575809999999999
0.95734
0.956283
0.954217
0.951262
0.9505440000000001
0.953442
0.956577
0.958442
0.959362
0.959569
0.958993
0.9574280000000001
0.954676
0.9535030000000001
0.9543860000000001
0.9544819999999999
0.953276
0.950684
0.949844
0.9523940000000001
0.955131
0.9564370000000001
0.9565030000000001
0.955521
0.9535469999999999
0.9506040000000001
0.949306
0.950126
0.950565
0.950282
0.949253
0.948642
0.951254
0.955516
0.958061
0.9588709999999999
0.958292
0.956501
0.953501
0.949256
0.946365
0.945465
0.9443239999999999
0.942751
0.940779
0.9401579999999999
0.943283
0.947981
0.9513389999999999
0.953341
0.954111
0.953594
0.951708
0.948441
0.9465040000000001
0.946398
0.9455399999999999
0.9436100000000001
0.9407559999999999
0.9396030000000001
0.942224
0.9459540000000001
0.9485959999999999
0.9502950000000001
0.951189
0.9511620000000001
0.949915
0.949672
0.950802
0.950984
0.9499700000000001
0.947782
0.945082
0.945436
0.9482219999999999
0.9498049999999999
0.950207
0.949656
0.948268
0.9460649999999999
0.942946
0.94132
0.9415979999999999
0.941326
0.940169
0.938205
0.9369370000000001
0.939083
0.9428709999999999
0.945174
0.946082
0.9459290000000001
0.9449639999999999
0.943255
0.9407270000000001
0.939976
0.9414959999999999
0.9427059999999999
0.9431719999999999
0.942846
0.943267
0.946868
0.951773
0.955276
0.9575520000000001
0.9588120000000001
0.959034
0.958023
0.9555899999999999
0.9543510000000001
0.9549270000000001
0.9548989999999999
0.953942
0.9521069999999999
0.9508030000000001
0.9528709999999999
0.9566969999999999
0.9591
0.960084
0.9598959999999999
0.958657
0.956248
0.952443
0.949867
0.94909
0.947629
0.945254
0.942082
0.9402370000000001
0.942002
0.945142
0.9472
0.948235
0.948351
0.9474360000000001
0.945243
0.944047
0.9443389999999999
0.9438610000000001
0.9423530000000001
0.939941
0.9367059999999999
0.9367270000000001
0.940059
0.942457
0.943809
0.94431
0.9440059999999999
0.9427969999999999
0.9405
0.9392809999999999
0.939517
0.938984
0.9374600000000001
0.9351200000000001
0.9322299999999999
0.9325680000000001
0.9357209999999999
0.937516
0.938034
0.937744
0.936903
0.9355020000000001
0.935702
0.93781
0.9394889999999999
0.9402940000000001
0.9401459999999999
0.938916
0.9400379999999999
0.9441709999999999
0.9476399999999999
0.949707
0.9505979999999999
0.950534
0.949627
0.947859
0.947342
0.948378
0.9488129999999999
0.9484600000000001
0.9474530000000001
0.9457200000000001
0.946659
0.9506
0.9535879999999999
0.955032
0.955309
0.954625
0.9529340000000001
0.950105
0.9484469999999999
0.948449
0.947967
0.946837
0.945175
0.943125
0.9445040000000001
0.948966
0.952256
0.954343
0.955471
0.955635
0.954684
0.952456
0.951199
0.9513360000000001
0.950683
0.949042
0.9465790000000001
0.943408
0.9437110000000001
0.947584
0.950686
0.9528780000000001
0.9543219999999999
0.9549200000000001
0.95437
0.952317
0.950937
0.950792
0.9498780000000001
0.9480219999999999
0.94526
0.9416389999999999
0.941224
0.943975
0.94575
0.946685
0.9470790000000001
0.946947
0.9461120000000001
0.9464889999999999
0.9482870000000001
0.949298
0.949153
0.94784
0.945363
0.9442159999999999
0.946061
0.948408
0.949641
0.949942
0.9494520000000001
0.94821
0.946184
0.945361
0.9461040000000001
0.946476
0.946249
0.945426
0.943833
0.9439299999999999
0.946859
0.949728
0.9512290000000001
0.951615
0.951024
0.949451
0.946816
0.94529
0.94542
0.945249
0.944509
0.943182
0.941162
0.9417719999999999
0.945578
0.9488969999999999
0.9509690000000001
0.9519290000000001
0.951831
0.9506180000000001
0.9480940000000001
0.9463229999999999
0.9457629999999999
0.9443959999999999
0.9420270000000001
0.93885
0.935011
0.9342450000000001
0.937048
0.93953
0.9410719999999999
0.941735
0.941415
0.939887
0.939082
0.9394680000000001
0.939167
0.937933
0.935844
0.9329379999999999
0.931154
0.932494
0.9349940000000001
0.936592
0.937325
0.937307
0.9365559999999999
0.9349629999999999
0.9344
0.9351510000000001
0.9352590000000001
0.9345700000000001
0.9333049999999999
0.931486
0.9312239999999999
0.9341200000000001
0.937745
0.940254
0.9418
0.942601
0.942665
0.941845
0.942147
0.943967
0.945259
0.945692
0.94526
0.9438780000000001
0.944174
0.947543
0.9512229999999999
0.953809
0.955456
0.9562290000000001
0.955975
0.9545
0.953909
0.954657
0.9547030000000001
0.953781
0.9519549999999999
0.949184
0.948227
0.9502659999999999
0.952303
0.953094
0.952909
0.9518700000000001
0.949838
0.948591
0.9484319999999999
0.9475110000000001
0.9457
0.943249
0.940249
0.9375979999999999
0.9380950000000001
0.940678
0.9422360000000001
0.942684
0.942111
0.940484
0.9377690000000001
0.9358569999999999
0.935182
0.9340639999999999
0.9323809999999999
0.9302600000000001
0.927645
0.9254290000000001
0.926394
0.929464
0.9316540000000001
0.932989
0.9336110000000001
0.93347
0.934125
0.9357770000000001
0.936699
0.936684
0.935917
0.934476
0.93227
0.932444
0.9354959999999999
0.9380219999999999
0.9395030000000001
0.940254
0.9404319999999999
0.9399569999999999
