1.0077770000000001
1.006981
1.0075290000000001
1.007399
1.0064549999999999
1.004756
1.002167
1.0002030000000002
1.001305
1.00376
1.005034
1.005344
1.0048489999999999
1.0035
1.0012159999999999
1.000049
1.000367
1.0001280000000001
0.9990040000000001
0.997034
0.9943489999999999
0.992662
0.9941549999999999
0.996974
0.998727
0.999441
0.9991770000000001
0.9980120000000001
0.995859
0.9947159999999999
0.99505
0.994926
0.99406
0.9924209999999999
0.989925
0.988534
0.9901989999999999
0.992909
0.994661
0.995475
0.995501
0.994704
0.9948239999999999
0.9961409999999999
0.9969549999999999
0.9971120000000001
0.9965879999999999
0.9953850000000001
0.993715
0.9949600000000001
0.998699
1.001167
1.002305
1.002333
1.001488
0.99976
0.9989540000000001
0.999481
0.9995299999999999
0.998843
0.997577
0.995869
0.994079
0.995288
0.998915
1.001479
1.0028780000000002
1.00324
1.0025680000000001
1.0007469999999998
0.9998319999999999
1.000342
1.000333
0.9995129999999999
0.9980120000000001
0.9958049999999999
0.993778
0.994909
0.9982260000000001
1.00063
1.0021440000000001
1.002973
1.002969
1.001722
1.001052
1.001377
1.000845
0.999391
0.997173
0.994123
0.991179
0.991326
0.993552
0.994859
0.99549
0.9956309999999999
0.9950899999999999
0.993632
0.993245
0.994283
0.9946950000000001
0.994192
0.992707
0.990099
0.988073
0.989107
0.991556
0.993072
0.9937450000000001
0.9935860000000001
0.9925370000000001
0.9905780000000001
0.989812
0.990698
0.991333
0.991439
0.990876
0.9894219999999999
0.988713
0.9909020000000001
0.994252
0.9965649999999999
0.997769
0.997816
0.996683
0.994295
0.992841
0.9930700000000001
0.9931129999999999
0.9925440000000001
0.991267
0.989226
0.988226
0.990326
0.9935729999999999
0.995718
0.996778
0.996924
0.996086
0.994029
0.992928
0.9933379999999999
0.993108
0.991867
0.989808
0.987025
0.9856959999999999
0.9878540000000001
0.991291
0.9938540000000001
0.995417
0.9959629999999999
0.9953290000000001
0.995351
0.996555
0.997182
0.9969319999999999
0.995871
0.993965
0.9910559999999999
0.991067
0.9942340000000001
0.996492
0.997632
0.9978459999999999
0.9972120000000001
0.9956440000000001
0.9949790000000001
0.995539
0.995374
0.994217
0.992308
0.989692
0.986491
0.986295
0.9888549999999999
0.9903360000000001
0.9907450000000001
0.990382
0.989293
0.9873799999999999
0.986606
0.9873219999999999
0.987509
0.9868450000000001
0.985361
0.9830969999999999
0.9811799999999999
0.982469
0.985706
0.9877790000000001
0.9887889999999999
0.9889110000000001
0.98811
0.9863569999999999
0.985624
0.986251
0.9863219999999999
0.985613
0.984151
0.9818459999999999
0.979865
0.980776
0.983266
0.98474
0.9853379999999999
0.985183
0.9842770000000001
0.9823930000000001
0.9813729999999999
0.9816459999999999
0.981457
0.980664
0.9792770000000001
0.977276
0.9766959999999999
0.9793
0.982798
0.985166
0.986408
0.986624
0.985893
0.986032
0.987259
0.987826
0.987626
0.986759
0.9853190000000001
0.983302
0.9842559999999999
0.988142
0.9911040000000001
0.993036
0.994022
0.9940319999999999
0.992927
0.9924120000000001
0.9929600000000001
0.992976
0.992218
0.9907370000000001
0.9885879999999999
0.985557
0.9851110000000001
0.987751
0.989906
0.9912790000000001
0.992038
0.992236
0.991614
0.9917459999999999
0.9929709999999999
0.993516
0.9931479999999999
0.9920479999999999
0.990225
0.987706
0.9880969999999999
0.991303
0.9935510000000001
0.99487
0.995618
0.9957889999999999
0.9950459999999999
0.9951469999999999
0.996549
0.9974200000000001
0.997425
0.996555
0.994627
0.99167
0.9915010000000001
0.994125
0.995777
0.996467
0.996315
0.9951530000000001
0.9928309999999999
0.9914280000000001
0.991467
0.9911
0.9901629999999999
0.9886870000000001
0.986456
0.9842569999999999
0.985014
0.987814
0.9897290000000001
0.990772
0.990858
0.9897729999999999
0.9874459999999999
0.9859399999999999
0.9858299999999999
0.9854870000000001
0.984751
0.9835200000000001
0.9816309999999999
0.980101
0.981722
0.985308
0.987873
0.989344
0.9897600000000001
0.989185
0.987569
0.986869
0.9876440000000001
0.9880549999999999
0.9876450000000001
0.9862989999999999
0.9841110000000001
0.9822709999999999
0.9836959999999999
0.9873959999999999
0.990417
0.992577
0.993791
0.993922
0.9927389999999999
0.9922629999999999
0.9931690000000001
0.99359
0.9931399999999999
0.9918610000000001
0.9897520000000001
0.988159
0.9897600000000001
0.9932709999999999
0.995936
0.9975719999999999
0.99825
0.9979680000000001
0.9984729999999999
1.000061
1.0009190000000001
1.000677
0.999341
0.9970889999999999
0.9939290000000001
0.992859
0.994763
0.996483
0.9970620000000001
0.9966219999999999
0.9953540000000001
0.9932799999999999
0.992132
0.992276
0.99197
0.990856
0.9889479999999999
0.986265
0.982726
0.9816809999999999
0.983807
0.9855389999999999
0.9861200000000001
0.9857670000000001
0.9846030000000001
0.98259
0.981663
0.9823139999999999
0.982715
0.982526
0.981791
0.980459
0.9784360000000001
0.979292
0.982841
0.985175
0.9864290000000001
0.986909
0.9866309999999999
0.985506
0.9853040000000001
0.9862559999999999
0.986524
0.9860459999999999
0.985008
0.983368
0.981577
0.982958
0.986885
0.989725
0.9914
0.9919899999999999
0.9914860000000001
0.9898520000000001
0.9890100000000001
0.989342
0.989072
0.98806
0.9863770000000001
0.9840479999999999
0.982299
0.9837459999999999
0.9870270000000001
0.9893649999999999
0.990818
0.991409
0.991016
0.989416
0.9885360000000001
0.988957
0.9888899999999999
0.988038
0.9864209999999999
0.984036
0.981742
0.9823639999999999
0.9850639999999999
0.9869959999999999
0.9881469999999999
0.9885799999999999
0.988218
0.988592
0.9898600000000001
0.990375
0.9899709999999999
0.988748
0.9868540000000001
0.984243
0.983052
0.9847629999999999
0.987081
0.9884459999999999
0.98895
0.98882
0.988043
0.988152
0.989466
0.990442
0.9908379999999999
0.9905950000000001
0.9895940000000001
0.9875200000000001
0.986966
0.9892639999999999
0.991775
0.993401
0.9943049999999999
0.9945290000000001
0.9938670000000001
0.994035
0.995505
0.9965940000000001
0.997008
0.9967959999999999
0.9958969999999999
0.994009
0.994359
0.9974940000000001
1.000005
1.001527
1.0022
1.001841
1.0001799999999998
0.9990540000000001
0.998977
0.998339
0.9971040000000001
0.9954059999999999
0.9931
0.989925
0.989448
0.9920450000000001
0.993917
0.994669
0.994368
0.992978
0.990498
0.988843
0.9884950000000001
0.9878120000000001
0.986564
0.984632
0.9818790000000001
0.978613
0.978606
0.9817309999999999
0.9842920000000001
0.9862120000000001
0.9874379999999999
0.9877520000000001
0.986935
0.9867360000000001
0.987613
0.9880129999999999
0.987759
0.986817
0.9851540000000001
0.982858
0.983561
0.9872290000000001
0.9901629999999999
0.992246
0.9934649999999999
0.9938049999999999
0.9932040000000001
0.993491
0.995079
0.99611
0.996235
0.995519
0.993933
0.9916219999999999
0.992123
0.9953209999999999
0.9975870000000001
0.9988440000000001
0.9993049999999999
0.9990190000000001
0.9977950000000001
0.997481
0.9985290000000001
0.999022
0.998532
0.99705
0.994589
0.991765
0.9921129999999999
0.9951479999999999
0.9973040000000001
0.998481
0.99874
0.997926
0.9976719999999999
0.99846
0.998812
0.9985229999999999
0.99765
0.996216
0.9940709999999999
0.992994
0.9946889999999999
0.9970459999999999
0.998168
0.9982639999999999
0.997542
0.996009
0.9953690000000001
0.995922
0.995976
0.9953299999999999
0.994129
0.992366
0.9898299999999999
0.9887610000000001
0.9907459999999999
0.993382
0.995044
0.995757
0.9956149999999999
0.9946799999999999
0.99467
0.995791
0.996276
0.9959690000000001
0.994983
0.9933690000000001
0.991157
0.9914129999999999
0.99477
0.997927
1.0000950000000002
1.00134
1.001563
1.0005819999999999
1.000099
1.000546
1.000415
0.999568
0.9980540000000001
0.9959180000000001
0.9930120000000001
0.9924350000000001
0.994791
0.996849
0.998131
0.998771
0.9987870000000001
0.9979709999999999
0.9979129999999999
0.998872
0.999067
0.998238
0.996482
0.9939790000000001
0.9907100000000001
0.990518
0.9935959999999999
0.9959379999999999
0.997374
0.998033
0.997949
0.9969459999999999
0.99674
0.997801
0.9984860000000001
0.998561
0.9980319999999999
0.9967379999999999
0.994401
0.99477
0.998152
1.0006110000000001
1.001896
1.002234
1.001682
1.000148
0.9995629999999999
1.000467
1.001074
1.0010270000000001
1.000302
0.9987590000000001
0.9961139999999999
0.996042
0.998909
1.000993
1.00223
1.002737
1.0023360000000001
1.0008540000000001
1.0001120000000001
1.0004790000000001
1.000193
0.99918
0.9976520000000001
0.995599
0.993075
0.9938309999999999
0.997714
1.0006680000000001
1.002492
1.003168
1.002627
1.0009270000000001
1.000059
1.000514
1.000605
1.000034
0.9986649999999999
0.9964129999999999
0.993557
0.993767
0.99682
0.9989959999999999
1.00029
1.000772
1.000346
1.000601
1.001793
1.002366
1.002142
1.0010379999999999
0.9989899999999999
0.9960450000000001
0.994288
0.995505
0.9977590000000001
0.999281
0.999936
0.9996649999999999
0.998459
0.997993
0.9985149999999999
0.9984290000000001
0.997611
0.996201
0.99435
0.991923
0.991142
0.9933299999999999
0.99593
0.9974209999999999
0.9978600000000001
0.9975450000000001
0.996627
0.9968469999999999
0.9985870000000001
1.000132
1.0010270000000001
1.00108
1.000193
0.9981780000000001
0.997877
1.0004790000000001
1.0031709999999998
1.005015
1.006163
1.00658
1.005952
1.005914
1.00692
1.007309
1.00683
1.005644
1.0038690000000001
1.001349
1.001061
1.003762
1.006178
1.0075
1.007839
1.007117
1.005156
1.003867
1.003803
1.003318
1.0023600000000001
1.00104
0.9991530000000001
0.996392
0.9963190000000001
0.999267
1.001421
1.002483
1.002621
1.001882
1.000278
0.999602
1.000151
1.000182
0.999468
0.9979879999999999
0.9956870000000001
0.9925930000000001
0.9923700000000001
0.995548
0.998534
1.0008299999999999
1.002312
1.002737
1.001882
1.001474
1.002006
1.002024
1.001425
1.000226
0.99841
0.9957799999999999
0.9958389999999999
0.998914
1.001334
1.002865
1.003599
1.0035610000000001
1.002704
1.002838
1.004315
1.005211
1.005123
1.004086
1.002083
0.999125
0.998978
1.001757
1.003716
1.0048139999999999
1.005274
1.005088
1.003961
1.003609
1.0044600000000001
1.004723
1.004075
1.002536
1.000107
0.9970110000000001
0.99705
1.000048
1.002047
1.002918
1.002765
1.001509
1.000844
1.001312
1.001516
1.001293
1.000678
0.9996079999999999
0.997807
0.996812
0.998433
1.000776
1.001894
1.00204
1.0014370000000001
1.0000959999999999
0.999712
1.000533
1.0008110000000001
1.000322
0.9992219999999999
0.997558
0.995175
0.994282
0.9965450000000001
0.999633
1.001832
1.003091
1.003411
1.002777
1.002899
1.004051
1.004553
1.004308
1.0034399999999999
1.001982
0.999925
1.0000149999999999
1.0031139999999998
1.0062
1.0082360000000001
1.009315
1.0093940000000001
1.008319
1.007814
1.008317
1.008297
1.007558
1.006074
1.003836
1.000699
0.999569
1.001391
1.00327
1.0044799999999998
1.005106
1.005121
1.004276
1.004124
1.004901
1.004848
1.003754
1.001765
0.9990950000000001
0.995742
0.995257
0.998091
1.0005110000000002
1.002002
1.002621
1.002398
1.001214
1.000839
1.0017770000000001
1.002397
1.002428
1.001827
1.000398
0.997865
0.997751
1.000621
1.002847
1.0040040000000001
1.00433
1.003887
1.002567
1.002255
1.003428
1.004234
1.004258
1.003465
1.00177
0.998976
0.9987870000000001
1.0016180000000001
1.003755
1.0050620000000001
1.005632
1.005285
1.003859
1.003193
1.003679
1.003567
1.002785
1.001533
0.999782
0.997501
0.998446
1.002464
1.005413
1.0071
1.007694
1.00735
1.006062
1.005671
1.006612
1.0071620000000001
1.006994
1.0060209999999998
1.004268
1.0018209999999999
1.002419
1.005978
1.0086
1.0102719999999998
1.011066
1.010874
1.0094889999999999
1.008748
1.009177
1.009005
1.007973
1.0062200000000001
1.0037909999999999
1.00084
1.001015
1.004251
1.006758
1.008291
1.0089059999999999
1.0085899999999999
1.007153
1.006408
1.006821
1.006614
1.005592
1.003941
1.001643
0.998916
0.9992190000000001
1.002151
1.0040129999999998
1.0048110000000001
1.004818
1.004077
1.00426
1.005687
1.006645
1.0067620000000002
1.0059719999999999
1.00425
1.001583
1.000137
1.00167
1.004011
1.005377
1.005859
1.005499
1.004205
1.003747
1.004497
1.0047700000000002
1.004398
1.0035379999999998
1.0022209999999998
1.000224
0.999935
1.0024870000000001
1.005148
1.006739
1.007425
1.007284
1.006317
1.006312
1.007577
1.008399
1.0087
1.008573
1.007891
1.006448
1.007298
1.011024
1.014273
1.0163739999999999
1.017443
1.017509
1.01655
1.0163
1.017041
1.017077
1.016218
1.014515
1.012027
1.008748
1.007989
1.010414
1.012661
1.014073
1.014624
1.014186
1.0124950000000001
1.0112219999999998
1.01084
1.0098530000000001
1.008161
1.0058040000000001
1.002786
0.998925
0.9978879999999999
0.999923
1.0012530000000002
1.0018200000000002
1.001795
1.0011700000000001
0.999765
0.997339
0.993842
0.9892790000000001
0.9836309999999999
0.9799899999999999
0.978877
0.9770629999999999
0.9739200000000001
0.9697129999999999
0.9694
0.9733450000000001
0.9767040000000001
0.979058
0.980325
0.980308
0.9790139999999999
0.976511
0.972701
0.9704459999999999
0.970016
0.9683510000000001
0.9653950000000001
0.961658
0.961256
0.965141
0.968943
0.9710709999999999
0.971383
0.970138
0.9674879999999999
0.9632569999999999
0.957414
0.9530280000000001
0.950658
0.947478
0.9432709999999999
0.9383379999999999
0.936767
0.93937
0.941629
0.9422020000000001
0.9413549999999999
0.939517
0.9368850000000001
0.9334459999999999
0.929105
0.9266719999999999
0.926578
0.9260889999999999
0.924903
0.922882
0.9241540000000001
0.928903
0.9323739999999999
0.934116
0.934577
0.9341280000000001
0.932934
0.930866
0.92758
0.925701
0.9259649999999999
0.9258959999999999
0.92506
0.9232809999999999
0.9240309999999999
0.9278959999999999
0.930666
0.931364
0.930391
0.9280370000000001
0.9244549999999999
0.919532
0.91307
0.90812
0.905435
0.90235
0.8986729999999999
0.895026
0.895342
0.8987930000000001
0.900882
0.901567
0.90105
0.899278
0.8960110000000001
0.8908729999999999
0.8866379999999999
0.8841979999999999
0.8811680000000001
0.877401
0.873081
0.8725139999999999
0.875626
0.8777149999999999
0.878475
0.878076
0.876714
0.874452
0.8710559999999999
0.866185
0.862626
0.8611409999999999
0.859275
0.8567969999999999
0.853993
0.854514
0.8575139999999999
0.858558
0.8578629999999999
0.85613
0.8538209999999999
0.850934
0.8472219999999999
0.842657
0.8403459999999999
0.8408190000000001
0.8410790000000001
0.840527
0.840556
0.843726
0.848226
0.851081
0.8524700000000001
0.8528479999999999
0.8523569999999999
0.8507399999999999
0.847685
0.8431930000000001
0.840614
0.840808
0.8409139999999999
0.840275
0.840556
0.8442729999999999
0.849301
0.8526809999999999
0.854513
0.855245
0.854877
0.853017
0.849418
0.844086
0.8403709999999999
0.8391930000000001
0.837609
0.834902
0.8330870000000001
0.8347049999999999
0.837686
0.83955
0.8403930000000001
0.840269
0.838901
0.836075
0.8317979999999999
0.828947
0.828052
0.826449
0.8237260000000001
0.820625
0.8207469999999999
0.8233860000000001
0.824891
0.8252889999999999
0.824787
0.8233229999999999
0.8207040000000001
0.81682
0.811719
0.808361
0.8075640000000001
0.8066770000000001
0.8048850000000001
0.80296
0.804177
0.807424
0.809217
0.8096949999999999
0.809191
0.807817
0.805595
0.8024979999999999
0.798535
0.796611
0.7971050000000001
0.796863
0.795183
0.7942779999999999
0.796746
0.80052
0.803177
0.80482
0.805603
0.80557
0.804601
0.802446
0.801766
0.803067
0.803573
0.802764
0.8016409999999999
0.803511
0.807405
0.810001
0.811348
0.8115359999999999
0.810521
0.8083199999999999
0.8049069999999999
0.800331
0.797632
0.797413
0.796825
0.795341
0.7945300000000001
0.7970520000000001
0.8010649999999999
0.803495
0.8043
0.803662
0.8017529999999999
0.79871
0.794532
0.789267
0.785846
0.784712
0.783068
0.7806350000000001
0.7794
0.781967
0.786456
0.790035
0.792516
0.793955
0.794283
0.793207
0.7903899999999999
0.785776
0.782313
0.780626
0.778095
0.7743899999999999
0.771469
0.772256
0.775161
0.7773439999999999
0.77871
0.779522
0.779828
0.779379
0.777845
0.777564
0.778705
0.778572
0.776908
0.774813
0.77547
0.7780279999999999
0.779453
0.7799729999999999
0.779963
0.7795890000000001
0.778752
0.7772600000000001
0.7749229999999999
0.774176
0.775338
0.775825
0.7752560000000001
0.775004
0.7779729999999999
0.78269
0.7858609999999999
0.7873399999999999
0.787454
0.7863979999999999
0.784181
0.7808609999999999
0.776641
0.774388
0.77466
0.77479
0.774192
0.774459
0.778153
0.783253
0.786652
0.788417
0.789049
0.788694
0.787158
0.784193
0.782079
0.781289
0.7796649999999999
0.777038
0.7736270000000001
0.773555
0.776982
0.77984
0.781903
0.783201
0.783632
0.7829550000000001
0.780935
0.7773939999999999
0.7746609999999999
0.7732899999999999
0.7712319999999999
0.768356
0.76536
0.765966
0.76951
0.771993
0.773406
0.774061
0.774016
0.773142
0.77128
0.768347
0.766927
0.767598
0.767854
0.76713
0.7662770000000001
0.768567
0.773075
0.776455
0.778835
0.780486
0.781417
0.781403
0.7800020000000001
0.77928
0.77973
0.779229
0.777536
0.774817
0.7749020000000001
0.778558
0.782071
0.7846890000000001
0.786432
0.787308
0.7872779999999999
0.786133
0.783573
0.7819689999999999
0.782004
0.7815340000000001
0.780267
0.778315
0.7794770000000001
0.783401
0.785913
0.7872180000000001
0.7877390000000001
0.787623
0.786886
0.785382
0.783011
0.782267
0.783556
0.7843760000000001
0.7842899999999999
0.783351
0.78541
0.790291
0.793804
0.7958890000000001
0.796775
0.7965760000000001
0.795218
0.792377
0.787938
0.784558
0.782979
0.781134
0.778877
0.7762439999999999
0.7773260000000001
0.782109
0.786012
0.78866
0.790127
0.79037
0.789137
0.7862319999999999
0.7818149999999999
0.778618
0.777237
0.775374
0.772684
0.769738
0.770385
0.774353
0.77782
0.7806310000000001
0.7829470000000001
0.784691
0.785553
0.785135
0.7831199999999999
0.7818890000000001
0.782051
0.781461
0.7798039999999999
0.777604
0.778732
0.782825
0.785991
0.788162
0.789489
0.78989
0.789291
0.787675
0.787363
0.788832
0.789877
0.790103
0.789339
0.79046
0.7944899999999999
0.798195
0.8003319999999999
0.8010689999999999
0.800542
0.798821
0.7961060000000001
0.7924720000000001
0.790239
0.790004
0.789628
0.788706
0.78717
0.7883789999999999
0.7928810000000001
0.7969569999999999
0.7998649999999999
0.8017479999999999
0.802511
0.8019470000000001
0.7999109999999999
0.796438
0.794099
0.7935989999999999
0.792758
0.791248
0.789195
0.79004
0.794331
0.7983210000000001
0.801099
0.802696
0.803232
0.802824
0.801297
0.7984399999999999
0.796682
0.796578
0.795879
0.7942560000000001
0.791705
0.7917350000000001
0.795125
0.798258
0.800309
0.801379
0.8016
0.800904
0.798968
0.79564
0.793564
0.793333
0.792616
0.79114
0.78885
0.789852
0.79435
0.797971
0.800423
0.8018149999999999
0.802171
0.801419
0.799442
0.796176
0.7941050000000001
0.793849
0.793335
0.792276
0.790416
0.791693
0.796204
0.799607
0.801813
0.8031520000000001
0.803659
0.803198
0.801671
0.799028
0.797674
0.798029
0.797657
0.796095
0.7933640000000001
0.793732
0.797458
0.800226
0.8019109999999999
0.802806
0.802932
0.802248
0.800651
0.7980430000000001
0.796987
0.798036
0.7986770000000001
0.798334
0.796879
0.798437
0.802996
0.806125
0.807801
0.808319
0.807815
0.8063779999999999
0.803895
0.800322
0.798427
0.79886
0.799096
0.798602
0.797241
0.799033
0.80405
0.807856
0.810082
0.810875
0.810476
0.8089310000000001
0.8060039999999999
0.8015770000000001
0.7983210000000001
0.7969649999999999
0.795354
0.793255
0.7907
0.7916810000000001
0.796199
0.799908
0.8024479999999999
0.803822
0.803982
0.802786
0.800131
0.798461
0.7982899999999999
0.7973680000000001
0.795497
0.79279
0.791886
0.794229
0.797162
0.799233
0.8005800000000001
0.801376
0.801539
0.800841
0.799071
0.7984020000000001
0.799167
0.799147
0.798147
0.796196
0.796188
0.799226
0.802106
0.803629
0.804213
0.804195
0.8035359999999999
0.802103
0.799834
0.7991090000000001
0.800372
0.801247
0.801196
0.800099
0.801501
0.80602
0.809778
0.81196
0.8128890000000001
0.81287
0.8120229999999999
0.810228
0.807241
0.805391
0.805319
0.804854
0.803553
0.801292
0.801535
0.804944
0.80788
0.809723
0.810664
0.810712
0.809802
0.807687
0.80414
0.801693
0.801045
0.8000010000000001
0.798275
0.795828
0.7963020000000001
0.800059
0.8031689999999999
0.80516
0.806253
0.806643
0.8063020000000001
0.80493
0.802334
0.80103
0.801623
0.801888
0.8014819999999999
0.800222
0.8016300000000001
0.806225
0.810172
0.812901
0.814602
0.8153100000000001
0.81482
0.812947
0.809811
0.808044
0.808171
0.807895
0.806816
0.804845
0.8058810000000001
0.810485
0.814612
0.817699
0.8198840000000001
0.821081
0.8210219999999999
0.8194440000000001
0.8162470000000001
0.81398
0.8133060000000001
0.812064
0.809901
0.8067340000000001
0.8066770000000001
0.8102239999999999
0.813226
0.815345
0.8167760000000001
0.8174560000000001
0.817238
0.815912
0.813283
0.811789
0.8119
0.81112
0.809036
0.805786
0.805485
0.808534
0.810794
0.811913
0.8121510000000001
0.811669
0.8105
0.808469
0.805408
0.803855
0.8043239999999999
0.804308
0.803313
0.801229
0.802178
0.806305
0.809296
0.810934
0.811326
0.810611
0.808825
0.8059069999999999
0.80196
0.799713
0.799736
0.799614
0.798959
0.7980229999999999
0.800567
0.806172
0.810546
0.813465
0.815207
0.815858
0.815226
0.813092
0.809448
0.807055
0.8066270000000001
0.805836
0.8043279999999999
0.802612
0.804562
0.809719
0.8139270000000001
0.816916
0.8187770000000001
0.819427
0.818725
0.816627
0.81308
0.810719
0.810183
0.809037
0.806932
0.8045439999999999
0.805756
0.81004
0.8133560000000001
0.8155600000000001
0.8167909999999999
0.817033
0.816186
0.814077
0.810538
0.80825
0.8079430000000001
0.807134
0.805331
0.803084
0.8041590000000001
0.808032
0.810823
0.8124680000000001
0.813117
0.812841
0.8115899999999999
0.809181
0.805497
0.803185
0.802755
0.80173
0.799884
0.797936
0.7993939999999999
0.803492
0.80637
0.80798
0.808603
0.808346
0.807076
0.804593
0.800896
0.79876
0.798702
0.798114
0.7965300000000001
0.794846
0.79645
0.800492
0.803379
0.8049569999999999
0.805497
0.805108
0.803707
0.801222
0.800168
0.8010619999999999
0.801527
0.801207
0.800012
0.801566
0.806204
0.809919
0.812188
0.813287
0.813384
0.812388
0.810183
0.806761
0.8047300000000001
0.8047979999999999
0.804764
0.804266
0.803164
0.805369
0.810875
0.815164
0.81785
0.81913
0.8190729999999999
0.8176829999999999
0.815072
0.811368
0.809199
0.809156
0.808823
0.807811
0.806233
0.80818
0.813504
0.817782
0.820895
0.823048
0.8242430000000001
0.82429
0.8228489999999999
0.8196700000000001
0.817368
0.816707
0.815355
0.812888
0.809372
0.809056
0.812257
0.814787
0.81643
0.817349
0.8175979999999999
0.817029
0.8153130000000001
0.812244
0.810424
0.810335
0.809492
0.807607
0.804876
0.805184
0.8083670000000001
0.810358
0.811237
0.811373
0.8109430000000001
0.8098920000000001
0.808024
0.8052600000000001
0.804227
0.805349
0.806005
0.8056409999999999
0.8043899999999999
0.806137
0.810752
0.814131
0.816106
0.8169420000000001
0.816715
0.815369
0.8129109999999999
0.8094439999999999
0.807721
0.808321
0.808704
0.808346
0.807553
0.810068
0.815371
0.819257
0.8216030000000001
0.822765
0.822807
0.821608
0.819092
0.815192
0.812653
0.8122119999999999
0.811351
0.809566
0.807563
0.809141
0.813702
0.817296
0.8197270000000001
0.821068
0.821332
0.8205520000000001
0.818569
0.815116
0.8127979999999999
0.812249
0.811044
0.808905
0.806512
0.807636
0.811712
0.8147909999999999
0.816732
0.8176140000000001
0.817433
0.816118
0.8134979999999999
0.809534
0.8070510000000001
0.806601
0.80557
0.803586
0.8013399999999999
0.8025100000000001
0.806527
0.809543
0.8114359999999999
0.8124140000000001
0.812541
0.811656
0.8095060000000001
0.805991
0.8038109999999999
0.8034180000000001
0.8022739999999999
0.800189
0.798326
0.800048
0.8043279999999999
0.807505
0.809449
0.8104859999999999
0.810701
0.809902
0.807884
0.80455
0.8026479999999999
0.8027270000000001
0.8021199999999999
0.8003100000000001
0.7986479999999999
0.800474
0.804506
0.807248
0.808558
0.808761
0.808088
0.80657
0.8040689999999999
0.800379
0.798226
0.798245
0.7977770000000001
0.796281
0.795277
0.797607
0.801564
0.804083
0.805275
0.805351
0.8043020000000001
0.802125
0.79875
0.796708
0.796615
0.796175
0.7951590000000001
0.793837
0.7961
0.801611
0.805987
0.8089390000000001
0.8105399999999999
0.810746
0.809541
0.806998
0.803071
0.800279
0.799317
0.797932
0.795888
0.793712
0.795351
0.800277
0.804127
0.806752
0.808403
0.809174
0.808896
0.807225
0.8040619999999999
0.802246
0.802369
0.801783
0.800027
0.797942
0.799283
0.803411
0.806523
0.808531
0.8096869999999999
0.81018
0.809891
0.8106260000000001
0.812504
0.8133279999999999
0.812837
0.811243
0.810037
0.811652
0.814681
0.81655
0.817234
0.816869
0.8156399999999999
0.815425
0.816567
0.817275
0.817235
0.8165600000000001
0.815391
0.8153199999999999
0.818299
0.82235
0.8249
0.825984
0.8259190000000001
0.824952
0.824835
0.825875
0.826616
0.82709
0.827484
0.827775
0.828
0.831349
0.8374309999999999
0.8423299999999999
0.8457040000000001
0.847715
0.848717
0.849175
0.8507120000000001
0.8532709999999999
0.855058
0.8558680000000001
0.855986
0.855671
0.854872
0.856721
0.861073
0.8643799999999999
0.8666799999999999
0.8682219999999999
0.869159
0.8694270000000001
0.870296
0.8718549999999999
0.8725780000000001
0.872246
0.870978
0.8690190000000001
0.867017
0.8676299999999999
0.8701270000000001
0.8716879999999999
0.872633
0.8734049999999999
0.874082
0.874233
0.8750379999999999
0.87669
0.877577
0.877567
0.8769889999999999
0.875959
0.8748520000000001
0.8762629999999999
0.879576
0.882009
0.8838229999999999
0.885423
0.886762
0.888826
0.891551
0.893594
0.894978
0.895956
0.896575
0.896489
0.8961979999999999
0.8982180000000001
0.901835
0.9045770000000001
0.9066299999999999
0.908208
0.9091799999999999
0.9107190000000001
0.9131309999999999
0.9152889999999999
0.917166
0.9189
0.9203389999999999
0.9209229999999999
0.920657
0.922474
0.926183
0.929126
0.931617
0.933731
0.9351649999999999
0.935695
0.9368549999999999
0.9390040000000001
0.940775
0.942045
0.942675
0.9423530000000001
0.9408770000000001
0.9411799999999999
0.944558
0.9483379999999999
0.951427
0.953586
0.9545969999999999
0.95429
0.954224
0.954952
0.955204
0.954693
0.9532959999999999
0.951069
0.948053
0.9464440000000001
0.9480709999999999
0.9508979999999999
0.9530620000000001
0.9541959999999999
0.9540620000000001
0.9525450000000001
0.9513520000000001
0.9511809999999999
0.950693
0.949483
0.947441
0.94458
0.940941
0.9389799999999999
0.940693
0.94385
0.946466
0.948348
0.94944
0.95101
0.953325
0.955126
0.9562450000000001
0.956725
0.956522
0.9555680000000001
0.953887
0.9548469999999999
0.9589639999999999
0.962785
0.9657319999999999
0.967879
0.9692360000000001
0.971201
0.974224
0.977008
0.979067
0.9802139999999999
0.980375
0.979561
0.97788
0.978678
0.9825510000000001
0.986157
0.988827
0.990547
0.991419
0.991598
0.99272
0.994964
0.9966430000000001
0.997475
0.997497
0.996777
0.995325
0.9957159999999999
0.99936
1.0035610000000001
1.0067030000000001
1.0086899999999999
1.009563
1.009258
1.009372
1.010393
1.010853
1.010486
1.009415
1.007858
1.005763
1.0045620000000002
1.0061719999999998
1.008738
1.010057
1.010291
1.009608
1.007949
1.006843
1.006612
1.005737
1.0040959999999999
1.0020200000000001
0.999668
0.9968969999999999
0.995067
0.9964360000000001
0.9993719999999999
1.001363
1.002413
1.002545
1.0016559999999999
1.001395
1.00217
1.002538
1.002443
1.002011
1.001177
0.999748
0.9991540000000001
1.001564
1.005392
1.008419
1.010664
1.012071
1.0124950000000001
1.013434
1.015232
1.016548
1.017303
1.017455
1.01686
1.015374
1.0144
1.016216
1.019492
1.022034
1.023763
1.024586
1.024354
1.024709
1.0260120000000001
1.026722
1.026657
1.025881
1.02452
1.0224739999999999
1.021533
1.023552
1.02655
1.028499
1.029319
1.029151
1.028059
1.0260040000000001
1.025111
1.025988
1.0267030000000001
1.026759
1.0259610000000001
1.024171
1.021649
1.022214
1.025664
1.028093
1.029456
1.029863
1.0292290000000002
1.0275969999999999
1.027141
1.0282870000000002
1.028965
1.028789
1.027744
1.025758
1.0227629999999999
1.022511
1.025324
1.0273809999999999
1.0283280000000001
1.0281870000000002
1.027024
1.0248680000000001
1.023643
1.02381
1.023698
1.02309
1.021895
1.020059
1.017531
1.0179639999999999
1.021405
1.023803
1.024969
1.025258
1.024853
1.023687
1.023666
1.025187
1.026246
1.026443
1.025909
1.024781
1.022935
1.0241280000000001
1.028445
1.031817
1.034024
1.035132
1.035173
1.0341049999999998
1.033915
1.035008
1.03549
1.0351700000000001
1.0341639999999999
1.032403
1.029711
1.030053
1.033615
1.0362280000000001
1.037769
1.0384959999999999
1.038389
1.037207
1.036837
1.037642
1.037658
1.036708
1.034926
1.032284
1.028857
1.0283870000000002
1.030757
1.0321639999999999
1.032775
1.0328190000000002
1.032218
1.0307950000000001
1.0303870000000002
1.0312290000000002
1.031304
1.030339
1.028451
1.025742
1.022377
1.021989
1.024367
1.025698
1.026001
1.02548
1.024255
1.022234
1.0212729999999999
1.0218
1.0220049999999998
1.0216020000000001
1.020493
1.01851
1.015837
1.015957
1.018676
1.020462
1.021318
1.021435
1.020781
1.019098
1.0183309999999999
1.019082
1.019526
1.019363
1.018626
1.017227
1.0159049999999998
1.017631
1.021476
1.024226
1.0258530000000001
1.026569
1.0263
1.02478
1.0241040000000001
1.0248030000000001
1.0248700000000002
1.024078
1.022593
1.0203870000000002
1.018602
1.020041
1.0234590000000001
1.025909
1.027323
1.027693
1.026907
1.024931
1.023942
1.024348
1.024059
1.022828
1.0206819999999999
1.017574
1.015028
1.01587
1.018656
1.02055
1.0215670000000001
1.021728
1.0208139999999999
1.018592
1.0171299999999999
1.01698
1.016319
1.0149110000000001
1.012729
1.009782
1.007543
1.008532
1.011224
1.013058
1.0140850000000001
1.014299
1.013642
1.011981
1.011327
1.012073
1.012151
1.011318
1.009739
1.007423
1.006048
1.007919
1.0112700000000001
1.013657
1.0150709999999998
1.015725
1.0156020000000001
1.014384
1.014111
1.015323
1.015937
1.0155530000000002
1.014167
1.011729
1.010478
1.012472
1.0154290000000001
1.017299
1.018161
1.01807
1.016868
1.014442
1.013249
1.0138770000000001
1.014101
1.013636
1.012519
1.010532
1.010017
1.012502
1.015244
1.016566
1.0167389999999998
1.015938
1.0140770000000001
1.0131430000000001
1.0135100000000001
1.01322
1.0121280000000001
1.010476
1.0082879999999999
1.005863
1.006739
1.010428
1.013033
1.014407
1.014637
1.013587
1.011132
1.009351
1.008743
1.007507
1.005579
1.0031379999999999
1.000137
0.9971620000000001
0.997533
1.000527
1.002645
1.0039129999999998
1.00445
1.004185
1.002977
1.002722
1.0038040000000001
1.004415
1.004325
1.003399
1.001469
0.999859
1.001163
1.004035
1.006014
1.007291
1.0078989999999999
1.007702
1.006497
1.006232
1.007287
1.007647
1.006981
1.005365
1.0029489999999999
1.0014120000000002
1.002908
1.005668
1.007308
1.007734
1.007016
1.0052940000000001
1.002493
1.0008139999999999
1.000932
1.000853
1.000184
0.9988229999999999
0.996606
0.995808
0.9979979999999999
1.000772
1.00251
1.0032709999999998
1.003199
1.0021790000000002
0.9998950000000001
0.998599
0.999009
0.9990290000000001
0.998281
0.9968549999999999
0.994691
0.993933
0.996338
0.999505
1.001565
1.002685
1.0029430000000001
1.002098
0.9999030000000001
0.998656
0.998951
0.9987659999999999
0.997973
0.996592
0.9943290000000001
0.993309
0.99545
0.998395
1.000142
1.000776
1.0003739999999999
0.998898
0.998466
0.999533
1.00013
0.9999959999999999
0.999129
0.997339
0.994978
0.995718
0.999239
1.00189
1.003686
1.004732
1.0048190000000001
1.003724
1.003347
1.004005
1.003855
1.002913
1.001375
0.9991909999999999
0.9969299999999999
0.997792
1.001
1.0031379999999999
1.004335
1.0046959999999998
1.004152
1.00272
1.002458
1.003715
1.004476
1.004343
1.003098
1.000624
0.998237
0.998699
1.000742
1.001676
1.001671
1.0008569999999999
0.999296
0.996956
0.9957719999999999
0.996116
0.996044
0.995175
0.993399
0.99067
0.9883850000000001
0.9890459999999999
0.991317
0.9926459999999999
0.99287
0.9919950000000001
0.990066
0.9869450000000001
0.984749
0.9842280000000001
0.983568
0.982434
0.980817
0.978669
0.977925
0.980326
0.9836290000000001
0.985748
0.986727
0.986843
0.9860959999999999
0.9862770000000001
0.98775
0.9886459999999999
0.9885809999999999
0.987614
0.986009
0.983977
0.985092
0.989274
0.99275
0.995359
0.997133
0.9980020000000001
0.997726
0.9980709999999999
0.9995370000000001
1.0003540000000002
1.000263
0.9994379999999999
0.9979
0.99567
0.996323
0.999756
1.002177
1.003527
1.004132
1.004099
1.003221
1.0012590000000001
1.0004540000000002
1.001199
1.001247
1.00035
0.998467
0.9953540000000001
0.993993
0.99575
0.9976010000000001
0.998459
0.998648
0.99815
0.9966719999999999
0.996052
0.996607
0.9963209999999999
0.9949389999999999
0.992534
0.9891409999999999
0.9854280000000001
0.984964
0.98719
0.98844
0.988671
0.987934
0.9861059999999999
0.9831790000000001
0.9811040000000001
0.980259
0.978929
0.977052
0.974691
0.971683
0.968831
0.9689780000000001
0.971141
0.9724520000000001
0.9730190000000001
0.9729270000000001
0.9722350000000001
0.972827
0.974849
0.9763959999999999
0.9774079999999999
0.977975
0.977958
0.977247
0.979259
0.984132
0.988109
0.9908879999999999
0.992599
0.993274
0.9929950000000001
0.9916450000000001
0.991132
0.9920389999999999
0.992585
0.992439
0.9916450000000001
0.9901760000000001
0.98967
0.9922
0.995917
0.998539
1.000017
1.000401
0.999533
0.997044
0.9952040000000001
0.994818
0.993814
0.991793
0.988842
0.984974
0.9828540000000001
0.98408
0.9861049999999999
0.987491
0.988253
0.9883190000000001
0.98731
0.9867530000000001
0.9868979999999999
0.985926
0.9837299999999999
0.980701
0.9770209999999999
0.9725159999999999
0.970928
0.9725790000000001
0.973561
0.9736299999999999
0.973007
0.971743
0.969657
0.968505
0.9687899999999999
0.968864
0.968464
0.9675459999999999
0.9658549999999999
0.963463
0.9638950000000001
0.9669049999999999
0.968893
0.969981
0.9704139999999999
0.9701110000000001
0.9707889999999999
0.972937
0.9749540000000001
0.976534
0.977683
0.978341
0.97826
0.9798600000000001
0.984152
0.9883200000000001
0.991241
0.993181
0.994173
0.9940209999999999
0.9925870000000001
0.991778
0.9920549999999999
0.991772
0.990875
0.989392
0.987142
0.985614
0.987287
0.9904940000000001
0.992634
0.9936969999999999
0.993771
0.9928379999999999
0.990701
0.9894120000000001
0.989451
0.988806
0.9871219999999999
0.9843959999999999
0.9807809999999999
0.978527
0.979541
0.9817030000000001
0.9831340000000001
0.983808
0.9835729999999999
0.982183
0.981259
0.981145
0.9803559999999999
0.978856
0.976758
0.9741190000000001
0.970828
0.9696809999999999
0.97152
0.973406
0.9744120000000001
0.974497
0.973733
0.972139
0.9714
0.9719049999999999
0.9721120000000001
0.9717809999999999
0.9709030000000001
0.9695090000000001
0.967408
0.9679989999999999
0.971657
0.974725
0.976857
0.978226
0.9789549999999999
0.978965
0.980002
0.982457
0.984497
0.985693
0.9859969999999999
0.985355
0.983943
0.985467
0.9898399999999999
0.993268
0.995604
0.996991
0.997366
0.9965360000000001
0.99644
0.997616
0.998233
0.997958
0.9968319999999999
0.9948020000000001
0.9920459999999999
0.992032
0.9944200000000001
0.995568
0.995626
0.9948379999999999
0.993158
0.990484
0.98877
0.988391
0.987461
0.985866
0.983743
0.981016
0.9785
0.979223
0.982234
0.984259
0.985182
0.985022
0.9837370000000001
0.9831280000000001
0.9835440000000001
0.9833620000000001
0.982541
0.981246
0.979447
0.977087
0.976208
0.9784139999999999
0.981475
0.9836219999999999
0.984906
0.985317
0.984783
0.984864
0.9858889999999999
0.986449
0.9863959999999999
0.9856520000000001
0.984109
0.981656
0.9805459999999999
0.9822850000000001
0.984719
0.986559
0.9878600000000001
0.9886379999999999
0.9888120000000001
0.989981
0.992291
0.9939180000000001
0.99455
0.9942209999999999
0.993078
0.991066
0.991402
0.9947299999999999
0.997676
0.999582
1.000535
1.000672
0.999935
1.0000120000000001
1.0013459999999998
1.002319
1.002622
1.00219
1.0009299999999999
0.998556
0.998125
1.00054
1.002607
1.003575
1.0036120000000002
1.002744
1.000751
0.9994280000000001
0.9993540000000001
0.9988739999999999
0.997713
0.995959
0.993607
0.9904459999999999
0.989916
0.9924950000000001
0.9945940000000001
0.9958610000000001
0.996398
0.996009
0.994426
0.9934569999999999
0.9935889999999999
0.9932030000000001
0.992266
0.990935
0.9890530000000001
0.9863639999999999
0.986259
0.989302
0.991901
0.993476
0.994093
0.993772
0.9925729999999999
0.9923209999999999
0.993394
0.994117
0.994172
0.993381
0.991574
0.9887549999999999
0.988675
0.991864
0.994742
0.996943
0.998403
0.9989030000000001
0.99823
0.9981479999999999
0.999085
0.9994370000000001
0.999027
0.9978819999999999
0.9960700000000001
0.9937370000000001
0.994519
0.998297
1.001256
1.003235
1.004194
1.004098
1.002913
1.002529
1.003391
1.00367
1.003068
1.001689
0.9995379999999999
0.996741
0.996834
0.999655
1.001498
1.002315
1.0023959999999998
1.001822
1.0003739999999999
0.999791
1.000473
1.000543
0.9995809999999999
0.9975719999999999
0.9945430000000001
0.9907950000000001
0.990189
0.9926209999999999
0.994224
0.9949040000000001
0.99477
0.9937
0.99329
0.993991
0.99435
0.9941909999999999
0.9936010000000001
0.992591
0.9909479999999999
0.9903209999999999
0.9923930000000001
0.995084
0.9964620000000001
0.9967540000000001
0.9962040000000001
0.9948670000000001
0.994491
0.9953850000000001
0.9958530000000001
0.995684
0.995024
0.993883
0.9920399999999999
0.991798
0.994611
0.997967
1.0003549999999999
1.001788
1.0022870000000002
1.001829
1.0021120000000001
1.0033459999999998
1.0037719999999999
1.00329
1.002091
1.0002959999999999
0.997977
0.9982059999999999
1.0016040000000002
1.004828
1.0070540000000001
1.008334
1.0085520000000001
1.0075020000000001
1.006901
1.007213
1.006958
1.006014
1.0043959999999998
1.002089
0.9988940000000001
0.997819
0.999575
1.0010729999999999
1.001811
1.001976
1.001628
1.000574
1.000367
1.001234
1.001385
1.000541
0.998768
0.99621
0.9928309999999999
0.992187
0.994785
0.9969709999999999
0.998288
0.9988040000000001
0.998525
0.9972719999999999
0.996757
0.9974940000000001
0.9979120000000001
0.997811
0.9972059999999999
0.99593
0.993692
0.9940329999999999
0.997403
1.000049
1.001541
1.00207
1.001681
1.0002950000000002
0.9998799999999999
1.000988
1.0017989999999999
1.001908
1.001257
0.9997020000000001
0.996993
0.9969520000000001
0.999908
1.002066
1.003455
1.004189
1.004071
1.002903
1.002506
1.003227
1.003254
1.002489
1.001132
0.999183
0.996778
0.997627
1.001484
1.00431
1.005895
1.006245
1.005352
1.003343
1.002269
1.002651
1.002801
1.002393
1.001242
0.9992059999999999
0.9964729999999999
0.9967219999999999
0.999757
1.001818
1.002915
1.003159
1.002504
1.002558
1.003568
1.003963
1.0035450000000001
1.002235
0.9999969999999999
0.996923
0.994956
0.9960530000000001
0.998459
1.000227
1.0011700000000001
1.001182
1.000212
0.9998969999999999
1.0004680000000001
1.000342
0.999408
0.997842
0.9958389999999999
0.993297
0.992233
0.9941540000000001
0.996713
0.9981909999999999
0.9986450000000001
0.998396
0.99761
0.998034
1.000029
1.001844
1.002984
1.0032219999999998
1.00243
1.000421
0.99998
1.0023790000000001
1.004904
1.006578
1.007581
1.007896
1.007208
1.007141
1.0081209999999998
1.008469
1.007946
1.006738
1.004985
1.002541
1.002397
1.005252
1.007773
1.0091459999999999
1.0094670000000001
1.008658
1.0065520000000001
1.0050780000000001
1.0048030000000001
1.004103
1.0029489999999999
1.001468
0.99946
0.996607
0.996455
0.999331
1.0014399999999999
1.002513
1.002738
1.002166
1.0007840000000001
1.000335
1.0010700000000001
1.001215
1.00052
0.998964
0.996508
0.9932120000000001
0.9927440000000001
0.995708
0.9985850000000001
1.000856
1.002397
1.002948
1.002256
1.002016
1.002718
1.0029219999999999
1.002533
1.001565
0.999975
0.997539
0.9976659999999999
1.000729
1.003116
1.00454
1.0051139999999998
1.004896
1.003871
1.003875
1.005279
1.006177
1.006162
1.005248
1.0033860000000001
1.000509
1.000435
1.003341
1.005426
1.006634
1.0071700000000001
1.007003
1.005823
1.005335
1.00597
1.005966
1.005036
1.0032379999999999
1.000605
0.9973360000000001
0.997294
1.000346
1.002461
1.003472
1.003447
1.002284
0.999908
0.9984569999999999
0.998616
0.9986229999999999
0.998179
0.997225
0.995502
0.993022
0.993275
0.995999
0.99755
0.9980979999999999
0.9979180000000001
0.9970129999999999
0.9971049999999999
0.998418
0.9991200000000001
0.9989389999999999
0.9979899999999999
0.996326
0.9939030000000001
0.992935
0.995131
0.998208
1.0003469999999999
1.001443
1.001457
1.000397
0.999973
1.000446
1.000225
0.999317
0.9979309999999999
0.996135
0.9939100000000001
0.993748
0.9966430000000001
0.999727
1.0017129999999999
1.002684
1.002687
1.001693
1.00148
1.002451
1.0030139999999999
1.002924
1.0020950000000002
1.0004950000000001
0.9979889999999999
0.997618
1.0001280000000001
1.002494
1.0042229999999999
1.005448
1.0061360000000001
1.0060069999999999
1.006516
1.007824
1.008155
1.007285
1.0054020000000001
1.002788
0.9994569999999999
0.998656
1.001068
1.003227
1.004343
1.0044879999999998
1.0037479999999999
1.0020040000000001
1.001033
1.001388
1.001464
1.001002
0.999948
0.9980899999999999
0.995128
0.994872
0.997574
0.99928
0.999908
0.999776
0.9989520000000001
0.9972989999999999
0.996705
0.997618
0.998143
0.997915
0.9969709999999999
0.995239
0.992491
0.992563
0.995711
0.998042
0.99954
1.000278
1.000055
0.998698
0.998026
0.9984629999999999
0.998352
0.997676
0.9966280000000001
0.995123
0.9930459999999999
0.9941200000000001
0.9981979999999999
1.001163
1.002889
1.003463
1.002905
1.001328
1.000753
1.001634
1.002184
1.002026
1.000976
0.998927
0.996266
0.996642
0.999806
1.0021950000000002
1.003819
1.004697
1.004659
1.0034399999999999
1.0028540000000001
1.003425
1.003395
1.002434
1.0005620000000002
0.997891
0.994925
0.995124
0.9981530000000001
1.00042
1.00165
1.001803
1.00086
1.000556
1.0012
1.001199
1.000409
0.998917
0.99684
0.9940979999999999
0.9925870000000001
0.993942
0.996029
0.997029
0.9969950000000001
0.996223
0.994871
0.994605
0.9957159999999999
0.996516
0.9966149999999999
0.995886
0.9942770000000001
0.991643
0.990475
0.99235
0.994834
0.9965370000000001
0.9975459999999999
0.99787
0.9972850000000001
0.997467
0.9988670000000001
0.9998309999999999
1.0001
0.999784
0.998949
0.99739
0.998091
1.001608
1.004579
1.006383
1.0072020000000002
1.006999
1.005633
1.0049780000000001
1.005508
1.005526
1.004915
1.0037770000000001
1.001959
0.999185
0.998862
1.001527
1.003581
1.0045389999999998
1.004548
1.003634
1.001742
1.000644
1.000659
1.00006
0.9986659999999999
0.996511
0.993599
0.9900760000000001
0.989907
0.993128
0.995764
0.997684
0.9988239999999999
0.9989540000000001
0.9978469999999999
0.9972610000000001
0.99769
0.9976450000000001
0.997033
0.9958790000000001
0.9941260000000001
0.991517
0.9916360000000001
0.9947299999999999
0.997049
0.998492
0.999185
0.999182
0.998418
0.9986219999999999
1.000129
1.001074
1.001084
1.0001959999999999
0.998367
0.995439
0.995291
0.998187
1.038828
1.116837
1.191914
1.262856
1.3294549999999998
1.391355
1.448907
1.5018200000000002
1.5494
1.59189
1.630091
1.6640110000000001
1.697984
1.7328459999999999
1.764375
1.7921770000000001
1.81637
1.8374549999999998
1.832226
1.797455
1.7597470000000002
1.725927
1.6969459999999998
1.672614
1.651863
1.634556
1.621393
1.6120780000000001
1.605551
1.605819
1.6143040000000002
1.626951
1.64212
1.6590619999999998
1.6774669999999998
1.696405
1.736662
1.80805
1.8857389999999998
1.954235
2.0111310000000002
2.057258
2.094287
2.122826
2.142451
2.153658
2.157929
2.156152
2.1485689999999997
2.139524
2.131464
2.122267
2.111689
2.1004080000000003
2.074364
2.02493
1.968705
1.925618
1.901427
1.8897689999999998
1.886789
1.891232
1.902686
1.9198
1.945096
1.977369
2.010622
2.04316
2.073959
2.1025669999999996
2.129007
2.152719
2.186566
2.239361
2.295282
2.33818
2.362731
2.370069
2.363516
2.3459369999999997
2.319253
2.2857060000000002
2.24815
2.208781
2.168586
2.132733
2.102897
2.075201
2.049126
2.025403
1.997314
1.957955
1.9203119999999998
1.8988740000000002
1.893964
1.902178
1.919645
1.942941
1.9697619999999998
2.002821
2.039961
2.073793
2.102529
2.1257900000000003
2.143192
2.154462
2.1594990000000003
2.157963
2.157679
2.166079
2.175467
2.174185
2.156919
2.124868
2.082246
2.0330369999999998
1.979968
1.9254779999999998
1.8758700000000001
1.8339759999999998
1.797455
1.766404
1.7413490000000003
1.7224150000000003
1.709285
1.704146
1.7051509999999999
1.7033040000000002
1.697575
1.6959819999999999
1.703941
1.7260509999999998
1.759104
1.7937740000000002
1.8262720000000001
1.854265
1.8755380000000001
1.8885560000000001
1.8939840000000001
1.894414
1.888293
1.8728
1.848675
1.8170680000000001
1.7822619999999998
1.7503220000000002
1.721123
1.688361
1.646825
1.59646
1.544924
1.496995
1.451645
1.4104459999999999
1.375422
1.348941
1.335988
1.335194
1.341086
1.35258
1.368221
1.386107
1.402045
1.4155010000000001
1.425972
1.432964
1.441222
1.452361
1.465381
1.4803899999999999
1.493148
1.4976129999999999
1.491914
1.475039
1.4469809999999999
1.408643
1.361479
1.307574
1.249562
1.190094
1.137148
1.0962020000000001
1.064242
1.0360719999999999
1.008937
0.983074
0.9568549999999999
0.930949
0.908875
0.8933610000000001
0.886044
0.8872909999999999
0.901015
0.9253629999999999
0.9521280000000001
0.9788690000000001
1.006998
1.033224
1.050993
1.057451
1.0525
1.040286
1.0262440000000002
1.012897
0.998826
0.980628
0.9552639999999999
0.9210790000000001
0.882416
0.8406799999999999
0.792986
0.746577
0.7052390000000001
0.665185
0.62659
0.591375
0.561754
0.540411
0.5282640000000001
0.5281899999999999
0.535816
0.5478810000000001
0.5627439999999999
0.575299
0.587609
0.601114
0.6162810000000001
0.633038
0.6503359999999999
0.666243
0.6788489999999999
0.686439
0.687281
0.679899
0.66291
0.639935
0.611392
0.579417
0.551199
0.5261640000000001
0.5021979999999999
0.47764300000000004
0.450371
0.4192
0.38406799999999996
0.345642
0.305384
0.271266
0.251945
0.24369200000000002
0.23978200000000002
0.23935
0.243286
0.25251
0.26709299999999997
0.284576
0.300551
0.311261
0.315418
0.320083
0.332343
0.34965599999999997
0.366537
0.37990300000000005
0.388923
0.392424
0.38974899999999996
0.380843
0.365505
0.343371
0.31417399999999995
0.277615
0.23404499999999998
0.192144
0.164492
0.147814
0.133851
0.1216
0.110056
0.098412
0.08644500000000001
0.0745
0.063479
0.054463
0.047944
0.054091999999999994
0.077568
0.106928
0.13583199999999998
0.164049
0.191334
0.215979
0.235339
0.247229
0.250853
0.24705
0.23747100000000002
0.223491
0.20587600000000003
0.191743
0.188701
0.188418
0.181323
0.16777899999999998
0.14948699999999998
0.127686
0.103004
0.07584199999999999
0.046838
0.01753
-0.005628
-0.005986
0.013585
0.033135000000000005
0.048665
0.062438
0.074573
0.0848
0.09386
0.102925
0.112345
0.121348
0.128658
0.13333599999999998
0.143929
0.167158
0.193071
0.21268
0.22431399999999999
0.22751799999999997
0.222998
0.21214
0.196582
0.177988
0.157625
0.136047
0.11293199999999999
0.087542
0.06942899999999999
0.064606
0.063236
0.059484
0.054167999999999994
0.048624
0.043882
0.040923
0.041013
0.044882
0.051891999999999994
0.060513
0.07904800000000001
0.110924
0.143782
0.17061099999999998
0.191644
0.208029
0.220739
0.230527
0.23756999999999998
0.24146399999999998
0.241662
0.23758400000000002
0.22876300000000002
0.21480500000000002
0.195134
0.176963
0.168852
0.163972
0.155158
0.14466400000000001
0.134911
0.126866
0.120406
0.11492999999999999
0.109731
0.10414000000000001
0.097896
0.09124199999999999
0.09405
0.11241500000000001
0.136124
0.158333
0.179329
0.19985899999999998
0.220129
0.23960599999999999
0.256794
0.269544
0.276064
0.27568400000000004
0.268903
0.256918
0.24744899999999997
0.249532
0.257114
0.260909
0.26012399999999997
0.255718
0.248421
0.238429
0.22571100000000002
0.21023699999999998
0.19212
0.17194700000000002
0.151137
0.13994600000000001
0.146872
0.16329000000000002
0.18043900000000002
0.196982
0.21220799999999998
0.225852
0.238181
0.24953899999999998
0.259884
0.26863400000000004
0.275113
0.27909
0.280756
0.280381
0.284435
0.29944899999999997
0.318502
0.332223
0.338646
0.33866
0.333482
0.324581
0.313442
0.300872
0.286858
0.271079
0.253452
0.234361
0.22070399999999998
0.221257
0.228873
0.233643
0.235658
0.23650500000000002
0.23801399999999998
0.24160500000000001
0.247704
0.255715
0.264383
0.272122
0.277486
0.286114
0.30482
0.32808899999999996
0.348016
0.362782
0.37262
0.378369
0.381245
0.38210900000000003
0.381123
0.377608
0.370258
0.35792399999999996
0.340334
0.31811500000000004
0.298698
0.29047
0.289473
0.288612
0.286828
0.285149
0.284065
0.28384000000000004
0.284664
0.286067
0.286898
0.286092
0.2832
0.28487399999999996
0.29894699999999996
0.320794
0.34270700000000004
0.362512
0.379753
0.394075
0.405224
0.412836
0.416337
0.41519399999999995
0.409206
0.398451
0.383238
0.36438000000000004
0.349292
0.34476
0.34722
0.349896
0.349544
0.346327
0.34053
0.332751
0.32394
0.314848
0.305816
0.297046
0.288817
0.281352
0.280958
0.294456
0.315716
0.335866
0.352625
0.366102
0.376774
0.38506999999999997
0.391192
0.395136
0.396696
0.395361
0.390504
0.3818
0.375481
0.37667399999999995
0.381957
0.385414
0.383777
0.378257
0.370257
0.360831
0.35083200000000003
0.340638
0.329985
0.318362
0.30548000000000003
0.291342
0.282477
0.286467
0.298103
0.30940700000000004
0.31911
0.32812800000000003
0.337282
0.34689899999999996
0.356608
0.365309
0.371603
0.374287
0.372571
0.36630300000000005
0.362319
0.366823
0.37644299999999997
0.385049
0.38966100000000004
0.391071
0.389945
0.386413
0.380358
0.371429
0.359079
0.34298
0.323491
0.301748
0.285496
0.283145
0.289796
0.29722600000000005
0.303606
0.309228
0.314381
0.319131
0.323245
0.326138
0.32717399999999996
0.326024
0.32274200000000003
0.31772
0.31793000000000005
0.33013200000000004
0.348976
0.36604899999999996
0.378161
0.385389
0.38821500000000003
0.38704
0.382302
0.374335
0.363221
0.34899600000000003
0.331997
0.312948
0.29895900000000003
0.297392
0.30283499999999997
0.306867
0.307363
0.30506
0.301083
0.296592
0.292533
0.289186
0.286197
0.283045
0.27929899999999996
0.27471
0.275652
0.289319
0.309276
0.32637
0.338794
0.34722600000000003
0.352654
0.35583000000000004
0.357165
0.356527
0.35323699999999997
0.34641500000000003
0.335437
0.320329
0.30797199999999997
0.305669
0.308822
0.31000500000000003
0.307462
0.30236999999999997
0.296018
0.289337
0.282835
0.276351
0.269142
0.260452
0.24994299999999997
0.23786999999999997
0.231341
0.239371
0.255536
0.270284
0.282833
0.29356
0.30275599999999997
0.310408
0.316237
0.31958200000000003
0.319524
0.31533
0.306793
0.29439099999999996
0.285366
0.287576
0.29586599999999996
0.302
0.304039
0.302464
0.297898
0.290802
0.28163499999999997
0.27064299999999997
0.257774
0.24302100000000001
0.22668400000000002
0.20945500000000003
0.199113
0.204371
0.217729
0.229446
0.23875
0.24595300000000003
0.251461
0.255608
0.258654
0.260524
0.26077
0.258919
0.25466
0.254379
0.265914
0.282883
0.296187
0.304431
0.307655
0.306357
0.301465
0.293935
0.284536
0.273556
0.260813
0.246067
0.229233
0.21704099999999998
0.218377
0.22634200000000002
0.23143000000000002
0.233721
0.234303
0.234123
0.233762
0.23369
0.234235
0.235078
0.235323
0.234025
0.230463
0.23081
0.24342800000000003
0.261383
0.27523800000000004
0.28486999999999996
0.29130300000000003
0.295338
0.297245
0.296991
0.294261
0.288468
0.279142
0.266045
0.249153
0.228875
0.206025
0.18149200000000001
0.156031
0.13030899999999998
0.10513099999999999
0.081237
0.058830999999999994
0.037683999999999995
0.017277
-0.001076
-0.013198
-0.017601
-0.016447999999999997
-0.011948
-0.006142
-0.000654
0.0034840000000000006
0.005674
0.005654
0.003611
0.000155
-0.0039299999999999995
-0.008062999999999999
-0.011842
-0.014768
-0.016364
-0.016367
-0.014803
-0.012054
-0.008711
-0.005454
-0.002904
-0.0013599999999999999
-0.000755
-0.000795
-0.000867
-0.0005740000000000001
0.00031299999999999996
0.001983
0.004218
0.006790999999999999
0.009489000000000001
0.011921
0.013609
0.014185
0.013513999999999998
0.011764
0.009329
0.006731
0.005378
0.005226
0.0047
0.0036799999999999997
0.002613
0.0014869999999999998
4.4e-05
-0.0017800000000000001
-0.003868
-0.006104999999999999
-0.008408
-0.010539
-0.01213
-0.012866999999999998
-0.012603
-0.011414
-0.009567
-0.007462000000000001
-0.005514
-0.003971
-0.0029219999999999997
-0.002338
-0.002017
-0.001594
-0.000739
0.000654
0.002462
0.004528
0.006737999999999999
0.008877
0.010608
0.011623999999999999
0.011767
0.011067
0.009712
0.008015999999999999
0.006333
0.0049039999999999995
0.003824
0.003095
0.002594
0.002058
0.004124
0.007965
0.008692
0.005752
0.000607
-0.004802000000000001
-0.009002
-0.011617
-0.012636
-0.012312
-0.011031000000000001
-0.009241
-0.007382
-0.005756
-0.0044859999999999995
-0.003575
-0.002925
-0.0023239999999999997
-0.0014449999999999999
-3.6e-05
0.00176
0.0035670000000000003
0.005175
0.006558
0.007701
0.008532
0.008975
0.009004
0.008634999999999999
0.007948
0.007095000000000001
0.006220000000000001
0.005397
0.004651
0.003958
0.0032159999999999997
0.002226
0.0008119999999999999
-0.0009279999999999999
-0.0026850000000000003
-0.004257
-0.005612
-0.006756999999999999
-0.007651000000000001
-0.008227
-0.008440999999999999
-0.008292
-0.007835
-0.007181999999999999
-0.006449
-0.005714
-0.005018
-0.0043490000000000004
-0.0036270000000000004
-0.0027
-0.0014269999999999999
0.000143
0.001778
0.0032840000000000005
0.004607
0.005758
0.006717
0.007418000000000001
0.007804000000000001
0.007859
0.00762
0.0071730000000000006
0.006601999999999999
0.005974
0.005338
0.0053100000000000005
0.005579
0.004903
0.0032600000000000003
0.001235
-0.000759
-0.00251
-0.00396
-0.005147
-0.006104
-0.006821
-0.007259000000000001
-0.007402
-0.007287999999999999
-0.006989
-0.006566
-0.00606
-0.005515
-0.0049369999999999995
-0.004259000000000001
-0.003409
-0.002353
-0.001118
0.000196
0.001483
0.0026920000000000004
0.0038179999999999998
0.004854
0.005754
0.006436
0.006834999999999999
0.006952
0.006846
0.006576
0.006179
0.0057009999999999995
0.005167000000000001
0.00454
0.0037579999999999996
0.002788
0.001655
0.000439
-0.000715
-0.001829
-0.002955
-0.004011
-0.004954
-0.005716
-0.006234
-0.006494
-0.006532
-0.006398
-0.006129
-0.005759
-0.0053100000000000005
-0.004762
-0.004069
-0.0032020000000000004
-0.002173
-0.001048
9.9e-05
0.001219
0.002299
0.003322
0.004252000000000001
0.005034
0.00562
0.005986
0.006143
0.006129
0.00598
0.005721
0.005363000000000001
0.004896
0.004292
0.0035259999999999996
0.0026
0.001568
0.000505
-0.000547
-0.0015789999999999999
-0.002584
-0.0035240000000000002
-0.004342
-0.004995
-0.005461
-0.005732
-0.00583
-0.00579
-0.0056359999999999995
-0.005374
-0.004992
-0.004476
-0.003805
-0.002978
-0.0020329999999999997
-0.001034
-3.4e-05
0.000953
0.001925
0.0028539999999999998
0.003689
0.004383
0.004914
0.005274
0.00547
0.005525
0.005463
0.005291
0.005
0.004575
0.004177
0.003604
0.002686
0.001673
0.000648
-0.00035099999999999997
-0.00132
-0.00225
-0.003098
-0.003819
-0.004393
-0.0048189999999999995
-0.005099
-0.00524
-0.005261
-0.005174
-0.0049689999999999995
-0.004626
-0.004131
-0.0034920000000000003
-0.002742
-0.0019199999999999998
-0.001059
-0.000188
0.000691
0.0015710000000000001
0.0024170000000000003
0.003172
0.003803
0.004302
0.004668
0.0049
0.005007
0.005004
0.004888
0.004639
0.004242
0.0036950000000000004
0.003031
0.002286
0.001491
0.000668
-0.000171
-0.0010199999999999999
-0.00185
-0.0026149999999999997
-0.0032770000000000004
-0.003821
-0.004243
-0.004542
-0.004718
-0.004779
-0.004728
-0.004561
-0.004258
-0.003807
-0.0032340000000000003
-0.002577
-0.0018629999999999999
-0.001103
-0.000312
0.0004940000000000001
0.001294
0.002054
0.002736
0.003314
0.0037840000000000005
0.00415
0.004407
0.004548
0.004569
0.0044729999999999995
0.004252000000000001
0.0038880000000000004
0.003394
0.002811
0.002167
0.00147
0.000728
-3.9e-05
-0.000807
-0.001551
-0.0022370000000000003
-0.002836
-0.003334
-0.0037340000000000003
-0.004039
-0.0042439999999999995
-0.004338
-0.004318
-0.004177
-0.0039049999999999996
-0.0035039999999999997
-0.003003
-0.002432
-0.0018039999999999998
-0.0011220000000000002
-0.00040199999999999996
0.000333
0.001058
0.0017460000000000002
0.002369
0.002907
0.003348
0.003693
0.003949
0.004104
0.004144
0.004067
0.00387
0.003551
0.0031260000000000003
0.002621
0.0020570000000000002
0.001438
0.0007700000000000001
7.6e-05
-0.0006129999999999999
-0.001273
-0.001889
-0.0024460000000000003
-0.002921
-0.0033090000000000003
-0.003614
-0.003831
-0.00394
-0.0039310000000000005
-0.003807
-0.0035700000000000003
-0.003225
-0.002791
-0.00229
-0.001731
-0.001114
-0.00045599999999999997
0.000213
0.0008619999999999999
0.0014730000000000001
0.002032
0.002526
0.002942
0.003279
0.003535
0.003696
0.0037479999999999996
0.0036880000000000003
0.0035189999999999996
0.0032479999999999996
0.0028870000000000002
0.002454
0.0019579999999999997
0.001405
0.000808
0.000185
-0.00044100000000000004
-0.001046
-0.001609
-0.0021190000000000002
-0.002565
-0.002943
-0.00324
-0.0034490000000000002
-0.0035600000000000002
-0.0035659999999999997
-0.003462
-0.0032549999999999996
-0.0029579999999999997
-0.002585
-0.0021379999999999997
-0.001629
-0.0010810000000000001
-0.0005070000000000001
8.4e-05
0.000671
0.001222
0.001726
0.002186
0.00259
0.0029170000000000003
0.00316
0.0033200000000000005
0.003387
0.0033469999999999997
0.0032049999999999995
0.0029809999999999997
0.0026850000000000003
0.0023079999999999997
0.001853
0.001349
0.000817
0.000258
-0.000312
-0.000859
-0.001364
-0.001831
-0.002257
-0.002616
-0.002893
-0.003091
-0.0032049999999999995
-0.0032189999999999996
-0.003129
-0.0029530000000000003
-0.002709
-0.002393
-0.002002
-0.0015539999999999998
-0.0010689999999999999
-0.000556
-2.2e-05
0.0005059999999999999
0.001004
0.001469
0.001902
0.002282
0.002593
0.00283
0.002993
0.00307
0.003048
0.00293
0.002735
0.002472
0.002137
0.001734
0.001286
0.00081
0.00031099999999999997
-0.000197
-0.0006900000000000001
-0.001153
-0.001585
-0.001977
-0.00231
-0.00257
-0.002755
-0.002866
-0.002898
-0.002841
-0.002702
-0.002495
-0.002223
-0.0018809999999999999
-0.0014810000000000001
-0.001046
-0.000587
-0.00011
0.000367
0.000826
0.001259
0.001661
0.002019
0.002317
0.002542
0.0026899999999999997
0.0027600000000000003
0.00275
0.002659
0.002497
0.003128
0.004212
0.004184
0.003127
0.001825
0.000678
-0.00023799999999999998
-0.000919
-0.001402
-0.0017420000000000003
-0.001993
-0.002193
-0.002353
-0.001464
2.2e-05
0.00023799999999999998
-0.000551
-0.001399
-0.001957
-0.002141
-0.002009
-0.001697
-0.0013130000000000001
-0.000898
-0.000454
1.7e-05
0.0005009999999999999
0.000967
0.001394
0.001773
0.00209
0.002348
0.002573
0.002729
0.002734
0.002568
0.002268
0.001883
0.00148
0.001129
0.000857
0.0006349999999999999
0.000408
0.000133
-0.000207
-0.000594
-0.000995
-0.001384
-0.001737
-0.002046
-0.0023190000000000003
-0.002526
-0.001534
0.00022200000000000003
0.000758
0.000226
-0.000463
-0.0009630000000000001
-0.001231
-0.0012619999999999999
-0.001083
-0.0007440000000000001
-0.000295
0.00020899999999999998
0.0007070000000000001
0.001155
0.002693
0.004953
0.005918
0.005412
0.0042710000000000005
0.003203
0.002373
0.0017170000000000002
0.0011949999999999999
0.000824
0.000602
0.00047400000000000003
0.000371
0.001176
0.002466
0.002508
0.001463
0.000217
-0.0008089999999999999
-0.001507
-0.001936
-0.002221
-0.002438
-0.0026079999999999996
-0.002675
-0.002546
-0.002216
-0.001784
-0.001355
-0.000981
-0.000657
-0.00034500000000000004
3e-06
0.000361
0.0006580000000000001
0.000866
0.000995
0.00107
0.0011619999999999998
0.002896
0.005836
0.007265000000000001
0.006827
0.005275
0.003471
0.001978
0.00093
0.00032
2.8999999999999997e-05
-0.000106
-0.00022
-0.000359
0.0016589999999999999
0.00525
0.006712999999999999
0.005659
0.0032240000000000003
0.0006730000000000001
-0.001198
-0.002344
-0.002933
-0.003128
-0.003029
-0.002719
-0.002292
-0.000185
0.003052
0.004564
0.004123
0.00279
0.001539
0.0008179999999999999
0.0005769999999999999
0.000545
0.000544
0.000545
0.000563
0.0006519999999999999
0.0008759999999999999
0.00121
0.0015539999999999998
0.001805
0.001907
0.0018989999999999999
0.0018579999999999998
0.001727
0.001372
0.000785
6.7e-05
-0.0006889999999999999
-0.00134
0.000685
0.004795000000000001
0.006817
0.0061719999999999995
0.0038950000000000005
0.001256
-0.0008359999999999999
-0.002219
-0.002915
-0.003046
-0.0028190000000000003
-0.002457
-0.002046
0.000452
0.004514
0.006693999999999999
0.006585
0.005098
0.003293
0.001946
0.001111
0.000601
0.000279
0.000129
0.00016299999999999998
0.000356
0.0033740000000000003
0.008509000000000001
0.011136
0.010662
0.00829
0.005147
0.002332
0.000346
-0.000977
-0.0018329999999999998
-0.002343
-0.002605
-0.00264
-5e-05
0.0045049999999999995
0.006862
0.006418999999999999
0.004233
0.001691
-0.000146
-0.001185
-0.001739
-0.002068
-0.002258
-0.002315
-0.002166
0.0012029999999999999
0.007104999999999999
0.010536
0.010740999999999999
0.008889
0.006023
0.0033130000000000004
0.001451
0.000333
-0.000256
-0.000539
-0.0007019999999999999
-0.000745
0.003196
0.010365000000000001
0.014454
0.014449000000000002
0.011776
0.007729000000000001
0.003674
0.000585
-0.001474
-0.002747
-0.003425
-0.003677
-0.003594
-0.003204
0.0008300000000000001
0.007658
0.01152
0.011514
0.009044
0.005463
0.0020800000000000003
-0.00043499999999999995
-0.002133
-0.00309
-0.00345
-0.0032979999999999997
-0.0026320000000000002
0.002165
0.010107
0.014842
0.015304
0.012906
0.009051
0.005101
0.00201
-4.6e-05
-0.001301
-0.001572
-0.001057
-0.000433
0.0048270000000000006
0.013647
0.018084
0.016953
0.012309
0.0061259999999999995
0.000452
-0.00339
-0.005442
-0.006059
-0.005472
-0.00399
-0.001994
0.004612
0.014969999999999999
0.021496
0.022257
0.018976
0.013544999999999998
0.007240000000000001
0.0016190000000000002
-0.002489
-0.005247
-0.006687
-0.006881999999999999
-0.00606
0.0005610000000000001
0.011472
0.017703999999999998
0.017827000000000003
0.014430000000000002
0.010066
0.006131
0.003378
0.002008
0.00146
0.001119
0.000834
0.0006129999999999999
0.006327
0.016684
0.021598
0.019655000000000002
0.013747
0.0064930000000000005
0.00011
-0.003796
-0.005037
-0.004536999999999999
-0.003261
-0.001523
0.0007099999999999999
0.009134
0.02206
0.029162999999999998
0.028614999999999998
0.022762
0.014171000000000001
0.005162
-0.002156
-0.0068260000000000005
-0.009152
-0.009443
-0.007882
-0.0047539999999999995
0.005239
0.019888
0.028419999999999997
0.028948
0.023981
0.016316
0.008424
0.0020050000000000003
-0.002432
-0.00507
-0.00603
-0.005635
-0.004359
0.004726
0.019736
0.028306
0.028720999999999997
0.023992
0.016742
0.009235
0.002964
-0.001552
-0.004335
-0.0055780000000000005
-0.00563
-0.004777
0.004441
0.020257
0.029514
0.029831
0.024435
0.016622
0.009033
0.003048
-0.001266
-0.004099
-0.005219
-0.0047090000000000005
-0.003179
0.006631000000000001
0.022661
0.031352
0.030514999999999997
0.023836000000000003
0.014650999999999999
0.0054789999999999995
-0.001471
-0.005443
-0.0068980000000000005
-0.0060869999999999995
-0.003664
-0.0006360000000000001
0.002333
0.01293
0.028845
0.036252
0.033886
0.026048
0.015936000000000002
0.005906000000000001
-0.002111
-0.007243
-0.009517
-0.009264
-0.007214
-0.004034
0.0081
0.026704000000000002
0.037252
0.037741000000000004
0.032332
0.024228
0.014990999999999999
0.00571
-0.0022789999999999998
-0.007941
-0.010666
-0.010373
-0.007840999999999999
0.004277
0.023149
0.034136
0.035335000000000005
0.030827999999999998
0.023612
0.01521
0.006957
0.000132
-0.00465
-0.007111
-0.0072569999999999996
-0.005739
0.005717
0.024687999999999998
0.035393
0.035745
0.030706999999999998
0.023388
0.014958
0.006781999999999999
0.00029
-0.003998
-0.005862
-0.005392
-0.003535
0.008058
0.027152999999999997
0.038215
0.040102
0.037688
0.032978
0.026414
0.018047
0.007896
-0.0016600000000000002
-0.007648
-0.009323999999999999
-0.007455
0.0056159999999999995
0.026879000000000004
0.040642000000000005
0.045743
0.046717
0.045241
0.041461000000000005
0.035273
0.026455000000000003
0.014809000000000001
0.00221
-0.007088
-0.011043
-0.001198
0.019398
0.033931
0.040172
0.04242
0.042666
0.04142
0.038461
0.033181
0.024945
0.013561000000000002
0.001462
-0.007076000000000001
-0.000997
0.016523
0.028763999999999998
0.033753
0.035363
0.035568
0.034831
0.032841
0.029162999999999998
0.023403999999999998
0.015194999999999998
0.005297
-0.002837
-0.006917
0.001772
0.020019
0.031964
0.036517
0.037566
0.036639
0.033701999999999996
0.028432
0.021183
0.012378
0.003675
-0.001967
-0.003817
0.006542
0.025986000000000002
0.040063999999999995
0.048159
0.05248099999999999
0.053969
0.053221000000000004
0.050102
0.043916000000000004
0.034415
0.022412
0.009346
-0.0009429999999999999
0.004111
0.021474
0.035782999999999995
0.045685
0.053108
0.058630999999999996
0.062266999999999996
0.06329
0.06065
0.054028
0.043848000000000005
0.030763
0.015629
0.011851
0.023171
0.035398
0.043861000000000004
0.049635000000000006
0.054088
0.05787899999999999
0.060274
0.059892999999999995
0.056303
0.04993
0.041164
0.030316000000000003
0.028614999999999998
0.040277999999999994
0.052703
0.060187
0.063476
0.064088
0.063592
0.062516
0.060128999999999995
0.055764
0.049295
0.041056999999999996
0.031823000000000004
0.022101
0.022948
0.037052
0.050934
0.059811
0.064726
0.066808
0.066468
0.063449
0.057649
0.049326
0.038939
0.027335
0.015658000000000002
0.016558
0.032806999999999996
0.049865
0.06276699999999999
0.072373
0.07973999999999999
0.08543200000000001
0.088741
0.087877
0.08186
0.071323
0.057783
0.042929
0.038282
0.048288
0.060922000000000004
0.070379
0.077144
0.082339
0.087
0.091138
0.093307
0.092112
0.087202
0.078924
0.06797
0.054914
0.050057
0.057674
0.06636
0.07094199999999999
0.07291399999999999
0.074181
0.075275
0.075177
0.07292699999999999
0.068464
0.062184
0.054653
0.046522
0.048188999999999996
0.063169
0.07872699999999999
0.088588
0.093659
0.096012
0.09711399999999999
0.096798
0.09375900000000001
0.087416
0.078524
0.068397
0.058320000000000004
0.058848000000000004
0.07405199999999999
0.09174500000000001
0.105466
0.115549
0.12293599999999999
0.128359
0.131619
0.131427
0.126987
0.118665
0.107522
0.095106
0.08268400000000001
0.080103
0.09173200000000001
0.10603199999999999
0.116772
0.12515
0.132718
0.139632
0.144366
0.145335
0.142156
0.135248
0.125531
0.114397
0.111391
0.121826
0.135131
0.144245
0.15018199999999998
0.15478699999999998
0.159316
0.16353099999999998
0.165699
0.164392
0.159722
0.15270999999999998
0.144387
0.134905
0.13181099999999998
0.141007
0.153544
0.162405
0.168482
0.17345
0.177809
0.180274
0.179518
0.17560699999999999
0.169542
0.16254000000000002
0.155481
0.15601099999999998
0.169569
0.18611
0.19749
0.204868
0.210522
0.215671
0.219705
0.221282
0.21983000000000003
0.215732
0.20984
0.20318699999999998
0.19614
0.194709
0.20542800000000003
0.220441
0.231652
0.240092
0.247074
0.252386
0.25439
0.25203200000000003
0.245998
0.237831
0.22914099999999998
0.220834
0.212383
0.209166
0.218573
0.233515
0.24554600000000001
0.25548699999999996
0.264223
0.270946
0.273929
0.272325
0.266987
0.25979
0.252284
0.244517
0.235107
0.229229
0.23545100000000002
0.248452
0.26045100000000004
0.271916
0.282869
0.292007
0.297838
0.29977800000000004
0.29837600000000003
0.29458
0.28881
0.280383
0.268163
0.25834
0.259982
0.269219
0.278993
0.288433
0.296766
0.302773
0.30587800000000004
0.306473
0.30565
0.304187
0.301691
0.296856
0.288346
0.281927
0.285281
0.29420100000000005
0.301939
0.307406
0.310492
0.311054
0.309553
0.307035
0.304597
0.302375
0.299236
0.293784
0.285358
0.280489
0.287188
0.300788
0.313153
0.321817
0.326284
0.32671
0.323728
0.318278
0.311479
0.303852
0.295029
0.284625
0.272892
0.266865
0.27477199999999996
0.290971
0.306191
0.317985
0.32604099999999997
0.330452
0.331408
0.329282
0.324571
0.317353
0.307342
0.294633
0.279852
0.27017800000000003
0.274043
0.286224
0.298038
0.30777
0.315771
0.322395
0.327536
0.330557
0.330493
0.326361
0.317845
0.305661
0.290934
0.280876
0.283371
0.293098
0.301712
0.307765
0.312042
0.31511500000000003
0.317044
0.31751999999999997
0.316091
0.312372
0.306264
0.29793600000000003
0.293636
0.299913
0.31154699999999996
0.320864
0.326256
0.328834
0.32976
0.32965300000000003
0.328411
0.325469
0.320374
0.313134
0.304168
0.293976
0.288999
0.295923
0.30896399999999996
0.319844
0.326979
0.331457
0.333945
0.334073
0.331235
0.325316
0.316737
0.306313
0.294987
0.283359
0.277602
0.284279
0.29733200000000004
0.30854899999999996
0.316747
0.322628
0.326244
0.32698699999999997
0.324484
0.31897800000000004
0.31108600000000003
0.301603
0.291058
0.279267
0.271943
0.27615700000000004
0.286615
0.295798
0.30314800000000003
0.30946999999999997
0.314531
0.31714000000000003
0.31616500000000003
0.311352
0.303307
0.293091
0.281458
0.268422
0.260075
0.264216
0.27532199999999996
0.28539200000000003
0.293838
0.300854
0.305818
0.307824
0.30647800000000003
0.302245
0.29594699999999996
0.288067
0.278397
0.26626700000000003
0.257681
0.2608
0.270442
0.27887399999999996
0.285762
0.291457
0.295535
0.29730500000000004
0.296485
0.293514
0.28892399999999996
0.28266399999999997
0.27415
0.262676
0.254243
0.257027
0.265849
0.273036
0.278271
0.281744
0.283077
0.281911
0.278405
0.27334400000000003
0.267441
0.260709
0.252631
0.24882100000000001
0.25661300000000004
0.270079
0.280952
0.28846
0.29265399999999997
0.293389
0.290933
0.285823
0.278659
0.27028
0.261289
0.2516
0.240783
0.23473200000000002
0.24147800000000003
0.254988
0.26666100000000004
0.275993
0.28295
0.286866
0.286826
0.282491
0.274525
0.264059
0.2518
0.23792199999999997
0.22265300000000002
0.212761
0.216966
0.228868
0.239479
0.248471
0.255791
0.260911
0.26311
0.262128
0.258334
0.251994
0.242871
0.230605
0.215198
0.203688
0.20511
0.21336
0.21990300000000002
0.224784
0.22854499999999997
0.231294
0.232631
0.232275
0.23036199999999998
0.22684200000000002
0.22123600000000002
0.21292199999999997
0.207858
0.21419899999999997
0.225804
0.23454499999999998
0.24059299999999997
0.244274
0.245747
0.24525999999999998
0.242946
0.238974
0.233688
0.22728
0.219784
0.211144
0.207742
0.217344
0.232571
0.24417399999999997
0.251947
0.256601
0.258402
0.257092
0.25291199999999997
0.24678899999999998
0.239329
0.230516
0.220286
0.20874600000000001
0.202681
0.210188
0.22413899999999998
0.235553
0.24430500000000002
0.250765
0.25456599999999996
0.254984
0.25204
0.24644899999999997
0.238706
0.229075
0.21766999999999997
0.210552
0.216
0.22790500000000002
0.23760900000000001
0.24502800000000002
0.250589
0.2545
0.256623
0.256364
0.253182
0.246988
0.238096
0.22719499999999998
0.21474000000000001
0.20690300000000003
0.211727
0.222768
0.231373
0.237717
0.24241300000000002
0.24528699999999998
0.24576399999999998
0.243709
0.23950500000000002
0.23341199999999998
0.2254
0.215432
0.203552
0.196595
0.20269700000000002
0.21483000000000002
0.224363
0.231731
0.23779099999999997
0.24230300000000002
0.244475
0.243975
0.241106
0.236273
0.22961399999999998
0.22085900000000003
0.20951
0.202016
0.206749
0.21711799999999998
0.22484899999999997
0.23058299999999998
0.23515100000000003
0.23856100000000002
0.240254
0.23970999999999998
0.23700500000000002
0.23263499999999998
0.22690300000000002
0.219507
0.216148
0.224789
0.23879499999999998
0.249333
0.25657199999999997
0.260977
0.262626
0.261865
0.259048
0.254291
0.247995
0.24076999999999998
0.232923
0.22434899999999997
0.22083200000000003
0.230177
0.24553200000000003
0.25793699999999997
0.26758200000000004
0.27479899999999996
0.279004
0.279264
0.27518899999999996
0.26743
0.257254
0.245588
0.23272600000000002
0.218904
0.210606
0.21607300000000002
0.228785
0.24
0.24978000000000003
0.258398
0.265258
0.26918200000000003
0.26939
0.266086
0.259788
0.25056
0.238154
0.22259099999999998
0.210511
0.211089
0.21888400000000002
0.225577
0.23131999999999997
0.236623
0.241391
0.24484899999999998
0.246346
0.245934
0.243783
0.23966300000000001
0.232918
0.22873400000000002
0.234445
0.244277
0.25073
0.254456
0.256245
0.256328
0.254889
0.25200700000000004
0.24786799999999998
0.242883
0.237249
0.230908
0.223611
0.220977
0.23071999999999998
0.24605100000000002
0.257853
0.266127
0.271556
0.274092
0.272999
0.268104
0.260484
0.251415
0.24140999999999999
0.23054299999999997
0.218887
0.212844
0.220705
0.23579899999999998
0.24900100000000003
0.26001599999999997
0.268961
0.27515100000000003
0.27739899999999995
0.27521599999999996
0.269408
0.26114499999999996
0.251112
0.23933000000000001
0.225313
0.21507800000000002
0.217811
0.228032
0.237002
0.244606
0.251203
0.256536
0.259832
0.260484
0.258388
0.253728
0.246862
0.23786999999999997
0.23226999999999998
0.23747800000000002
0.248094
0.25661100000000003
0.263226
0.268512
0.272202
0.273866
0.273417
0.271039
0.266955
0.261209
0.253706
0.244198
0.23848899999999998
0.24449
0.25672
0.267023
0.275096
0.281425
0.285505
0.286379
0.28389899999999996
0.278946
0.272463
0.264736
0.255471
0.244292
0.237231
0.242283
0.25353600000000004
0.26251399999999997
0.26911599999999997
0.274174
0.277606
0.278841
0.27765700000000004
0.274362
0.269399
0.26289
0.254377
0.243135
0.235129
0.238936
0.24934099999999998
0.257965
0.264006
0.267516
0.268466
0.266959
0.26327399999999995
0.25788
0.251343
0.243981
0.235605
0.225715
0.220202
0.22745500000000002
0.24131999999999998
0.252833
0.261469
0.267083
0.269405
0.268389
0.264264
0.257583
0.24901500000000001
0.238994
0.22771100000000002
0.221358
0.22811599999999999
0.24196399999999998
0.254339
0.265077
0.274383
0.281842
0.28688600000000003
0.288963
0.287734
0.28323400000000004
0.275469
0.26423
0.249662
0.23867199999999997
0.240081
0.248683
0.256314
0.26254299999999997
0.267827
0.272046
0.27457600000000004
0.27493
0.273262
0.269907
0.264783
0.257465
0.24749699999999997
0.24058200000000002
0.244184
0.252656
0.258223
0.260842
0.261403
0.260524
0.25842600000000004
0.255146
0.250948
0.24608899999999997
0.240521
0.23390500000000003
0.22564
0.22125100000000003
0.228675
0.24185900000000002
0.251979
0.258639
0.262533
0.263967
0.262559
0.25809
0.251171
0.242616
0.232934
0.22249499999999997
0.217457
0.225717
0.240985
0.25445500000000004
0.265727
0.27491
0.281584
0.2851
0.285055
0.28170300000000004
0.275686
0.267491
0.257524
0.24609
0.23915799999999998
0.244311
0.25587
0.265796
0.27384200000000003
0.280661
0.286199
0.289675
0.290389
0.28828200000000004
0.28349
0.27609
0.266315
0.254372
0.246365
0.250054
0.26016100000000003
0.268735
0.27523600000000004
0.280271
0.283655
0.284612
0.282806
0.278685
0.272812
0.265437
0.256393
0.24503899999999998
0.23690799999999998
0.240006
0.24935100000000002
0.25705100000000003
0.26265
0.26671999999999996
0.269225
0.269731
0.26805300000000004
0.264466
0.259353
0.252875
0.244746
0.234315
0.227217
0.23154
0.241767
0.249784
0.255619
0.259828
0.262231
0.262544
0.260815
0.257372
0.252538
0.246421
0.23883400000000002
0.23534499999999997
0.24319699999999997
0.256726
0.267931
0.276283
0.282032
0.284839
0.28445
0.281169
0.275575
0.268312
0.25995999999999997
0.250709
0.24036100000000002
0.234708
0.241423
0.25462399999999996
0.265896
0.274714
0.281353
0.285441
0.28621199999999997
0.283254
0.27686900000000003
0.267753
0.256614
0.24384299999999998
0.229554
0.219994
0.22357399999999997
0.2345
0.244274
0.252654
0.259814
0.265345
0.268499
0.268755
0.266175
0.26100100000000004
0.253214
0.242473
0.228446
0.21735100000000002
0.218031
0.22539
0.23142
0.23612399999999997
0.239985
0.24299099999999998
0.244729
0.24486
0.2435
0.24075300000000002
0.236326
0.22968200000000003
0.22608000000000003
0.23265500000000003
0.243616
0.251146
0.255523
0.257776
0.258198
0.25690999999999997
0.254076
0.24985300000000002
0.24457800000000002
0.238525
0.23169299999999998
0.223912
0.22082800000000002
0.22996100000000003
0.245007
0.25724
0.266156
0.272003
0.274839
0.274443
0.27069899999999997
0.26413000000000003
0.255682
0.24603699999999998
0.23538800000000001
0.22377600000000003
0.21723299999999998
0.22378800000000001
0.23731
0.249065
0.25871700000000003
0.266467
0.271872
0.274
0.272419
0.26776300000000003
0.260832
0.25192
0.241044
0.22807399999999997
0.218887
0.22181399999999998
0.231523
0.23990100000000003
0.246815
0.252659
0.257275
0.259969
0.26016100000000003
0.257803
0.252949
0.24562199999999998
0.23596599999999998
0.229778
0.234425
0.244772
0.253366
0.25993299999999997
0.26498
0.268544
0.270351
0.270068
0.26764299999999996
0.263373
0.257484
0.249962
0.24060900000000002
0.23481
0.239681
0.25008
0.258577
0.264849
0.26947
0.272338
0.272811
0.270681
0.266474
0.26074
0.253646
0.245088
0.234819
0.22844499999999998
0.23347600000000002
0.24430900000000003
0.252981
0.259506
0.264734
0.26848
0.269908
0.26873600000000003
0.26547800000000005
0.260664
0.254483
0.24672800000000003
0.242641
0.248975
0.260801
0.270852
0.27836500000000003
0.283694
0.286817
0.287557
0.285876
0.281991
0.27638
0.26962600000000003
0.26210500000000003
0.253617
0.24935
0.256013
0.268573
0.279674
0.288525
0.295401
0.299856
0.301097
0.29884099999999997
0.293484
0.28568699999999997
0.276149
0.265388
0.253581
0.24654099999999998
0.251423
0.263228
0.27454
0.28457
0.293433
0.30040100000000003
0.30446799999999996
0.305228
0.302996
0.298191
0.290876
0.280683
0.27284400000000003
0.27383
0.280373
0.286704
0.291723
0.296151
0.300213
0.30361
0.305702
0.306
0.30452199999999996
0.30145700000000003
0.29665199999999997
0.289495
0.284934
0.288693
0.296829
0.30335700000000004
0.307152
0.30899
0.308965
0.30691599999999997
0.303098
0.298196
0.29288000000000003
0.28745
0.28180700000000003
0.275523
0.273652
0.281886
0.295536
0.307796
0.316943
0.323042
0.326015
0.325719
0.322321
0.316479
0.30904899999999996
0.300551
0.29097199999999995
0.28563099999999997
0.290286
0.301453
0.313287
0.323867
0.33329899999999996
0.341281
0.347013
0.349468
0.34818899999999997
0.343681
0.33666999999999997
0.327544
0.316413
0.308922
0.310735
0.318748
0.327567
0.33513699999999996
0.34170100000000003
0.346996
0.350448
0.351774
0.35115799999999997
0.34883000000000003
0.344697
0.338543
0.33019699999999996
0.324989
0.32790199999999997
0.33625900000000003
0.345166
0.352138
0.357487
0.361162
0.362759
0.362155
0.359754
0.35601900000000003
0.350976
0.344219
0.335201
0.32910900000000004
0.331002
0.338672
0.34738
0.35431799999999997
0.359655
0.363134
0.364232
0.36289899999999997
0.359595
0.354773
0.348565
0.340777
0.331059
0.324836
0.327379
0.335949
0.34512
0.351906
0.35653
0.359193
0.359991
0.35915199999999997
0.356952
0.353582
0.348983
0.34275500000000003
0.339848
0.344493
0.354459
0.365315
0.373873
0.380181
0.384127
0.38560700000000003
0.384825
0.382146
0.37785799999999997
0.37205
0.364755
0.356059
0.351563
0.355704
0.366159
0.378195
0.388166
0.395885
0.400942
0.40279499999999996
0.401326
0.39687100000000003
0.390019
0.381357
0.37125
0.360009
0.353425
0.355998
0.36538699999999996
0.376745
0.386423
0.394531
0.401082
0.40570100000000003
0.40801
0.407877
0.405281
0.40004
0.391746
0.380207
0.371213
0.36932600000000004
0.37368
0.380801
0.38693
0.392331
0.39710100000000004
0.40081700000000003
0.402997
0.403363
0.401802
0.39825
0.39254
0.389646
0.392285
0.39915
0.407117
0.412127
0.414612
0.41516400000000003
0.414213
0.41201800000000005
0.40887399999999996
0.405027
0.400567
0.39553
0.389805
0.38836
0.393909
0.40466399999999997
0.416829
0.42591599999999996
0.43191999999999997
0.43486800000000003
0.43462700000000004
0.431292
0.425455
0.41788000000000003
0.409062
0.39934899999999995
0.389025
0.38354299999999997
0.386307
0.395825
0.408229
0.41903500000000005
0.42808900000000005
0.435015
0.438989
0.43934799999999996
0.436064
0.429695
0.420875
0.410045
0.39736
0.388203
0.386257
0.390782
0.398522
0.405273
0.411274
0.416558
0.420659
0.42306499999999997
0.423422
0.421541
0.417396
0.41090600000000005
0.40705
0.408302
0.41413900000000003
0.422177
0.42811400000000005
0.43251300000000004
0.435812
0.43794799999999995
0.438762
0.438217
0.43628999999999996
0.43301000000000006
0.428453
0.4225
0.42001499999999997
0.42308199999999996
0.431192
0.44187600000000005
0.45035299999999995
0.45686000000000004
0.46128800000000003
0.46316999999999997
0.46231000000000005
0.45901899999999995
0.45397200000000004
0.44778100000000004
0.440696
0.432612
0.428546
0.43054
0.43809499999999996
0.448608
0.456883
0.463187
0.46765500000000004
0.470095
0.470409
0.46864799999999995
0.465164
0.460233
0.453632
0.44492299999999996
0.43905500000000003
0.43813100000000005
0.442671
0.45101499999999994
0.457768
0.462841
0.46606400000000003
0.46710100000000004
0.46588100000000005
0.46258299999999997
0.45773100000000005
0.451792
0.444684
0.441137
0.442432
0.44887
0.45896899999999996
0.467181
0.47342399999999996
0.477657
0.479608
0.479092
0.47619399999999995
0.471088
0.464091
0.45560500000000004
0.44579799999999997
0.43984300000000004
0.439554
0.44526800000000005
0.45534600000000003
0.464317
0.472041
0.478233
0.4823
0.483813
0.48276199999999997
0.479447
0.474026
0.466369
0.45643100000000003
0.44955900000000004
0.44775600000000004
0.451891
0.46059799999999995
0.46822700000000006
0.474779
0.48030100000000003
0.48450299999999996
0.487058
0.487918
0.48726400000000003
0.485063
0.48086899999999994
0.4741
0.469479
0.46816499999999994
0.471372
0.47836899999999993
0.48326
0.486407
0.48840200000000006
0.48934399999999995
0.48926499999999995
0.488253
0.486404
0.48364799999999997
0.479675
0.47908100000000003
0.48217
0.489856
0.501473
0.5105810000000001
0.516837
0.520345
0.52117
0.519408
0.515516
0.510054
0.503354
0.49576800000000004
0.48760200000000004
0.48386
0.485153
0.492354
0.504707
0.515672
0.524618
0.531196
0.534768
0.534929
0.53184
0.526111
0.5182439999999999
0.50862
0.497584
0.49017700000000003
0.48735600000000007
0.490428
0.499093
0.507221
0.514442
0.520734
0.52565
0.528728
0.52962
0.528133
0.524087
0.517252
0.507501
0.499766
0.49520200000000003
0.49548000000000003
0.5008819999999999
0.505631
0.5093949999999999
0.512333
0.514321
0.515279
0.515066
0.513598
0.510831
0.5064489999999999
0.5047590000000001
0.5061359999999999
0.510918
0.519403
0.526409
0.531219
0.534163
0.535287
0.5346989999999999
0.532748
0.529593
0.525304
0.520045
0.513799
0.511296
0.5130859999999999
0.5192979999999999
0.529814
0.539126
0.546367
0.551441
0.554111
0.554461
0.552647
0.5489350000000001
0.5436989999999999
0.537144
0.5292640000000001
0.524972
0.525137
0.5299470000000001
0.539674
0.548953
0.556422
0.561894
0.5651510000000001
0.5661579999999999
0.564917
0.56175
0.557176
0.551168
0.54342
0.538686
0.537693
0.540353
0.547696
0.555056
0.560801
0.564919
0.567295
0.567742
0.5660430000000001
0.562278
0.5567439999999999
0.5494399999999999
0.540361
0.534559
0.532831
0.535243
0.542867
0.550801
0.5572229999999999
0.561978
0.564802
0.5655319999999999
0.564189
0.5608420000000001
0.555524
0.548134
0.5433140000000001
0.541956
0.543358
0.549177
0.555949
0.561617
0.566184
0.569649
0.571734
0.572236
0.5711430000000001
0.568345
0.5636770000000001
0.5570039999999999
0.5528420000000001
0.551796
0.553291
0.559075
0.5652689999999999
0.569754
0.572761
0.574365
0.574437
0.573049
0.570575
0.567245
0.563005
0.557687
0.5557529999999999
0.5575760000000001
0.562289
0.570929
0.578984
0.5844090000000001
0.587477
0.588277
0.587087
0.584499
0.580857
0.5762609999999999
0.5707409999999999
0.5687180000000001
0.570576
0.574624
0.583028
0.5927319999999999
0.600772
0.60706
0.611341
0.61314
0.612312
0.608947
0.603067
0.595016
0.585436
0.579198
0.577182
0.578217
0.584613
0.593147
0.600699
0.606962
0.611453
0.613789
0.613908
0.6118640000000001
0.6077100000000001
0.6016060000000001
0.593685
0.588363
0.5863649999999999
0.586332
0.590862
0.5972390000000001
0.602591
0.606973
0.61025
0.6124
0.613386
0.6130329999999999
0.611201
0.607603
0.601726
0.59767
0.596154
0.5956060000000001
0.599
0.6040810000000001
0.6078180000000001
0.610186
0.6110439999999999
0.610535
0.608771
0.6057859999999999
0.601801
0.5968140000000001
0.590531
0.587407
0.587978
0.59045
0.597024
0.604676
0.6102310000000001
0.613488
0.614695
0.614272
0.612421
0.609275
0.6051300000000001
0.5999720000000001
0.5979760000000001
0.5997359999999999
0.602905
0.610323
0.619869
0.6277659999999999
0.633741
0.63775
0.639771
0.639666
0.63746
0.633509
0.627998
0.620877
0.616714
0.616502
0.617797
0.623804
0.632678
0.640183
0.645824
0.6493220000000001
0.650547
0.649457
0.646284
0.6414949999999999
0.635242
0.627566
0.623175
0.6227590000000001
0.6235569999999999
0.6289710000000001
0.637178
0.643886
0.648937
0.6524220000000001
0.654351
0.654647
0.653224
0.6499739999999999
0.64458
0.636833
0.631266
0.628657
0.626409
0.628851
0.634871
0.639994
0.6440899999999999
0.646995
0.648452
0.648404
0.646746
0.643315
0.637992
0.634931
0.634702
0.633933
0.637022
0.643369
0.6480130000000001
0.651049
0.6528970000000001
0.6534989999999999
0.652871
0.651316
0.648864
0.645387
0.640837
0.6393270000000001
0.641266
0.643173
0.6489159999999999
0.657361
0.663629
0.667729
0.669697
0.669654
0.668132
0.665456
0.661684
0.656996
0.65155
0.6495569999999999
0.651508
0.654017
0.661057
0.6714319999999999
0.679976
0.686231
0.6898989999999999
0.6910270000000001
0.689934
0.686669
0.681404
0.674623
0.666521
0.661458
0.660328
0.659652
0.663714
0.671868
0.6789850000000001
0.684693
0.6887220000000001
0.690983
0.691369
0.689541
0.685423
0.679118
0.674605
0.6725810000000001
0.669419
0.670103
0.67529
0.679949
0.683825
0.686968
0.6892590000000001
0.690584
0.690686
0.689226
0.686086
0.681133
0.678327
0.678554
0.677834
0.680362
0.686922
0.6926359999999999
0.696635
0.69877
0.699345
0.698679
0.6968449999999999
0.6940850000000001
0.690628
0.686357
0.685142
0.687348
0.688418
0.692696
0.700842
0.707497
0.711969
0.714618
0.715871
0.7157819999999999
0.7142930000000001
0.711539
0.707434
0.7017
0.698589
0.698902
0.698354
0.701657
0.709476
0.716236
0.721162
0.724271
0.725481
0.724715
0.72217
0.7181029999999999
0.712535
0.7095640000000001
0.7099880000000001
0.709715
0.7120380000000001
0.718529
0.7250439999999999
0.7298560000000001
0.732973
0.7343649999999999
0.733925
0.731748
0.727997
0.7226739999999999
0.715767
0.711429
0.710535
0.709168
0.7106600000000001
0.7167899999999999
0.7235060000000001
0.7288680000000001
0.732709
0.734931
0.735432
0.7341409999999999
0.731028
0.726073
0.719434
0.7153189999999999
0.714406
0.712743
0.713892
0.719738
0.7262350000000001
0.731524
0.7355229999999999
0.738236
0.739717
0.739925
0.7387
0.735848
0.7311310000000001
0.7283069999999999
0.727966
0.726283
0.726667
0.730975
0.735593
0.739109
0.741578
0.7429979999999999
0.7435189999999999
0.743125
0.7416
0.738714
0.738151
0.740318
0.741196
0.743037
0.7482979999999999
0.754138
0.758211
0.76053
0.761043
0.76005
0.757958
0.754736
0.7503989999999999
0.745242
0.743193
0.744767
0.74608
0.749211
0.756548
0.764967
0.771291
0.775044
0.776313
0.775505
0.7727729999999999
0.768203
0.762278
0.755468
0.7516430000000001
0.751474
0.751266
0.752915
0.759066
0.767076
0.7738229999999999
0.778872
0.782177
0.783745
0.783328
0.780756
0.776079
0.769191
0.763897
0.7612479999999999
0.757887
0.7559140000000001
0.758672
0.763999
0.768641
0.772278
0.774975
0.776651
0.776994
0.775759
0.772696
0.7711359999999999
0.7715850000000001
0.770604
0.769061
0.770794
0.774783
0.777423
0.778775
0.779093
0.778634
0.777482
0.775572
0.772834
0.7690859999999999
0.767777
0.769425
0.7702439999999999
0.771091
0.775802
0.782809
0.7877810000000001
0.790404
0.791227
0.7906569999999999
0.788672
0.785334
0.780954
0.775746
0.773517
0.774918
0.776122
0.778104
0.7842279999999999
0.792438
0.798742
0.803031
0.805489
0.806207
0.805389
0.8032159999999999
0.799549
0.794211
0.791161
0.791221
0.790533
0.789996
0.793655
0.800164
0.8054600000000001
0.809232
0.811475
0.812276
0.811696
0.8094899999999999
0.805348
0.799315
0.795479
0.794672
0.793251
0.792299
0.795656
0.801714
0.806466
0.8097439999999999
0.811499
0.811693
0.810314
0.8072779999999999
0.802609
0.8000079999999999
0.8000619999999999
0.799237
0.797218
0.799186
0.805218
0.810136
0.8137810000000001
0.8162020000000001
0.8173779999999999
0.817357
0.81595
0.812846
0.808018
0.8049970000000001
0.8044819999999999
0.803335
0.80119
0.803045
0.808979
0.813819
0.817301
0.8194809999999999
0.8205610000000001
0.82065
0.819592
0.8173279999999999
0.813929
0.812901
0.814666
0.815495
0.815008
0.817871
0.8239780000000001
0.8284549999999999
0.831051
0.832206
0.83252
0.832147
0.8308549999999999
0.828536
0.828518
0.8311209999999999
0.832832
0.8331149999999999
0.8357459999999999
0.8417709999999999
0.8472149999999999
0.850742
0.852342
0.852299
0.8507379999999999
0.847467
0.842484
0.836093
0.831993
0.831032
0.8301709999999999
0.828953
0.8314280000000001
0.838225
0.8446030000000001
0.849159
0.8518100000000001
0.8526739999999999
0.851668
0.848741
0.844211
0.8382850000000001
0.8343709999999999
0.833218
0.831708
0.8294100000000001
0.830533
0.836116
0.8417889999999999
0.846359
0.849992
0.852826
0.8546020000000001
0.8548879999999999
0.8533219999999999
0.8495729999999999
0.8469639999999999
0.846374
0.844575
0.8410049999999999
0.839799
0.8427389999999999
0.846052
0.8482780000000001
0.849617
0.8502930000000001
0.8502620000000001
0.849326
0.847261
0.847183
0.849527
0.8509
0.8506959999999999
0.851809
0.8562059999999999
0.860766
0.8633430000000001
0.864324
0.8641979999999999
0.863144
0.86124
0.858517
0.8549200000000001
0.8536879999999999
0.8554149999999999
0.8568889999999999
0.8574940000000001
0.859892
0.865917
0.872389
0.877016
0.879828
0.8809389999999999
0.880446
0.8784370000000001
0.875015
0.8703290000000001
0.867919
0.8685639999999999
0.869017
0.868699
0.870274
0.875851
0.8823610000000001
0.887142
0.890142
0.8916440000000001
0.891862
0.89064
0.8876799999999999
0.882933
0.879868
0.879281
0.878017
0.875569
0.8746139999999999
0.8777209999999999
0.882331
0.8858290000000001
0.8881469999999999
0.889383
0.8894559999999999
0.8880370000000001
0.8848659999999999
0.883094
0.8833
0.8824549999999999
0.8802719999999999
0.8780610000000001
0.879559
0.8837870000000001
0.8870290000000001
0.889184
0.8903559999999999
0.8905430000000001
0.889655
0.887524
0.8840110000000001
0.882108
0.8824620000000001
0.882383
0.881518
0.8807659999999999
0.8835360000000001
0.8887139999999999
0.892552
0.895036
0.8964270000000001
0.896863
0.896323
0.894724
0.89205
0.891443
0.893335
0.8944719999999999
0.894223
0.894078
0.897596
0.903265
0.907378
0.910008
0.9116290000000001
0.91248
0.912382
0.911042
0.908379
0.9075979999999999
0.9092319999999999
0.9100809999999999
0.909575
0.909115
0.912201
0.9173209999999999
0.920733
0.922536
0.9230379999999999
0.9222950000000001
0.9202629999999999
0.916847
0.912106
0.9094700000000001
0.90966
0.909551
0.9085129999999999
0.907877
0.911041
0.9164459999999999
0.9202940000000001
0.9223790000000001
0.9227989999999999
0.9216620000000001
0.919112
0.9150729999999999
0.912393
0.911689
0.9102969999999999
0.908136
0.9054690000000001
0.9064450000000001
0.911488
0.9162020000000001
0.9198620000000001
0.9224530000000001
0.923848
0.923809
0.9221309999999999
0.918626
0.9161590000000001
0.915539
0.9142049999999999
0.9118360000000001
0.908574
0.908675
0.9126290000000001
0.915985
0.9181799999999999
0.91959
0.920467
0.9207139999999999
0.9200729999999999
0.9212
0.924423
0.926745
0.927642
0.927211
0.928414
0.932588
0.9365209999999999
0.9387409999999999
0.939725
0.939925
0.939526
0.938425
0.936319
0.93581
0.9374120000000001
0.938515
0.93878
0.9380870000000001
0.939369
0.9438780000000001
0.9482290000000001
0.950825
0.951775
0.95134
0.9496620000000001
0.9467469999999999
0.942594
0.940262
0.940506
0.94063
0.9402469999999999
0.9392590000000001
0.941166
0.9465530000000001
0.951268
0.9543219999999999
0.956092
0.956893
0.956585
0.954786
0.951284
0.9489559999999999
0.9485299999999999
0.9475379999999999
0.945752
0.943227
0.9431950000000001
0.947042
0.9513459999999999
0.954558
0.9567629999999999
0.9579200000000001
0.957691
0.9557379999999999
0.952066
0.9497180000000001
0.9494090000000001
0.948522
0.946622
0.943687
0.943168
0.946414
0.949907
0.952341
0.9539569999999999
0.954842
0.9548530000000001
0.9536959999999999
0.951124
0.949958
0.950809
0.9510049999999999
0.950016
0.9476469999999999
0.9474040000000001
0.9506629999999999
0.953982
0.956291
0.957787
0.958456
0.958203
0.956792
0.954018
0.9528049999999999
0.953744
0.9539549999999999
0.9528639999999999
0.9504370000000001
0.950376
0.953894
0.9571799999999999
0.9589719999999999
0.95939
0.9585469999999999
0.9566180000000001
0.953606
0.9522129999999999
0.9530709999999999
0.9535370000000001
0.953091
0.951666
0.9510290000000001
0.953556
0.957341
0.9598780000000001
0.9611940000000001
0.96129
0.960116
0.9577129999999999
0.9541209999999999
0.952097
0.9522700000000001
0.952067
0.9510940000000001
0.949469
0.9492940000000001
0.952757
0.9574440000000001
0.9606450000000001
0.962268
0.962516
0.9616030000000001
0.9594969999999999
0.956149
0.9544729999999999
0.9550719999999999
0.9552799999999999
0.9547709999999999
0.9536120000000001
0.954274
0.958634
0.963875
0.9677049999999999
0.9701540000000001
0.9714229999999999
0.971493
0.9700629999999999
0.9669559999999999
0.9651139999999999
0.9651379999999999
0.9643290000000001
0.962397
0.959406
0.958108
0.960765
0.964657
0.9675
0.96934
0.9702780000000001
0.9701709999999999
0.9686819999999999
0.9654940000000001
0.963354
0.962786
0.961208
0.958543
0.9548840000000001
0.9532280000000001
0.955219
0.957614
0.958744
0.958994
0.958572
0.9574229999999999
0.955458
0.952486
0.9511870000000001
0.9520270000000001
0.952209
0.951217
0.948881
0.9481219999999999
0.9506620000000001
0.95336
0.95452
0.954483
0.9534370000000001
0.9513889999999999
0.948412
0.9470700000000001
0.947823
0.948292
0.948142
0.947315
0.946991
0.950011
0.954779
0.957839
0.959181
0.959199
0.957992
0.955468
0.9515530000000001
0.94878
0.947829
0.9466469999999999
0.9450709999999999
0.943067
0.942564
0.945842
0.950535
0.953923
0.9560709999999999
0.957082
0.9569
0.955406
0.952523
0.9509040000000001
0.9510549999999999
0.950457
0.948738
0.945944
0.94468
0.946982
0.9502010000000001
0.9523309999999999
0.953628
0.954192
0.9539190000000001
0.9524590000000001
0.9493870000000001
0.9474309999999999
0.9473950000000001
0.946728
0.944915
0.9418709999999999
0.9400950000000001
0.941617
0.9439069999999999
0.9449879999999999
0.944984
0.94404
0.942217
0.93932
0.937724
0.9379959999999999
0.937751
0.9365969999999999
0.9346120000000001
0.933153
0.9350219999999999
0.938781
0.941348
0.942701
0.9430149999999999
0.942459
0.9410350000000001
0.9385459999999999
0.937449
0.938334
0.938839
0.9386329999999999
0.9377620000000001
0.937419
0.940218
0.9446559999999999
0.9478409999999999
0.949894
0.950982
0.951142
0.95015
0.94786
0.947109
0.948549
0.949583
0.9497899999999999
0.949117
0.9490559999999999
0.952092
0.956363
0.959037
0.9602200000000001
0.960267
0.9593729999999999
0.9572930000000001
0.95373
0.951414
0.950953
0.9498469999999999
0.947873
0.9450290000000001
0.9431579999999999
0.9448549999999999
0.948132
0.950259
0.951259
0.9512229999999999
0.9499620000000001
0.9471120000000001
0.9449559999999999
0.944155
0.94255
0.9399540000000001
0.9365829999999999
0.9327030000000001
0.9320700000000001
0.9346030000000001
0.936408
0.9373670000000001
0.9376969999999999
0.9373600000000001
0.9361360000000001
0.93384
0.9326639999999999
0.9329459999999999
0.9325319999999999
0.931366
0.929509
0.9272020000000001
0.927908
0.9310940000000001
0.9330370000000001
0.934026
0.934516
0.9345110000000001
0.9337989999999999
0.934581
0.9372860000000001
0.9396450000000001
0.941243
0.941946
0.941485
0.9430569999999999
0.9475
0.951275
0.953533
0.954673
0.954908
0.954209
0.952491
0.951937
0.953034
0.9538209999999999
0.95414
0.9539129999999999
0.952843
0.9543719999999999
0.958833
0.962251
0.964175
0.96501
0.9648680000000001
0.963633
0.9611350000000001
0.9596120000000001
0.9595790000000001
0.959044
0.957882
0.956092
0.953556
0.9542889999999999
0.958268
0.9612459999999999
0.9632709999999999
0.9644510000000001
0.9645739999999999
0.9633950000000001
0.960749
0.9588760000000001
0.9583
0.956966
0.9546319999999999
0.951393
0.947371
0.946269
0.948592
0.950658
0.9520290000000001
0.9527639999999999
0.952724
0.9515790000000001
0.948951
0.9471120000000001
0.946789
0.9459780000000001
0.9443010000000001
0.9416399999999999
0.937925
0.937285
0.939889
0.9416540000000001
0.942678
0.943176
0.943168
0.942456
0.942865
0.944717
0.945984
0.9462709999999999
0.945471
0.943507
0.942865
0.945232
0.9481809999999999
0.950148
0.9511709999999999
0.9512219999999999
0.950349
0.948565
0.94786
0.948699
0.949226
0.949168
0.9485040000000001
0.94705
0.9473969999999999
0.9505120000000001
0.9534239999999999
0.955108
0.955752
0.9554020000000001
0.9540370000000001
0.951558
0.9501870000000001
0.9505440000000001
0.9505959999999999
0.949931
0.948515
0.946321
0.946709
0.950224
0.953247
0.955103
0.9558979999999999
0.955674
0.9543209999999999
0.95155
0.949491
0.948775
0.9473870000000001
0.9450149999999999
0.941809
0.9379190000000001
0.936807
0.9392309999999999
0.9416180000000001
0.943042
0.943514
0.943011
0.9412790000000001
0.9401520000000001
0.940224
0.9397559999999999
0.9384629999999999
0.936391
0.933534
0.931458
0.9324600000000001
0.9350360000000001
0.93689
0.9379370000000001
0.938232
0.937809
0.936536
0.9362
0.9371
0.9372719999999999
0.9365450000000001
0.935232
0.933342
0.9328040000000001
0.935416
0.938989
0.9415479999999999
0.9431959999999999
0.944139
0.9443010000000001
0.943494
0.943823
0.94575
0.947169
0.947685
0.947314
0.945959
0.9462309999999999
0.9494870000000001
0.952916
0.9551709999999999
0.9565239999999999
0.9570690000000001
0.9565540000000001
0.9547889999999999
0.95399
0.9546450000000001
0.954692
0.9538690000000001
0.9521709999999999
0.949486
0.948667
0.950874
0.953
0.9538280000000001
0.953685
0.9526959999999999
0.950651
0.947313
0.9447709999999999
0.9435459999999999
0.9418340000000001
0.9395870000000001
0.936808
0.93337
0.9324540000000001
0.934902
0.937292
0.9386180000000001
0.9389049999999999
0.9380700000000001
0.9360629999999999
0.9348069999999999
0.934665
0.933884
0.9324030000000001
0.930376
0.927707
0.9251870000000001
0.92579
0.928633
0.930693
0.932027
0.932665
0.9324629999999999
0.932953
0.9342879999999999
0.934766
0.934285
0.933124
0.931351
0.9288799999999999
0.9284959999999999
0.930942
0.9331360000000001
0.934268
0.9346909999999999
0.934543
0.933776
