1.007773
1.006982
1.007531
1.007399
1.006453
1.004753
1.002166
1.000207
1.001319
1.003783
1.005064
1.005376
1.004873
1.003508
1.001204
1.0000209999999998
1.000328
1.000089
0.998974
0.99702
0.9943489999999999
0.99267
0.9941639999999999
0.9969790000000001
0.998727
0.9994379999999999
0.999175
0.998015
0.99587
0.994735
0.9950709999999999
0.9949450000000001
0.9940709999999999
0.992418
0.989906
0.988502
0.9901610000000001
0.9928739999999999
0.9946370000000001
0.995467
0.995509
0.994721
0.994841
0.996151
0.996957
0.99711
0.9965870000000001
0.99539
0.993727
0.994978
0.9987149999999999
1.001177
1.002305
1.0023229999999999
1.001468
0.9997299999999999
0.998921
0.99945
0.999509
0.9988360000000001
0.9975860000000001
0.9958879999999999
0.994101
0.995303
0.998921
1.001478
1.002876
1.003243
1.002577
1.000761
0.9998440000000001
1.000346
1.000326
0.9994959999999999
0.9979889999999999
0.9957790000000001
0.993751
0.9948870000000001
0.9982129999999999
1.00063
1.0021579999999999
1.002997
1.002996
1.001743
1.0010620000000001
1.001377
1.000841
0.99939
0.99718
0.994135
0.991188
0.991325
0.9935370000000001
0.994834
0.995461
0.995605
0.9950700000000001
0.993619
0.99324
0.994288
0.994708
0.9942129999999999
0.9927309999999999
0.9901209999999999
0.988086
0.98911
0.991552
0.993067
0.993743
0.9935870000000001
0.9925370000000001
0.990569
0.989793
0.99067
0.991303
0.991417
0.990864
0.9894209999999999
0.988721
0.990916
0.9942709999999999
0.9965879999999999
0.997793
0.9978360000000001
0.9966950000000001
0.994296
0.9928319999999999
0.9930559999999999
0.993101
0.9925360000000001
0.9912610000000001
0.989217
0.98821
0.9903040000000001
0.993552
0.995705
0.996778
0.9969370000000001
0.996108
0.9940540000000001
0.9929530000000001
0.99336
0.993125
0.9918790000000001
0.9898129999999999
0.987023
0.9856860000000001
0.9878389999999999
0.9912770000000001
0.993843
0.995408
0.9959549999999999
0.995317
0.995337
0.9965450000000001
0.99718
0.996942
0.995891
0.993991
0.991081
0.991086
0.994245
0.996497
0.997632
0.99784
0.997202
0.9956290000000001
0.994959
0.995517
0.9953540000000001
0.994202
0.992297
0.989684
0.9864850000000001
0.986293
0.9888600000000001
0.990347
0.990762
0.990402
0.989311
0.987392
0.9866090000000001
0.987316
0.987497
0.9868299999999999
0.9853459999999999
0.983082
0.981165
0.982453
0.985692
0.987768
0.9887819999999999
0.988908
0.9881110000000001
0.9863629999999999
0.985635
0.986266
0.9863379999999999
0.985627
0.9841620000000001
0.981851
0.9798620000000001
0.980764
0.98325
0.9847229999999999
0.985323
0.9851700000000001
0.984266
0.982383
0.981361
0.981634
0.9814459999999999
0.9806600000000001
0.979281
0.9772879999999999
0.9767129999999999
0.979318
0.9828129999999999
0.985174
0.98641
0.9866209999999999
0.985886
0.9860200000000001
0.987244
0.987809
0.987611
0.9867469999999999
0.985311
0.983296
0.984251
0.988137
0.991102
0.9930389999999999
0.9940329999999999
0.994051
0.99295
0.992433
0.992974
0.99298
0.9922139999999999
0.990728
0.9885780000000001
0.985547
0.9850979999999999
0.9877379999999999
0.9898950000000001
0.991273
0.9920370000000001
0.992238
0.991618
0.99175
0.992974
0.9935219999999999
0.9931620000000001
0.9920709999999999
0.9902549999999999
0.9877319999999999
0.9881120000000001
0.991302
0.9935370000000001
0.994849
0.995599
0.995775
0.995035
0.995139
0.996541
0.9974139999999999
0.9974219999999999
0.996555
0.9946309999999999
0.991675
0.991506
0.994132
0.9957879999999999
0.996484
0.9963350000000001
0.995168
0.992834
0.9914129999999999
0.9914370000000001
0.991065
0.990132
0.988668
0.986448
0.9842540000000001
0.9850129999999999
0.987814
0.9897299999999999
0.990776
0.990865
0.9897819999999999
0.987454
0.9859469999999999
0.9858370000000001
0.9854959999999999
0.984762
0.9835290000000001
0.9816299999999999
0.980085
0.981692
0.985273
0.9878450000000001
0.9893299999999999
0.989762
0.9891969999999999
0.987583
0.9868809999999999
0.9876520000000001
0.98806
0.98765
0.9863049999999999
0.984117
0.9822780000000001
0.9837020000000001
0.987402
0.9904229999999999
0.9925799999999999
0.993785
0.9939030000000001
0.9927090000000001
0.99223
0.9931450000000001
0.993582
0.993149
0.9918809999999999
0.989775
0.9881770000000001
0.989768
0.9932719999999999
0.995935
0.9975719999999999
0.9982540000000001
0.997974
0.9984790000000001
1.000065
1.000921
1.000674
0.999331
0.9970700000000001
0.9939040000000001
0.992835
0.994748
0.996482
0.9970760000000001
0.9966450000000001
0.9953790000000001
0.9932979999999999
0.992139
0.992273
0.9919620000000001
0.9908469999999999
0.988944
0.986266
0.9827299999999999
0.981685
0.983807
0.985533
0.986107
0.9857469999999999
0.9845790000000001
0.982568
0.98165
0.9823149999999999
0.9827290000000001
0.982548
0.9818129999999999
0.980475
0.97844
0.9792850000000001
0.982826
0.98516
0.9864200000000001
0.986907
0.986633
0.985509
0.985302
0.986245
0.986503
0.9860180000000001
0.98498
0.983348
0.981569
0.982965
0.986901
0.9897459999999999
0.991418
0.992001
0.9914870000000001
0.9898440000000001
0.9889959999999999
0.989326
0.989059
0.9880540000000001
0.9863770000000001
0.98405
0.9823
0.98374
0.9870129999999999
0.989346
0.9908
0.991402
0.991022
0.989434
0.988562
0.988984
0.9889110000000001
0.98805
0.986424
0.984032
0.9817319999999999
0.982352
0.9850530000000001
0.986991
0.9881489999999999
0.988585
0.988223
0.988593
0.9898520000000001
0.990361
0.989958
0.9887450000000001
0.986866
0.9842690000000001
0.983083
0.9847889999999999
0.9870959999999999
0.988447
0.988941
0.988806
0.988027
0.988136
0.989452
0.990433
0.990835
0.9905959999999999
0.9895959999999999
0.9875200000000001
0.9869610000000001
0.9892540000000001
0.991766
0.993401
0.9943190000000001
0.994553
0.993894
0.9940530000000001
0.995508
0.996582
0.9969870000000001
0.9967739999999999
0.9958799999999999
0.9939959999999999
0.99435
0.9974879999999999
1.000003
1.001528
1.002205
1.001846
1.000181
0.999049
0.99897
0.998337
0.9971110000000001
0.995424
0.993122
0.9899389999999999
0.989445
0.992027
0.9938899999999999
0.994643
0.99435
0.99297
0.9904959999999999
0.9888440000000001
0.9884959999999999
0.9878120000000001
0.986564
0.984632
0.981878
0.978608
0.978601
0.981728
0.984296
0.986224
0.987452
0.987759
0.986927
0.986712
0.987582
0.987985
0.987743
0.9868129999999999
0.98516
0.982866
0.9835659999999999
0.9872290000000001
0.990159
0.992243
0.9934639999999999
0.9938049999999999
0.9932040000000001
0.993492
0.9950829999999999
0.9961180000000001
0.996244
0.9955229999999999
0.993927
0.991604
0.9921
0.995301
0.9975780000000001
0.9988469999999999
0.999318
0.999036
0.997808
0.9974860000000001
0.9985280000000001
0.9990190000000001
0.9985299999999999
0.997052
0.9945950000000001
0.991775
0.992125
0.99516
0.9973129999999999
0.998483
0.998732
0.997908
0.99765
0.998442
0.9988049999999999
0.9985290000000001
0.9976649999999999
0.9962340000000001
0.994084
0.9929979999999999
0.994683
0.997036
0.99816
0.9982629999999999
0.997548
0.9960180000000001
0.9953780000000001
0.995926
0.995972
0.995316
0.994108
0.992341
0.989806
0.9887459999999999
0.9907440000000001
0.993391
0.995059
0.9957719999999999
0.995625
0.994682
0.994663
0.995778
0.9962639999999999
0.9959629999999999
0.994986
0.9933770000000001
0.991166
0.991417
0.994765
0.9979110000000001
1.000071
1.001316
1.0015450000000001
1.0005760000000001
1.000106
1.0005629999999999
1.000435
0.9995850000000001
0.998064
0.995919
0.9930040000000001
0.9924200000000001
0.994776
0.996841
0.998132
0.9987799999999999
0.998798
0.997977
0.997909
0.9988549999999999
0.9990399999999999
0.9982120000000001
0.996467
0.9939819999999999
0.9907290000000001
0.9905450000000001
0.9936229999999999
0.9959549999999999
0.9973780000000001
0.998026
0.997934
0.9969290000000001
0.996725
0.997793
0.9984879999999999
0.9985709999999999
0.9980450000000001
0.9967469999999999
0.994401
0.994758
0.99813
1.000589
1.001886
1.002242
1.001707
1.0001799999999998
0.99959
1.00048
1.0010700000000001
1.00101
1.0002799999999998
0.9987389999999999
0.9961
0.9960370000000001
0.9989129999999999
1.001005
1.002245
1.002749
1.0023389999999999
1.000844
1.000091
1.000456
1.000178
0.999184
0.997674
0.995632
0.993102
0.993841
0.997705
1.000644
1.0024620000000002
1.0031430000000001
1.002614
1.0009270000000001
1.00007
1.00053
1.0006190000000001
1.000041
0.998661
0.996397
0.993533
0.993743
0.996806
0.998999
1.000312
1.000803
1.000371
1.000608
1.0017790000000002
1.002335
1.002106
1.00101
0.998978
0.996051
0.9943049999999999
0.995524
0.9977719999999999
0.9992850000000001
0.9999299999999999
0.999648
0.9984360000000001
0.9979709999999999
0.998503
0.998434
0.997632
0.996232
0.9943770000000001
0.991933
0.99113
0.993302
0.9958959999999999
0.997393
0.997849
0.997554
0.99665
0.996873
0.998604
1.0001360000000001
1.001017
1.001061
1.000169
0.998159
0.997871
1.0004899999999999
1.003196
1.0050459999999999
1.0061879999999999
1.0065879999999998
1.005937
1.005881
1.006881
1.007279
1.0068190000000001
1.0056559999999999
1.003898
1.001382
1.001083
1.003765
1.006165
1.007478
1.007817
1.007103
1.005156
1.003884
1.003829
1.0033459999999998
1.0023790000000001
1.001041
0.999135
0.996359
0.996283
0.99924
1.0014129999999999
1.002497
1.002653
1.001918
1.000304
0.999607
1.000135
1.000153
0.9994379999999999
0.9979690000000001
0.995685
0.992608
0.992396
0.9955719999999999
0.9985459999999999
1.000824
1.0022879999999998
1.002702
1.001846
1.001449
1.002
1.002041
1.001459
1.000265
0.9984370000000001
0.995785
0.99582
0.9988790000000001
1.001298
1.002843
1.003598
1.003581
1.002735
1.002867
1.004328
1.005201
1.005095
1.00405
1.002052
0.999109
0.9989819999999999
1.001781
1.0037530000000001
1.004852
1.005298
1.00509
1.00394
1.003572
1.004421
1.004697
1.0040719999999999
1.002558
1.000142
0.997044
0.997066
1.000041
1.0020200000000001
1.002883
1.002736
1.001496
1.000852
1.001339
1.001552
1.001327
1.000697
0.999605
0.997783
0.9967739999999999
0.998394
1.000751
1.001894
1.0020639999999998
1.001476
1.000132
0.9997299999999999
1.000524
1.000777
1.000278
0.999186
0.9975430000000001
0.995186
0.9943120000000001
0.996583
0.9996649999999999
1.001845
1.003082
1.003383
1.002739
1.002864
1.004029
1.0045549999999999
1.004334
1.00348
1.0020200000000001
0.999943
1.0000069999999999
1.003082
1.006157
1.0082
1.009303
1.009409
1.008355
1.007857
1.008351
1.0083090000000001
1.0075450000000001
1.006041
1.003796
1.000664
0.99955
1.0013940000000001
1.0032940000000001
1.004517
1.005141
1.0051379999999999
1.004267
1.00409
1.0048549999999998
1.004808
1.003736
1.001778
0.9991329999999999
0.9957889999999999
0.995293
0.998101
1.000492
1.001963
1.002577
1.002362
1.001198
1.000848
1.0018049999999998
1.002435
1.0024629999999999
1.001844
1.00039
0.997834
0.99771
1.0005870000000001
1.002836
1.004022
1.004371
1.003937
1.002605
1.002265
1.003407
1.00419
1.00421
1.0034299999999998
1.001759
0.998992
0.998822
1.001659
1.003789
1.0050780000000001
1.005624
1.005256
1.0038200000000002
1.003161
1.003665
1.00358
1.00282
1.001578
0.999818
0.99751
0.998425
1.002421
1.005364
1.0070649999999999
1.007686
1.007371
1.006104
1.005717
1.006646
1.007172
1.0069780000000002
1.005986
1.004226
1.001789
1.002408
1.005991
1.008632
1.010313
1.011097
1.010881
1.009466
1.008704
1.0091290000000002
1.0089709999999998
1.007966
1.006243
1.003836
1.000887
1.001045
1.004255
1.006736
1.008251
1.0088629999999998
1.0085600000000001
1.0071459999999999
1.006424
1.006853
1.006651
1.0056200000000002
1.003947
1.001623
0.9988790000000001
0.999178
1.002122
1.004008
1.004833
1.004859
1.004122
1.004291
1.005691
1.006621
1.0067190000000001
1.005926
1.004219
1.001578
1.000157
1.0017049999999998
1.004048
1.0054020000000001
1.005863
1.005478
1.004167
1.003706
1.0044680000000001
1.0047629999999999
1.004416
1.003576
1.002263
1.000253
0.9999379999999999
1.0024629999999999
1.005107
1.006697
1.0074
1.0072860000000001
1.0063440000000001
1.006351
1.0076120000000002
1.008418
1.008697
1.008548
1.007854
1.006413
1.007276
1.011023
1.0142930000000001
1.0164090000000001
1.0174809999999999
1.017536
1.0165549999999999
1.0162790000000002
1.017002
1.0170350000000001
1.016191
1.014513
1.01205
1.008785
1.0080209999999998
1.010428
1.012653
1.014046
1.0145879999999998
1.014154
1.012478
1.011224
1.010861
1.0098850000000001
1.0081959999999999
1.0058280000000002
1.00279
0.9989049999999999
0.997851
0.999883
1.001226
1.001818
1.001818
1.001208
0.999799
0.9973559999999999
0.993834
0.9892489999999999
0.983591
0.9799559999999999
0.9788620000000001
0.9770690000000001
0.973944
0.9697459999999999
0.9694299999999999
0.973361
0.9767020000000001
0.979036
0.98029
0.9802700000000001
0.978988
0.976508
0.972722
0.9704790000000001
0.9700469999999999
0.9683649999999999
0.9653879999999999
0.9616309999999999
0.9612200000000001
0.965111
0.968931
0.9710790000000001
0.971404
0.970166
0.967514
0.9632719999999999
0.95741
0.9530040000000001
0.9506209999999999
0.94744
0.9432450000000001
0.9383370000000001
0.936792
0.939409
0.941666
0.9422209999999999
0.941351
0.939493
0.93685
0.933415
0.929092
0.92668
0.926602
0.9261209999999999
0.924934
0.922905
0.9241590000000001
0.92889
0.9323469999999999
0.9340870000000001
0.934558
0.9341309999999999
0.9329620000000001
0.93091
0.9276200000000001
0.9257219999999999
0.925961
0.925873
0.9250280000000001
0.9232540000000001
0.9240229999999999
0.927908
0.9306909999999999
0.931394
0.9304180000000001
0.928057
0.9244610000000001
0.9195209999999999
0.9130440000000001
0.9080870000000001
0.905408
0.902343
0.89869
0.8950610000000001
0.8953760000000001
0.89881
0.900876
0.90154
0.901013
0.8992459999999999
0.8959969999999999
0.8908799999999999
0.886658
0.8842209999999999
0.8811889999999999
0.8774139999999999
0.873082
0.872499
0.8755959999999999
0.8776780000000001
0.8784420000000001
0.878059
0.87672
0.8744770000000001
0.871084
0.8661969999999999
0.8626149999999999
0.86111
0.859237
0.8567670000000001
0.853983
0.854526
0.8575379999999999
0.858583
0.85788
0.856137
0.853816
0.850915
0.847191
0.84262
0.840311
0.840801
0.8410860000000001
0.840558
0.8405959999999999
0.8437549999999999
0.848231
0.851065
0.8524430000000001
0.852826
0.852351
0.8507540000000001
0.8477120000000001
0.8432200000000001
0.8406319999999999
0.840815
0.8409110000000001
0.840261
0.840533
0.844245
0.8492770000000001
0.85267
0.854526
0.855283
0.854925
0.8530559999999999
0.8494309999999999
0.844073
0.840342
0.839166
0.837598
0.8349129999999999
0.8331129999999999
0.834733
0.8377049999999999
0.839556
0.8403879999999999
0.8402540000000001
0.83888
0.836051
0.831779
0.828941
0.828067
0.8264870000000001
0.8237770000000001
0.820666
0.8207620000000001
0.8233729999999999
0.824859
0.825256
0.824766
0.8233229999999999
0.8207200000000001
0.816841
0.811732
0.808361
0.807554
0.80666
0.804863
0.802937
0.804158
0.807416
0.809227
0.809723
0.809229
0.807848
0.805603
0.802477
0.798493
0.796566
0.797074
0.796856
0.795198
0.794303
0.796765
0.800525
0.8031699999999999
0.804804
0.805582
0.805547
0.804582
0.802439
0.801776
0.803095
0.803611
0.802797
0.801653
0.803495
0.80737
0.809962
0.811322
0.811533
0.810539
0.808348
0.80493
0.800339
0.797623
0.797395
0.7968029999999999
0.7953210000000001
0.794517
0.7970510000000001
0.801081
0.8035260000000001
0.8043399999999999
0.803696
0.801766
0.7986979999999999
0.7945
0.789229
0.7858189999999999
0.7847069999999999
0.783085
0.7806649999999999
0.779428
0.781981
0.786453
0.790022
0.7924979999999999
0.793938
0.794272
0.7932100000000001
0.790409
0.785809
0.782352
0.780659
0.778108
0.7743760000000001
0.771433
0.772213
0.775127
0.77733
0.7787189999999999
0.779546
0.779854
0.779393
0.7778430000000001
0.77755
0.7786850000000001
0.778555
0.7769
0.7748189999999999
0.775493
0.778062
0.77949
0.78
0.779968
0.779567
0.77871
0.777213
0.774886
0.774159
0.775345
0.7758520000000001
0.7752899999999999
0.775031
0.777985
0.7826890000000001
0.785853
0.787331
0.787449
0.786404
0.784201
0.780891
0.77667
0.774404
0.774655
0.7747609999999999
0.774147
0.774414
0.77812
0.783242
0.786666
0.78845
0.789089
0.7887270000000001
0.787175
0.784193
0.782068
0.781273
0.7796529999999999
0.777038
0.773641
0.77358
0.7770060000000001
0.779852
0.781894
0.78317
0.7835880000000001
0.782914
0.78091
0.777393
0.774683
0.773331
0.771278
0.7683939999999999
0.765378
0.765964
0.769494
0.771971
0.773385
0.7740520000000001
0.774022
0.7731600000000001
0.7712979999999999
0.768354
0.766913
0.767564
0.767811
0.767093
0.76626
0.768574
0.773103
0.776497
0.778878
0.780517
0.781428
0.7813939999999999
0.779978
0.779249
0.779702
0.7792140000000001
0.77754
0.774837
0.774926
0.778572
0.782065
0.784662
0.7863939999999999
0.787277
0.787267
0.786146
0.783605
0.782012
0.782046
0.781563
0.780274
0.778303
0.779451
0.783371
0.785887
0.7872060000000001
0.7877460000000001
0.7876449999999999
0.786912
0.7853979999999999
0.7830050000000001
0.782238
0.783516
0.7843439999999999
0.784281
0.78337
0.785449
0.790337
0.793845
0.795913
0.796776
0.796557
0.795187
0.7923439999999999
0.787912
0.7845439999999999
0.782981
0.7811520000000001
0.7789
0.776258
0.77732
0.782081
0.785974
0.78863
0.7901199999999999
0.790392
0.7891779999999999
0.786279
0.781853
0.7786350000000001
0.777228
0.775343
0.772642
0.769698
0.770356
0.7743369999999999
0.7778229999999999
0.780648
0.7829689999999999
0.784706
0.7855489999999999
0.785111
0.783085
0.781863
0.782049
0.781489
0.779854
0.7776569999999999
0.778772
0.78284
0.785976
0.7881239999999999
0.789441
0.7898470000000001
0.789263
0.787665
0.7873720000000001
0.788856
0.789906
0.790126
0.789346
0.79045
0.794471
0.798182
0.8003399999999999
0.8011
0.800589
0.7988689999999999
0.796138
0.7924760000000001
0.790212
0.789955
0.789573
0.788662
0.787147
0.78838
0.792902
0.796991
0.799902
0.8017770000000001
0.8025220000000001
0.80194
0.799894
0.796424
0.7941010000000001
0.793622
0.792797
0.791288
0.78922
0.790037
0.794297
0.798268
0.8010430000000001
0.802655
0.8032159999999999
0.802834
0.801329
0.7984829999999999
0.796721
0.796603
0.795884
0.794242
0.7916810000000001
0.791715
0.7951189999999999
0.798271
0.800334
0.801404
0.80161
0.800891
0.798928
0.795583
0.793507
0.793295
0.792606
0.791158
0.7888890000000001
0.789899
0.794389
0.7979930000000001
0.8004220000000001
0.801795
0.802142
0.801395
0.7994319999999999
0.796184
0.7941229999999999
0.793867
0.793342
0.792263
0.7903819999999999
0.7916449999999999
0.7961590000000001
0.7995800000000001
0.801813
0.803178
0.803704
0.803248
0.801712
0.7990470000000001
0.797667
0.798003
0.797625
0.796072
0.793358
0.793745
0.797481
0.800246
0.8019189999999999
0.802794
0.802901
0.8022060000000001
0.800613
0.798025
0.796995
0.798068
0.798726
0.798388
0.796921
0.798455
0.802987
0.8060970000000001
0.807768
0.808296
0.80781
0.806389
0.8039149999999999
0.800337
0.798428
0.798841
0.799063
0.798564
0.797211
0.7990229999999999
0.8040649999999999
0.807892
0.81013
0.810923
0.8105100000000001
0.808941
0.805987
0.8015399999999999
0.798279
0.796932
0.7953399999999999
0.793262
0.790717
0.7916949999999999
0.7962
0.799892
0.8024180000000001
0.8037890000000001
0.8039609999999999
0.802787
0.8001560000000001
0.798503
0.798339
0.7974140000000001
0.7955260000000001
0.7927930000000001
0.791864
0.794188
0.797117
0.799199
0.800566
0.801381
0.801557
0.800858
0.799075
0.798389
0.799143
0.799122
0.798137
0.7962100000000001
0.7962239999999999
0.799273
0.802153
0.803664
0.804227
0.804185
0.803503
0.8020550000000001
0.799786
0.7990729999999999
0.800358
0.801254
0.801219
0.800124
0.801516
0.8060189999999999
0.809764
0.811944
0.812884
0.812884
0.812055
0.8102699999999999
0.8072779999999999
0.805412
0.805318
0.804828
0.803509
0.801241
0.8014899999999999
0.804917
0.807874
0.809739
0.8106939999999999
0.8107439999999999
0.809823
0.8076909999999999
0.804129
0.801676
0.801036
0.80001
0.798303
0.7958649999999999
0.796333
0.800071
0.803158
0.805127
0.8062060000000001
0.806595
0.806266
0.804913
0.802338
0.8010510000000001
0.801654
0.8019189999999999
0.801503
0.8002279999999999
0.8016220000000001
0.80621
0.8101619999999999
0.812904
0.814621
0.815336
0.814842
0.812952
0.8097949999999999
0.808006
0.808122
0.8078489999999999
0.806786
0.804837
0.805894
0.810512
0.814646
0.8177300000000001
0.8199040000000001
0.8210860000000001
0.8210139999999999
0.8194290000000001
0.816236
0.813979
0.813319
0.812086
0.80992
0.80674
0.806662
0.81019
0.813182
0.8153050000000001
0.816754
0.817457
0.817261
0.8159489999999999
0.813321
0.81182
0.811917
0.811124
0.809028
0.805773
0.805477
0.808534
0.810804
0.811929
0.812163
0.811667
0.81048
0.808433
0.805365
0.803817
0.804305
0.804315
0.803343
0.8012729999999999
0.802221
0.806338
0.8093130000000001
0.810934
0.8113130000000001
0.810592
0.808809
0.805899
0.801959
0.799716
0.799736
0.799604
0.798938
0.797992
0.800534
0.8061470000000001
0.810539
0.8134819999999999
0.815244
0.815906
0.815271
0.8131229999999999
0.809459
0.807045
0.806603
0.805809
0.804307
0.802602
0.804562
0.809723
0.813929
0.8169109999999999
0.818763
0.819406
0.818707
0.816619
0.8130890000000001
0.810746
0.810226
0.809087
0.806976
0.80457
0.80576
0.810024
0.813326
0.815527
0.816766
0.81702
0.816185
0.814083
0.810542
0.808247
0.807933
0.807121
0.805322
0.803085
0.8041739999999999
0.80806
0.81086
0.8125060000000001
0.813145
0.812852
0.81158
0.809153
0.8054560000000001
0.803143
0.802723
0.801716
0.799886
0.797948
0.799405
0.803497
0.806366
0.807971
0.808595
0.808346
0.8070890000000001
0.804617
0.800925
0.7987850000000001
0.798716
0.798113
0.796512
0.7948149999999999
0.796412
0.800457
0.8033560000000001
0.80495
0.805505
0.805125
0.803723
0.80123
0.8001659999999999
0.801054
0.801521
0.8012100000000001
0.800028
0.8015909999999999
0.806232
0.809941
0.8121970000000001
0.81328
0.813362
0.812355
0.8101470000000001
0.806728
0.804707
0.804792
0.804774
0.804286
0.803186
0.805384
0.810879
0.81516
0.817846
0.819132
0.819086
0.817704
0.815096
0.811384
0.8092
0.80914
0.808794
0.807776
0.8062
0.808154
0.8134899999999999
0.817783
0.8209110000000001
0.8230719999999999
0.824268
0.824308
0.822858
0.8196709999999999
0.817366
0.81671
0.815368
0.812909
0.809393
0.809068
0.8122520000000001
0.814765
0.816397
0.817314
0.817569
0.8170109999999999
0.8153090000000001
0.812254
0.810446
0.810363
0.809521
0.8076300000000001
0.80489
0.805188
0.808365
0.810357
0.81124
0.811381
0.81095
0.8098920000000001
0.80801
0.805231
0.804187
0.805311
0.805978
0.805631
0.804398
0.80616
0.8107840000000001
0.8141649999999999
0.816135
0.81696
0.8167220000000001
0.815365
0.8129
0.809431
0.807711
0.808317
0.808703
0.808341
0.807539
0.810044
0.815341
0.8192309999999999
0.821591
0.8227700000000001
0.82283
0.821644
0.819132
0.815227
0.8126770000000001
0.8122229999999999
0.81135
0.809557
0.807549
0.809127
0.813692
0.817291
0.819725
0.8210639999999999
0.8213229999999999
0.8205370000000001
0.818551
0.8151010000000001
0.8127949999999999
0.812262
0.811072
0.8089430000000001
0.80655
0.807665
0.8117270000000001
0.81479
0.816717
0.817591
0.817409
0.8160970000000001
0.813483
0.809526
0.807046
0.806595
0.805562
0.803574
0.801327
0.802501
0.806527
0.809555
0.811459
0.812443
0.8125680000000001
0.811673
0.809508
0.805976
0.803783
0.803385
0.802244
0.8001689999999999
0.798317
0.800048
0.80433
0.8075060000000001
0.809446
0.810479
0.810693
0.8098989999999999
0.80789
0.804566
0.802673
0.802754
0.802144
0.8003239999999999
0.7986489999999999
0.8004600000000001
0.8044819999999999
0.807221
0.808534
0.808747
0.808085
0.806575
0.804076
0.800383
0.798225
0.798241
0.797773
0.796283
0.795289
0.797628
0.8015909999999999
0.80411
0.805294
0.805359
0.804296
0.8021050000000001
0.79872
0.796675
0.796586
0.796158
0.795157
0.793846
0.796113
0.801621
0.805991
0.8089390000000001
0.810539
0.8107489999999999
0.809553
0.8070189999999999
0.803095
0.800298
0.799325
0.797927
0.795871
0.793686
0.795319
0.800246
0.8041050000000001
0.806742
0.808408
0.80919
0.808916
0.807243
0.804074
0.802251
0.802373
0.80179
0.8000430000000001
0.797966
0.799307
0.803426
0.806525
0.8085180000000001
0.809664
0.8101510000000001
0.80986
0.810601
0.8124899999999999
0.8133279999999999
0.812852
0.8112699999999999
0.810068
0.8116800000000001
0.814699
0.816557
0.817233
0.816867
0.815643
0.815435
0.816578
0.817278
0.817224
0.816537
0.8153600000000001
0.815288
0.818271
0.822332
0.824895
0.825995
0.825943
0.824984
0.824867
0.8258989999999999
0.826627
0.8270860000000001
0.827471
0.8277620000000001
0.827994
0.8313530000000001
0.8374389999999999
0.842332
0.8456940000000001
0.8476940000000001
0.848691
0.849151
0.8506950000000001
0.8532649999999999
0.855065
0.8558870000000001
0.856015
0.8557049999999999
0.8549030000000001
0.856742
0.861078
0.864369
0.866658
0.8681979999999999
0.869144
0.869426
0.8703040000000001
0.871859
0.8725709999999999
0.8722280000000001
0.870956
0.868999
0.8670049999999999
0.8676280000000001
0.870135
0.871705
0.872656
0.873432
0.8741059999999999
0.8742469999999999
0.875035
0.876669
0.877545
0.877533
0.876967
0.875956
0.874862
0.8762719999999999
0.8795719999999999
0.881992
0.8838010000000001
0.8854049999999999
0.886754
0.8888290000000001
0.8915639999999999
0.8936120000000001
0.894999
0.895977
0.8965930000000001
0.8965
0.8961959999999999
0.898201
0.901806
0.904545
0.90661
0.908208
0.9091959999999999
0.9107350000000001
0.9131360000000001
0.91528
0.917149
0.9188870000000001
0.9203370000000001
0.920934
0.9206770000000001
0.9224969999999999
0.9262040000000001
0.9291450000000001
0.931634
0.933743
0.9351649999999999
0.935681
0.9368270000000001
0.9389709999999999
0.940751
0.9420430000000001
0.942694
0.942378
0.9408920000000001
0.9411799999999999
0.9445469999999999
0.9483280000000001
0.951426
0.953599
0.9546209999999999
0.954317
0.954247
0.954967
0.9552120000000001
0.954693
0.9532870000000001
0.951048
0.9480219999999999
0.9464090000000001
0.9480459999999999
0.950893
0.9530790000000001
0.9542219999999999
0.954082
0.95255
0.9513440000000001
0.951169
0.9506870000000001
0.9494879999999999
0.947456
0.9445979999999999
0.9409540000000001
0.938983
0.940687
0.943838
0.946448
0.9483209999999999
0.949407
0.950976
0.9533
0.9551209999999999
0.956261
0.956752
0.9565450000000001
0.955578
0.953882
0.954836
0.9589540000000001
0.9627829999999999
0.9657389999999999
0.967891
0.969245
0.971202
0.974217
0.976994
0.9790459999999999
0.980187
0.9803459999999999
0.9795360000000001
0.9778690000000001
0.9786870000000001
0.9825790000000001
0.986195
0.988859
0.990563
0.991418
0.9915879999999999
0.9927090000000001
0.994959
0.9966459999999999
0.997484
0.997506
0.9967809999999999
0.995323
0.995708
0.9993479999999999
1.0035450000000001
1.006685
1.008677
1.009564
1.009276
1.009406
1.010432
1.0108840000000001
1.010499
1.0094100000000001
1.007843
1.0057479999999999
1.0045520000000001
1.006169
1.0087409999999999
1.010062
1.010294
1.009607
1.007943
1.006832
1.0065950000000001
1.005715
1.004077
1.0020129999999998
0.9996799999999999
0.996926
0.995101
0.996459
0.999375
1.0013459999999998
1.002385
1.002518
1.001638
1.001386
1.002168
1.0025389999999998
1.002442
1.002005
1.001168
0.999735
0.999137
1.001544
1.005375
1.008415
1.010677
1.012101
1.012529
1.013457
1.015234
1.016528
1.0172709999999998
1.017426
1.016843
1.015371
1.014405
1.016222
1.019495
1.022034
1.0237610000000001
1.0245819999999999
1.024346
1.024699
1.026003
1.026722
1.026673
1.0259129999999999
1.024559
1.022504
1.02154
1.023536
1.026519
1.028469
1.029301
1.0291489999999999
1.0280690000000001
1.026018
1.0251219999999999
1.0259909999999999
1.026702
1.0267549999999999
1.0259559999999999
1.024165
1.0216459999999998
1.022219
1.0256809999999998
1.0281209999999998
1.029487
1.029884
1.0292290000000002
1.0275729999999998
1.027104
1.028251
1.028942
1.028784
1.027754
1.025776
1.022777
1.022517
1.0253219999999998
1.027376
1.0283209999999998
1.028181
1.027021
1.024873
1.023657
1.02383
1.0237180000000001
1.023101
1.021888
1.020033
1.0174940000000001
1.01793
1.021385
1.023799
1.024982
1.02528
1.024874
1.0237
1.023668
1.025181
1.0262360000000001
1.0264309999999999
1.025902
1.024785
1.0229489999999999
1.024148
1.028462
1.031823
1.0340129999999998
1.035104
1.035138
1.034076
1.033902
1.035013
1.035508
1.035196
1.034189
1.032418
1.0297120000000002
1.030045
1.0336020000000001
1.036214
1.037759
1.038497
1.038403
1.0372270000000001
1.036852
1.037644
1.037643
1.0366790000000001
1.034892
1.03226
1.028851
1.028397
1.030776
1.0321870000000002
1.032794
1.032829
1.032218
1.030786
1.030373
1.031212
1.031289
1.030335
1.028461
1.025762
1.022393
1.021992
1.0243520000000002
1.025669
1.025968
1.025457
1.024251
1.022248
1.021296
1.021822
1.0220200000000002
1.021606
1.0204870000000001
1.018498
1.015822
1.015942
1.018664
1.020459
1.021327
1.0214530000000002
1.020797
1.019101
1.0183149999999999
1.019051
1.019491
1.019339
1.018624
1.0172450000000002
1.015933
1.017655
1.02149
1.024226
1.025844
1.026557
1.026289
1.0247700000000002
1.024097
1.024801
1.0248760000000001
1.02409
1.022605
1.020391
1.018591
1.020017
1.023432
1.025892
1.027326
1.027715
1.026939
1.02496
1.023958
1.024347
1.024047
1.022812
1.020669
1.017567
1.015025
1.015871
1.0186620000000002
1.0205600000000001
1.021576
1.021729
1.020804
1.018572
1.017108
1.016966
1.016324
1.014934
1.0127620000000002
1.009811
1.007557
1.008527
1.011203
1.013033
1.014066
1.014289
1.0136399999999999
1.011983
1.011332
1.012078
1.012152
1.011314
1.009728
1.007407
1.006033
1.007911
1.011276
1.013676
1.015095
1.0157450000000001
1.0156100000000001
1.014375
1.0140870000000002
1.0152940000000001
1.0159129999999998
1.015541
1.014165
1.011736
1.0104899999999999
1.012483
1.015434
1.017297
1.018152
1.018058
1.016857
1.014437
1.013255
1.013894
1.0141209999999998
1.0136530000000001
1.012525
1.010524
1.009997
1.012476
1.015224
1.016558
1.016744
1.015953
1.0140959999999999
1.01316
1.013518
1.013215
1.012114
1.010461
1.008278
1.005862
1.006749
1.010446
1.013051
1.014418
1.014638
1.013577
1.011113
1.0093290000000001
1.008726
1.007501
1.005585
1.003153
1.000155
0.9971760000000001
0.9975360000000001
1.000517
1.002626
1.003894
1.004438
1.004184
1.0029860000000002
1.002737
1.003817
1.004419
1.00432
1.0033860000000001
1.001451
0.99984
1.001149
1.00403
1.006018
1.0073020000000001
1.0079129999999998
1.007714
1.006498
1.0062200000000001
1.0072649999999999
1.007624
1.006967
1.005366
1.0029649999999999
1.001433
1.002925
1.005673
1.0073
1.007717
1.006996
1.005277
1.002484
1.000813
1.0009379999999999
1.0008620000000001
1.0001959999999999
0.998833
0.996607
0.995798
0.9979819999999999
1.000757
1.0025030000000001
1.0032780000000001
1.003219
1.002203
0.9999120000000001
0.9986
0.9989950000000001
0.999007
0.998259
0.996842
0.9946889999999999
0.9939399999999999
0.9963489999999999
0.999516
1.001575
1.002691
1.002944
1.002091
0.999892
0.9986440000000001
0.9989450000000001
0.99877
0.9979889999999999
0.996613
0.994345
0.993309
0.995434
0.9983709999999999
1.000119
1.0007629999999998
1.000375
0.9989110000000001
0.9984850000000001
0.999548
1.000139
0.9999979999999999
0.9991260000000001
0.9973280000000001
0.994964
0.995706
0.9992340000000001
1.001895
1.003699
1.00475
1.004832
1.003722
1.0033290000000001
1.003978
1.00383
1.002901
1.00138
0.9992110000000001
0.9969530000000001
0.9978090000000001
1.0010059999999998
1.003133
1.0043229999999999
1.004681
1.004139
1.002712
1.002457
1.0037200000000002
1.0044870000000001
1.004356
1.003107
1.000623
0.998223
0.9986790000000001
1.000723
1.001668
1.0016770000000002
1.000876
0.999317
0.99697
0.9957729999999999
0.9961040000000001
0.996025
0.9951549999999999
0.993384
0.990663
0.9883870000000001
0.9890530000000001
0.9913270000000001
0.992655
0.992875
0.991991
0.990051
0.986925
0.984728
0.984216
0.983569
0.9824459999999999
0.980834
0.9786799999999999
0.977922
0.9803120000000001
0.983607
0.985727
0.986714
0.986842
0.9861059999999999
0.986291
0.987763
0.9886530000000001
0.9885799999999999
0.987604
0.985991
0.983958
0.9850770000000001
0.989267
0.9927540000000001
0.995373
0.997149
0.9980129999999999
0.997725
0.9980600000000001
0.9995200000000001
1.000338
1.000256
0.999444
0.997917
0.995691
0.996339
0.999763
1.002174
1.003517
1.004118
1.0040870000000002
1.003215
1.001261
1.0004620000000002
1.001212
1.001262
1.000362
0.9984709999999999
0.995351
0.993985
0.99574
0.9975959999999999
0.9984639999999999
0.998661
0.998168
0.9966860000000001
0.996057
0.9966
0.9963059999999999
0.99492
0.992519
0.989135
0.985431
0.984973
0.9872
0.988447
0.9886739999999999
0.98793
0.9860969999999999
0.983166
0.9810909999999999
0.9802489999999999
0.978925
0.9770549999999999
0.974698
0.9716870000000001
0.968829
0.968966
0.9711219999999999
0.972432
0.9730049999999999
0.972923
0.97224
0.972836
0.974856
0.9763959999999999
0.977402
0.977966
0.9779479999999999
0.977239
0.9792540000000001
0.9841290000000001
0.988109
0.990891
0.992604
0.9932780000000001
0.9929959999999999
0.99164
0.9911200000000001
0.992025
0.992575
0.9924379999999999
0.9916520000000001
0.990188
0.9896799999999999
0.9922040000000001
0.995914
0.998534
1.0000120000000001
1.000401
0.9995370000000001
0.99705
0.9952110000000001
0.9948239999999999
0.99382
0.991799
0.9888459999999999
0.984973
0.982849
0.9840709999999999
0.9860969999999999
0.98749
0.9882610000000001
0.988333
0.987323
0.986759
0.9868959999999999
0.9859180000000001
0.9837229999999999
0.9807
0.9770260000000001
0.9725239999999999
0.970934
0.9725799999999999
0.973558
0.9736239999999999
0.973
0.971735
0.969648
0.968493
0.968777
0.9688540000000001
0.968462
0.967551
0.9658620000000001
0.963468
0.963894
0.966899
0.968885
0.9699770000000001
0.9704149999999999
0.9701139999999999
0.9707879999999999
0.972931
0.974942
0.97652
0.977672
0.978334
0.9782559999999999
0.9798549999999999
0.984146
0.9883149999999999
0.991242
0.993189
0.994185
0.9940319999999999
0.9925930000000001
0.991777
0.9920479999999999
0.991765
0.990872
0.9893930000000001
0.987144
0.985611
0.9872799999999999
0.9904850000000001
0.992627
0.9936950000000001
0.9937739999999999
0.9928440000000001
0.990707
0.9894149999999999
0.989455
0.9888129999999999
0.987132
0.9844069999999999
0.9807879999999999
0.9785280000000001
0.9795360000000001
0.9816950000000001
0.9831270000000001
0.9838040000000001
0.9835709999999999
0.9821790000000001
0.981251
0.981137
0.980351
0.978856
0.9767629999999999
0.974126
0.970833
0.9696809999999999
0.9715159999999999
0.973403
0.9744120000000001
0.974499
0.973735
0.972137
0.971391
0.971891
0.972094
0.971766
0.970893
0.9695030000000001
0.967404
0.967996
0.971656
0.974726
0.9768610000000001
0.978231
0.978958
0.978964
0.9799979999999999
0.982453
0.9844950000000001
0.9856950000000001
0.986002
0.985359
0.983942
0.985461
0.9898299999999999
0.993258
0.995599
0.996991
0.9973709999999999
0.9965430000000001
0.996449
0.997625
0.9982409999999999
0.997965
0.9968370000000001
0.9948030000000001
0.992044
0.992029
0.994418
0.9955709999999999
0.995632
0.9948459999999999
0.9931620000000001
0.990481
0.988759
0.988376
0.9874459999999999
0.985857
0.983743
0.981024
0.978511
0.979233
0.982241
0.98426
0.9851780000000001
0.985015
0.9837290000000001
0.9831219999999999
0.983541
0.9833620000000001
0.982543
0.981248
0.9794450000000001
0.9770780000000001
0.9761920000000001
0.9783950000000001
0.981457
0.983611
0.9849049999999999
0.985326
0.9847969999999999
0.984876
0.9858950000000001
0.986447
0.9863870000000001
0.98564
0.9840979999999999
0.981649
0.9805440000000001
0.982284
0.98472
0.98656
0.987859
0.988632
0.9888
0.989966
0.9922770000000001
0.9939100000000001
0.994554
0.994238
0.9931030000000001
0.9910909999999999
0.991418
0.994733
0.997668
0.999568
1.000522
1.000665
0.999936
1.000018
1.0013530000000002
1.0023229999999999
1.002622
1.002185
1.0009190000000001
0.9985440000000001
0.998116
1.000538
1.002616
1.003595
1.0036399999999999
1.002769
1.000765
0.999424
0.9993340000000001
0.9988459999999999
0.9976879999999999
0.9959450000000001
0.993607
0.990455
0.989925
0.9925
0.994592
0.9958520000000001
0.9963860000000001
0.9959979999999999
0.994419
0.9934569999999999
0.993597
0.9932190000000001
0.992288
0.9909540000000001
0.9890620000000001
0.9863559999999999
0.9862350000000001
0.9892700000000001
0.991871
0.993459
0.994093
0.9937860000000001
0.992591
0.992333
0.993395
0.994107
0.9941559999999999
0.9933649999999999
0.9915639999999999
0.9887540000000001
0.988684
0.9918799999999999
0.994761
0.996958
0.9984069999999999
0.998891
0.9982040000000001
0.9981129999999999
0.9990530000000001
0.9994200000000001
0.999031
0.9979020000000001
0.9960969999999999
0.993757
0.994524
0.998287
1.0012379999999999
1.003218
1.004186
1.004103
1.0029299999999999
1.002551
1.003411
1.003682
1.003068
1.001675
0.9995129999999999
0.996711
0.9968090000000001
0.9996450000000001
1.001507
1.0023389999999999
1.002425
1.001845
1.0003819999999999
0.9997809999999999
1.000451
1.00052
0.999567
0.997575
0.994561
0.99082
0.9902120000000001
0.992633
0.9942200000000001
0.994884
0.9947389999999999
0.9936659999999999
0.9932639999999999
0.993981
0.99436
0.994216
0.9936299999999999
0.9926149999999999
0.9909549999999999
0.990309
0.992368
0.995057
0.996445
0.996756
0.996223
0.9948950000000001
0.9945149999999999
0.995394
0.99584
0.9956520000000001
0.994983
0.9938450000000001
0.992016
0.9917950000000001
0.9946290000000001
0.9979969999999999
1.0003879999999998
1.00181
1.002293
1.001818
1.0020879999999999
1.003319
1.0037530000000001
1.00329
1.002111
1.000326
0.9980030000000001
0.998217
1.001592
1.004797
1.007013
1.008299
1.008536
1.0075100000000001
1.0069299999999999
1.0072530000000002
1.006996
1.006038
1.004401
1.002076
0.998868
0.99779
0.999554
1.0010700000000001
1.001827
1.0020040000000001
1.001654
1.000585
1.0003549999999999
1.001198
1.001339
1.000502
0.998751
0.996223
0.9928680000000001
0.992233
0.9948229999999999
0.9969899999999999
0.998282
0.998778
0.998489
0.997237
0.996734
0.997489
0.997927
0.9978379999999999
0.997231
0.995941
0.9936809999999999
0.994001
0.9973620000000001
1.0000149999999999
1.001531
1.00209
1.001725
1.0003469999999999
0.99992
1.001002
1.001785
1.001873
1.001214
0.9996649999999999
0.996973
0.9969520000000001
0.999927
1.0020959999999999
1.003483
1.004204
1.004065
1.002876
1.0024680000000001
1.003193
1.003242
1.002507
1.001176
0.999236
0.996819
0.9976389999999999
1.001466
1.004269
1.005847
1.006207
1.005336
1.003352
1.002297
1.002687
1.002831
1.002405
1.001231
0.9991760000000001
0.996434
0.996691
0.999748
1.001837
1.002958
1.00321
1.002542
1.002566
1.003543
1.003915
1.003491
1.002194
0.9999819999999999
0.996936
0.9949889999999999
0.9960899999999999
0.9984860000000001
1.000234
1.001155
1.001149
1.000173
0.999866
1.0004600000000001
1.0003600000000001
0.999448
0.9978899999999999
0.995875
0.9933040000000001
0.992208
0.9941049999999999
0.996659
0.99815
0.998632
0.9984129999999999
0.997649
0.998078
1.000059
1.00185
1.002966
1.0031860000000001
1.002391
1.000394
0.999977
1.002404
1.004947
1.006625
1.0076129999999999
1.0078989999999999
1.0071780000000001
1.007087
1.008063
1.008426
1.007933
1.006759
1.005031
1.002592
1.0024309999999998
1.005258
1.007751
1.009108
1.009431
1.008637
1.006557
1.005108
1.0048469999999998
1.004145
1.002973
1.001463
0.9994270000000001
0.996554
0.996401
0.999295
1.001435
1.00254
1.002789
1.0022209999999998
1.000823
1.000343
1.001047
1.001172
1.000476
0.9989379999999999
0.996511
0.993241
0.9927860000000001
0.9957450000000001
0.9986
1.000842
1.002358
1.002894
1.002204
1.001984
1.002716
1.002953
1.0025870000000001
1.001622
1.0000149999999999
0.9975450000000001
0.9976389999999999
1.00068
1.003067
1.004512
1.005117
1.0049290000000002
1.003918
1.003915
1.0052940000000001
1.00616
1.006119
1.005195
1.003341
1.000489
1.0004469999999999
1.003382
1.005483
1.0066899999999999
1.007205
1.007005
1.005793
1.005284
1.005918
1.005934
1.0050370000000002
1.0032709999999998
1.0006540000000002
0.9973790000000001
0.9973110000000001
1.00033
1.002419
1.00342
1.003407
1.002269
0.9999239999999999
0.9985
0.9986719999999999
0.9986729999999999
0.9982059999999999
0.9972190000000001
0.995466
0.9929680000000001
0.993223
0.9959680000000001
0.997552
0.998132
0.9979680000000001
0.997057
0.997123
0.998401
0.999074
0.9988809999999999
0.9979450000000001
0.9963120000000001
0.993923
0.9929819999999999
0.995187
0.9982530000000001
1.000366
1.0014290000000001
1.001415
1.000342
0.999923
1.000418
1.000229
0.999352
0.9979809999999999
0.996179
0.993928
0.993732
0.996599
0.999674
1.001673
1.002675
1.002713
1.001745
1.0015399999999999
1.0024959999999998
1.0030299999999999
1.002905
1.002049
1.00044
0.997944
0.9975959999999999
1.000137
1.00253
1.0042719999999998
1.00549
1.006153
1.0059930000000001
1.0064739999999999
1.007771
1.0081129999999998
1.007274
1.005428
1.002843
0.999519
0.9987010000000001
1.0010780000000001
1.003199
1.004289
1.004427
1.003701
1.001986
1.001048
1.001428
1.0015129999999999
1.001042
0.999964
0.998075
0.995088
0.994826
0.997541
0.999276
0.9999379999999999
0.9998309999999999
0.9990129999999999
0.99734
0.9967090000000001
0.997583
0.998082
0.99785
0.996925
0.9952270000000001
0.9925139999999999
0.992608
0.995761
0.99808
0.999553
1.000262
1.000017
0.998654
0.997994
0.9984559999999999
0.998375
0.9977219999999999
0.9966809999999999
0.995159
0.9930469999999999
0.994084
0.998138
1.0011
1.002847
1.003457
1.0029370000000002
1.001384
1.000812
1.001675
1.0021950000000002
1.002006
1.0009350000000001
0.9988809999999999
0.996236
0.9966389999999999
0.9998309999999999
1.002241
1.0038690000000001
1.004729
1.004659
1.0034040000000002
1.002794
1.003365
1.003357
1.002433
1.0006
0.9979530000000001
0.9949870000000001
0.9951629999999999
0.998158
1.000392
1.0016040000000002
1.0017559999999999
1.000831
1.0005540000000002
1.001226
1.001243
1.0004540000000002
0.9989450000000001
0.9968379999999999
0.994065
0.992533
0.9938889999999999
0.9959969999999999
0.997031
0.997033
0.996283
0.9949309999999999
0.994642
0.9957159999999999
0.996482
0.99656
0.995833
0.994244
0.991641
0.990502
0.992394
0.994877
0.9965620000000001
0.997541
0.997835
0.997231
0.9974129999999999
0.998834
0.999833
1.000137
0.999843
0.999009
0.9974270000000001
0.998091
1.001572
1.004523
1.0063309999999999
1.0071729999999999
1.007004
1.005668
1.005028
1.0055530000000001
1.0055479999999999
1.004905
1.0037399999999999
1.0019069999999999
0.999138
0.9988370000000001
1.001535
1.0036200000000002
1.0045979999999999
1.004605
1.0036690000000001
1.001742
1.000608
1.000602
1.0000040000000001
0.998633
0.9965129999999999
0.993632
0.990125
0.98995
0.9931469999999999
0.995751
0.9976440000000001
0.9987729999999999
0.9989110000000001
0.997826
0.9972709999999999
0.9977290000000001
0.9977010000000001
0.997086
0.9959110000000001
0.994124
0.9914799999999999
0.9915780000000001
0.9946729999999999
0.997015
0.9984930000000001
0.9992200000000001
0.999235
0.998467
0.998647
1.000119
1.040381
1.11924
1.195254
1.2666879999999998
1.30498
1.305288
1.303679
1.308801
1.3381809999999998
1.398939
1.4660229999999999
1.525943
1.561276
1.563943
1.552992
1.544041
1.5529680000000001
1.587897
1.63419
1.675715
1.7028990000000002
1.7084139999999999
1.697925
1.686807
1.690002
1.7166
1.764117
1.8165900000000001
1.853893
1.867811
1.864408
1.857662
1.8608509999999998
1.881907
1.9170369999999999
1.9537240000000002
1.979195
1.9857619999999998
1.9761099999999998
1.9653490000000002
1.966451
1.983293
2.013642
2.047513
2.073041
2.0822990000000003
2.0758400000000004
2.0625
2.05844
2.0713310000000003
2.096078
2.1250240000000002
2.147859
2.157089
2.152028
2.138888
2.127204
2.1279209999999997
2.143249
2.164895
2.183783
2.192801
2.190196
2.180231
2.170416
2.167564
2.177484
2.197645
2.216988
2.227416
2.226854
2.218872
2.2101599999999997
2.2068659999999998
2.211297
2.224941
2.242148
2.2522729999999997
2.251949
2.243707
2.233906
2.2286740000000003
2.230697
2.238799
2.251475
2.261632
2.261341
2.251661
2.237906
2.2262459999999997
2.22027
2.219424
2.219388
2.214608
2.205794
2.193676
2.177387
2.1614709999999997
2.15
2.14355
2.1393419999999996
2.132813
2.122957
2.1116040000000003
2.098166
2.08383
2.0721439999999998
2.064274
2.058368
2.050639
2.041802
2.030975
2.015428
1.998228
1.9831990000000002
1.9724599999999999
1.9649580000000002
1.9574029999999998
1.9463409999999999
1.933961
1.92055
1.9039970000000002
1.88727
1.8727099999999999
1.8604310000000002
1.848338
1.83717
1.825292
1.808645
1.7887240000000002
1.768873
1.751598
1.737482
1.7248119999999998
1.71248
1.700509
1.6861560000000002
1.668078
1.648897
1.631145
1.619926
1.614642
1.608458
1.5982399999999999
1.583286
1.564907
1.545604
1.531709
1.524753
1.519555
1.512974
1.502795
1.488113
1.469683
1.449398
1.433409
1.423217
1.414081
1.403852
1.391002
1.374783
1.3602889999999999
1.349356
1.338357
1.327243
1.315856
1.303247
1.288348
1.270602
1.250384
1.233379
1.221223
1.209639
1.1976209999999998
1.186032
1.17802
1.171039
1.160532
1.147206
1.132665
1.118131
1.103941
1.089544
1.073759
1.060295
1.049193
1.035639
1.019784
1.008678
1.0029059999999999
0.995859
0.986498
0.9743290000000001
0.9594530000000001
0.9424969999999999
0.9242040000000001
0.905328
0.8860889999999999
0.8710680000000001
0.8602299999999999
0.847677
0.8365239999999999
0.828901
0.8208989999999999
0.811049
0.799905
0.787779
0.774478
0.759648
0.742951
0.7242890000000001
0.704178
0.6884140000000001
0.678024
0.670041
0.6669579999999999
0.665406
0.660671
0.652738
0.6424449999999999
0.630842
0.618566
0.605747
0.591928
0.576267
0.5636979999999999
0.5549229999999999
0.550057
0.5498970000000001
0.54902
0.5461
0.5412140000000001
0.534251
0.525083
0.513658
0.500069
0.48456000000000005
0.46744600000000003
0.44904700000000003
0.43527899999999997
0.429069
0.42866899999999997
0.42984799999999995
0.42734300000000003
0.42177299999999995
0.41427200000000003
0.405776
0.396602
0.386446
0.374625
0.360387
0.343496
0.33048
0.327735
0.331536
0.335185
0.33558499999999997
0.333054
0.328164
0.321314
0.31298899999999996
0.30341399999999996
0.292448
0.279837
0.265245
0.254664
0.255473
0.26174400000000003
0.265061
0.26459499999999997
0.261427
0.256565
0.250526
0.24328200000000003
0.234381
0.22331700000000002
0.209825
0.194114
0.183817
0.187204
0.196641
0.202837
0.20521999999999999
0.204404
0.20114100000000001
0.196045
0.189632
0.18203
0.17288599999999998
0.161917
0.149056
0.142485
0.149382
0.16098900000000002
0.169156
0.17385699999999998
0.175899
0.17588099999999998
0.174039
0.17039
0.164772
0.156941
0.14686
0.134775
0.129574
0.13809000000000002
0.15093900000000002
0.160101
0.165388
0.167704
0.16794800000000001
0.16659100000000002
0.16383599999999998
0.15944
0.152841
0.14369300000000002
0.13200499999999998
0.12701500000000002
0.135897
0.14925
0.159164
0.16558699999999998
0.169377
0.17113
0.171151
0.169572
0.16622699999999999
0.16083
0.15321600000000002
0.143447
0.140486
0.151471
0.166901
0.178482
0.186131
0.190856
0.193614
0.194853
0.194682
0.192905
0.189025
0.18277000000000002
0.174231
0.163785
0.159932
0.170049
0.185059
0.196053
0.202714
0.206083
0.207321
0.20725700000000002
0.20632199999999998
0.204381
0.20081500000000002
0.194968
0.186595
0.183308
0.193366
0.209157
0.221865
0.23123000000000002
0.237868
0.24223699999999998
0.24456
0.24504499999999999
0.243773
0.24066300000000002
0.23574699999999998
0.229077
0.22076700000000002
0.217583
0.22784899999999997
0.244108
0.256537
0.264895
0.270301
0.27384899999999995
0.276125
0.277345
0.277175
0.274913
0.270109
0.262764
0.253347
0.248998
0.257949
0.273568
0.28635
0.295
0.300214
0.30306
0.304444
0.305017
0.304794
0.303086
0.299083
0.29227
0.28271599999999997
0.27736900000000003
0.284061
0.29739899999999997
0.30905
0.317348
0.322817
0.32611100000000004
0.327751
0.328139
0.32734
0.324981
0.320549
0.313685
0.30437
0.299208
0.305184
0.317327
0.327988
0.335325
0.340199
0.343412
0.345433
0.346431
0.346137
0.343986
0.339438
0.332259
0.32266
0.317347
0.322924
0.334773
0.345525
0.35276799999999997
0.357299
0.360058
0.36170399999999997
0.362615
0.36256900000000003
0.36085100000000003
0.356696
0.349629
0.33977199999999996
0.32768200000000003
0.320274
0.324314
0.334922
0.344346
0.350086
0.352934
0.354
0.354219
0.354054
0.353143
0.350497
0.34504
0.33618200000000004
0.32416
0.316087
0.319309
0.329547
0.33931
0.345976
0.349875
0.35158
0.351637
0.350525
0.34825700000000004
0.34433
0.338089
0.329006
0.323245
0.327389
0.337566
0.34723899999999996
0.35425
0.35927800000000004
0.362833
0.364925
0.365306
0.363593
0.359396
0.352583
0.343418
0.332407
0.319984
0.312738
0.317306
0.328179
0.337221
0.342379
0.34477199999999997
0.345682
0.345864
0.345413
0.343677
0.33957600000000004
0.332305
0.321803
0.315004
0.319305
0.330812
0.342341
0.351163
0.357297
0.360931
0.36230100000000004
0.36175300000000005
0.359489
0.3554
0.349166
0.340475
0.329254
0.315736
0.306705
0.309444
0.319087
0.327768
0.333363
0.336431
0.337555
0.337059
0.33502600000000005
0.331215
0.32516
0.31651799999999997
0.30535
0.29851700000000003
0.30350900000000003
0.31543000000000004
0.326434
0.33446
0.339966
0.343518
0.345385
0.345646
0.344089
0.34023000000000003
0.33369099999999996
0.324408
0.31271
0.299197
0.29079
0.29484899999999997
0.305641
0.31454699999999997
0.31968
0.321856
0.322077
0.320984
0.318805
0.315173
0.309299
0.30056
0.288882
0.281267
0.28593
0.297672
0.308159
0.315668
0.320521
0.3231
0.323654
0.322396
0.319398
0.314517
0.307546
0.29836599999999996
0.287053
0.280277
0.28565300000000005
0.29741799999999996
0.307062
0.313224
0.316798
0.31861799999999996
0.31905100000000003
0.31809899999999997
0.315364
0.310263
0.302476
0.292115
0.279769
0.27266
0.278751
0.291785
0.30246100000000004
0.30904
0.312195
0.31292600000000004
0.312089
0.310263
0.30741599999999997
0.302927
0.296111
0.286583
0.274549
0.267111
0.272461
0.284773
0.295118
0.301861
0.30545100000000003
0.306535
0.30567300000000003
0.303381
0.299806
0.294624
0.287393
0.27780900000000003
0.265943
0.25863600000000003
0.264042
0.276073
0.285752
0.29189499999999996
0.295182
0.296322
0.295731
0.293658
0.290031
0.284461
0.276647
0.266556
0.25449299999999997
0.247346
0.253301
0.2658
0.275442
0.28123400000000004
0.284008
0.28471399999999997
0.283993
0.282172
0.279068
0.27405300000000005
0.26655999999999996
0.256407
0.243925
0.23615500000000003
0.24173499999999998
0.25408200000000003
0.26359299999999997
0.269394
0.272181
0.272756
0.271726
0.269515
0.266081
0.260899
0.253402
0.243292
0.237125
0.243509
0.256227
0.26624699999999996
0.273104
0.277557
0.28018699999999996
0.281144
0.280406
0.277826
0.273095
0.26608899999999996
0.25693
0.2459
0.23977600000000002
0.246813
0.260063
0.269894
0.27571599999999996
0.278661
0.27991900000000003
0.280194
0.27970700000000004
0.278068
0.274416
0.26805300000000004
0.258809
0.24713000000000002
0.24024299999999998
0.246867
0.26033
0.270878
0.27747
0.28079299999999996
0.28181999999999996
0.28139899999999995
0.280163
0.278144
0.274698
0.26900300000000005
0.260481
0.249146
0.241902
0.247402
0.259513
0.269083
0.275279
0.27876100000000004
0.28019
0.280004
0.278535
0.275778
0.271328
0.264741
0.255739
0.24439899999999998
0.23747
0.243421
0.255738
0.265073
0.270857
0.274042
0.275523
0.275771
0.27495
0.27276100000000003
0.268546
0.261791
0.252365
0.24060700000000002
0.22713200000000003
0.212366
0.196398
0.179006
0.15978900000000001
0.138507
0.11524300000000001
0.090401
0.064589
0.038305
0.011717
-0.010541
-0.023161
-0.027103
-0.025493000000000002
-0.020814
-0.014568000000000001
-0.007673
-0.00101
0.004419
0.0076560000000000005
0.008197
0.006337
0.003107
-0.000102
-0.0021190000000000002
-0.002479
-0.001518
-0.000103
0.0008619999999999999
0.0009019999999999999
0.000148
-0.0008230000000000001
-0.001369
-0.001152
-0.000283
0.002066
0.0048909999999999995
0.005525
0.003861
0.001474
-0.000263
-0.000973
-0.0008179999999999999
-0.000293
7.6e-05
1.9e-05
-0.000384
-0.000822
-0.00095
-0.000624
5e-06
0.0006230000000000001
0.0009199999999999999
0.000758
0.00025499999999999996
-0.00031099999999999997
-0.000644
-0.000594
-0.00022999999999999998
0.000223
0.000513
0.0004940000000000001
0.000206
-0.000171
-0.00043200000000000004
-0.00044699999999999997
-0.00021899999999999998
0.00011200000000000001
0.000356
0.00039
0.000207
-7.6e-05
-0.0003
-0.000349
-0.00020299999999999997
4.5e-05
0.00025499999999999996
0.000317
0.000207
-8e-06
-0.000197
-0.00026000000000000003
-0.000182
-1.8e-05
0.00013700000000000002
0.000199
0.000145
1.4000000000000001e-05
-0.00011599999999999999
-0.000169
-0.000124
0.0008289999999999999
0.002274
0.002611
0.0019219999999999999
0.001015
0.00031299999999999996
-0.00011
-0.000303
-0.000364
-0.00038700000000000003
-0.000405
-0.000395
-0.000325
-0.000181
0.00025499999999999996
0.000621
0.000592
0.00044100000000000004
0.00022799999999999999
2.5e-05
-0.00011999999999999999
-0.000174
-0.00014099999999999998
-7.4e-05
-1.6e-05
1e-05
-3e-06
-2.8000000000000003e-05
-4.4e-05
-3.6e-05
-1e-06
3.8e-05
5.9e-05
5.5e-05
2.8000000000000003e-05
-5e-06
-2.6000000000000002e-05
-3.2e-05
-2.5e-05
-4e-06
1.9e-05
2.8000000000000003e-05
2e-05
-3e-06
-2.7000000000000002e-05
-4e-05
-3.7e-05
-1.6e-05
1.3000000000000001e-05
3.7e-05
4.6e-05
3.5e-05
9e-06
-1.3000000000000001e-05
-1.9e-05
-1.7e-05
-9e-06
-0.0
3e-06
2e-06
-3e-06
-1e-05
-1.2e-05
-1.1e-05
-9e-06
-5e-06
3e-06
1.4000000000000001e-05
2.4e-05
2.4e-05
1.2e-05
-1e-06
-7.000000000000001e-06
-9e-06
-5e-06
-3e-06
-4e-06
-8e-06
-1.4000000000000001e-05
-1.7e-05
-1.1e-05
-1e-06
1e-05
1.7e-05
1.7e-05
1.6e-05
1.4999999999999999e-05
7.000000000000001e-06
-5e-06
-1.4000000000000001e-05
-1.8e-05
-1.2e-05
-3e-06
5e-06
7.000000000000001e-06
2e-06
-1e-05
-1.9e-05
-1.7e-05
-2e-06
2e-05
3.3e-05
2.8000000000000003e-05
1.4999999999999999e-05
0.0
-1.2e-05
-1.7e-05
-1.4999999999999999e-05
-9e-06
-3e-06
-3e-06
-5e-06
-7.000000000000001e-06
-8e-06
-7.000000000000001e-06
-6e-06
-0.0
1.2e-05
2.7000000000000002e-05
2.8999999999999997e-05
1.8e-05
-0.0
-1.6e-05
-2.1e-05
-1.4999999999999999e-05
-3e-06
8e-06
1e-05
0.0
-1.4999999999999999e-05
-2.2e-05
-1.6e-05
3e-06
2.2e-05
2.8999999999999997e-05
2.7000000000000002e-05
1.6e-05
1e-06
-1.3000000000000001e-05
-2e-05
-1.9e-05
-1.1e-05
-3e-06
3e-06
4e-06
0.0
-8e-06
-1.8e-05
-2.1e-05
-8e-06
1.7e-05
3.4e-05
3.7e-05
2.4e-05
3e-06
-1.4999999999999999e-05
-2.2e-05
-1.7e-05
-4e-06
6e-06
6e-06
-2e-06
-1.3000000000000001e-05
-1.7e-05
-1.2e-05
-4e-06
4e-06
0.00014
0.000244
0.000182
0.000105
3.6e-05
-9e-06
-3.2e-05
-4e-05
-3.7e-05
-3.2e-05
-2.8000000000000003e-05
-2.6000000000000002e-05
-2.5e-05
-1.9e-05
-2e-06
2.3e-05
4e-05
4.2e-05
2.8000000000000003e-05
7.000000000000001e-06
-1.1e-05
-1.9e-05
-1.6e-05
-5e-06
3e-06
4e-06
-3e-06
-1.2e-05
-1.6e-05
-1.3000000000000001e-05
-1e-05
-7.000000000000001e-06
4e-06
1.8e-05
2.7000000000000002e-05
2.7000000000000002e-05
1.6e-05
-1e-06
-1.4999999999999999e-05
-2.1e-05
-1.6e-05
-3e-06
8e-06
1e-05
-1e-06
-1.6e-05
-2.2e-05
-1.4999999999999999e-05
-4e-06
9e-06
2.1e-05
2.6000000000000002e-05
2.4e-05
1.3000000000000001e-05
-0.0
-1.1e-05
-1.7e-05
-1.7e-05
-1.2e-05
-4e-06
3e-06
5e-06
-2e-06
-1.4000000000000001e-05
-1.4000000000000001e-05
-2e-06
1.6e-05
2.8999999999999997e-05
2.8999999999999997e-05
1.6e-05
-1e-06
-1.7e-05
-2.1e-05
-1.3000000000000001e-05
-0.0
8e-06
6e-06
-5e-06
-1.4999999999999999e-05
-1.7e-05
-1.8e-05
-1.3000000000000001e-05
0.0
1.8e-05
3.2e-05
3.5e-05
2.4e-05
6e-06
-1.4000000000000001e-05
-2.7000000000000002e-05
-2.6000000000000002e-05
-1.4000000000000001e-05
4e-06
1.4999999999999999e-05
1.1e-05
-5e-06
-1.7e-05
-1.9e-05
-1.2e-05
3e-06
1.8e-05
2.6000000000000002e-05
2.5e-05
1.3000000000000001e-05
-1e-06
-1.1e-05
-1.4000000000000001e-05
-1.2e-05
-8e-06
-5e-06
-2e-06
7.5e-05
0.000127
8.2e-05
4.3e-05
2.3e-05
2.2e-05
2.5e-05
2e-05
3e-06
-2.2e-05
-4.3e-05
-4.8e-05
-3.2e-05
-3e-06
2.3e-05
2.8999999999999997e-05
1.4999999999999999e-05
-5e-06
-2.2e-05
-2.9999999999999997e-05
-2.4e-05
-5e-06
1.9e-05
3.7e-05
3.9e-05
2.6000000000000002e-05
5e-06
-1.4999999999999999e-05
-2.7000000000000002e-05
-2.6000000000000002e-05
-1.4999999999999999e-05
2e-06
1.4000000000000001e-05
1e-05
-5e-06
-1.8e-05
-2.1e-05
-1.3000000000000001e-05
5e-06
2.3e-05
3.2e-05
2.7000000000000002e-05
1.1e-05
-9e-06
-2e-05
-1.8e-05
-8e-06
1e-06
4e-06
3e-06
-2e-06
-1.2e-05
-1.8e-05
-1.7e-05
-8e-06
9e-06
2.6000000000000002e-05
3.4e-05
2.9999999999999997e-05
1.4999999999999999e-05
-6e-06
-2.3e-05
-2.8000000000000003e-05
-1.8e-05
-1e-06
9e-06
7.000000000000001e-06
-0.0
-1e-05
-1.4999999999999999e-05
-1e-05
3e-06
1.8e-05
2.7000000000000002e-05
2.4e-05
1.2e-05
-3e-06
-1.3000000000000001e-05
-1.4999999999999999e-05
-1.2e-05
-8e-06
0.0
5e-06
-0.0
-1e-05
-1.7e-05
-2e-05
-1.3000000000000001e-05
4e-06
2.3e-05
3.6e-05
3.6e-05
2e-05
-4e-06
-2.2e-05
-2.6000000000000002e-05
-1.6e-05
-3e-06
5e-06
8e-06
3e-06
-7.000000000000001e-06
-1.4000000000000001e-05
-1.4000000000000001e-05
-8e-06
4e-06
1.6e-05
2.3e-05
2.3e-05
1.4999999999999999e-05
2e-06
3.9e-05
7.099999999999999e-05
4.8e-05
3.1e-05
1.7e-05
6e-06
-5e-06
-1.9e-05
-2.8000000000000003e-05
-2.6000000000000002e-05
-1.2e-05
9e-06
2.6000000000000002e-05
2.9999999999999997e-05
2.1e-05
3e-06
-1.1e-05
-1.6e-05
-1.6e-05
-9e-06
0.0
6e-06
4e-06
-4e-06
-1.2e-05
-1.8e-05
-1.7e-05
-6e-06
1.2e-05
2.8999999999999997e-05
3.7e-05
2.8999999999999997e-05
7.000000000000001e-06
-1.6e-05
-2.7000000000000002e-05
-2.4e-05
-1.2e-05
1e-06
8e-06
5e-06
-5e-06
-1.2e-05
-1.2e-05
-5e-06
7.000000000000001e-06
1.9e-05
2.4e-05
2e-05
1.1e-05
-0.0
-1.2e-05
0.001091
0.0028989999999999997
0.0034200000000000003
0.002616
0.001466
0.000602
6.4e-05
-0.00025
-0.000454
-0.000611
-0.0007030000000000001
-0.000669
-0.000484
0.001276
0.004058
0.005201
0.004415
0.0027429999999999998
0.00119
0.000129
-0.000475
-0.000766
-0.000897
-0.000942
-0.000884
-0.000695
-0.00036899999999999997
2.3e-05
0.000357
0.000525
0.000478
0.000259
-1.1e-05
-0.000204
-0.000246
-0.000147
1.4000000000000001e-05
0.00013700000000000002
0.000155
6.7e-05
-6.2e-05
-0.000154
-0.00015900000000000002
-7.2e-05
5.3e-05
0.000147
0.000162
9.499999999999999e-05
-1.4000000000000001e-05
-0.00010700000000000001
-0.00013700000000000002
-9.300000000000001e-05
0.0016589999999999999
0.004569
0.0057020000000000005
0.0047799999999999995
0.0029460000000000003
0.0013
0.00023999999999999998
-0.00035099999999999997
-0.000683
-0.000925
-0.001104
-0.0011330000000000001
-0.000933
-0.000499
0.001572
0.0046229999999999995
0.0058390000000000004
0.004908
0.002955
0.001144
-2.8000000000000003e-05
-0.000597
-0.000778
-0.0008230000000000001
-0.000857
-0.000865
-0.000771
6.1e-05
0.001275
0.0016809999999999998
0.001448
0.0010279999999999998
0.000521
3.6e-05
-0.000334
-0.000515
-0.000503
-0.00035099999999999997
-0.000139
3.5e-05
0.000117
0.00010800000000000001
4.5e-05
-1.8e-05
-3.8e-05
-8e-06
4.6e-05
8.499999999999999e-05
8e-05
3.2e-05
-3.7e-05
-9e-05
-9.8e-05
0.0015689999999999999
0.004388
0.005496
0.00462
0.002879
0.0013189999999999999
0.00029
-0.000321
-0.000697
-0.0009720000000000001
-0.001149
-0.001141
-0.000892
0.0014
0.005083
0.006821
0.00615
0.004099
0.001923
0.00035
-0.000588
-0.001036
-0.00121
-0.0012380000000000002
-0.001137
-0.0008960000000000001
0.001415
0.005202
0.007036
0.006449
0.004435000000000001
0.0022370000000000003
0.000601
-0.00046100000000000004
-0.001073
-0.001392
-0.001492
-0.0013650000000000001
-0.001013
-0.000487
7.8e-05
0.000509
0.000686
0.000582
0.000288
-3.2e-05
-0.00023700000000000001
-0.000259
-0.000128
5.1e-05
0.000167
0.000157
0.0023469999999999997
0.006214
0.007909999999999999
0.007047
0.004816
0.0025399999999999997
0.000941
-0.000117
-0.000884
-0.001511
-0.001936
-0.001979
-0.0015550000000000002
0.001641
0.0067599999999999995
0.009439
0.008945999999999999
0.006406
0.0033009999999999997
0.000828
-0.0006730000000000001
-0.001371
-0.001607
-0.001644
-0.001559
-0.0013310000000000002
0.001666
0.006779
0.009529000000000001
0.009214
0.006954000000000001
0.00403
0.001498
-0.000283
-0.001397
-0.002012
-0.002223
-0.002043
-0.001524
0.001495
0.006261999999999999
0.008716
0.008241
0.005926
0.003152
0.0009550000000000001
-0.00044800000000000005
-0.001213
-0.00159
-0.001737
-0.0016640000000000001
-0.001348
0.002433
0.008860999999999999
0.01235
0.011998
0.009224
0.005465
0.002095
-0.000202
-0.001592
-0.002375
-0.0027329999999999998
-0.0026739999999999997
-0.002182
0.002147
0.009382999999999999
0.013477000000000001
0.013371000000000001
0.010523000000000001
0.006449
0.002624
-8.3e-05
-0.001709
-0.002574
-0.002928
-0.002843
-0.0023420000000000003
-0.001471
0.003165
0.010526
0.014426
0.013872
0.010532
0.006136
0.0022670000000000004
-0.00026000000000000003
-0.0016530000000000002
-0.0023989999999999997
-0.002803
-0.002885
-0.002558
0.002151
0.010304
0.015111000000000001
0.015304
0.012315000000000001
0.007756999999999999
0.003031
-0.000907
-0.003207
-0.003478
-0.002361
-0.0008210000000000001
0.0005110000000000001
0.005697
0.013941
0.018259
0.017524
0.013346
0.007595
0.002322
-0.001471
-0.003948
-0.005254
-0.005449
-0.00472
-0.0033090000000000003
0.002993
0.013086000000000002
0.019461000000000003
0.02077
0.018452
0.013838999999999999
0.008154
0.0026850000000000003
-0.0016170000000000002
-0.004367
-0.005584
-0.005714
-0.005044
0.001503
0.012388
0.018432
0.018239
0.014461000000000002
0.009669
0.005358
0.0022140000000000003
0.00031800000000000003
-0.0005200000000000001
-0.000413
0.00021099999999999998
0.000776
0.006912000000000001
0.017249
0.021927000000000002
0.019915000000000002
0.014199000000000002
0.0071400000000000005
0.000793
-0.003097
-0.0043170000000000005
-0.003933
-0.002908
-0.0014939999999999999
0.00038700000000000003
0.008542000000000001
0.021195
0.027826
0.026866
0.021156
0.013225
0.004986
-0.001716
-0.0061200000000000004
-0.008494
-0.008860999999999999
-0.007252
-0.0040939999999999995
0.005928
0.020717
0.029355000000000003
0.029807
0.024576
0.016527
0.008201
0.001395
-0.003348
-0.006248
-0.007287999999999999
-0.006562
-0.004656
0.0048579999999999995
0.019961000000000003
0.028474
0.028758
0.023984000000000002
0.016878
0.009576000000000001
0.003406
-0.001092
-0.003886
-0.0052179999999999995
-0.00545
-0.004804
0.0042439999999999995
0.019926
0.029013999999999998
0.029088
0.023486
0.01574
0.008512
0.002955
-0.0010550000000000002
-0.0037799999999999995
-0.004944
-0.004478
-0.002885
0.007095999999999999
0.023293
0.032043
0.031267
0.024662
0.015343
0.005861
-0.001396
-0.0056240000000000005
-0.00728
-0.0066560000000000005
-0.004352
-0.001227
0.0020570000000000002
0.012924000000000001
0.028935000000000002
0.036341000000000005
0.033882999999999996
0.025934
0.015852
0.00595
-0.0019879999999999997
-0.007097
-0.009364
-0.009125
-0.007122
-0.003997
0.008124
0.026741
0.037231
0.037566
0.03196
0.023740999999999998
0.014583
0.005534000000000001
-0.002245
-0.007829000000000001
-0.01057
-0.010298999999999999
-0.007739
0.004443
0.023351
0.034328
0.035503
0.030986
0.02377
0.015337
0.007023000000000001
0.000126
-0.004755
-0.0073409999999999994
-0.007594
-0.0060609999999999995
0.005534000000000001
0.024666999999999998
0.035477
0.035842
0.030741
0.02335
0.014908000000000001
0.006788
0.00035299999999999996
-0.003919
-0.0057799999999999995
-0.005313
-0.003476
0.008095
0.027181
0.038258
0.040167
0.037704
0.032867
0.026175
0.017755
0.007652
-0.001791
-0.0076939999999999995
-0.009347
-0.007464
0.0056549999999999994
0.026987
0.040804
0.045937
0.046934
0.045482
0.04172
0.035542000000000004
0.026728
0.015075
0.002381
-0.007092
-0.011197
-0.0014140000000000001
0.019236000000000003
0.033867
0.040161
0.042404000000000004
0.0426
0.041292
0.038307
0.033046
0.024848
0.013493999999999999
0.001428
-0.007077
-0.0009720000000000001
0.016567
0.028838
0.033868
0.035491
0.035655
0.034829
0.032747000000000005
0.029031
0.023292
0.015119999999999998
0.005251
-0.002872
-0.006948
0.001766
0.020056
0.032048
0.036638
0.037702
0.036773
0.033822000000000005
0.028532
0.021259
0.012424
0.003675
-0.002025
-0.003919
0.006435
0.025927999999999996
0.040092
0.048275
0.052650999999999996
0.05414600000000001
0.053373000000000004
0.050231
0.044036
0.03453
0.022518
0.009434999999999999
-0.0008900000000000001
0.004128
0.021498
0.035845999999999996
0.045781
0.05321
0.05870499999999999
0.062289
0.06325900000000001
0.060592999999999994
0.053982
0.043834
0.030774
0.015641
0.011847
0.023165
0.035412
0.043897000000000005
0.049676
0.05412
0.0579
0.060283
0.059888
0.05628300000000001
0.049893
0.041101
0.030217
0.028492
0.040156
0.0526
0.060124000000000004
0.06346
0.06410700000000001
0.06361699999999999
0.062519
0.060104
0.055720000000000006
0.049241
0.040995
0.031760000000000004
0.022055
0.022938
0.037086
0.051005
0.059903
0.064815
0.066873
0.066493
0.063436
0.05761
0.049279
0.038901
0.027316000000000003
0.015653
0.016561000000000003
0.032819
0.049893
0.06281
0.072418
0.079773
0.08544700000000001
0.088741
0.087854
0.081807
0.071239
0.057674
0.042805
0.038156999999999996
0.048179
0.06084
0.07033099999999999
0.077128
0.082347
0.087019
0.091152
0.093299
0.092075
0.087139
0.07884400000000001
0.06788200000000001
0.054834
0.050004
0.05765700000000001
0.066366
0.07095599999999999
0.072925
0.07418200000000001
0.075261
0.075145
0.072875
0.068399
0.062116
0.054595000000000005
0.046486
0.048181
0.063183
0.078749
0.08860900000000001
0.09367400000000001
0.09601900000000001
0.097113
0.096794
0.09374500000000001
0.087379
0.078455
0.068301
0.058214999999999996
0.05876
0.07399700000000001
0.091721
0.105467
0.115567
0.122967
0.128401
0.131668
0.131467
0.127001
0.118647
0.107483
0.09506
0.082649
0.080091
0.09174500000000001
0.106052
0.116779
0.125139
0.132698
0.13961300000000001
0.144351
0.145318
0.142128
0.13521
0.125495
0.114383
0.111411
0.12187100000000001
0.135175
0.144266
0.150172
0.154749
0.15925799999999998
0.163462
0.165616
0.16428399999999999
0.159581
0.152549
0.144238
0.134797
0.13175599999999998
0.140995
0.153553
0.162412
0.168478
0.173442
0.177802
0.180253
0.179455
0.17549
0.169383
0.162369
0.15533
0.155904
0.16951
0.186075
0.197454
0.204827
0.21049
0.21566300000000002
0.219718
0.221296
0.21981900000000001
0.21568
0.20975700000000003
0.203103
0.19608499999999998
0.194687
0.205411
0.22040300000000002
0.231589
0.240015
0.247004
0.252335
0.254357
0.25199699999999997
0.245939
0.23775100000000002
0.229068
0.2208
0.212394
0.2092
0.21859299999999998
0.233496
0.24548899999999999
0.25542
0.264173
0.270916
0.273891
0.272253
0.266875
0.25966300000000003
0.252177
0.244456
0.235094
0.22924
0.23544600000000002
0.248417
0.260402
0.27188
0.282856
0.291998
0.297798
0.299686
0.298241
0.29444499999999996
0.288721
0.280353
0.268167
0.258336
0.259939
0.26913899999999996
0.278901
0.288352
0.296702
0.302709
0.305791
0.30635999999999997
0.305537
0.304116
0.301683
0.29689299999999996
0.288382
0.28192
0.285217
0.294109
0.301863
0.307365
0.310467
0.311008
0.309462
0.306906
0.304462
0.302271
0.299184
0.29377600000000004
0.285364
0.280484
0.287173
0.30078499999999997
0.31317399999999995
0.321845
0.326279
0.32664099999999996
0.323596
0.31812199999999996
0.311352
0.303784
0.295009
0.284615
0.272855
0.266789
0.274674
0.29088
0.306128
0.317948
0.326009
0.330407
0.331356
0.329246
0.32456799999999997
0.317371
0.307345
0.294586
0.27974899999999997
0.270045
0.273921
0.286144
0.29799699999999996
0.307738
0.315717
0.322315
0.327448
0.330492
0.330469
0.326377
0.317878
0.305689
0.29095
0.280887
0.283383
0.293099
0.301677
0.30767100000000003
0.311896
0.314958
0.31692600000000004
0.317471
0.316104
0.312409
0.306287
0.297926
0.293599
0.29987199999999997
0.31152199999999997
0.320858
0.326258
0.328829
0.32974499999999995
0.32964
0.328408
0.325464
0.320343
0.31305700000000003
0.304051
0.29385
0.288904
0.295885
0.308975
0.319866
0.326981
0.33143
0.333904
0.334046
0.33123800000000003
0.325348
0.316778
0.306342
0.294994
0.283348
0.277577
0.28423400000000004
0.29725100000000004
0.308425
0.316596
0.322492
0.326166
0.32699
0.32455300000000004
0.319067
0.31114899999999995
0.301622
0.291041
0.279237
0.271916
0.276138
0.286596
0.295767
0.303109
0.309433
0.314506
0.317116
0.316119
0.311269
0.303201
0.29299899999999995
0.28142
0.268453
0.260154
0.264298
0.275364
0.28538
0.29379099999999997
0.300807
0.305793
0.307822
0.30648200000000003
0.302236
0.295919
0.288029
0.278359
0.26622199999999996
0.25761300000000004
0.260704
0.270337
0.27879699999999996
0.285752
0.291528
0.29566
0.297428
0.296554
0.293506
0.28885900000000003
0.282584
0.274088
0.262639
0.25421900000000003
0.257004
0.265823
0.273018
0.278273
0.28176100000000004
0.283086
0.281893
0.27836
0.273301
0.267435
0.260759
0.252723
0.24891
0.256653
0.270056
0.280889
0.288401
0.292632
0.29340900000000003
0.290976
0.285858
0.278667
0.27026500000000003
0.261265
0.25157199999999996
0.24073899999999998
0.234663
0.241398
0.254929
0.266658
0.276062
0.283074
0.286994
0.286904
0.282489
0.274458
0.263971
0.251733
0.23789200000000002
0.222646
0.21275100000000002
0.216937
0.228823
0.239436
0.248443
0.255774
0.260891
0.26308400000000004
0.26211100000000004
0.258349
0.252054
0.24296199999999998
0.23069
0.215232
0.20365
0.20501799999999998
0.213259
0.219835
0.22476500000000002
0.228559
0.23130799999999999
0.23262
0.23223400000000002
0.23030799999999998
0.226794
0.221203
0.2129
0.20784699999999998
0.21421300000000001
0.225858
0.234643
0.24071700000000001
0.24438400000000002
0.245798
0.245227
0.24284
0.23883600000000002
0.23356999999999997
0.227213
0.219768
0.211153
0.207747
0.217338
0.232566
0.244184
0.251975
0.256642
0.258446
0.25713800000000003
0.252961
0.24684099999999998
0.239375
0.230535
0.22025300000000003
0.208655
0.20255
0.21005900000000002
0.224052
0.23553400000000002
0.244346
0.250832
0.254619
0.25500500000000004
0.25203400000000004
0.246432
0.238691
0.229069
0.217677
0.21057199999999998
0.21603200000000003
0.227946
0.23764899999999997
0.245047
0.250565
0.254424
0.256506
0.256237
0.253081
0.246939
0.238105
0.227239
0.21478699999999998
0.206929
0.211734
0.222766
0.231371
0.237715
0.24241300000000002
0.24529
0.245767
0.243705
0.239485
0.233366
0.22532199999999997
0.215325
0.203432
0.196489
0.20263299999999998
0.21481999999999998
0.224404
0.23179899999999998
0.23785100000000003
0.242331
0.244466
0.24394200000000002
0.24106100000000003
0.23622800000000002
0.22957800000000003
0.220842
0.20951199999999998
0.202024
0.206746
0.21709099999999998
0.22479200000000002
0.230501
0.235056
0.238473
0.240193
0.23968699999999998
0.237019
0.232673
0.226944
0.219536
0.21616100000000002
0.22479000000000002
0.238788
0.249319
0.256554
0.260959
0.26261
0.261842
0.25900700000000004
0.254222
0.247902
0.240668
0.232834
0.22429000000000002
0.22081399999999998
0.23020100000000002
0.24559
0.258008
0.26764299999999996
0.274834
0.279009
0.279244
0.275148
0.267374
0.25719699999999995
0.245544
0.23270500000000002
0.218898
0.21059499999999998
0.216038
0.22871999999999998
0.239919
0.249707
0.258351
0.26524699999999996
0.269204
0.269436
0.266138
0.259828
0.25058
0.23815799999999998
0.222583
0.21049
0.21105100000000002
0.21883200000000003
0.225523
0.23127399999999998
0.23658400000000002
0.24134499999999998
0.244783
0.24625999999999998
0.245844
0.243714
0.239639
0.23294600000000001
0.228804
0.23453200000000002
0.244354
0.250779
0.25446799999999997
0.256225
0.256284
0.254825
0.251921
0.247768
0.24278400000000003
0.23717399999999997
0.23086500000000001
0.223588
0.220952
0.23068200000000003
0.246006
0.25782
0.266123
0.27158899999999997
0.274154
0.273071
0.26815900000000004
0.26050300000000004
0.251395
0.24136300000000002
0.23048200000000002
0.21882
0.21276799999999998
0.220617
0.23570700000000003
0.248926
0.259974
0.268947
0.275147
0.277393
0.27521
0.269416
0.261182
0.251183
0.239425
0.22540500000000002
0.21513400000000002
0.217808
0.22797199999999998
0.236906
0.244502
0.251107
0.256452
0.259755
0.260416
0.258342
0.25372
0.24689099999999997
0.23791700000000002
0.232316
0.237512
0.248121
0.25664000000000003
0.263262
0.26855
0.272228
0.27386
0.273362
0.270938
0.266831
0.261096
0.253625
0.24414899999999998
0.238456
0.244463
0.256705
0.26703000000000005
0.275127
0.281467
0.285542
0.286404
0.283912
0.278955
0.272476
0.264756
0.255486
0.24428200000000003
0.23717600000000003
0.242182
0.25340999999999997
0.2624
0.269043
0.274149
0.277611
0.278858
0.27768000000000004
0.274394
0.26944
0.262933
0.25441199999999997
0.24315599999999998
0.23513499999999998
0.23893000000000003
0.24933000000000002
0.25795500000000005
0.263992
0.267486
0.268408
0.266869
0.263167
0.257787
0.251291
0.24397800000000003
0.235631
0.22574699999999998
0.220225
0.227471
0.241335
0.252849
0.26148499999999997
0.267097
0.269414
0.268389
0.264255
0.25756399999999996
0.24898499999999998
0.238948
0.22764099999999998
0.22125999999999998
0.228008
0.24187399999999998
0.254293
0.26508400000000004
0.274429
0.281903
0.28694400000000003
0.289013
0.287773
0.283262
0.275489
0.264244
0.24966799999999997
0.23866500000000002
0.24006
0.248651
0.256271
0.26249
0.26776300000000003
0.271973
0.27450399999999997
0.274881
0.27325900000000003
0.269957
0.26487
0.257562
0.247583
0.240643
0.244218
0.25266500000000003
0.258221
0.260838
0.261401
0.260519
0.25841
0.25511300000000003
0.250895
0.24601900000000002
0.24044200000000002
0.233829
0.225579
0.221221
0.228694
0.24193
0.252085
0.258751
0.262627
0.264031
0.262586
0.25807800000000003
0.25113
0.242563
0.232881
0.22244499999999998
0.21740700000000002
0.225667
0.24093299999999998
0.25440100000000004
0.265679
0.274878
0.281579
0.285129
0.285122
0.281802
0.27579899999999996
0.267592
0.257594
0.24611999999999998
0.239144
0.244258
0.255796
0.265723
0.27378800000000003
0.28063
0.286186
0.289668
0.290376
0.28825700000000004
0.283458
0.27607
0.266323
0.254418
0.24644699999999997
0.250158
0.260266
0.268818
0.275281
0.280273
0.283617
0.284539
0.282713
0.278592
0.272737
0.265389
0.25637
0.245031
0.23690100000000003
0.239992
0.249335
0.257048
0.262677
0.266782
0.269313
0.269825
0.26812600000000003
0.264495
0.259331
0.252812
0.24465599999999998
0.234211
0.22711399999999998
0.23145700000000002
0.24171700000000002
0.24977199999999997
0.255639
0.259869
0.262272
0.262569
0.260821
0.25737
0.25254899999999997
0.246459
0.238898
0.235422
0.243258
0.256751
0.267914
0.27623200000000003
0.281961
0.284761
0.284376
0.281111
0.275541
0.268306
0.259982
0.250751
0.240405
0.234737
0.24143
0.25462199999999996
0.265905
0.274748
0.28141
0.285504
0.28625300000000004
0.283249
0.27681
0.267656
0.256506
0.243745
0.229481
0.21995
0.22355999999999998
0.234512
0.244304
0.252697
0.259855
0.265368
0.268498
0.26873600000000003
0.26615700000000003
0.261
0.253234
0.242506
0.22846799999999998
0.217338
0.21797399999999997
0.22530100000000003
0.231323
0.23604099999999997
0.23992800000000003
0.242961
0.244721
0.24486599999999997
0.243517
0.240779
0.23635799999999998
0.22971100000000003
0.226098
0.23266399999999998
0.243626
0.251168
0.25556
0.257817
0.258221
0.256892
0.25400500000000004
0.24974200000000002
0.244456
0.238425
0.231636
0.22390500000000002
0.22085900000000003
0.23001300000000002
0.245069
0.257305
0.266216
0.272049
0.274865
0.274451
0.270694
0.264121
0.255676
0.246034
0.23537600000000003
0.223737
0.21715700000000002
0.223685
0.237206
0.24898699999999999
0.258687
0.266487
0.27193
0.274073
0.27249
0.267823
0.260878
0.251949
0.241056
0.228071
0.218871
0.221788
0.23149299999999998
0.23987199999999997
0.246783
0.252612
0.257206
0.259884
0.26007800000000003
0.257745
0.252938
0.245666
0.23605500000000001
0.22988699999999998
0.234526
0.24484699999999998
0.25340999999999997
0.259944
0.26496
0.268499
0.27029000000000003
0.27
0.267574
0.263313
0.25743699999999997
0.249923
0.24056799999999998
0.234764
0.239639
0.25006
0.25859299999999996
0.264905
0.26955500000000004
0.272429
0.272883
0.270716
0.266466
0.26069699999999996
0.25358200000000003
0.24501900000000001
0.23475500000000002
0.228388
0.23342600000000002
0.24426799999999999
0.25295100000000004
0.25948499999999997
0.264716
0.26846
0.26989
0.26873
0.265495
0.260711
0.254554
0.246808
0.24270799999999998
0.24900799999999998
0.260788
0.270802
0.278292
0.283618
0.286748
0.2875
0.285829
0.281952
0.276353
0.269613
0.262104
0.25361999999999996
0.249354
0.25601999999999997
0.268592
0.279712
0.288579
0.29546
0.299902
0.30111
0.298809
0.29341100000000003
0.285592
0.27605999999999997
0.265322
0.25354099999999996
0.246518
0.251406
0.263214
0.27453
0.284568
0.293437
0.30041100000000004
0.304485
0.30525599999999997
0.303034
0.298238
0.290923
0.280717
0.27285
0.273793
0.28029699999999996
0.286607
0.291633
0.296086
0.300178
0.30359400000000003
0.305693
0.305991
0.304519
0.301466
0.29667899999999997
0.289535
0.284981
0.28874099999999997
0.297061
0.304292
0.30933
0.31264400000000003
0.314025
0.31319400000000003
0.310425
0.30643899999999996
0.301927
0.2972
0.292155
0.286356
0.28486100000000003
0.29315
0.306771
0.31916500000000003
0.328385
0.33449
0.337415
0.337029
0.333646
0.328189
0.321549
0.313986
0.305184
0.300336
0.304911
0.315793
0.327519
0.33789600000000003
0.347033
0.354647
0.35994699999999996
0.361926
0.360157
0.35515399999999997
0.347641
0.338015
0.326395
0.318398
0.31951599999999997
0.32712199999999997
0.33615100000000003
0.344091
0.350881
0.356117
0.35924
0.360055
0.35882
0.355817
0.350998
0.344174
0.335188
0.329336
0.331445
0.339048
0.34744899999999995
0.354023
0.359065
0.362523
0.36406700000000003
0.363716
0.361892
0.358865
0.354405
0.347959
0.338986
0.332756
0.334331
0.34166199999999997
0.350139
0.35689099999999996
0.36209600000000003
0.365507
0.366623
0.365404
0.362299
0.357745
0.35185700000000003
0.344423
0.34055599999999997
0.344545
0.354096
0.364588
0.372558
0.377994
0.38113800000000003
0.382203
0.381444
0.379155
0.375548
0.370772
0.36483000000000004
0.35743
0.353648
0.35758
0.367143
0.37799299999999997
0.386641
0.39305999999999996
0.396956
0.397794
0.395554
0.390845
0.384306
0.376335
0.367154
0.35688000000000003
0.351103
0.354194
0.363823
0.375275
0.384914
0.392594
0.397948
0.40044
0.399894
0.39652800000000005
0.390791
0.38313200000000003
0.373721
0.362535
0.355086
0.3559
0.363235
0.37282600000000005
0.381161
0.3884
0.394543
0.39915700000000004
0.401775
0.40218200000000004
0.4003
0.395914
0.3886
0.378154
0.370382
0.369883
0.375603
0.383884
0.390925
0.39677399999999996
0.40139
0.404523
0.406031
0.405951
0.40436300000000003
0.401244
0.396384
0.394725
0.39884400000000003
0.407344
0.41704399999999997
0.42372200000000004
0.427728
0.42960699999999996
0.42973500000000003
0.4283
0.42555299999999996
0.421742
0.41693900000000006
0.41107899999999997
0.403993
0.400812
0.404332
0.41335500000000003
0.42451000000000005
0.433025
0.438801
0.44177299999999997
0.441708
0.438621
0.433042
0.425679
0.416975
0.40724499999999997
0.39674699999999996
0.390859
0.39274499999999996
0.401156
0.412488
0.42204899999999995
0.429674
0.43515600000000004
0.43796199999999996
0.43767399999999995
0.434357
0.42850200000000005
0.42059399999999997
0.41091000000000005
0.399456
0.391428
0.390216
0.395225
0.403406
0.410422
0.41648199999999996
0.42159399999999997
0.425288
0.427092
0.42669700000000005
0.423922
0.41858599999999996
0.410554
0.405003
0.40467600000000004
0.409386
0.416893
0.42276199999999997
0.427346
0.430903
0.433237
0.434116
0.43347299999999994
0.431275
0.427573
0.422475
0.41588
0.41271599999999997
0.41535600000000006
0.423124
0.433307
0.44118199999999996
0.446935
0.450615
0.451953
0.450988
0.448144
0.443945
0.43877
0.43266400000000005
0.425379
0.421885
0.4244
0.432237
0.442625
0.450597
0.456491
0.460491
0.46246800000000005
0.462376
0.46028900000000006
0.45648500000000003
0.45118199999999997
0.44427
0.440515
0.441392
0.44743299999999997
0.457222
0.46526300000000004
0.471599
0.476296
0.479008
0.479419
0.477475
0.47330600000000006
0.467413
0.460355
0.452212
0.44788599999999995
0.44870299999999996
0.455013
0.46524
0.473624
0.48009700000000005
0.484537
0.486558
0.486021
0.483072
0.478026
0.471264
0.463063
0.453471
0.447582
0.44696400000000003
0.452114
0.461654
0.47004700000000005
0.477279
0.48318900000000004
0.48725100000000005
0.489029
0.48839499999999997
0.485491
0.480411
0.47293
0.462905
0.455629
0.45293900000000004
0.45608999999999994
0.46409700000000004
0.471116
0.47707299999999997
0.481979
0.485518
0.48736899999999994
0.48751700000000003
0.48620399999999997
0.48346999999999996
0.47893900000000006
0.47706099999999996
0.4781
0.483104
0.49158599999999997
0.49754899999999996
0.501287
0.503425
0.504408
0.504394
0.50349
0.501743
0.499129
0.495565
0.49083699999999997
0.48966000000000004
0.49240500000000004
0.499899
0.511598
0.52112
0.527924
0.53187
0.5327729999999999
0.530664
0.526068
0.5199
0.512784
0.5050279999999999
0.496846
0.493175
0.49457700000000004
0.501709
0.513911
0.524787
0.533604
0.540125
0.543829
0.544376
0.541917
0.536974
0.5299010000000001
0.520824
0.5098550000000001
0.501942
0.498108
0.49972700000000003
0.5071319999999999
0.514606
0.521483
0.527676
0.532683
0.5359689999999999
0.537084
0.535755
0.531788
0.525012
0.5153909999999999
0.507938
0.503838
0.504562
0.510505
0.515922
0.520111
0.5231319999999999
0.524882
0.525501
0.525112
0.5237149999999999
0.5212399999999999
0.517333
0.5162260000000001
0.518075
0.5226270000000001
0.5305380000000001
0.537022
0.541033
0.543111
0.543452
0.542166
0.539588
0.535863
0.530968
0.5249550000000001
0.5177689999999999
0.514146
0.514829
0.520104
0.530022
0.5389390000000001
0.5455800000000001
0.549868
0.551452
0.5502600000000001
0.5466979999999999
0.541222
0.5342680000000001
0.526225
0.517208
0.512087
0.51166
0.516313
0.5259520000000001
0.5348470000000001
0.541887
0.54697
0.550026
0.551186
0.550465
0.547941
0.543834
0.538076
0.530293
0.525138
0.5235380000000001
0.525936
0.5331670000000001
0.540377
0.546327
0.550972
0.554072
0.555316
0.554365
0.5512130000000001
0.546145
0.539225
0.53527
0.535338
0.539017
0.547334
0.55603
0.563189
0.568669
0.5722619999999999
0.573851
0.573468
0.571146
0.566987
0.561125
0.553524
0.5488970000000001
0.5480729999999999
0.550322
0.557044
0.564479
0.570641
0.57545
0.578832
0.580597
0.580554
0.578745
0.575278
0.570049
0.562839
0.5582090000000001
0.556822
0.557995
0.5635760000000001
0.569838
0.574621
0.5781350000000001
0.580399
0.5811810000000001
0.5804229999999999
0.578401
0.575283
0.570916
0.569557
0.571571
0.574995
0.581929
0.589458
0.594533
0.597305
0.598155
0.597204
0.594696
0.591108
0.586681
0.581464
0.575496
0.573233
0.575052
0.579237
0.5878770000000001
0.597807
0.605985
0.612096
0.615726
0.616498
0.614456
0.610038
0.603627
0.595657
0.586716
0.58163
0.581129
0.58382
0.5919220000000001
0.602158
0.611316
0.619043
0.6248130000000001
0.628196
0.6290979999999999
0.627553
0.623563
0.6171369999999999
0.6082960000000001
0.60149
0.5976229999999999
0.59546
0.5982310000000001
0.603604
0.608409
0.6126229999999999
0.616015
0.618448
0.619792
0.619787
0.618205
0.614691
0.608695
0.604403
0.602571
0.601672
0.604691
0.609245
0.612298
0.6139319999999999
0.6141479999999999
0.613291
0.611685
0.609408
0.606584
0.603105
0.602939
0.606396
0.610541
0.618271
0.6275890000000001
0.634364
0.63854
0.640074
0.639041
0.636076
0.631624
0.6258100000000001
0.618959
0.611243
0.60697
0.606967
0.608902
0.61583
0.625689
0.634189
0.640686
0.644834
0.646644
0.646089
0.6431680000000001
0.6382760000000001
0.631797
0.6237010000000001
0.6184390000000001
0.617073
0.617406
0.622629
0.630813
0.637915
0.643628
0.647829
0.65046
0.651363
0.650467
0.647887
0.6433939999999999
0.636725
0.63254
0.631671
0.63122
0.634993
0.641733
0.647041
0.650696
0.6528430000000001
0.6536390000000001
0.653043
0.650947
0.647269
0.641772
0.6386149999999999
0.6386310000000001
0.638396
0.642081
0.649313
0.655269
0.659704
0.662794
0.664459
0.664506
0.6629149999999999
0.6596989999999999
0.65484
0.6483270000000001
0.6444949999999999
0.644131
0.6436729999999999
0.647343
0.65463
0.660377
0.664267
0.666554
0.667413
0.666882
0.665122
0.662263
0.658276
0.65312
0.650889
0.6519659999999999
0.652563
0.656922
0.664359
0.6697609999999999
0.673258
0.675088
0.675342
0.674317
0.672283
0.6692140000000001
0.664924
0.6634329999999999
0.665323
0.6663359999999999
0.670995
0.6796800000000001
0.686949
0.692366
0.695925
0.697322
0.696566
0.693922
0.689359
0.6829970000000001
0.675416
0.6711630000000001
0.670955
0.670663
0.675227
0.684652
0.6929
0.6995060000000001
0.704332
0.707221
0.708121
0.706918
0.7035640000000001
0.698303
0.691407
0.68694
0.685557
0.683473
0.685528
0.6923229999999999
0.6987359999999999
0.7043119999999999
0.7088909999999999
0.712339
0.714579
0.7152890000000001
0.7141569999999999
0.710989
0.7055319999999999
0.701671
0.700116
0.697004
0.696684
0.7004520000000001
0.703902
0.706179
0.7072430000000001
0.707342
0.706679
0.7051430000000001
0.702769
0.699563
0.699146
0.701778
0.70322
0.706439
0.7127479999999999
0.718234
0.7215600000000001
0.722881
0.722282
0.720191
0.717043
0.712952
0.708101
0.702596
0.700227
0.701639
0.702906
0.70715
0.715751
0.724508
0.73133
0.7356779999999999
0.737483
0.736931
0.734015
0.728881
0.722122
0.714229
0.709281
0.708084
0.706857
0.709082
0.7162
0.723892
0.730276
0.735093
0.7383149999999999
0.7398140000000001
0.7395
0.737496
0.73365
0.72753
0.723147
0.721532
0.718811
0.718482
0.722653
0.727646
0.731746
0.7348520000000001
0.73705
0.738295
0.7383270000000001
0.7368600000000001
0.733539
0.732019
0.733045
0.7328020000000001
0.73344
0.737903
0.743718
0.7480939999999999
0.7509140000000001
0.7523489999999999
0.7524689999999999
0.751266
0.748804
0.745242
0.740611
0.738606
0.739805
0.740305
0.742047
0.747817
0.754794
0.759792
0.762775
0.764135
0.764091
0.762795
0.760394
0.756848
0.752066
0.749854
0.750775
0.750885
0.7521180000000001
0.757364
0.763953
0.768803
0.7719020000000001
0.7734
0.7733300000000001
0.771821
0.768984
0.764714
0.7589319999999999
0.755563
0.7552810000000001
0.7542760000000001
0.754504
0.758879
0.7648010000000001
0.769083
0.7714489999999999
0.771883
0.770598
0.767872
0.763695
0.757908
0.754282
0.75369
0.752582
0.752069
0.755788
0.7620819999999999
0.767201
0.7710359999999999
0.773543
0.774618
0.774204
0.77205
0.7680170000000001
0.762311
0.758675
0.7576930000000001
0.756039
0.755382
0.759495
0.766479
0.772366
0.776904
0.780125
0.7820590000000001
0.782656
0.781732
0.779226
0.77517
0.7731560000000001
0.773783
0.7735449999999999
0.77353
0.777237
0.783193
0.787862
0.791101
0.793155
0.794497
0.7952130000000001
0.794924
0.793293
0.790125
0.789009
0.790438
0.790523
0.789996
0.792882
0.798147
0.8018109999999999
0.8035899999999999
0.803855
0.803026
0.801125
0.798086
0.793964
0.792235
0.7934060000000001
0.7941090000000001
0.794132
0.797953
0.805108
0.810528
0.813861
0.8151609999999999
0.814628
0.812353
0.8083020000000001
0.8027029999999999
0.79592
0.791579
0.790483
0.7894979999999999
0.788208
0.791376
0.798854
0.8052010000000001
0.8097949999999999
0.81272
0.814095
0.813842
0.811897
0.8083140000000001
0.803084
0.7997479999999999
0.799239
0.79835
0.79675
0.799355
0.806144
0.811972
0.816499
0.819931
0.822378
0.8236629999999999
0.823449
0.821375
0.820624
0.821931
0.822127
0.820626
0.8213219999999999
0.825699
0.830043
0.8331149999999999
0.8350879999999999
0.836184
0.836443
0.8357379999999999
0.8338620000000001
0.83062
0.8293209999999999
0.8305389999999999
0.8308760000000001
0.829785
0.831583
0.8370360000000001
0.841485
0.8439639999999999
0.8449459999999999
0.844823
0.8436879999999999
0.8415530000000001
0.8384870000000001
0.834508
0.833046
0.834658
0.835833
0.8358549999999999
0.838511
0.8446520000000001
0.8500139999999999
0.853474
0.8552190000000001
0.855427
0.8542139999999999
0.851582
0.8475239999999999
0.8421540000000001
0.8390139999999999
0.838838
0.838305
0.8368040000000001
0.837951
0.843167
0.8485540000000001
0.8522870000000001
0.8542799999999999
0.8547239999999999
0.853786
0.851309
0.8470850000000001
0.8443930000000001
0.8440139999999999
0.8430620000000001
0.8412139999999999
0.8409530000000001
0.8446020000000001
0.849699
0.8538399999999999
0.8569700000000001
0.8590559999999999
0.860015
0.8596879999999999
0.8577809999999999
0.854144
0.8520719999999999
0.852195
0.851467
0.84956
0.849115
0.852619
0.857476
0.861032
0.863351
0.864693
0.8650639999999999
0.8642860000000001
0.862253
0.8589979999999999
0.857715
0.858902
0.8594440000000001
0.8588100000000001
0.859489
0.863563
0.86835
0.871648
0.873618
0.8745649999999999
0.874605
0.8736360000000001
0.871455
0.867901
0.866225
0.866994
0.866859
0.8651209999999999
0.8646219999999999
0.868
0.872525
0.8755879999999999
0.8772209999999999
0.8777799999999999
0.877395
0.875864
0.873026
0.872022
0.873409
0.8741479999999999
0.8738100000000001
0.8735879999999999
0.8768389999999999
0.8822639999999999
0.886142
0.888394
0.8893209999999999
0.8890030000000001
0.887395
0.8845459999999999
0.880532
0.878495
0.8791110000000001
0.87956
0.879426
0.879534
0.883402
0.889861
0.8947360000000001
0.897811
0.8992829999999999
0.8992020000000001
0.8975549999999999
0.894451
0.8900030000000001
0.8873270000000001
0.8870399999999999
0.8862469999999999
0.8846780000000001
0.883675
0.8868149999999999
0.8927809999999999
0.897601
0.9011520000000001
0.903639
0.9049950000000001
0.904918
0.903042
0.902112
0.902816
0.902483
0.9006780000000001
0.897437
0.896999
0.900388
0.903608
0.905854
0.9072389999999999
0.907963
0.908077
0.9073370000000001
0.905342
0.904701
0.905861
0.906007
0.904798
0.9023909999999999
0.903249
0.9074120000000001
0.9101520000000001
0.9114049999999999
0.911702
0.911316
0.9103180000000001
0.9087370000000001
0.906538
0.906558
0.9091629999999999
0.911379
0.9127209999999999
0.913025
0.91655
0.9231030000000001
0.9278790000000001
0.930825
0.932251
0.9323819999999999
0.9312290000000001
0.928701
0.924858
0.9228139999999999
0.923292
0.9235209999999999
0.9230290000000001
0.921798
0.924077
0.9300379999999999
0.934808
0.937733
0.939139
0.939306
0.938059
0.9349870000000001
0.9327840000000001
0.9321459999999999
0.9306780000000001
0.9283309999999999
0.925278
0.92422
0.926956
0.930738
0.933674
0.935765
0.937026
0.9373610000000001
0.936525
0.9341889999999999
0.932932
0.933306
0.932859
0.931424
0.9290430000000001
0.9281280000000001
0.930682
0.934097
0.936343
0.937715
0.938426
0.9383799999999999
0.937391
0.93535
0.934934
0.936672
0.938011
0.9385180000000001
0.9379629999999999
0.938787
0.9426389999999999
0.9467469999999999
0.949477
0.9511950000000001
0.9520569999999999
0.9519299999999999
0.950586
0.947835
0.9465020000000001
0.947249
0.947363
0.9462959999999999
0.9440639999999999
0.944053
0.9478489999999999
0.952048
0.955011
0.956893
0.957809
0.957649
0.956111
0.953024
0.9514290000000001
0.9520709999999999
0.9521719999999999
0.9512010000000001
0.9490700000000001
0.949039
0.952419
0.9558399999999999
0.958075
0.959266
0.959433
0.9585950000000001
0.9566030000000001
0.9533469999999999
0.95185
0.952765
0.9533020000000001
0.9529350000000001
0.95149
0.9518110000000001
0.955571
0.9596629999999999
0.962197
0.963134
0.962608
0.960791
0.957656
0.953192
0.950401
0.9499120000000001
0.949089
0.947724
0.945837
0.946314
0.950702
0.9557
0.959398
0.9617379999999999
0.962649
0.9619690000000001
0.959534
0.957988
0.95804
0.9572350000000001
0.955233
0.952234
0.94958
0.9505370000000001
0.954132
0.957076
0.9591940000000001
0.960649
0.9613870000000001
0.961133
0.959584
0.959096
0.9600190000000001
0.9597690000000001
0.9580420000000001
0.955096
0.9526180000000001
0.9534450000000001
0.955909
0.956946
0.956722
0.9557549999999999
0.954242
0.952133
0.949433
0.948817
0.950635
0.952125
0.952724
0.9521799999999999
0.952666
0.956307
0.960513
0.962815
0.963341
0.9624780000000001
0.960517
0.957573
0.9535790000000001
0.9511959999999999
0.951031
0.9506629999999999
0.949773
0.9482889999999999
0.94862
0.9526020000000001
0.9572709999999999
0.9603440000000001
0.962046
0.9624870000000001
0.9615290000000001
0.958989
0.95467
0.9514530000000001
0.950227
0.948608
0.9464020000000001
0.943743
0.9435610000000001
0.947277
0.9516049999999999
0.954809
0.9570040000000001
0.958183
0.9583010000000001
0.9572649999999999
0.95741
0.9590639999999999
0.959799
0.959304
0.957681
0.955923
0.957468
0.961397
0.964126
0.965723
0.9664739999999999
0.966458
0.965532
0.963359
0.962183
0.962621
0.9626049999999999
0.961875
0.9603809999999999
0.9587959999999999
0.9603149999999999
0.9638909999999999
0.9659969999999999
0.966815
0.966612
0.965565
0.963623
0.9605799999999999
0.9590139999999999
0.9595049999999999
0.9595440000000001
0.9586819999999999
0.956889
0.9555379999999999
0.957413
0.9609540000000001
0.963211
0.9643309999999999
0.964563
0.964058
0.9625530000000001
0.959609
0.9578190000000001
0.957838
0.9571799999999999
0.9554870000000001
0.952727
0.950261
0.950916
0.953224
0.954369
0.9545020000000001
0.9537459999999999
0.9520370000000001
0.9490700000000001
0.9471370000000001
0.946974
0.946443
0.9452370000000001
0.9434440000000001
0.941348
0.942365
0.945973
0.948242
0.949059
0.948617
0.947059
0.944509
0.940897
0.938574
0.9381719999999999
0.9375190000000001
0.936371
0.934866
0.9337270000000001
0.936053
0.9408489999999999
0.944524
0.947034
0.9485629999999999
0.949041
0.948149
0.945641
0.9441430000000001
0.9444440000000001
0.944264
0.943235
0.9413879999999999
0.9397790000000001
0.9414020000000001
0.9451450000000001
0.9479209999999999
0.949865
0.9512219999999999
0.951917
0.9515520000000001
0.9497530000000001
0.9489799999999999
0.9496969999999999
0.9494950000000001
0.9481350000000001
0.945551
0.94294
0.943375
0.945674
0.9469069999999999
0.947335
0.9472870000000001
0.946672
0.945109
0.944751
0.9460649999999999
0.946775
0.9465370000000001
0.9453020000000001
0.9428190000000001
0.9429280000000001
0.94606
0.948192
0.949068
0.9489719999999999
0.947896
0.9457270000000001
0.942514
0.940659
0.9407270000000001
0.9406909999999999
0.9403549999999999
0.939658
0.938249
0.939738
0.944175
0.947351
0.949103
0.949824
0.949557
0.9481440000000001
0.9455309999999999
0.944103
0.9444309999999999
0.944451
0.9438620000000001
0.9425459999999999
0.940685
0.9421879999999999
0.946749
0.95026
0.952738
0.954308
0.9547760000000001
0.9538709999999999
0.9514440000000001
0.9498770000000001
0.949725
0.948792
0.9467049999999999
0.9434379999999999
0.939732
0.939486
0.942206
0.944126
0.9452520000000001
0.945641
0.9452010000000001
0.943691
0.943034
0.9435209999999999
0.943126
0.941743
0.939414
0.936009
0.9346909999999999
0.936407
0.9379
0.938406
0.9382030000000001
0.937321
0.9357489999999999
0.933409
0.9322969999999999
0.932802
0.932882
0.932183
0.930792
0.928797
0.929394
0.9330139999999999
0.9360809999999999
0.937945
0.938801
0.93876
0.937882
0.936053
0.935458
0.9366700000000001
0.9376120000000001
0.937865
0.937359
0.9359620000000001
0.9373319999999999
0.941691
0.945184
0.9476040000000001
0.949156
0.94996
0.94978
0.9481780000000001
0.947442
0.9482879999999999
0.948567
0.9479139999999999
0.9463729999999999
0.943881
0.944544
0.9484450000000001
0.951256
0.952837
0.9534100000000001
0.953152
0.951851
0.951313
0.9519540000000001
0.9517969999999999
0.9506100000000001
0.948665
0.946074
0.9449209999999999
0.9468639999999999
0.949643
0.9514389999999999
0.9522440000000001
0.952076
0.950832
0.948275
0.946341
0.9456690000000001
0.944508
0.942682
0.9403879999999999
0.937534
0.936025
0.937638
0.940233
0.9419629999999999
0.9429719999999999
0.943368
0.942933
0.941383
0.940724
0.9413959999999999
0.941362
0.940356
0.9385549999999999
0.935908
0.934884
0.936942
0.939451
0.9409959999999999
0.941865
0.9422510000000001
0.941916
0.942465
0.944182
0.9452299999999999
0.945356
0.944576
0.942722
0.9405190000000001
0.9409709999999999
0.943367
0.94471
0.9450120000000001
0.944508
0.9432
0.94086
0.939369
0.9392809999999999
0.938876
0.9380219999999999
0.9368540000000001
0.935208
0.9346110000000001
0.9369190000000001
0.940117
0.9421290000000001
0.9432280000000001
0.9435110000000001
0.94278
0.940874
0.9398350000000001
0.9401510000000001
0.940048
0.939523
0.938694
0.937341
0.937318
0.940401
0.944414
0.947428
0.9494959999999999
0.950543
0.950365
0.94883
0.9479
0.948116
0.9478110000000001
0.946742
0.9448030000000001
0.941966
0.940308
0.941931
0.9448639999999999
0.9471200000000001
0.9487620000000001
0.9496680000000001
0.9495370000000001
0.949958
0.951182
0.951572
0.951148
0.94999
0.947966
0.945226
0.945291
0.9480120000000001
0.9499040000000001
0.951092
0.951665
0.951536
0.9506469999999999
0.9506530000000001
0.951789
0.9524020000000001
0.9522950000000001
0.9513879999999999
0.949577
0.946961
0.9471129999999999
0.949958
0.951874
0.952823
0.9528280000000001
0.951917
0.9501280000000001
0.949259
0.9498049999999999
0.9501850000000001
0.950059
0.9492879999999999
0.9477629999999999
0.9458219999999999
0.946516
0.9494030000000001
0.951358
0.952375
0.9524790000000001
0.9516370000000001
0.949665
0.948277
0.948026
0.947367
0.946052
0.9440879999999999
0.941475
0.939125
0.9398719999999999
0.9427469999999999
0.9446899999999999
0.945517
0.9453309999999999
0.9442010000000001
0.9436829999999999
0.944024
0.9437610000000001
0.9427479999999999
0.940959
0.938419
0.935149
0.934292
0.9365110000000001
0.938602
0.9398770000000001
0.940366
0.940055
0.9388120000000001
0.9381709999999999
0.938507
0.938392
0.937659
0.936359
0.9345450000000001
0.9319870000000001
0.931917
0.9347280000000001
0.936958
0.938301
0.93891
0.9388340000000001
0.937967
0.9379290000000001
0.93909
0.939781
0.939665
0.9387840000000001
0.937227
0.9350120000000001
0.935609
0.9389790000000001
0.941407
0.942816
0.9433790000000001
0.9430879999999999
0.943384
