1.0077770000000001
1.006983
1.007531
1.007401
1.006457
1.004757
1.002167
1.0002030000000002
1.001306
1.0037610000000001
1.005036
1.005347
1.004851
1.0035
1.001215
1.000047
1.000363
1.000124
0.999001
0.997033
0.99435
0.992664
0.994157
0.996976
0.9987280000000001
0.999441
0.9991770000000001
0.9980110000000001
0.995859
0.994717
0.995051
0.994928
0.9940620000000001
0.9924200000000001
0.989923
0.9885309999999999
0.990195
0.9929049999999999
0.994659
0.995474
0.995503
0.994707
0.994827
0.996143
0.996957
0.9971129999999999
0.9965870000000001
0.995384
0.993714
0.9949600000000001
0.998699
1.001168
1.002306
1.002333
1.001487
0.999757
0.998951
0.9994780000000001
0.9995290000000001
0.9988440000000001
0.9975790000000001
0.995872
0.994082
0.995289
0.998916
1.001479
1.0028780000000002
1.00324
1.002567
1.0007469999999998
0.9998319999999999
1.000343
1.000334
0.9995120000000001
0.9980110000000001
0.9958030000000001
0.993775
0.994907
0.998225
1.000631
1.002147
1.002976
1.002972
1.001723
1.001053
1.001377
1.000844
0.99939
0.997173
0.994123
0.9911780000000001
0.991326
0.993552
0.994858
0.995489
0.9956290000000001
0.995088
0.9936299999999999
0.993244
0.9942850000000001
0.994698
0.994195
0.9927090000000001
0.9901
0.988073
0.989107
0.991555
0.9930709999999999
0.9937450000000001
0.993585
0.9925360000000001
0.990577
0.9898110000000001
0.990698
0.991332
0.9914379999999999
0.990875
0.9894219999999999
0.988714
0.9909040000000001
0.9942549999999999
0.996569
0.9977719999999999
0.997816
0.996683
0.994294
0.99284
0.9930690000000001
0.9931120000000001
0.9925430000000001
0.991266
0.989225
0.988225
0.990325
0.9935729999999999
0.995719
0.9967790000000001
0.996925
0.996088
0.994031
0.9929309999999999
0.993341
0.99311
0.991867
0.989806
0.987023
0.9856940000000001
0.9878530000000001
0.991291
0.9938540000000001
0.995416
0.9959629999999999
0.9953280000000001
0.99535
0.996556
0.997183
0.996934
0.995872
0.993967
0.991058
0.9910690000000001
0.994236
0.9964930000000001
0.997632
0.9978440000000001
0.99721
0.995642
0.994978
0.9955379999999999
0.995373
0.994217
0.992308
0.989692
0.986491
0.986296
0.988857
0.9903379999999999
0.9907459999999999
0.990383
0.989294
0.987381
0.986606
0.9873209999999999
0.987507
0.986842
0.985359
0.983095
0.9811790000000001
0.982468
0.985706
0.9877790000000001
0.98879
0.9889110000000001
0.98811
0.9863569999999999
0.985625
0.986252
0.986323
0.985614
0.984151
0.9818459999999999
0.979865
0.9807739999999999
0.9832639999999999
0.9847379999999999
0.9853370000000001
0.985182
0.9842770000000001
0.9823930000000001
0.9813719999999999
0.9816459999999999
0.981457
0.980665
0.9792780000000001
0.9772770000000001
0.9766969999999999
0.979301
0.982799
0.985166
0.986408
0.9866229999999999
0.985892
0.98603
0.9872569999999999
0.9878239999999999
0.987625
0.986758
0.9853200000000001
0.983302
0.9842559999999999
0.988142
0.9911049999999999
0.9930379999999999
0.994023
0.9940329999999999
0.992928
0.9924120000000001
0.9929600000000001
0.992976
0.992218
0.9907360000000001
0.9885870000000001
0.985556
0.985108
0.987749
0.989906
0.9912799999999999
0.9920399999999999
0.992237
0.9916149999999999
0.9917459999999999
0.992972
0.993518
0.993149
0.99205
0.9902270000000001
0.987707
0.9880979999999999
0.991303
0.9935510000000001
0.994869
0.995617
0.9957879999999999
0.995044
0.9951459999999999
0.996549
0.9974209999999999
0.9974270000000001
0.996557
0.9946280000000001
0.991669
0.9915010000000001
0.9941260000000001
0.9957790000000001
0.996469
0.996316
0.9951530000000001
0.9928309999999999
0.9914270000000001
0.9914649999999999
0.9910979999999999
0.9901610000000001
0.9886860000000001
0.986455
0.9842559999999999
0.985014
0.987816
0.9897309999999999
0.9907739999999999
0.990859
0.9897729999999999
0.9874459999999999
0.9859399999999999
0.9858309999999999
0.9854879999999999
0.984751
0.9835200000000001
0.9816299999999999
0.9800989999999999
0.98172
0.9853059999999999
0.987872
0.989344
0.9897600000000001
0.989186
0.9875700000000001
0.986872
0.9876469999999999
0.988058
0.9876459999999999
0.9862989999999999
0.98411
0.9822709999999999
0.9836959999999999
0.987397
0.990418
0.992577
0.9937889999999999
0.99392
0.9927360000000001
0.9922610000000001
0.9931690000000001
0.99359
0.9931399999999999
0.9918620000000001
0.9897540000000001
0.9881610000000001
0.989762
0.993273
0.995936
0.9975700000000001
0.9982479999999999
0.997967
0.9984729999999999
1.000061
1.00092
1.000677
0.99934
0.9970870000000001
0.993927
0.992857
0.994763
0.996484
0.997064
0.996624
0.9953559999999999
0.993282
0.992134
0.9922770000000001
0.99197
0.9908540000000001
0.9889459999999999
0.9862639999999999
0.982726
0.9816819999999999
0.983808
0.9855389999999999
0.9861190000000001
0.985766
0.9846010000000001
0.9825879999999999
0.981663
0.9823149999999999
0.9827170000000001
0.9825280000000001
0.981793
0.980461
0.9784370000000001
0.979292
0.9828389999999999
0.9851719999999999
0.986427
0.986908
0.9866309999999999
0.985507
0.9853049999999999
0.9862559999999999
0.986524
0.986044
0.985007
0.983367
0.981576
0.982959
0.986886
0.989727
0.991401
0.991992
0.9914860000000001
0.989851
0.989008
0.989339
0.9890700000000001
0.988059
0.9863770000000001
0.9840479999999999
0.982299
0.9837459999999999
0.9870260000000001
0.9893649999999999
0.9908170000000001
0.991409
0.991017
0.989417
0.9885379999999999
0.988959
0.988892
0.9880389999999999
0.9864219999999999
0.984036
0.98174
0.9823620000000001
0.9850620000000001
0.9869959999999999
0.9881479999999999
0.9885809999999999
0.9882190000000001
0.988593
0.989859
0.990375
0.9899709999999999
0.988748
0.9868549999999999
0.984245
0.9830540000000001
0.984765
0.987083
0.988447
0.98895
0.988819
0.988041
0.9881489999999999
0.9894639999999999
0.990442
0.9908389999999999
0.990597
0.9895950000000001
0.9875200000000001
0.986965
0.9892629999999999
0.991775
0.993402
0.9943069999999999
0.9945299999999999
0.993868
0.994036
0.995506
0.9965940000000001
0.997007
0.9967940000000001
0.9958950000000001
0.994006
0.9943569999999999
0.9974940000000001
1.0000069999999999
1.0015290000000001
1.002202
1.001841
1.0001790000000002
0.9990530000000001
0.998977
0.99834
0.9971049999999999
0.995408
0.993101
0.989926
0.989447
0.9920450000000001
0.993916
0.994667
0.994366
0.992976
0.9904959999999999
0.988843
0.988497
0.987815
0.9865659999999999
0.984632
0.981878
0.978611
0.978606
0.9817309999999999
0.9842930000000001
0.9862139999999999
0.9874379999999999
0.9877520000000001
0.986934
0.986734
0.987611
0.9880120000000001
0.987758
0.986815
0.9851530000000001
0.982858
0.983563
0.987232
0.9901639999999999
0.992246
0.9934639999999999
0.9938040000000001
0.9932030000000001
0.993491
0.99508
0.9961110000000001
0.996236
0.995518
0.9939319999999999
0.9916200000000001
0.9921209999999999
0.9953200000000001
0.9975870000000001
0.9988440000000001
0.9993049999999999
0.99902
0.9977969999999999
0.997483
0.998531
0.999023
0.998531
0.997049
0.994589
0.991766
0.992115
0.99515
0.9973049999999999
0.998481
0.9987389999999999
0.997924
0.9976700000000001
0.998459
0.998812
0.998524
0.9976520000000001
0.996218
0.994073
0.9929959999999999
0.99469
0.9970459999999999
0.998166
0.9982629999999999
0.997542
0.996009
0.9953700000000001
0.995923
0.995977
0.9953290000000001
0.994128
0.9923639999999999
0.989827
0.9887600000000001
0.9907469999999999
0.993384
0.9950459999999999
0.995758
0.995616
0.9946809999999999
0.99467
0.9957889999999999
0.996274
0.995967
0.994983
0.9933690000000001
0.991158
0.9914139999999999
0.99477
0.997926
1.0000930000000001
1.0013379999999998
1.0015610000000001
1.000581
1.0001
1.0005469999999999
1.0004170000000001
0.9995700000000001
0.9980559999999999
0.995919
0.9930120000000001
0.992433
0.9947879999999999
0.996848
0.998131
0.9987729999999999
0.9987889999999999
0.997972
0.9979129999999999
0.998872
0.999066
0.998236
0.996481
0.9939790000000001
0.990711
0.9905200000000001
0.993599
0.995941
0.997375
0.998034
0.997948
0.996943
0.9967370000000001
0.997799
0.9984870000000001
0.9985629999999999
0.998034
0.9967389999999999
0.994401
0.994769
0.99815
1.000609
1.001895
1.002234
1.001684
1.000151
0.9995649999999999
1.000469
1.001075
1.001026
1.0003
0.998756
0.9961110000000001
0.9960399999999999
0.998909
1.000995
1.002234
1.00274
1.002337
1.000853
1.00011
1.000477
1.000192
0.999181
0.997653
0.9956020000000001
0.9930770000000001
0.993833
0.997714
1.000667
1.0024899999999999
1.0031649999999999
1.002624
1.000926
1.00006
1.000517
1.000609
1.000037
0.9986649999999999
0.9964120000000001
0.993554
0.993765
0.996819
0.9989959999999999
1.000292
1.000775
1.000348
1.000602
1.001793
1.002364
1.002139
1.0010350000000001
0.9989870000000001
0.996044
0.99429
0.995508
0.997762
0.999283
0.999936
0.999663
0.9984559999999999
0.9979899999999999
0.9985129999999999
0.9984299999999999
0.997613
0.9962049999999999
0.994353
0.991924
0.9911409999999999
0.9933280000000001
0.995928
0.997418
0.997858
0.9975450000000001
0.9966290000000001
0.99685
0.998591
1.000135
1.0010270000000001
1.0010780000000001
1.00019
0.998175
0.997875
1.00048
1.003174
1.005019
1.006166
1.006581
1.005951
1.0059120000000001
1.006917
1.007306
1.006828
1.005644
1.003871
1.0013530000000002
1.0010649999999999
1.003765
1.006178
1.007498
1.007836
1.0071139999999998
1.005154
1.003868
1.003806
1.0033219999999998
1.002364
1.001041
0.999152
0.996389
0.996316
0.9992639999999999
1.001419
1.002484
1.002624
1.001886
1.000282
0.999604
1.000151
1.0001790000000002
0.9994639999999999
0.997985
0.995685
0.9925930000000001
0.992373
0.995552
0.9985370000000001
1.000831
1.00231
1.002733
1.001878
1.001471
1.002005
1.002026
1.0014290000000001
1.0002309999999999
0.9984139999999999
0.995782
0.9958379999999999
0.9989110000000001
1.0013299999999998
1.0028620000000001
1.0035969999999999
1.003562
1.002707
1.002842
1.004318
1.005212
1.005121
1.004082
1.0020790000000002
0.999122
0.998977
1.001759
1.0037209999999999
1.0048190000000001
1.0052780000000001
1.005089
1.003959
1.0036049999999999
1.004456
1.00472
1.004074
1.002537
1.00011
0.997015
0.9970530000000001
1.000049
1.002046
1.0029139999999999
1.002761
1.001506
1.000843
1.001314
1.00152
1.001298
1.000682
0.999609
0.9978049999999999
0.996807
0.9984280000000001
1.000773
1.001894
1.002042
1.001441
1.0001
0.9997159999999999
1.000534
1.000809
1.000318
0.999218
0.997555
0.995174
0.9942840000000001
0.996549
0.9996379999999999
1.001835
1.003092
1.003409
1.002772
1.002895
1.004047
1.004553
1.00431
1.0034450000000001
1.0019870000000002
0.999928
1.000016
1.003112
1.0061959999999999
1.008232
1.009313
1.0093940000000001
1.008322
1.007819
1.008322
1.0083010000000001
1.007559
1.006071
1.003831
1.000694
0.999566
1.001391
1.0032729999999999
1.004485
1.005111
1.005124
1.004277
1.0041209999999998
1.004896
1.004844
1.003751
1.001765
0.9990969999999999
0.9957459999999999
0.9952610000000001
0.998094
1.0005110000000002
1.001999
1.002616
1.002392
1.00121
1.000839
1.00178
1.002402
1.002434
1.00183
1.000398
0.997862
0.9977459999999999
1.000617
1.002845
1.004005
1.004333
1.003892
1.002572
1.002258
1.003428
1.0042309999999999
1.004253
1.00346
1.001767
0.998976
0.99879
1.001623
1.0037610000000001
1.005066
1.005632
1.005282
1.003854
1.0031889999999999
1.0036770000000002
1.003568
1.002788
1.0015379999999998
0.9997870000000001
0.997503
0.998446
1.002461
1.005408
1.007095
1.007691
1.007351
1.006066
1.005676
1.006618
1.0071649999999999
1.006994
1.006018
1.004263
1.001817
1.0024170000000001
1.005978
1.0086030000000001
1.010277
1.0110709999999998
1.010877
1.009488
1.008745
1.009172
1.009001
1.007971
1.0062209999999998
1.003795
1.000846
1.00102
1.004254
1.006757
1.0082870000000002
1.008901
1.008586
1.0071510000000001
1.006409
1.006825
1.00662
1.0055969999999999
1.003943
1.001642
0.9989129999999999
0.9992139999999999
1.002147
1.0040120000000001
1.004813
1.0048219999999999
1.004082
1.004265
1.0056889999999998
1.006644
1.006758
1.005966
1.004245
1.001581
1.000138
1.001673
1.004016
1.0053809999999999
1.005862
1.005499
1.0042010000000001
1.003742
1.004493
1.004769
1.004399
1.003542
1.002226
1.0002280000000001
0.9999370000000001
1.002486
1.005144
1.006734
1.007421
1.007283
1.006319
1.006316
1.007582
1.0084030000000002
1.0087030000000001
1.008572
1.007887
1.006443
1.0072940000000001
1.0110219999999999
1.014275
1.0163790000000001
1.017448
1.017513
1.0165520000000001
1.016299
1.0170370000000002
1.017072
1.0162149999999999
1.014514
1.0120280000000001
1.008752
1.0079930000000001
1.010417
1.0126629999999999
1.0140719999999999
1.01462
1.014181
1.012491
1.011221
1.010842
1.009858
1.008167
1.005808
1.002787
0.998923
0.997883
0.9999180000000001
1.00125
1.0018200000000002
1.0017969999999998
1.001174
0.999769
0.9973420000000001
0.9938440000000001
0.9892780000000001
0.9836280000000001
0.979986
0.978874
0.9770620000000001
0.9739209999999999
0.9697180000000001
0.969405
0.973348
0.9767049999999999
0.9790559999999999
0.9803209999999999
0.980303
0.9790110000000001
0.97651
0.9727030000000001
0.97045
0.9700200000000001
0.968353
0.9653959999999999
0.961657
0.961253
0.9651370000000001
0.9689399999999999
0.9710700000000001
0.971384
0.9701420000000001
0.967492
0.96326
0.957415
0.953025
0.9506530000000001
0.947473
0.943267
0.9383379999999999
0.9367700000000001
0.9393739999999999
0.9416329999999999
0.942204
0.941356
0.939516
0.936883
0.933442
0.9291020000000001
0.9266700000000001
0.926579
0.926093
0.9249069999999999
0.9228860000000001
0.924155
0.928902
0.93237
0.934112
0.934575
0.9341290000000001
0.9329370000000001
0.9308709999999999
0.927584
0.9257040000000001
0.925966
0.925895
0.925058
0.923277
0.9240290000000001
0.927895
0.930667
0.931368
0.9303959999999999
0.928041
0.924457
0.91953
0.9130659999999999
0.908116
0.905433
0.90235
0.898675
0.8950299999999999
0.8953459999999999
0.8987950000000001
0.900882
0.901566
0.901048
0.899275
0.896009
0.8908719999999999
0.8866379999999999
0.884201
0.881173
0.8774040000000001
0.873082
0.8725120000000001
0.8756209999999999
0.87771
0.8784719999999999
0.878076
0.8767159999999999
0.8744559999999999
0.871059
0.866185
0.862626
0.86114
0.859274
0.8567950000000001
0.8539899999999999
0.854512
0.8575139999999999
0.85856
0.857867
0.856133
0.853822
0.850931
0.847217
0.8426520000000001
0.840342
0.8408190000000001
0.841082
0.8405309999999999
0.8405600000000001
0.843728
0.848226
0.851081
0.852469
0.8528469999999999
0.852355
0.8507389999999999
0.847685
0.843195
0.840618
0.8408120000000001
0.840916
0.8402729999999999
0.8405520000000001
0.844268
0.849299
0.8526809999999999
0.8545159999999999
0.855251
0.8548819999999999
0.8530200000000001
0.849419
0.8440850000000001
0.8403700000000001
0.8391930000000001
0.837608
0.8349
0.8330860000000001
0.834707
0.8376899999999999
0.8395540000000001
0.8403950000000001
0.840268
0.8388979999999999
0.8360709999999999
0.8317959999999999
0.8289479999999999
0.8280559999999999
0.8264540000000001
0.823731
0.820627
0.8207469999999999
0.823384
0.824889
0.8252879999999999
0.824785
0.8233209999999999
0.820702
0.816821
0.811722
0.8083640000000001
0.807567
0.8066760000000001
0.8048810000000001
0.802956
0.8041739999999999
0.807424
0.8092199999999999
0.809699
0.809195
0.807818
0.8055939999999999
0.802496
0.798532
0.796609
0.797103
0.7968609999999999
0.7951819999999999
0.794279
0.7967489999999999
0.800524
0.80318
0.80482
0.8056
0.805566
0.8045979999999999
0.802445
0.801769
0.803072
0.8035770000000001
0.802766
0.8016399999999999
0.803509
0.807403
0.809999
0.811346
0.811535
0.810521
0.808322
0.8049109999999999
0.800335
0.7976340000000001
0.797413
0.796822
0.795338
0.7945270000000001
0.7970510000000001
0.801067
0.803499
0.804304
0.803664
0.8017529999999999
0.798708
0.7945300000000001
0.789265
0.785844
0.7847109999999999
0.783067
0.780636
0.779403
0.781971
0.786458
0.790035
0.792514
0.793952
0.79428
0.793207
0.790392
0.78578
0.782317
0.780629
0.778095
0.774388
0.771466
0.772253
0.775159
0.777342
0.778709
0.779524
0.779831
0.779382
0.7778470000000001
0.777564
0.7787029999999999
0.778569
0.7769050000000001
0.774812
0.775471
0.778031
0.779457
0.779975
0.779963
0.779587
0.778749
0.7772560000000001
0.774921
0.774175
0.7753369999999999
0.775827
0.7752600000000001
0.7750090000000001
0.777976
0.782691
0.78586
0.787338
0.787452
0.786397
0.784181
0.780864
0.776644
0.7743899999999999
0.77466
0.774787
0.774188
0.774456
0.778151
0.7832520000000001
0.786652
0.788419
0.789053
0.7886989999999999
0.787162
0.784194
0.782077
0.7812859999999999
0.779662
0.777037
0.7736270000000001
0.7735569999999999
0.776984
0.779842
0.781903
0.783198
0.783628
0.7829520000000001
0.780933
0.7773939999999999
0.774662
0.773293
0.771237
0.768362
0.765363
0.765966
0.7695069999999999
0.771989
0.773402
0.774059
0.774016
0.7731439999999999
0.771282
0.768349
0.766927
0.7675960000000001
0.7678510000000001
0.767127
0.766275
0.768567
0.773076
0.776458
0.7788390000000001
0.78049
0.781419
0.781402
0.779998
0.779275
0.779726
0.779227
0.777536
0.774818
0.7749050000000001
0.77856
0.782072
0.784688
0.7864300000000001
0.7873060000000001
0.787277
0.786133
0.783574
0.781972
0.782008
0.781539
0.780269
0.7783140000000001
0.779472
0.783395
0.785909
0.7872170000000001
0.78774
0.787625
0.7868890000000001
0.785385
0.783012
0.782266
0.783554
0.784373
0.784288
0.783351
0.785411
0.7902939999999999
0.793808
0.7958930000000001
0.7967770000000001
0.796575
0.7952130000000001
0.792371
0.787934
0.784557
0.78298
0.781137
0.77888
0.776246
0.7773260000000001
0.782107
0.7860090000000001
0.7886569999999999
0.790126
0.790371
0.789138
0.786235
0.7818189999999999
0.778622
0.777239
0.7753720000000001
0.772678
0.769731
0.7703800000000001
0.774351
0.777822
0.780634
0.7829510000000001
0.784694
0.785554
0.785133
0.783117
0.781886
0.78205
0.781462
0.779806
0.777606
0.778736
0.782828
0.785992
0.788159
0.789484
0.789883
0.789287
0.787674
0.787365
0.788837
0.789883
0.790107
0.789341
0.79046
0.794488
0.798192
0.8003319999999999
0.801071
0.800545
0.798823
0.7961090000000001
0.792474
0.790239
0.7900010000000001
0.789623
0.7887
0.787166
0.7883789999999999
0.792884
0.796962
0.799871
0.8017529999999999
0.802512
0.801945
0.799908
0.796435
0.794098
0.7936
0.79276
0.79125
0.789197
0.790041
0.79433
0.798317
0.801094
0.8026909999999999
0.803229
0.802825
0.801301
0.798446
0.7966880000000001
0.796583
0.7958810000000001
0.794254
0.791701
0.7917310000000001
0.7951229999999999
0.798258
0.8003100000000001
0.801381
0.801602
0.800905
0.798966
0.795636
0.793559
0.793329
0.792614
0.791141
0.7888539999999999
0.789858
0.794355
0.797975
0.800423
0.801812
0.8021659999999999
0.8014140000000001
0.799439
0.796176
0.7941060000000001
0.793851
0.793337
0.792277
0.790415
0.7916890000000001
0.796199
0.799603
0.801812
0.8031550000000001
0.803664
0.803203
0.801676
0.799031
0.797674
0.798026
0.797652
0.79609
0.793362
0.793732
0.7974600000000001
0.8002279999999999
0.801914
0.8028069999999999
0.8029310000000001
0.802244
0.800647
0.79804
0.796987
0.798039
0.798682
0.798339
0.796884
0.798439
0.802995
0.806121
0.807796
0.808315
0.807814
0.8063779999999999
0.803897
0.8003239999999999
0.79843
0.7988609999999999
0.799095
0.798599
0.797237
0.79903
0.80405
0.807859
0.810087
0.81088
0.81048
0.808932
0.806001
0.8015720000000001
0.798316
0.7969609999999999
0.7953520000000001
0.7932560000000001
0.790702
0.791683
0.796201
0.799909
0.802447
0.803819
0.803979
0.802784
0.800132
0.7984640000000001
0.798295
0.797373
0.795501
0.79279
0.791883
0.7942239999999999
0.7971560000000001
0.799229
0.800579
0.801377
0.801541
0.800844
0.7990729999999999
0.798403
0.799167
0.799145
0.798145
0.796195
0.796189
0.799229
0.80211
0.803632
0.804215
0.804195
0.8035329999999999
0.8020970000000001
0.799828
0.7991050000000001
0.800372
0.801249
0.801199
0.800103
0.801504
0.806022
0.809778
0.811959
0.812887
0.812869
0.812024
0.810231
0.807244
0.805393
0.805321
0.8048529999999999
0.803549
0.8012859999999999
0.801529
0.804941
0.80788
0.8097260000000001
0.810669
0.810717
0.809806
0.807689
0.804139
0.8016909999999999
0.8010430000000001
0.8
0.798275
0.79583
0.796305
0.80006
0.8031689999999999
0.805158
0.806249
0.806638
0.806298
0.804928
0.802335
0.801034
0.801628
0.8018930000000001
0.801485
0.8002229999999999
0.801629
0.806222
0.8101689999999999
0.8128989999999999
0.814603
0.815311
0.814822
0.812947
0.809811
0.808042
0.808168
0.807891
0.806812
0.804844
0.805882
0.810489
0.814617
0.817704
0.819887
0.821082
0.8210200000000001
0.819441
0.816244
0.813978
0.8133060000000001
0.812066
0.809902
0.8067350000000001
0.8066770000000001
0.8102229999999999
0.8132229999999999
0.815342
0.816773
0.817455
0.81724
0.815916
0.813288
0.8117939999999999
0.811902
0.811121
0.809033
0.805782
0.8054819999999999
0.8085319999999999
0.810794
0.8119149999999999
0.812153
0.81167
0.8105
0.808467
0.805405
0.803852
0.804323
0.804308
0.803316
0.801234
0.802183
0.806309
0.809299
0.810933
0.8113229999999999
0.810607
0.808821
0.805905
0.80196
0.799715
0.7997380000000001
0.799614
0.798959
0.798021
0.800565
0.8061689999999999
0.810545
0.813466
0.81521
0.815863
0.81523
0.813095
0.809449
0.807053
0.806624
0.805832
0.8043239999999999
0.80261
0.804561
0.80972
0.813928
0.816917
0.818778
0.819426
0.818724
0.8166260000000001
0.81308
0.810721
0.810187
0.809042
0.806936
0.804546
0.805756
0.810038
0.8133520000000001
0.815555
0.816788
0.8170310000000001
0.816187
0.814079
0.8105399999999999
0.8082520000000001
0.807944
0.807134
0.80533
0.803084
0.8041590000000001
0.808034
0.810826
0.812472
0.81312
0.812842
0.811589
0.809178
0.805492
0.803181
0.802752
0.801729
0.7998850000000001
0.797938
0.799396
0.8034939999999999
0.806371
0.80798
0.808602
0.808345
0.807076
0.8045939999999999
0.800898
0.798763
0.798704
0.798114
0.796528
0.794842
0.796446
0.800488
0.803377
0.8049569999999999
0.805499
0.805111
0.80371
0.8012239999999999
0.8001689999999999
0.8010619999999999
0.8015260000000001
0.8012060000000001
0.800012
0.801566
0.8062060000000001
0.809922
0.81219
0.813287
0.8133819999999999
0.812384
0.810179
0.806758
0.804728
0.8047979999999999
0.804767
0.8042699999999999
0.803168
0.8053710000000001
0.810875
0.815163
0.8178489999999999
0.819129
0.8190729999999999
0.8176829999999999
0.8150729999999999
0.811369
0.8092
0.809156
0.808821
0.807808
0.806229
0.808177
0.813503
0.817783
0.8208979999999999
0.823052
0.8242459999999999
0.824291
0.8228489999999999
0.8196690000000001
0.817367
0.816707
0.815355
0.812888
0.809373
0.809057
0.812258
0.814786
0.8164279999999999
0.817346
0.817595
0.8170270000000001
0.8153130000000001
0.812246
0.810427
0.810339
0.809496
0.807609
0.804876
0.805183
0.808365
0.810357
0.811236
0.811373
0.8109430000000001
0.8098920000000001
0.808024
0.8052590000000001
0.8042239999999999
0.805347
0.806003
0.8056399999999999
0.804391
0.806139
0.810756
0.814136
0.816109
0.816944
0.816715
0.815366
0.812908
0.809441
0.807719
0.808321
0.808704
0.808346
0.807552
0.810067
0.8153699999999999
0.819255
0.821602
0.822765
0.822809
0.8216110000000001
0.819096
0.815196
0.812656
0.812213
0.81135
0.809563
0.807559
0.809139
0.813701
0.817296
0.819728
0.821068
0.821332
0.8205520000000001
0.8185680000000001
0.8151149999999999
0.812797
0.81225
0.811046
0.808908
0.806516
0.807639
0.811713
0.8147909999999999
0.8167300000000001
0.8176100000000001
0.817429
0.816116
0.813496
0.809535
0.807052
0.806602
0.805571
0.803586
0.801339
0.802509
0.8065260000000001
0.809543
0.811437
0.812416
0.812543
0.811658
0.8095060000000001
0.80599
0.803808
0.8034140000000001
0.8022699999999999
0.800186
0.798325
0.800049
0.804329
0.807507
0.80945
0.8104859999999999
0.810701
0.809901
0.807884
0.80455
0.80265
0.802729
0.802122
0.800311
0.798647
0.8004720000000001
0.804503
0.807245
0.808555
0.80876
0.8080890000000001
0.8065720000000001
0.804072
0.800381
0.798227
0.798246
0.7977770000000001
0.796281
0.795276
0.797607
0.801565
0.804085
0.805277
0.8053520000000001
0.804301
0.8021229999999999
0.798747
0.796704
0.796612
0.7961739999999999
0.7951600000000001
0.7938390000000001
0.796103
0.801613
0.805988
0.80894
0.8105399999999999
0.8107449999999999
0.8095399999999999
0.806998
0.803072
0.800281
0.7993180000000001
0.797932
0.795886
0.79371
0.795347
0.8002729999999999
0.804124
0.806752
0.808405
0.809177
0.8088989999999999
0.807227
0.804064
0.802247
0.802369
0.801782
0.800027
0.797942
0.799284
0.803412
0.806524
0.80853
0.809685
0.810178
0.809888
0.810623
0.8125020000000001
0.8133279999999999
0.81284
0.811247
0.81004
0.811655
0.814683
0.816551
0.817234
0.816868
0.815639
0.815425
0.816567
0.817276
0.817235
0.816559
0.815389
0.8153189999999999
0.818297
0.822348
0.8248979999999999
0.8259850000000001
0.825923
0.8249569999999999
0.824839
0.8258770000000001
0.826617
0.827089
0.8274819999999999
0.827773
0.827998
0.831348
0.8374309999999999
0.8423299999999999
0.8457040000000001
0.847714
0.848716
0.849174
0.8507110000000001
0.853269
0.855057
0.85587
0.8559899999999999
0.855675
0.854875
0.856722
0.861072
0.8643780000000001
0.8666780000000001
0.8682190000000001
0.869157
0.869426
0.870296
0.871856
0.8725780000000001
0.872246
0.870978
0.8690190000000001
0.867017
0.8676280000000001
0.8701260000000001
0.8716889999999999
0.8726370000000001
0.87341
0.874085
0.874233
0.875036
0.8766870000000001
0.877574
0.8775639999999999
0.8769870000000001
0.875958
0.8748520000000001
0.8762629999999999
0.879576
0.882009
0.8838229999999999
0.885423
0.886762
0.888824
0.8915489999999999
0.893594
0.8949809999999999
0.8959600000000001
0.8965780000000001
0.896489
0.8961950000000001
0.898215
0.901833
0.904574
0.9066280000000001
0.908208
0.9091809999999999
0.9107200000000001
0.9131319999999999
0.9152899999999999
0.917166
0.918901
0.9203389999999999
0.9209219999999999
0.9206549999999999
0.922474
0.926185
0.9291299999999999
0.9316200000000001
0.933732
0.935162
0.935692
0.936852
0.939002
0.940774
0.9420459999999999
0.9426770000000001
0.9423540000000001
0.9408780000000001
0.9411809999999999
0.944559
0.94834
0.951428
0.953585
0.9545950000000001
0.9542889999999999
0.954226
0.9549559999999999
0.9552069999999999
0.954693
0.9532940000000001
0.9510649999999999
0.94805
0.946441
0.9480700000000001
0.9508989999999999
0.9530639999999999
0.954198
0.9540639999999999
0.9525459999999999
0.9513530000000001
0.951182
0.950693
0.9494819999999999
0.9474389999999999
0.944578
0.9409420000000001
0.938983
0.9406950000000001
0.94385
0.946464
0.9483440000000001
0.9494360000000001
0.951008
0.953324
0.9551270000000001
0.956248
0.956727
0.9565229999999999
0.955569
0.953888
0.9548479999999999
0.9589639999999999
0.962784
0.96573
0.967878
0.9692360000000001
0.971203
0.974226
0.977008
0.979065
0.980211
0.9803719999999999
0.9795590000000001
0.97788
0.9786809999999999
0.982554
0.98616
0.9888290000000001
0.990548
0.991419
0.991598
0.992719
0.9949620000000001
0.996641
0.997474
0.997497
0.9967790000000001
0.9953280000000001
0.9957159999999999
0.999358
1.003559
1.0067
1.008689
1.009564
1.009261
1.009376
1.0103959999999998
1.0108549999999998
1.0104870000000001
1.009415
1.007858
1.005762
1.0045600000000001
1.006169
1.008736
1.010057
1.010293
1.009611
1.00795
1.006842
1.00661
1.005735
1.0040950000000002
1.0020200000000001
0.9996700000000001
0.9969
0.9950700000000001
0.9964370000000001
0.9993719999999999
1.001362
1.0024110000000002
1.002543
1.0016530000000001
1.001392
1.002168
1.002538
1.002446
1.002014
1.0011780000000001
0.9997469999999999
0.999151
1.0015610000000001
1.005391
1.00842
1.010666
1.012074
1.012497
1.013435
1.015232
1.0165469999999999
1.0173020000000002
1.0174530000000002
1.016857
1.015371
1.014398
1.016216
1.0194940000000001
1.022037
1.023765
1.024586
1.024351
1.024707
1.026011
1.026723
1.026659
1.025885
1.0245229999999999
1.022476
1.0215319999999999
1.023551
1.026548
1.028497
1.029317
1.0291489999999999
1.028057
1.0260049999999998
1.025115
1.025992
1.026706
1.026759
1.02596
1.024169
1.021648
1.0222149999999999
1.025667
1.028096
1.0294590000000001
1.029864
1.029228
1.027595
1.027139
1.0282850000000001
1.0289629999999998
1.0287870000000001
1.027743
1.025759
1.022766
1.022515
1.025326
1.0273809999999999
1.028326
1.0281850000000001
1.0270219999999999
1.0248680000000001
1.0236450000000001
1.0238120000000002
1.0237
1.023091
1.021894
1.020057
1.017528
1.017962
1.021403
1.023801
1.024969
1.02526
1.024856
1.023691
1.023668
1.025187
1.0262440000000002
1.02644
1.025906
1.024781
1.022936
1.024131
1.028446
1.0318180000000001
1.034023
1.0351299999999999
1.0351709999999998
1.034102
1.0339129999999999
1.035008
1.035491
1.035173
1.034168
1.032406
1.0297120000000002
1.030052
1.033612
1.036225
1.037767
1.0384959999999999
1.038391
1.037209
1.0368389999999998
1.037643
1.037657
1.036706
1.034924
1.032282
1.028856
1.028386
1.030758
1.032167
1.0327790000000001
1.032822
1.032219
1.030793
1.030384
1.031226
1.031302
1.030339
1.0284520000000001
1.0257450000000001
1.022378
1.021989
1.0243659999999999
1.025696
1.0259989999999999
1.025479
1.024254
1.022234
1.021274
1.021802
1.022008
1.0216049999999999
1.020493
1.018508
1.015834
1.015953
1.018674
1.020462
1.02132
1.0214379999999998
1.020783
1.019098
1.018329
1.01908
1.0195239999999999
1.019362
1.018625
1.017227
1.015906
1.017633
1.021479
1.0242280000000001
1.025854
1.026568
1.026297
1.0247760000000001
1.024101
1.0248030000000001
1.024872
1.024081
1.0225950000000001
1.0203870000000002
1.0186
1.020039
1.023457
1.025908
1.027323
1.027693
1.026909
1.024933
1.023944
1.02435
1.02406
1.0228270000000002
1.0206790000000001
1.017571
1.015026
1.015871
1.018658
1.020553
1.021569
1.021728
1.020812
1.0185899999999999
1.0171290000000002
1.016979
1.0163200000000001
1.014913
1.012731
1.009784
1.007544
1.008533
1.011223
1.013056
1.014082
1.0142959999999999
1.0136399999999999
1.011981
1.0113290000000001
1.012076
1.012153
1.011319
1.009738
1.00742
1.006047
1.007918
1.0112709999999998
1.013659
1.015072
1.0157260000000001
1.015603
1.014384
1.01411
1.015321
1.015935
1.015551
1.014165
1.011729
1.0104799999999998
1.012475
1.015431
1.017299
1.01816
1.018068
1.016866
1.014441
1.01325
1.0138790000000002
1.014102
1.0136379999999998
1.01252
1.010532
1.0100149999999999
1.012499
1.015241
1.016564
1.0167389999999998
1.015939
1.0140790000000002
1.0131459999999999
1.0135129999999999
1.01322
1.012127
1.0104739999999999
1.008286
1.005862
1.006739
1.01043
1.0130350000000001
1.014408
1.014638
1.013587
1.011131
1.009349
1.0087409999999999
1.0075049999999999
1.005579
1.00314
1.000139
0.997165
0.997534
1.000526
1.002643
1.00391
1.004448
1.004184
1.002977
1.002724
1.003806
1.004416
1.004326
1.003399
1.001468
0.999856
1.00116
1.004034
1.0060149999999999
1.007293
1.007901
1.0077040000000002
1.006497
1.0062309999999999
1.007285
1.0076450000000001
1.006979
1.005364
1.00295
1.0014129999999999
1.00291
1.00567
1.007308
1.007733
1.0070139999999999
1.005291
1.002491
1.000813
1.000933
1.0008549999999998
1.0001870000000002
0.998825
0.996606
0.995806
0.9979959999999999
1.0007700000000002
1.002509
1.0032709999999998
1.003201
1.002181
0.9998959999999999
0.9986
0.999009
0.999028
0.9982790000000001
0.9968530000000001
0.9946889999999999
0.9939319999999999
0.996339
0.9995069999999999
1.001568
1.002687
1.0029430000000001
1.0020959999999999
0.999901
0.998654
0.99895
0.998767
0.997975
0.9965940000000001
0.9943299999999999
0.993309
0.99545
0.998394
1.00014
1.000775
1.000373
0.998898
0.998468
0.9995350000000001
1.000132
0.9999979999999999
0.99913
0.997337
0.994975
0.9957159999999999
0.999238
1.001891
1.003688
1.004735
1.00482
1.003724
1.0033459999999998
1.0040040000000001
1.003853
1.002912
1.001375
0.999192
0.9969319999999999
0.9977950000000001
1.001003
1.00314
1.004335
1.004694
1.00415
1.002718
1.002458
1.003716
1.0044790000000001
1.004346
1.003099
1.000624
0.998236
0.998698
1.00074
1.001676
1.001672
1.000858
0.9992969999999999
0.996958
0.9957739999999999
0.996117
0.996044
0.995173
0.993396
0.990668
0.988384
0.9890469999999999
0.9913200000000001
0.992648
0.992871
0.991994
0.9900639999999999
0.986943
0.9847459999999999
0.9842270000000001
0.983569
0.9824350000000001
0.980819
0.97867
0.977925
0.980326
0.9836280000000001
0.9857459999999999
0.986725
0.986842
0.9860969999999999
0.9862790000000001
0.9877530000000001
0.988648
0.988582
0.987614
0.986007
0.983975
0.9850899999999999
0.989273
0.99275
0.995361
0.997135
0.9980040000000001
0.997726
0.9980700000000001
0.9995360000000001
1.000353
1.000262
0.9994379999999999
0.997901
0.9956719999999999
0.996325
0.999758
1.002178
1.003526
1.0041309999999999
1.004097
1.003219
1.0012590000000001
1.0004549999999999
1.001201
1.001249
1.0003520000000001
0.998468
0.9953540000000001
0.993992
0.995749
0.9976
0.99846
0.998649
0.998152
0.996674
0.9960540000000001
0.996607
0.9963200000000001
0.9949370000000001
0.992533
0.9891399999999999
0.9854280000000001
0.984965
0.987192
0.988442
0.9886729999999999
0.987934
0.9861049999999999
0.9831780000000001
0.981102
0.980258
0.978929
0.9770540000000001
0.974693
0.971684
0.968831
0.9689770000000001
0.971139
0.97245
0.973017
0.9729260000000001
0.9722350000000001
0.972828
0.974851
0.976397
0.977409
0.977975
0.977957
0.977245
0.9792569999999999
0.984131
0.988109
0.9908889999999999
0.9926
0.993275
0.9929950000000001
0.9916440000000001
0.991131
0.992038
0.992585
0.99244
0.9916459999999999
0.9901770000000001
0.989671
0.992201
0.9959180000000001
0.99854
1.000016
1.000401
0.999532
0.997043
0.9952049999999999
0.99482
0.993816
0.9917950000000001
0.988842
0.984973
0.9828530000000001
0.98408
0.9861049999999999
0.987492
0.9882540000000001
0.9883209999999999
0.987311
0.9867530000000001
0.9868979999999999
0.985926
0.9837299999999999
0.980701
0.9770200000000001
0.972515
0.970928
0.9725799999999999
0.973563
0.9736309999999999
0.973007
0.971741
0.9696549999999999
0.9685040000000001
0.9687899999999999
0.968864
0.9684649999999999
0.967548
0.9658549999999999
0.963463
0.9638950000000001
0.9669049999999999
0.968892
0.96998
0.970413
0.97011
0.9707879999999999
0.972937
0.9749540000000001
0.976534
0.9776819999999999
0.97834
0.978259
0.979858
0.984152
0.9883209999999999
0.991243
0.993183
0.994174
0.9940209999999999
0.9925870000000001
0.991778
0.9920549999999999
0.991772
0.990875
0.989392
0.987142
0.985614
0.987287
0.9904940000000001
0.992634
0.9936969999999999
0.993771
0.9928379999999999
0.9907020000000001
0.9894129999999999
0.989453
0.988808
0.987123
0.9843959999999999
0.9807809999999999
0.978526
0.97954
0.9817030000000001
0.9831340000000001
0.983808
0.9835729999999999
0.982183
0.981259
0.981145
0.9803569999999999
0.978857
0.976759
0.9741190000000001
0.970828
0.9696809999999999
0.971521
0.973407
0.974413
0.974497
0.9737319999999999
0.972138
0.971399
0.9719049999999999
0.9721120000000001
0.9717809999999999
0.970902
0.969508
0.967408
0.9679989999999999
0.971657
0.974726
0.976858
0.978226
0.9789549999999999
0.978965
0.980002
0.9824579999999999
0.984497
0.985693
0.9859969999999999
0.985355
0.983942
0.985467
0.9898399999999999
0.993268
0.995604
0.996991
0.997367
0.9965360000000001
0.996441
0.997618
0.9982340000000001
0.997959
0.996833
0.9948020000000001
0.9920459999999999
0.992032
0.9944200000000001
0.995569
0.995626
0.9948389999999999
0.993158
0.990484
0.98877
0.988391
0.98746
0.985866
0.983743
0.981016
0.9785
0.979224
0.9822360000000001
0.984259
0.985182
0.9850209999999999
0.983736
0.9831270000000001
0.9835440000000001
0.9833620000000001
0.982542
0.981246
0.979448
0.977087
0.9762069999999999
0.9784129999999999
0.981474
0.9836219999999999
0.984906
0.985318
0.984783
0.984865
0.9858899999999999
0.98645
0.9863959999999999
0.9856520000000001
0.984108
0.9816549999999999
0.9805450000000001
0.982284
0.984719
0.98656
0.9878610000000001
0.9886389999999999
0.9888110000000001
0.98998
0.99229
0.9939180000000001
0.9945510000000001
0.994223
0.99308
0.9910680000000001
0.991403
0.9947309999999999
0.997676
0.999582
1.000534
1.0006700000000002
0.999934
1.000011
1.001347
1.00232
1.002624
1.002191
1.0009299999999999
0.998555
0.998124
1.0005389999999998
1.002608
1.003577
1.003614
1.002746
1.000753
0.9994280000000001
0.999353
0.998872
0.997712
0.995958
0.993606
0.9904459999999999
0.989917
0.992497
0.9945959999999999
0.9958610000000001
0.996398
0.996008
0.994424
0.9934559999999999
0.99359
0.9932040000000001
0.9922690000000001
0.990936
0.9890530000000001
0.9863629999999999
0.9862569999999999
0.9893
0.991899
0.993474
0.994093
0.9937729999999999
0.992575
0.992323
0.993396
0.9941180000000001
0.994172
0.9933790000000001
0.9915719999999999
0.9887530000000001
0.988675
0.991866
0.9947450000000001
0.9969450000000001
0.998403
0.998901
0.9982280000000001
0.9981459999999999
0.9990829999999999
0.9994360000000001
0.999027
0.997884
0.996073
0.99374
0.9945209999999999
0.9982979999999999
1.001255
1.003233
1.004192
1.004097
1.0029139999999999
1.0025309999999998
1.003393
1.003672
1.003069
1.001688
0.9995360000000001
0.9967379999999999
0.9968309999999999
0.999654
1.001499
1.002317
1.002399
1.001825
1.000375
0.999792
1.000472
1.000541
0.9995780000000001
0.9975709999999999
0.9945440000000001
0.9907959999999999
0.990192
0.992624
0.994225
0.9949030000000001
0.994767
0.9936969999999999
0.993287
0.9939889999999999
0.994351
0.994193
0.993604
0.9925950000000001
0.99095
0.9903209999999999
0.992391
0.995081
0.996459
0.9967530000000001
0.9962049999999999
0.994869
0.9944940000000001
0.9953879999999999
0.9958530000000001
0.995682
0.9950209999999999
0.9938790000000001
0.9920370000000001
0.9917969999999999
0.994612
0.99797
1.0003600000000001
1.0017909999999999
1.002289
1.001829
1.00211
1.003343
1.0037690000000001
1.0032889999999999
1.0020930000000001
1.000299
0.99798
0.998208
1.0016040000000002
1.0048270000000001
1.007051
1.00833
1.008549
1.0075020000000001
1.006903
1.007217
1.0069629999999998
1.006018
1.004398
1.002089
0.998892
0.997815
0.9995719999999999
1.001072
1.0018129999999998
1.0019790000000002
1.001631
1.000577
1.000367
1.001232
1.001382
1.000538
0.998765
0.99621
0.992833
0.9921909999999999
0.9947889999999999
0.996975
0.998289
0.9988020000000001
0.9985209999999999
0.997267
0.9967530000000001
0.997492
0.997914
0.997815
0.99721
0.9959319999999999
0.993691
0.99403
0.9974
1.000046
1.001539
1.00207
1.001684
1.0003
0.999885
1.000991
1.0017989999999999
1.001906
1.001252
0.9996959999999999
0.9969889999999999
0.99695
0.9999100000000001
1.002071
1.00346
1.0041930000000001
1.0040719999999999
1.002901
1.0025030000000001
1.003224
1.0032530000000002
1.0024899999999999
1.001135
0.999187
0.996782
0.9976299999999999
1.001484
1.004307
1.00589
1.00624
1.005348
1.003342
1.002271
1.002656
1.002807
1.0023959999999998
1.001242
0.9992040000000001
0.996469
0.996718
0.999756
1.001819
1.002918
1.003164
1.002508
1.0025600000000001
1.003568
1.00396
1.003541
1.00223
0.999993
0.996922
0.994959
0.996058
0.9984649999999999
1.00023
1.0011700000000001
1.0011780000000001
1.000208
0.999892
1.000466
1.000343
0.9994120000000001
0.9978469999999999
0.995843
0.9932989999999999
0.992232
0.99415
0.996708
0.998186
0.998642
0.998396
0.9976139999999999
0.9980389999999999
1.000035
1.0018479999999998
1.002984
1.003218
1.002425
1.000416
0.999977
1.002381
1.004908
1.006583
1.007585
1.007898
1.007206
1.007136
1.008116
1.008464
1.007943
1.006739
1.004989
1.0025469999999999
1.002402
1.005255
1.007772
1.009142
1.009463
1.0086540000000002
1.00655
1.005079
1.004807
1.004109
1.002953
1.00147
0.999458
0.9966020000000001
0.996449
0.999326
1.001439
1.002515
1.002744
1.0021719999999998
1.000789
1.000338
1.001069
1.001211
1.000515
0.9989600000000001
0.996506
0.9932129999999999
0.992748
0.995713
0.998589
1.0008569999999999
1.0023950000000001
1.0029430000000001
1.00225
1.0020120000000001
1.002717
1.002925
1.00254
1.001572
0.9999809999999999
0.997541
0.997664
1.000724
1.00311
1.004535
1.005112
1.0048979999999998
1.003876
1.003881
1.005284
1.006178
1.00616
1.005243
1.00338
1.000505
1.000434
1.0033450000000002
1.005433
1.006642
1.007176
1.007005
1.0058200000000002
1.0053290000000001
1.0059639999999999
1.005962
1.0050350000000001
1.00324
1.00061
0.9973420000000001
0.9972979999999999
1.0003469999999999
1.002459
1.003467
1.003442
1.0022799999999998
0.999907
0.998461
0.9986219999999999
0.9986299999999999
0.998184
0.9972260000000001
0.995499
0.993015
0.9932690000000001
0.9959950000000001
0.997549
0.998101
0.997923
0.9970190000000001
0.997109
0.9984190000000001
0.9991180000000001
0.998934
0.997985
0.996323
0.9939030000000001
0.9929389999999999
0.995137
0.9982139999999999
1.000351
1.001444
1.0014530000000001
1.000391
0.999967
1.000441
1.000224
0.9993209999999999
0.9979370000000001
0.9961409999999999
0.993914
0.993748
0.99664
0.9997219999999999
1.001708
1.002681
1.002687
1.0016969999999998
1.001486
1.002457
1.003019
1.002925
1.002091
1.0004879999999998
0.997983
0.9976139999999999
1.0001280000000001
1.002498
1.00423
1.005454
1.00614
1.0060069999999999
1.006512
1.007818
1.00815
1.007283
1.005403
1.002792
0.9994629999999999
0.998662
1.001072
1.003227
1.0043389999999999
1.004481
1.003741
1.002
1.001033
1.001393
1.001471
1.001009
0.9999520000000001
0.9980899999999999
0.995124
0.994866
0.997569
0.9992780000000001
0.999909
0.9997809999999999
0.998959
0.9973040000000001
0.996707
0.997617
0.998138
0.997908
0.996965
0.995236
0.992491
0.992568
0.995718
0.998049
0.9995440000000001
1.000278
1.000051
0.998692
0.9980209999999999
0.998461
0.9983540000000001
0.9976809999999999
0.996634
0.995128
0.9930479999999999
0.9941180000000001
0.998193
1.001156
1.002884
1.0034610000000002
1.002907
1.001334
1.000761
1.001641
1.0021879999999999
1.002026
1.000972
0.99892
0.9962610000000001
0.99664
0.999807
1.0022
1.003826
1.004702
1.004661
1.0034379999999998
1.002848
1.003419
1.003391
1.002432
1.000565
0.9978969999999999
0.9949319999999999
0.99513
0.998157
1.000419
1.0016450000000001
1.001796
1.0008549999999998
1.000553
1.0012020000000001
1.001204
1.000416
0.998923
0.996842
0.9940959999999999
0.9925809999999999
0.993936
0.996025
0.997028
0.9969979999999999
0.9962290000000001
0.994878
0.994611
0.995718
0.9965139999999999
0.996609
0.9958790000000001
0.9942709999999999
0.99164
0.990476
0.9923549999999999
0.994841
0.9965430000000001
0.997548
0.9978670000000001
0.9972790000000001
0.99746
0.998863
0.9998309999999999
1.000103
0.99979
0.998956
0.997396
0.998093
1.001606
1.004573
1.006377
1.007197
1.006998
1.005636
1.004983
1.005515
1.005531
1.004917
1.003775
1.001953
0.999179
0.998857
1.001527
1.003584
1.004546
1.0045549999999999
1.003639
1.001743
1.000641
1.000653
1.000053
0.998662
0.99651
0.9936010000000001
0.990081
0.989914
0.993133
0.995765
0.9976809999999999
0.998819
0.998948
0.997843
0.99726
0.997693
0.9976520000000001
0.9970399999999999
0.995884
0.9941270000000001
0.9915129999999999
0.9916290000000001
0.9947229999999999
0.997044
0.998491
0.999188
0.999188
0.998425
0.998627
1.0001309999999999
1.001072
1.001079
1.00019
0.9983629999999999
0.995439
0.995295
0.998193
1.043276
1.1251200000000001
1.199435
1.270108
1.336507
1.3981379999999999
1.455187
1.50756
1.554875
1.597198
1.634958
1.668363
1.7021439999999999
1.736905
1.767997
1.795282
1.8193740000000003
1.84055
1.8242150000000001
1.77902
1.743369
1.7120650000000002
1.6851349999999998
1.6626779999999999
1.644098
1.629063
1.617623
1.6095959999999998
1.6045909999999999
1.606479
1.616061
1.629533
1.6458599999999999
1.663993
1.682894
1.7018669999999998
1.7570029999999999
1.843166
1.917834
1.98062
2.032429
2.074058
2.106627
2.1308540000000002
2.147018
2.155586
2.157309
2.153131
2.143924
2.133809
2.124597
2.114429
2.103791
2.093107
2.050352
1.983391
1.9316220000000002
1.899138
1.884882
1.881177
1.885317
1.896104
1.9125310000000002
1.9332509999999998
1.961452
1.995956
2.0302860000000003
2.063079
2.0939970000000003
2.122371
2.147585
2.169359
2.2187330000000003
2.2884330000000004
2.3378669999999997
2.366562
2.377615
2.373795
2.35803
2.333009
2.3010040000000003
2.264191
2.224746
2.184679
2.1452150000000003
2.111106
2.0833459999999997
2.058141
2.0354490000000003
2.015675
1.9729990000000002
1.9167419999999997
1.888041
1.885356
1.897635
1.9193490000000002
1.9468720000000002
1.977216
2.008115
2.042471
2.078821
2.110193
2.1348830000000003
2.1531860000000003
2.1655
2.171519
2.170798
2.163375
2.175039
2.19834
2.198339
2.176864
2.140392
2.094066
2.042182
1.9879799999999999
1.933691
1.8812509999999998
1.836252
1.8008990000000002
1.772299
1.7496509999999998
1.732631
1.7213060000000002
1.7155759999999998
1.7173650000000003
1.706908
1.6897900000000001
1.693066
1.712041
1.739391
1.7747849999999998
1.8145939999999998
1.8504599999999998
1.879662
1.900791
1.912696
1.914812
1.907602
1.895864
1.8799970000000001
1.856095
1.8246349999999998
1.7871169999999998
1.76442
1.748709
1.712493
1.6607459999999998
1.601417
1.544006
1.493528
1.449043
1.411282
1.381161
1.359357
1.351122
1.355642
1.365961
1.380642
1.398814
1.419075
1.439338
1.440142
1.4338
1.446655
1.468988
1.4921790000000001
1.511118
1.522576
1.529501
1.5309190000000001
1.521193
1.4999790000000002
1.468011
1.426796
1.3782510000000001
1.324335
1.267031
1.208505
1.151169
1.117137
1.099315
1.068561
1.028245
0.9901280000000001
0.9608969999999999
0.939058
0.9242530000000001
0.917466
0.9190530000000001
0.928608
0.9446469999999999
0.9696049999999999
1.00086
1.030175
1.054556
1.0763790000000002
1.094889
1.090835
1.0722399999999999
1.063107
1.059672
1.0544799999999999
1.042905
1.022275
0.991287
0.949907
0.899098
0.845152
0.791133
0.735492
0.6872119999999999
0.64869
0.614053
0.5837479999999999
0.5592729999999999
0.5541510000000001
0.5596899999999999
0.5538850000000001
0.540809
0.533323
0.5358510000000001
0.549666
0.57418
0.6020409999999999
0.6307649999999999
0.658816
0.684531
0.7056939999999999
0.720218
0.7269979999999999
0.7253189999999999
0.714342
0.693286
0.650771
0.601037
0.566207
0.5426880000000001
0.524621
0.503301
0.47536000000000006
0.44126099999999996
0.402294
0.360192
0.316923
0.274559
0.23557199999999998
0.208118
0.20131400000000002
0.208567
0.22041100000000002
0.236448
0.266422
0.30080999999999997
0.3197
0.327096
0.33062600000000003
0.334012
0.33808299999999997
0.342219
0.351139
0.36780999999999997
0.38695999999999997
0.401444
0.406112
0.40008499999999997
0.384388
0.360664
0.329967
0.293017
0.24174400000000001
0.185474
0.14271
0.117701
0.109197
0.10431700000000001
0.094716
0.081116
0.065607
0.050571
0.038166000000000005
0.029975
0.027301
0.030504000000000003
0.048759
0.084518
0.12496199999999999
0.163653
0.20768899999999998
0.24825
0.26817199999999997
0.27215700000000004
0.26921
0.26418800000000003
0.258175
0.250546
0.240062
0.225161
0.204483
0.184423
0.172237
0.159882
0.140049
0.115579
0.088888
0.061038999999999996
0.025774000000000002
-0.0044740000000000005
-0.009498000000000001
0.001282
0.011487
0.025481
0.046448
0.064715
0.078961
0.091601
0.10421
0.117724
0.133273
0.151177
0.169296
0.184394
0.194572
0.199273
0.204764
0.210798
0.21216300000000002
0.20721199999999998
0.196049
0.183607
0.171968
0.160851
0.148898
0.13471
0.11738299999999999
0.096386
0.07094500000000001
0.041083999999999996
0.020213
0.015752000000000002
0.016902
0.018290999999999998
0.014331
0.012409
0.025512
0.048139
0.071063
0.089264
0.101271
0.107597
0.109679
0.117852
0.139225
0.16453099999999998
0.186979
0.20644099999999999
0.22175999999999998
0.23149899999999998
0.235302
0.23353000000000002
0.23192800000000002
0.224338
0.19936700000000002
0.162983
0.124642
0.098562
0.092326
0.094968
0.09713
0.09742999999999999
0.09615800000000001
0.093709
0.089712
0.08429299999999999
0.078984
0.07521699999999999
0.073241
0.082652
0.103592
0.130705
0.167423
0.20746900000000001
0.24178899999999998
0.266104
0.280648
0.287574
0.28909
0.28665300000000005
0.28063
0.27113200000000004
0.258998
0.24464299999999997
0.23358099999999998
0.23320700000000003
0.23640999999999998
0.234393
0.232657
0.227219
0.209143
0.184612
0.162827
0.147894
0.13926
0.134507
0.13128900000000002
0.136599
0.156423
0.181133
0.202239
0.21940700000000002
0.234303
0.24881599999999998
0.263716
0.278227
0.28679299999999996
0.293482
0.30657
0.320208
0.32600100000000004
0.320711
0.311782
0.308278
0.307973
0.30563
0.300481
0.29388000000000003
0.286936
0.280029
0.27224299999999996
0.26216
0.24916100000000002
0.23393899999999998
0.221421
0.214108
0.212569
0.215162
0.220347
0.230852
0.245956
0.26359099999999996
0.281882
0.29906900000000003
0.313589
0.324305
0.330288
0.33134600000000003
0.328664
0.330259
0.342949
0.361242
0.37338000000000005
0.380878
0.392052
0.402694
0.405756
0.39911199999999997
0.38477100000000003
0.365534
0.343572
0.32069000000000003
0.29828899999999997
0.277123
0.263996
0.266471
0.27689
0.284959
0.289912
0.29380500000000004
0.301377
0.308859
0.30889
0.305731
0.305973
0.311286
0.319355
0.333512
0.357204
0.384087
0.406277
0.420706
0.427857
0.429324
0.42758
0.424397
0.41972
0.41216800000000003
0.39774899999999996
0.380323
0.36702199999999996
0.353988
0.34124899999999997
0.33318400000000004
0.32789
0.321728
0.314723
0.309415
0.307219
0.308404
0.31261300000000003
0.31840999999999997
0.32334
0.325594
0.32512199999999997
0.323098
0.329347
0.346117
0.362259
0.37472300000000003
0.387255
0.402238
0.418196
0.432245
0.44164200000000003
0.444345
0.43941199999999997
0.426967
0.407902
0.38419200000000003
0.358593
0.33922399999999997
0.332283
0.332378
0.329502
0.325022
0.325795
0.32834800000000003
0.326639
0.318837
0.30678099999999997
0.293311
0.280904
0.271252
0.271312
0.28794000000000003
0.313947
0.338891
0.359051
0.37354899999999996
0.38348499999999996
0.390871
0.398725
0.403009
0.397462
0.38554499999999997
0.373141
0.362225
0.351333
0.34442
0.345384
0.34846900000000003
0.34679899999999997
0.33916799999999997
0.327954
0.315499
0.304056
0.294738
0.286601
0.277648
0.264988
0.25227
0.25151599999999996
0.26698
0.28636799999999996
0.29894699999999996
0.30569
0.309924
0.314668
0.321849
0.33146
0.341633
0.34991700000000003
0.35399899999999995
0.351877
0.342988
0.33514299999999997
0.336729
0.346167
0.353126
0.350163
0.34196
0.334989
0.330998
0.32814699999999997
0.3237
0.31512199999999996
0.300887
0.28137199999999996
0.258666
0.241623
0.24060700000000002
0.250463
0.26179
0.272537
0.281589
0.28723000000000004
0.29289899999999996
0.30292199999999997
0.31299699999999997
0.317098
0.313697
0.304867
0.293559
0.288704
0.298708
0.317432
0.334647
0.346694
0.352982
0.353281
0.347948
0.338553
0.326822
0.31462399999999996
0.298941
0.276159
0.25077
0.23499899999999999
0.23842199999999997
0.25193699999999997
0.262909
0.26859299999999997
0.268996
0.265665
0.260905
0.256606
0.25359299999999996
0.25208200000000003
0.251587
0.250637
0.254211
0.268368
0.28938400000000003
0.311605
0.329863
0.339453
0.340523
0.336515
0.33082
0.325533
0.32093299999999997
0.31558
0.3074
0.294995
0.278086
0.26321300000000003
0.25869899999999996
0.259944
0.259848
0.259497
0.257399
0.250902
0.243973
0.241377
0.242959
0.245241
0.24490399999999998
0.240044
0.236981
0.245234
0.26003000000000004
0.273445
0.28518499999999997
0.295752
0.305424
0.313636
0.319108
0.319792
0.31742
0.31455700000000003
0.30765
0.292705
0.270511
0.251135
0.24579499999999999
0.24989899999999998
0.254521
0.258017
0.25963600000000003
0.25847600000000004
0.25438299999999997
0.247619
0.2384
0.22742800000000002
0.215902
0.20558
0.201543
0.20919899999999997
0.224021
0.240326
0.257064
0.271394
0.28134000000000003
0.286481
0.287249
0.28449
0.279296
0.27257600000000004
0.264497
0.254981
0.250407
0.25806599999999996
0.27038
0.276748
0.278474
0.27934000000000003
0.27748
0.269951
0.257885
0.244758
0.232737
0.2222
0.212657
0.203211
0.192671
0.179975
0.164806
0.147224
0.127619
0.10751600000000001
0.088916
0.073524
0.059276999999999996
0.043025
0.026660000000000003
0.012938
0.001961
-0.0065780000000000005
-0.012865000000000001
-0.017136000000000002
-0.019093000000000002
-0.018584
-0.015738
-0.011215000000000001
-0.0063479999999999995
-0.002323
0.000109
1.7e-05
-0.003022
-0.008437
-0.012575
-0.012513
-0.011133
-0.01145
-0.012065000000000001
-0.010059
-0.00489
0.0017690000000000002
0.007835
0.011806
0.013681
0.013508000000000001
0.011151000000000001
0.007619
0.004452
0.003237
0.0046689999999999995
0.008417000000000001
0.011266
0.01066
0.009313
0.009892
0.010886
0.009455
0.006594
0.0032020000000000004
-0.0017350000000000002
-0.006534000000000001
-0.009108
-0.009202
-0.007776000000000001
-0.005921
-0.004425
-0.004246
-0.005957
-0.009312
-0.011526999999999999
-0.010502
-0.008943000000000001
-0.009355
-0.010265
-0.008999
-0.005059
0.000157
0.004895
0.007961
0.008904
0.008019
0.006301
0.004666
0.003636
0.003871
0.0057350000000000005
0.008934000000000001
0.010942
0.009939
0.008518000000000001
0.008989
0.009916
0.008806999999999999
0.005252000000000001
0.000587
-0.00361
-0.006332
-0.007258
-0.006679999999999999
-0.0035909999999999996
0.000692
0.002525
0.0010279999999999998
-0.0027949999999999997
-0.0075120000000000004
-0.010489
-0.010156
-0.009091
-0.009553
-0.01028
-0.009055
-0.005618
-0.001274
0.002547
0.005019
0.005936
0.005607
0.0048530000000000005
0.004358
0.0042829999999999995
0.004867
0.0063100000000000005
0.008493
0.009558
0.008275
0.007014
0.007659999999999999
0.00878
0.008144
0.005445
0.001859
-0.001347
-0.003471
-0.004368
-0.004309
-0.003982
-0.003912
-0.004151
-0.004874
-0.00626
-0.008219
-0.009098
-0.007852
-0.006719
-0.007398999999999999
-0.008492
-0.007923999999999999
-0.005471
-0.0022559999999999998
0.000579
0.002457
0.0033009999999999997
0.003386
0.003314
0.0035
0.003928
0.004721
0.00604
0.007814
0.008565999999999999
0.007398999999999999
0.006412
0.007137999999999999
0.008213
0.0077150000000000005
0.005495
0.002628
0.00013000000000000002
-0.001534
-0.0022660000000000002
-0.0024170000000000003
-0.002593
-0.00303
-0.003647
-0.004518
-0.005792
-0.00742
-0.008081
-0.007005
-0.006154
-0.006906
-0.007940000000000001
-0.0074849999999999995
-0.005462
-0.002902
-0.000709
0.000755
0.001516
0.00182
0.002118
0.002665
0.0033520000000000004
0.004229
0.00543
0.006924
0.007525
0.006566
0.005872
0.0066760000000000005
0.0077
0.007298999999999999
0.005455
0.00316
0.0012289999999999998
-6.3e-05
-0.000788
-0.0011710000000000002
-0.001599
-0.0022649999999999997
-0.003035
-0.003936
-0.005089
-0.0064719999999999995
-0.007023000000000001
-0.006167
-0.005598
-0.00642
-0.0074129999999999995
-0.007062000000000001
-0.005393
-0.0033490000000000004
-0.001661
-0.000532
0.00014099999999999998
0.0005769999999999999
0.001101
0.0018510000000000002
0.002675
0.003587
0.004699
0.005999
0.006531
0.005796
0.005358
0.0062
0.007156999999999999
0.006843000000000001
0.005326
0.0035009999999999998
0.002023
0.001034
0.00040300000000000004
-7.3e-05
-0.000671
-0.0014810000000000001
-0.002338
-0.003244
-0.004307
-0.005518
-0.00602
-0.00539
-0.005077
-0.005945000000000001
-0.006876999999999999
-0.0066040000000000005
-0.0052369999999999995
-0.003624
-0.0023420000000000003
-0.0014810000000000001
-0.000895
-0.000397
0.00025
0.001101
0.0019809999999999997
0.002884
0.003915999999999999
0.005071
0.005565
0.005033
0.004821
0.0057009999999999995
0.006601999999999999
0.006358
0.005118999999999999
0.003693
0.0025859999999999998
0.0018390000000000001
0.001292
0.000781
0.000109
-0.000754
-0.001627
-0.0025039999999999997
-0.0034920000000000003
-0.004591
-0.0050869999999999995
-0.004657
-0.004548
-0.005444
-0.006324000000000001
-0.006118
-0.005005
-0.0037530000000000003
-0.002809
-0.002166
-0.0016589999999999999
-0.0011380000000000001
-0.000443
0.00043499999999999995
0.0013109999999999999
0.002171
0.003114
0.0041530000000000004
0.004644
0.004303
0.004277
0.005173
0.006024
0.005852
0.004854
0.003757
0.002956
0.002412
0.0019510000000000003
0.001439
0.0007509999999999999
-0.00010800000000000001
-0.000964
-0.001805
-0.0027170000000000002
-0.003711
-0.0042060000000000005
-0.003956
-0.004016
-0.004915999999999999
-0.005741
-0.005603
-0.004718
-0.003766
-0.003089
-0.002623
-0.002191
-0.001679
-0.000993
-0.000157
0.000669
0.001477
0.002348
0.0032909999999999997
0.003781
0.0036060000000000003
0.003735
0.004632
0.005429
0.005321
0.004541
0.0037259999999999997
0.0031739999999999997
0.002797
0.002415
0.0019219999999999999
0.001245
0.00042800000000000005
-0.00037200000000000004
-0.00115
-0.001991
-0.002898
-0.00339
-0.003286
-0.003478
-0.004372
-0.005145
-0.005064
-0.004374
-0.003676
-0.0032189999999999996
-0.0029010000000000004
-0.002555
-0.002088
-0.001441
-0.000659
0.000103
0.000842
0.001639
0.0025039999999999997
0.002997
0.0029530000000000003
0.003195
0.004081
0.004836
0.004790999999999999
0.004201
0.003625
0.003268
0.00301
0.002694
0.002247
0.001623
0.000872
0.00014199999999999998
-0.0005639999999999999
-0.001325
-0.002154
-0.002648
-0.00266
-0.002944
-0.003815
-0.004539
-0.004511
-0.003992
-0.003515
-0.00325
-0.003057
-0.00278
-0.002363
-0.0017760000000000002
-0.001072
-0.000384
0.000285
0.001007
0.001796
0.002287
0.002352
0.002679
0.0035399999999999997
0.004252000000000001
0.004261
0.003822
0.00343
0.003235
0.003092
0.0028469999999999997
0.0024519999999999998
0.001893
0.00123
0.000584
-4.9e-05
-0.0007379999999999999
-0.00149
-0.001971
-0.002071
-0.0024219999999999997
-0.003258
-0.0039369999999999995
-0.003968
-0.0036079999999999997
-0.0033090000000000003
-0.003186
-0.003094
-0.002888
-0.002529
-0.002009
-0.00139
-0.000788
-0.000195
0.00046100000000000004
0.001183
0.0016640000000000001
0.001808
0.002194
0.003014
0.0036659999999999996
0.0037119999999999996
0.003414
0.003188
0.0031219999999999998
0.0030670000000000003
0.002891
0.002561
0.002078
0.0015019999999999999
0.0009429999999999999
0.000391
-0.000223
-0.000904
-0.001366
-0.0015279999999999998
-0.001929
-0.002735
-0.0033729999999999997
-0.0034439999999999996
-0.0032090000000000005
-0.003058
-0.003054
-0.003039
-0.002893
-0.0025960000000000002
-0.0021550000000000002
-0.0016239999999999998
-0.001103
-0.000583
1e-06
0.000657
0.001119
0.001307
0.0017120000000000002
0.0024879999999999998
0.003102
0.003189
0.003003
0.002907
0.00295
0.00297
0.002852
0.002584
0.0021850000000000003
0.0017059999999999998
0.001234
0.000762
0.00022200000000000003
-0.000397
-0.000851
-0.001064
-0.0014810000000000001
-0.0022370000000000003
-0.0028350000000000003
-0.002945
-0.0028120000000000003
-0.0027719999999999997
-0.00286
-0.002914
-0.002823
-0.002582
-0.0022170000000000002
-0.0017760000000000002
-0.0013369999999999999
-0.000889
-0.00038199999999999996
0.000196
0.000629
0.000851
0.0012699999999999999
0.001994
0.002565
0.002689
0.002601
0.0026089999999999998
0.002731
0.002814
0.002754
0.00255
0.002228
0.001842
0.0014529999999999999
0.001044
0.000562
9e-06
-0.00041
-0.0006450000000000001
0.000136
0.0013570000000000001
0.00125
0.000184
-0.000993
-0.002025
-0.002826
-0.003258
-0.0032990000000000003
-0.003042
-0.002601
-0.002091
-0.0016079999999999998
-0.000547
0.000811
0.001356
0.001228
0.0009630000000000001
0.001034
0.001583
0.002111
0.002236
0.00214
0.002124
0.002227
0.002326
0.0023420000000000003
0.002264
0.002096
0.001865
0.001615
0.001334
0.0009880000000000002
0.000539
0.000123
-0.000199
-0.000743
-0.001575
-0.002227
-0.002382
-0.002263
-0.002195
-0.002234
-0.0022719999999999997
-0.0022429999999999998
-0.002154
-0.002006
-0.001812
-0.0016010000000000002
-0.001361
-0.001059
-0.000657
0.000691
0.002545
0.0034460000000000003
0.0035
0.003118
0.002484
0.0018850000000000002
0.001611
0.001639
0.0017760000000000002
0.0018899999999999998
0.001946
0.0019260000000000002
0.001827
0.003399
0.006151
0.007084
0.005857
0.003643
0.001572
-0.000156
-0.001648
-0.0026100000000000003
-0.002879
-0.002747
-0.002577
-0.0024690000000000003
-0.0017760000000000002
-0.000831
-0.000684
-0.0009880000000000002
-0.00126
-0.0013779999999999999
-0.001235
-0.000907
-0.00056
-0.000399
-0.00044
-0.000286
0.00026000000000000003
0.0008640000000000001
0.001235
0.001478
0.0017640000000000002
0.002068
0.002284
0.0023769999999999998
0.002337
0.0021609999999999997
0.0018989999999999999
0.00157
0.001135
0.000674
0.002355
0.005763
0.007378
0.006437000000000001
0.003819
0.001037
-0.000919
-0.0021030000000000003
-0.002771
-0.003059
-0.0030440000000000003
-0.002839
-0.00253
-0.000583
0.002426
0.0037170000000000003
0.003136
0.001801
0.000627
-0.00015
-0.000597
-0.00064
-0.00031299999999999996
4.2e-05
0.000233
0.000425
0.002716
0.006542
0.008472
0.008073
0.006249
0.004092
0.002448
0.001379
0.00062
4.7e-05
-0.000377
-0.000629
-0.000655
-0.0006389999999999999
-0.000711
-0.000701
-0.000539
-0.00044500000000000003
-0.000535
-0.000675
-0.00082
-0.001072
-0.001444
-0.0018739999999999998
-0.002298
-0.002527
-0.0005009999999999999
0.003181
0.005167000000000001
0.004972
0.003479
0.0018510000000000002
0.000752
6.6e-05
-0.000348
-0.000414
-0.000152
0.00021
0.000556
0.0033740000000000003
0.008094
0.010597
0.010339
0.008284999999999999
0.005386999999999999
0.0027370000000000003
0.0008320000000000001
-0.00041900000000000005
-0.001111
-0.001478
-0.0016760000000000002
-0.0016129999999999999
0.001349
0.006304
0.008622
0.007840999999999999
0.005227000000000001
0.00215
-0.000254
-0.001778
-0.002708
-0.003182
-0.0032359999999999997
-0.003036
-0.002628
5.6000000000000006e-05
0.004352
0.006731999999999999
0.006749
0.005166
0.003112
0.0016699999999999998
0.000956
0.0005690000000000001
0.000275
4.7e-05
-0.00014099999999999998
-0.000161
0.0035689999999999997
0.010218000000000001
0.013896
0.013739
0.011101999999999999
0.007220999999999999
0.003493
0.000699
-0.001194
-0.002236
-0.002646
-0.002838
-0.002895
0.000877
0.0076760000000000005
0.011479999999999999
0.011399
0.008784
0.0048850000000000005
0.001317
-0.001013
-0.002408
-0.003129
-0.0033659999999999996
-0.0033399999999999997
-0.00298
-0.002203
0.002026
0.008834999999999999
0.012844999999999999
0.013163999999999999
0.010994
0.007647
0.0042840000000000005
0.001553
-0.00033999999999999997
-0.001413
-0.0019420000000000001
-0.0020350000000000004
-0.001568
0.0034939999999999997
0.012042
0.01702
0.017112
0.013831
0.00896
0.004146
0.000346
-0.002209
-0.00366
-0.0039020000000000005
-0.002897
-0.001288
0.0047020000000000005
0.013836000000000001
0.018624
0.017935
0.013609
0.007509999999999999
0.0016820000000000001
-0.00253
-0.005012
-0.005877
-0.005340999999999999
-0.0039
-0.001974
0.004936
0.015754
0.022212
0.022428
0.018392
0.01245
0.006217
0.001034
-0.002566
-0.0048649999999999995
-0.005947999999999999
-0.005965
-0.005155
0.001725
0.013153
0.019592
0.019642
0.016041999999999997
0.011325
0.006886
0.0035090000000000004
0.001417
0.000152
-0.000723
-0.001269
-0.0013369999999999999
0.004918
0.015985
0.021689
0.020503999999999998
0.015194
0.008267
0.001795
-0.0025039999999999997
-0.00421
-0.004173
-0.003228
-0.0016489999999999999
0.000489
0.009049
0.022244999999999997
0.02926
0.028214
0.021718
0.012641
0.003703
-0.002954
-0.006794
-0.00842
-0.008275
-0.006561
-0.003527
0.006445
0.021219
0.029677
0.029878
0.024495
0.016444999999999998
0.008201
0.001466
-0.003184
-0.005905
-0.006872
-0.006455
-0.0051
0.004185
0.019546
0.028544999999999997
0.029335000000000003
0.024850999999999998
0.0177
0.010145
0.0036420000000000003
-0.001222
-0.004344
-0.005876
-0.006083
-0.005174
0.004369
0.020603
0.030085
0.030397000000000004
0.024805
0.016663
0.008727
0.002579
-0.001625
-0.0042049999999999995
-0.005086
-0.004429
-0.002852
0.007069
0.023268
0.031988
0.031113
0.024405
0.015125999999999999
0.005855
-0.001158
-0.005234
-0.006836
-0.006187
-0.003928
-0.0010630000000000001
0.0017879999999999999
0.012423
0.028564999999999997
0.03626
0.034118
0.026413
0.016373
0.006345
-0.001779
-0.007078
-0.009479000000000001
-0.009299
-0.007268000000000001
-0.00403
0.008317
0.027192
0.037831000000000004
0.038269
0.032858
0.024802
0.01547
0.005906000000000001
-0.002294
-0.007962
-0.010611
-0.010246
-0.007669
0.00449
0.023384000000000002
0.034339999999999996
0.035485
0.031045999999999997
0.024057
0.015868
0.007626999999999999
0.000583
-0.004511
-0.007272
-0.007658
-0.00628
0.0051530000000000005
0.024232
0.035184
0.035874
0.031202999999999998
0.024252000000000003
0.016125
0.007945
0.001097
-0.003621
-0.005823
-0.005575
-0.003836
0.007762000000000001
0.026951999999999997
0.038181
0.040315
0.038141
0.033614
0.027176
0.018894
0.008714
-0.001046
-0.007268999999999999
-0.009114
-0.007389
0.005582999999999999
0.026795
0.040617
0.045906
0.047086
0.045794
0.042194
0.036206999999999996
0.027607999999999997
0.016176
0.00339
-0.0064670000000000005
-0.010904
-0.001379
0.019058000000000002
0.033582
0.039975
0.04247
0.042991
0.041995
0.039236
0.034104
0.025983
0.014707
0.002411
-0.006591
-0.000828
0.016538999999999998
0.028806000000000002
0.033974000000000004
0.035781
0.036163
0.035575999999999997
0.033694999999999996
0.030080000000000003
0.024364
0.016218
0.006203
-0.0022890000000000002
-0.0067280000000000005
0.001696
0.019788
0.031702
0.036335
0.037501
0.036708
0.033925
0.028827999999999996
0.021759999999999998
0.013115
0.004318
-0.001641
-0.003764
0.006408
0.025764999999999996
0.039823000000000004
0.047929
0.052302999999999995
0.053887
0.053253999999999996
0.050245
0.044163
0.034763
0.022861000000000003
0.009863
-0.0005059999999999999
0.004386
0.021727
0.036139
0.046133999999999994
0.053597000000000006
0.059127
0.062752
0.063737
0.061033000000000004
0.054346000000000005
0.044131000000000004
0.03106
0.015988
0.01225
0.023591
0.035866
0.044377999999999994
0.050189
0.054669
0.05849
0.060921
0.060577
0.057009000000000004
0.05062
0.041792
0.030862999999999998
0.029043
0.040581
0.052926
0.060351
0.063605
0.064223
0.06377000000000001
0.06275
0.060408
0.05606799999999999
0.049606
0.041361
0.032112
0.022377
0.023188
0.037247
0.051101
0.059932000000000006
0.064774
0.066774
0.066363
0.063287
0.057436
0.049073
0.038672000000000005
0.027096
0.015482
0.016464
0.032782
0.049873
0.06278500000000001
0.072386
0.07974099999999999
0.085418
0.088719
0.087852
0.081831
0.071271
0.057686
0.04278
0.038099
0.048089
0.060715
0.070174
0.07696
0.082205
0.08694099999999999
0.091157
0.093385
0.092223
0.087324
0.079042
0.068077
0.05500700000000001
0.050136
0.057745000000000005
0.06642100000000001
0.070976
0.072901
0.074114
0.075165
0.075044
0.072785
0.06833
0.062076
0.054596000000000006
0.046534
0.048269
0.063294
0.07886699999999999
0.08871699999999999
0.093762
0.096081
0.09714600000000001
0.09679600000000001
0.093727
0.087358
0.078437
0.068271
0.05815700000000001
0.058668
0.073877
0.091589
0.10534500000000001
0.115477
0.122928
0.128423
0.131747
0.13159
0.127154
0.11881099999999999
0.107636
0.095185
0.082732
0.080123
0.09172999999999999
0.10601700000000001
0.116745
0.125109
0.132664
0.139577
0.14432899999999999
0.145333
0.142202
0.135348
0.125691
0.11461600000000001
0.111648
0.122089
0.135372
0.14444
0.150321
0.154871
0.159352
0.163529
0.165671
0.164353
0.159681
0.152666
0.144343
0.13487000000000002
0.131797
0.141026
0.153601
0.162499
0.16860999999999998
0.173605
0.177975
0.180422
0.179622
0.175652
0.169527
0.162475
0.155379
0.155886
0.169434
0.185975
0.197364
0.204752
0.21041500000000002
0.21557600000000002
0.21963000000000002
0.221235
0.21981599999999998
0.21574899999999997
0.20988400000000001
0.20325
0.196205
0.19475
0.205422
0.22037800000000002
0.23153600000000002
0.23993299999999998
0.24689
0.252189
0.25419400000000003
0.251852
0.24584499999999998
0.237709
0.22904899999999997
0.22077199999999997
0.21235300000000001
0.209171
0.218612
0.23358299999999999
0.245633
0.25558400000000003
0.264313
0.27100599999999997
0.273942
0.272287
0.266908
0.25968800000000003
0.252176
0.244418
0.23503000000000002
0.229186
0.23545
0.248493
0.26052600000000004
0.27202
0.282997
0.29215599999999997
0.298005
0.29995700000000003
0.298556
0.29475300000000004
0.28896
0.280492
0.268217
0.25834
0.259942
0.26916
0.278935
0.28839000000000004
0.296748
0.302789
0.305935
0.30657
0.305777
0.304333
0.301847
0.297012
0.28849600000000003
0.282063
0.285391
0.294279
0.301979
0.307398
0.31043200000000004
0.31095
0.309425
0.30690700000000004
0.30448800000000004
0.302296
0.29919
0.293775
0.28538600000000003
0.280545
0.28725900000000004
0.30086
0.313215
0.321862
0.326307
0.32671
0.323703
0.318228
0.311402
0.303742
0.294883
0.284452
0.272712
0.26669899999999996
0.274642
0.29088400000000003
0.306142
0.317973
0.32606599999999997
0.330504
0.33147600000000005
0.329351
0.32463000000000003
0.317394
0.307361
0.294628
0.27982399999999996
0.27013000000000004
0.27397699999999997
0.286141
0.297937
0.307662
0.31567399999999995
0.32233
0.32751399999999997
0.33058200000000004
0.330559
0.326463
0.317972
0.30580300000000005
0.291076
0.281002
0.28347
0.293164
0.301747
0.30777
0.31202399999999997
0.315079
0.31699499999999997
0.31745999999999996
0.316023
0.312305
0.306214
0.29791799999999996
0.293659
0.299975
0.311639
0.32097600000000004
0.32638
0.328958
0.32987
0.32973800000000003
0.32846
0.325479
0.320348
0.313078
0.304093
0.29389099999999996
0.288912
0.295838
0.30888699999999997
0.319782
0.326945
0.331463
0.333993
0.33415700000000004
0.33134
0.32543
0.316847
0.306408
0.295055
0.283391
0.277593
0.284233
0.297256
0.30845700000000004
0.316651
0.32254099999999997
0.326171
0.326932
0.324448
0.31896399999999997
0.3111
0.30165
0.291134
0.279362
0.272044
0.27624899999999997
0.28669
0.295849
0.303171
0.30945900000000004
0.314487
0.31706599999999996
0.316071
0.311251
0.303213
0.293012
0.28139899999999995
0.268382
0.260054
0.264216
0.27534699999999995
0.28544200000000003
0.293908
0.300933
0.30589099999999997
0.307881
0.30651
0.302249
0.29591999999999996
0.288008
0.278308
0.26615500000000003
0.25755900000000004
0.260687
0.270351
0.27881100000000003
0.285729
0.29145
0.29554899999999995
0.29733699999999996
0.296535
0.29358
0.289001
0.28274099999999996
0.274215
0.262719
0.25426
0.257019
0.265817
0.272983
0.27820100000000003
0.28166399999999997
0.282998
0.28184699999999996
0.27836700000000003
0.273339
0.267469
0.260763
0.252704
0.24890700000000002
0.256708
0.27018000000000003
0.281055
0.288553
0.29272600000000004
0.293431
0.290944
0.28580500000000003
0.278618
0.270223
0.26122199999999995
0.251531
0.24072399999999997
0.23469600000000002
0.24147600000000002
0.25502199999999997
0.266728
0.276081
0.283048
0.286964
0.286919
0.282574
0.274594
0.26410700000000004
0.251819
0.237909
0.222611
0.21269899999999997
0.216894
0.228793
0.239407
0.24841
0.255749
0.260895
0.263126
0.262175
0.25840599999999997
0.252078
0.24295300000000003
0.23067600000000002
0.215252
0.203724
0.20512800000000003
0.21335700000000002
0.219875
0.224731
0.22847199999999998
0.23120900000000003
0.232544
0.232194
0.230296
0.22679499999999997
0.22121300000000002
0.212927
0.207891
0.214258
0.22588200000000003
0.234627
0.24066500000000002
0.24432600000000002
0.245775
0.245265
0.242932
0.238941
0.23363699999999998
0.227213
0.21970900000000002
0.211069
0.207679
0.21729899999999996
0.232548
0.244175
0.251971
0.25664899999999996
0.25847
0.257177
0.253004
0.24687699999999999
0.2394
0.230562
0.22030500000000003
0.208744
0.20266199999999998
0.210157
0.224097
0.23550500000000002
0.24425500000000003
0.250722
0.25453600000000004
0.254973
0.252051
0.24648299999999998
0.238762
0.229149
0.21775799999999998
0.210644
0.216087
0.227979
0.23765799999999998
0.24504499999999999
0.250576
0.254463
0.256569
0.256302
0.25311500000000003
0.24692199999999997
0.23804
0.227154
0.214719
0.20690300000000003
0.21174899999999997
0.22280999999999998
0.23143000000000002
0.237781
0.242477
0.245344
0.245808
0.243732
0.23950100000000002
0.23337800000000003
0.22534099999999999
0.21535700000000002
0.20347300000000001
0.196519
0.20263
0.21477399999999996
0.224322
0.231711
0.237792
0.24232199999999998
0.24450999999999998
0.244025
0.241164
0.236333
0.229667
0.22089899999999998
0.20953200000000002
0.202016
0.206724
0.21706799999999998
0.22478
0.23050700000000002
0.235078
0.238497
0.240204
0.239677
0.236992
0.232645
0.22693200000000002
0.21955
0.2162
0.22484400000000002
0.23884899999999998
0.249379
0.256604
0.26098899999999997
0.26261799999999996
0.261836
0.258999
0.254225
0.247921
0.24069699999999997
0.232861
0.224304
0.220804
0.23016799999999998
0.24554299999999998
0.257966
0.267625
0.27485
0.279055
0.279312
0.275231
0.267461
0.257271
0.24558600000000003
0.232706
0.218867
0.210556
0.216013
0.22872199999999998
0.239945
0.249741
0.25838
0.26526
0.269201
0.26942699999999997
0.26614
0.259854
0.250628
0.238217
0.22264299999999998
0.210549
0.21111
0.21888600000000002
0.22555999999999998
0.23128600000000002
0.236576
0.24133600000000002
0.24479099999999998
0.246294
0.245898
0.24377
0.23967399999999997
0.232949
0.228779
0.2345
0.244338
0.250793
0.254511
0.256285
0.256351
0.254894
0.251994
0.24783899999999998
0.242839
0.23719400000000002
0.230848
0.22355100000000003
0.22092199999999998
0.230677
0.246029
0.257856
0.266152
0.271597
0.27414099999999997
0.27305100000000004
0.268156
0.26053200000000004
0.25145100000000004
0.241427
0.230539
0.218865
0.21280700000000002
0.22065700000000002
0.23574299999999998
0.24894299999999997
0.25996199999999997
0.268917
0.27512
0.277384
0.275223
0.269438
0.26119499999999995
0.251173
0.239391
0.225365
0.21511999999999998
0.21784
0.22804499999999997
0.23699699999999999
0.24458200000000002
0.251165
0.25649099999999997
0.259784
0.260436
0.258346
0.253697
0.246844
0.23786500000000002
0.232278
0.23750100000000002
0.24813400000000002
0.256664
0.263283
0.26856199999999997
0.27223800000000004
0.273889
0.273427
0.27103499999999997
0.266935
0.261175
0.253662
0.24415100000000003
0.238443
0.24445
0.25669000000000003
0.267007
0.275096
0.281439
0.285531
0.28641700000000003
0.28395
0.279005
0.272521
0.264783
0.2555
0.244302
0.237225
0.24226399999999998
0.253504
0.262473
0.269072
0.274135
0.277573
0.278818
0.277647
0.274368
0.269421
0.262924
0.254417
0.243179
0.23517800000000003
0.238986
0.249385
0.257994
0.26401399999999997
0.267505
0.268441
0.266923
0.263229
0.257832
0.251298
0.243945
0.23557899999999998
0.225701
0.2202
0.227469
0.241348
0.252871
0.26150999999999996
0.267123
0.269444
0.268423
0.264289
0.25759
0.24900100000000003
0.238961
0.227667
0.221307
0.228066
0.241919
0.254305
0.265058
0.27438
0.281853
0.28691
0.289
0.28778000000000004
0.28328200000000003
0.275514
0.264268
0.249692
0.23869400000000002
0.240092
0.24867899999999998
0.256293
0.26250999999999997
0.267788
0.272007
0.274542
0.274905
0.273252
0.269914
0.264805
0.257497
0.24753699999999998
0.240628
0.244232
0.2527
0.25826
0.260868
0.261419
0.260531
0.258423
0.255129
0.250918
0.24605
0.240479
0.233868
0.225611
0.22123400000000001
0.228675
0.241877
0.252012
0.25868
0.26257600000000003
0.26400999999999997
0.26259899999999997
0.258121
0.251191
0.24262399999999998
0.23293000000000003
0.222482
0.21743600000000002
0.225687
0.24094899999999997
0.254417
0.26569299999999996
0.274885
0.281571
0.28510100000000005
0.285073
0.281735
0.275729
0.267538
0.257569
0.246129
0.239188
0.24432800000000002
0.255875
0.265789
0.273827
0.28063899999999997
0.286172
0.289642
0.290354
0.288249
0.283464
0.27607600000000004
0.266314
0.254386
0.24639299999999997
0.250092
0.260205
0.268777
0.275271
0.280294
0.28366399999999997
0.28460599999999997
0.28278600000000004
0.278656
0.272778
0.265401
0.256356
0.24500300000000003
0.23687399999999997
0.23998000000000003
0.24933699999999998
0.25704899999999997
0.262662
0.266743
0.269256
0.26976700000000003
0.26808899999999997
0.264495
0.25937
0.252879
0.244736
0.234292
0.227185
0.23150500000000002
0.241733
0.249755
0.255594
0.259808
0.26221500000000003
0.262535
0.260816
0.257384
0.252562
0.246452
0.238869
0.235381
0.243227
0.256747
0.267941
0.276279
0.282015
0.28481100000000004
0.28441500000000003
0.28113299999999997
0.275544
0.268288
0.259943
0.250699
0.24035700000000002
0.234711
0.24143299999999998
0.25464200000000003
0.265923
0.27474499999999996
0.281384
0.285467
0.286229
0.28326
0.276863
0.267735
0.25658600000000004
0.243806
0.229515
0.219958
0.22354699999999997
0.23448400000000003
0.24426599999999998
0.252654
0.259819
0.265355
0.268515
0.268776
0.266202
0.26103000000000004
0.25324
0.242492
0.228454
0.21734699999999998
0.21801700000000002
0.225367
0.231388
0.23608800000000002
0.23995
0.24296199999999998
0.24470999999999998
0.24485300000000002
0.24350500000000003
0.240767
0.236346
0.22970500000000002
0.226106
0.23268200000000003
0.243644
0.251172
0.25554299999999996
0.257785
0.258194
0.256895
0.254051
0.24982100000000002
0.24454299999999998
0.238492
0.231665
0.22389499999999998
0.220823
0.229969
0.24502600000000002
0.257267
0.266185
0.27203099999999997
0.274864
0.274465
0.270717
0.264144
0.255689
0.246035
0.235375
0.223753
0.217204
0.223757
0.237281
0.249042
0.258703
0.266464
0.271882
0.274021
0.272448
0.267797
0.260866
0.251949
0.241067
0.22809000000000001
0.21889699999999998
0.221818
0.231521
0.239891
0.24679600000000002
0.252635
0.257248
0.259944
0.260142
0.257792
0.252949
0.245633
0.23598899999999998
0.229807
0.234458
0.244804
0.253394
0.25995300000000005
0.26499
0.268545
0.270345
0.270058
0.26762800000000003
0.263355
0.25746199999999997
0.249937
0.24058600000000002
0.23479
0.23966700000000002
0.250076
0.258583
0.264865
0.269493
0.272365
0.272838
0.270706
0.266493
0.26075
0.253646
0.24508000000000002
0.23480399999999998
0.228427
0.233456
0.244288
0.25296
0.25948699999999997
0.264718
0.268469
0.269904
0.268742
0.265495
0.26069000000000003
0.254513
0.246758
0.242667
0.248995
0.260812
0.270854
0.278356
0.28367800000000004
0.286796
0.287535
0.285855
0.281972
0.276364
0.26961599999999997
0.2621
0.253617
0.24935500000000002
0.256024
0.268592
0.2797
0.288552
0.295426
0.299873
0.301105
0.29884099999999997
0.293475
0.28567
0.276127
0.265363
0.25355700000000003
0.246521
0.251408
0.263218
0.274537
0.284573
0.293441
0.300413
0.30448400000000003
0.30525
0.30302199999999996
0.298217
0.290896
0.28069299999999997
0.27284400000000003
0.27382
0.280356
0.286682
0.291699
0.296129
0.300196
0.303598
0.305696
0.306001
0.30453
0.30146999999999996
0.29667
0.289514
0.284953
0.28871399999999997
0.29685
0.30337600000000003
0.307164
0.308992
0.30895700000000004
0.3069
0.303077
0.298174
0.29285900000000004
0.287432
0.28179499999999996
0.275518
0.27365300000000004
0.281893
0.295548
0.307813
0.316963
0.323061
0.32603200000000004
0.325735
0.322336
0.31649099999999997
0.309053
0.300545
0.290955
0.285607
0.29026
0.301429
0.313268
0.323855
0.333295
0.341285
0.347023
0.349482
0.348208
0.343704
0.33669299999999996
0.32756399999999997
0.316427
0.30893200000000004
0.310742
0.31875
0.32756199999999996
0.335124
0.341681
0.346973
0.350425
0.351756
0.351148
0.348829
0.344704
0.338557
0.33021500000000004
0.325008
0.327921
0.336279
0.345184
0.35215100000000005
0.357493
0.361162
0.362754
0.362146
0.359741
0.356001
0.350953
0.344195
0.335179
0.329094
0.330997
0.338677
0.347394
0.354337
0.359676
0.363153
0.364248
0.362913
0.359605
0.354777
0.348562
0.34076799999999996
0.331046
0.324821
0.327363
0.335932
0.345102
0.35189000000000004
0.35651900000000003
0.35919
0.359996
0.359166
0.35697199999999996
0.353604
0.349004
0.342771
0.339857
0.344497
0.354461
0.36531199999999997
0.373866
0.380169
0.38411300000000004
0.38541
0.384009
0.380257
0.374593
0.367377
0.35883899999999996
0.349074
0.343652
0.347152
0.357092
0.36855
0.37803600000000004
0.385367
0.390133
0.39179200000000003
0.39021999999999996
0.385736
0.37890999999999997
0.370314
0.36030100000000004
0.349037
0.342098
0.34418200000000004
0.35288200000000003
0.36336999999999997
0.37242800000000004
0.380202
0.386652
0.391349
0.393861
0.394019
0.39177199999999995
0.386913
0.37902399999999997
0.373156
0.373064
0.378033
0.385219
0.39110300000000003
0.396086
0.400446
0.404015
0.40637399999999996
0.407159
0.40621599999999997
0.403543
0.39913699999999996
0.392878
0.389815
0.392809
0.40031500000000003
0.408918
0.414562
0.41763500000000003
0.41851700000000003
0.417358
0.41443100000000005
0.410332
0.40567600000000004
0.40073200000000003
0.39544
0.38949
0.38777399999999995
0.393081
0.403675
0.415837
0.425167
0.431667
0.435334
0.43597299999999994
0.433595
0.42869799999999997
0.42193800000000004
0.41371099999999994
0.404196
0.393472
0.38694
0.388112
0.396063
0.407352
0.41736899999999993
0.425816
0.432213
0.435741
0.435824
0.43253100000000005
0.426421
0.418055
0.407798
0.395742
0.38724000000000003
0.385986
0.391131
0.399323
0.406314
0.412211
0.417054
0.42058900000000005
0.422598
0.42290900000000003
0.421303
0.41761499999999996
0.411652
0.408367
0.410236
0.41686599999999996
0.425929
0.43297700000000006
0.438438
0.442636
0.44542200000000004
0.44659799999999994
0.446121
0.44399399999999994
0.440241
0.434892
0.42786199999999996
0.424192
0.42615200000000003
0.43351300000000004
0.443858
0.45214799999999994
0.458484
0.46273800000000004
0.464517
0.46371999999999997
0.46066899999999994
0.45595
0.450059
0.443136
0.435007
0.43068100000000004
0.43220600000000003
0.439144
0.448938
0.45636899999999997
0.461772
0.465454
0.46743900000000005
0.467738
0.46633100000000005
0.463384
0.45901000000000003
0.452926
0.44473100000000004
0.43942299999999995
0.43904899999999997
0.444116
0.45293900000000004
0.46000699999999994
0.46516599999999997
0.46822700000000006
0.46887299999999993
0.46708900000000003
0.463108
0.45748999999999995
0.450768
0.44301
0.439119
0.44050600000000006
0.447387
0.45807600000000004
0.46688999999999997
0.473663
0.478361
0.48076
0.48068999999999995
0.478184
0.473337
0.4664
0.45775600000000005
0.44759399999999994
0.441163
0.44038
0.44565299999999997
0.455358
0.464046
0.47167
0.47806099999999996
0.482675
0.48499899999999996
0.484843
0.482333
0.477542
0.47034499999999996
0.460751
0.454139
0.452399
0.456429
0.464916
0.472109
0.47804399999999997
0.48284499999999997
0.486317
0.48821400000000004
0.488529
0.48747299999999993
0.485066
0.48093100000000005
0.474504
0.470422
0.46965
0.473257
0.48046099999999997
0.48537600000000003
0.488433
0.490275
0.49100600000000005
0.490623
0.48918500000000004
0.486791
0.483422
0.478847
0.477742
0.480487
0.488051
0.49975299999999995
0.509146
0.515925
0.52017
0.521841
0.520867
0.517558
0.512415
0.505803
0.498162
0.48987299999999995
0.48594899999999996
0.48699
0.493792
0.505668
0.516196
0.524736
0.5310060000000001
0.534423
0.534601
0.531692
0.526299
0.5189189999999999
0.509903
0.49949899999999997
0.492622
0.490104
0.49317
0.501596
0.509378
0.516193
0.522063
0.5265479999999999
0.52918
0.529626
0.5277310000000001
0.523369
0.516371
0.506645
0.49913599999999997
0.49496599999999996
0.495787
0.501812
0.507184
0.5115149999999999
0.514848
0.5169630000000001
0.5177609999999999
0.517162
0.515191
0.5119100000000001
0.507057
0.504951
0.5059600000000001
0.510414
0.518645
0.525526
0.530359
0.5334899999999999
0.534944
0.5347810000000001
0.533299
0.530616
0.526762
0.521838
0.515744
0.513146
0.514596
0.520259
0.5301779999999999
0.538994
0.545849
0.550657
0.553167
0.553458
0.551692
0.548148
0.5432140000000001
0.537094
0.529749
0.526038
0.526767
0.532039
0.542112
0.551612
0.559099
0.564353
0.567184
0.5676479999999999
0.565869
0.562271
0.557419
0.551284
0.543531
0.538884
0.538054
0.540938
0.548569
0.556277
0.562394
0.566855
0.569499
0.570106
0.568443
0.56457
0.558759
0.551006
0.541347
0.534918
0.532626
0.534636
0.5420560000000001
0.549953
0.556467
0.561401
0.564467
0.565488
0.5644779999999999
0.561492
0.5565319999999999
0.549449
0.5448390000000001
0.543563
0.544864
0.550442
0.556883
0.5620970000000001
0.566135
0.569083
0.570763
0.57105
0.569952
0.567332
0.5629649999999999
0.556659
0.5528850000000001
0.552219
0.55405
0.560126
0.566567
0.571207
0.5742510000000001
0.575764
0.575633
0.573947
0.571099
0.56734
0.562667
0.556988
0.554843
0.556658
0.561589
0.570602
0.579092
0.584971
0.588464
0.589633
0.588745
0.586387
0.582889
0.578332
0.572733
0.570513
0.572078
0.5757329999999999
0.583711
0.593025
0.600715
0.606754
0.610947
0.612849
0.612302
0.609334
0.603883
0.596223
0.586946
0.580901
0.578964
0.579932
0.586162
0.59448
0.6017319999999999
0.607627
0.611717
0.6136560000000001
0.6134149999999999
0.6110680000000001
0.606698
0.600503
0.59265
0.5875600000000001
0.585929
0.586331
0.591277
0.597983
0.6035510000000001
0.608029
0.611295
0.61335
0.6141770000000001
0.613611
0.611521
0.607639
0.601478
0.597166
0.595448
0.59478
0.598146
0.603304
0.607248
0.60995
0.6112310000000001
0.611167
0.609792
0.607086
0.6032350000000001
0.598242
0.5962729999999999
0.597807
0.6004
0.6067319999999999
0.61463
0.620566
0.6244569999999999
0.62629
0.626313
0.6249359999999999
0.6222850000000001
0.6184029999999999
0.613585
0.607884
0.605531
0.6071270000000001
0.610221
0.617639
0.627223
0.635042
0.640663
0.6439010000000001
0.644875
0.643629
0.640351
0.6356609999999999
0.6298739999999999
0.6228859999999999
0.619185
0.619629
0.621609
0.62825
0.637695
0.645771
0.652045
0.656262
0.658255
0.6578970000000001
0.655311
0.65086
0.644544
0.636269
0.630794
0.6289939999999999
0.628137
0.632117
0.63954
0.6459159999999999
0.650988
0.6547109999999999
0.6569550000000001
0.657538
0.656327
0.653209
0.647883
0.640159
0.6346310000000001
0.632078
0.629888
0.6323479999999999
0.638242
0.6430640000000001
0.646762
0.649305
0.650556
0.650614
0.649464
0.646914
0.64275
0.640984
0.642062
0.642139
0.645595
0.652233
0.656941
0.659612
0.660729
0.660438
0.658832
0.656237
0.652695
0.6480819999999999
0.642422
0.639884
0.640979
0.6422800000000001
0.64778
0.656378
0.662961
0.667393
0.669614
0.6695989999999999
0.667736
0.664475
0.659986
0.654363
0.647805
0.644695
0.645613
0.647324
0.653683
0.663361
0.6713779999999999
0.6773859999999999
0.681158
0.6827810000000001
0.682545
0.680373
0.6762699999999999
0.670573
0.663374
0.65891
0.657982
0.6572600000000001
0.661147
0.66896
0.675643
0.680956
0.684705
0.6867979999999999
0.687099
0.6852560000000001
0.681229
0.675195
0.671221
0.670025
0.667903
0.6699
0.676372
0.681956
0.6864600000000001
0.689861
0.691984
0.692817
0.6922649999999999
0.690048
0.686105
0.680445
0.6770079999999999
0.676528
0.675111
0.677251
0.683416
0.688542
0.692141
0.6941609999999999
0.694832
0.694346
0.6926359999999999
0.689832
0.686104
0.681307
0.679281
0.6804979999999999
0.6805869999999999
0.6840149999999999
0.691405
0.697419
0.701389
0.703533
0.704336
0.70392
0.7021350000000001
0.69912
0.694943
0.693354
0.694926
0.695661
0.6988949999999999
0.705959
0.712695
0.7176130000000001
0.720704
0.722087
0.721812
0.719828
0.716283
0.711449
0.7053520000000001
0.702051
0.702444
0.702495
0.705796
0.713481
0.720961
0.726727
0.7305699999999999
0.7324609999999999
0.732308
0.730143
0.726321
0.721067
0.714388
0.710522
0.710344
0.709771
0.71241
0.719726
0.727278
0.733402
0.73802
0.741106
0.742482
0.7419560000000001
0.739454
0.734829
0.72802
0.723213
0.7211310000000001
0.717837
0.717056
0.7210770000000001
0.726072
0.7301340000000001
0.7331840000000001
0.7351840000000001
0.736107
0.735847
0.734206
0.730949
0.725866
0.722846
0.722482
0.720854
0.721594
0.726305
0.731003
0.734448
0.7367319999999999
0.737833
0.738023
0.7375010000000001
0.736164
0.7338140000000001
0.734069
0.737282
0.7394109999999999
0.7423609999999999
0.748684
0.75573
0.760901
0.764181
0.765479
0.765055
0.7633489999999999
0.760354
0.7560439999999999
0.7507189999999999
0.7482979999999999
0.749315
0.750025
0.752518
0.759423
0.767772
0.7742060000000001
0.778212
0.779842
0.779461
0.777174
0.772992
0.767336
0.760646
0.756813
0.756479
0.755918
0.757177
0.7628510000000001
0.770227
0.776323
0.780759
0.783558
0.784822
0.784342
0.781895
0.777455
0.770854
0.765826
0.763371
0.760117
0.758001
0.7604489999999999
0.7654310000000001
0.769571
0.77252
0.774369
0.775085
0.774383
0.772075
0.768001
0.765538
0.765267
0.763863
0.762299
0.7642800000000001
0.768623
0.771712
0.773532
0.774277
0.774167
0.773265
0.7715029999999999
0.768829
0.76508
0.76373
0.765336
0.766153
0.767181
0.772159
0.779423
0.784782
0.7879430000000001
0.7894800000000001
0.7898109999999999
0.7888609999999999
0.786601
0.783249
0.778941
0.7774399999999999
0.77937
0.780879
0.782907
0.788898
0.796872
0.8028270000000001
0.806712
0.8087770000000001
0.809148
0.808048
0.805686
0.801937
0.796619
0.793722
0.794068
0.7937270000000001
0.793532
0.797455
0.804095
0.809362
0.8129430000000001
0.8148380000000001
0.815155
0.8139930000000001
0.811148
0.8063600000000001
0.8033170000000001
0.8029229999999999
0.8018350000000001
0.799886
0.802135
0.8084279999999999
0.813557
0.817367
0.8199719999999999
0.8211950000000001
0.8208639999999999
0.818854
0.8150270000000001
0.8094359999999999
0.805786
0.8048
0.803136
0.800457
0.801901
0.8076180000000001
0.812288
0.8155100000000001
0.8174560000000001
0.818329
0.8182
0.8168529999999999
0.814117
0.810048
0.808126
0.8088489999999999
0.808787
0.807541
0.809958
0.816024
0.820807
0.824226
0.8264670000000001
0.827789
0.8282729999999999
0.827657
0.8256819999999999
0.8222280000000001
0.8208219999999999
0.822047
0.8222459999999999
0.820902
0.822994
0.828732
0.833068
0.8356100000000001
0.8366319999999999
0.836592
0.835586
0.8334159999999999
0.8300709999999999
0.829084
0.8309120000000001
0.8320649999999999
0.83204
0.8349030000000001
0.841332
0.846909
0.8505809999999999
0.852459
0.8528209999999999
0.851723
0.849018
0.844773
0.8392700000000001
0.8361049999999999
0.8360209999999999
0.8359110000000001
0.835297
0.837908
0.844736
0.851463
0.856405
0.859469
0.8607870000000001
0.8602639999999999
0.8577969999999999
0.8536530000000001
0.8480770000000001
0.844492
0.8436379999999999
0.842384
0.8402780000000001
0.8411370000000001
0.846366
0.851985
0.8563540000000001
0.859608
0.861943
0.863194
0.863016
0.861088
0.857079
0.8543129999999999
0.8536379999999999
0.8517629999999999
0.8480770000000001
0.84659
0.849241
0.852476
0.85477
0.85625
0.85709
0.857234
0.856439
0.8543950000000001
0.854125
0.8560549999999999
0.856878
0.8561040000000001
0.856449
0.860215
0.864599
0.8671399999999999
0.868138
0.868009
0.8668520000000001
0.864699
0.8616209999999999
0.857661
0.856094
0.857497
0.85867
0.859015
0.861051
0.8666870000000001
0.87284
0.877067
0.8794200000000001
0.880093
0.879267
0.877085
0.873655
0.869102
0.8669450000000001
0.867915
0.868692
0.868655
0.8705799999999999
0.876556
0.8834420000000001
0.8886209999999999
0.892015
0.8939030000000001
0.894501
0.893625
0.8909370000000001
0.886366
0.883408
0.8829299999999999
0.881849
0.8796860000000001
0.879067
0.882553
0.8875719999999999
0.891436
0.894042
0.8954719999999999
0.8956629999999999
0.894331
0.8912469999999999
0.886415
0.8832129999999999
0.882274
0.880448
0.877345
0.8758040000000001
0.8783700000000001
0.882393
0.88536
0.887284
0.888266
0.888241
0.8869950000000001
0.884318
0.883185
0.8839889999999999
0.8837309999999999
0.882244
0.880569
0.882352
0.8866860000000001
0.8897079999999999
0.89143
0.8921100000000001
0.891826
0.8905540000000001
0.888191
0.8846370000000001
0.8829440000000001
0.8836950000000001
0.883912
0.883042
0.8822770000000001
0.885295
0.890732
0.894416
0.896176
0.896584
0.8961459999999999
0.894906
0.8926879999999999
0.892457
0.894791
0.8967200000000001
0.897709
0.897855
0.901379
0.907961
0.9128360000000001
0.9158620000000001
0.917494
0.9179940000000001
0.9173870000000001
0.9156049999999999
0.9125120000000001
0.910985
0.9116200000000001
0.9117850000000001
0.9113120000000001
0.9101959999999999
0.9128629999999999
0.919118
0.923848
0.926823
0.928265
0.928263
0.926816
0.923927
0.9195909999999999
0.9168790000000001
0.9164559999999999
0.9155260000000001
0.913867
0.911992
0.91412
0.91971
0.9240389999999999
0.927053
0.9291659999999999
0.9304399999999999
0.930522
0.928898
0.9254
0.923266
0.9232
0.922273
0.920049
0.9167280000000001
0.917234
0.9218629999999999
0.9256979999999999
0.92845
0.930419
0.9316979999999999
0.932017
0.930924
0.930945
0.93258
0.933219
0.932635
0.930983
0.9308700000000001
0.9339209999999999
0.937406
0.9395979999999999
0.940751
0.94116
0.9409719999999999
0.940227
0.938724
0.9390270000000001
0.9415709999999999
0.94366
0.9448790000000001
0.945032
0.946742
0.9513659999999999
0.9558639999999999
0.9587370000000001
0.960275
0.9607379999999999
0.960098
0.9583309999999999
0.9556049999999999
0.954892
0.956744
0.958362
0.959275
0.9594290000000001
0.961565
0.9669719999999999
0.9722629999999999
0.975618
0.977352
0.977816
0.976892
0.974218
0.969717
0.963626
0.959376
0.95781
0.955917
0.953139
0.949656
0.950401
0.955277
0.959074
0.961584
0.962938
0.962923
0.9611719999999999
0.9575530000000001
0.9550569999999999
0.9543200000000001
0.952627
0.9495790000000001
0.945283
0.9430649999999999
0.944926
0.94801
0.9505790000000001
0.95245
0.953451
0.953492
0.9523739999999999
0.9496870000000001
0.947981
0.947944
0.947256
0.9456100000000001
0.942844
0.94181
0.944234
0.9471209999999999
0.9488030000000001
0.94942
0.949049
0.9478260000000001
0.9459
0.943378
0.9431860000000001
0.945615
0.9474809999999999
0.9481629999999999
0.947635
0.9496530000000001
0.95494
0.959383
0.9621200000000001
0.9634440000000001
0.963518
0.96249
0.960303
0.9568479999999999
0.955155
0.955794
0.9558190000000001
0.954791
0.952807
0.953674
0.958261
0.962374
0.964801
0.965707
0.965198
0.963184
0.959376
0.9565100000000001
0.955463
0.953788
0.951145
0.9477059999999999
0.945773
0.947523
0.9506120000000001
0.952527
0.9531
0.952518
0.9510940000000001
0.948882
0.945536
0.943428
0.9430430000000001
0.942026
0.940348
0.9381379999999999
0.937586
0.940533
0.944413
0.947008
0.948343
0.948576
0.9477059999999999
0.9455790000000001
0.942234
0.9406530000000001
0.941391
0.9417639999999999
0.9415
0.9406450000000001
0.941873
0.946617
0.9516450000000001
0.9551379999999999
0.957442
0.9588040000000001
0.959052
0.957833
0.954973
0.953343
0.953478
0.952724
0.950893
0.948052
0.947556
0.9508139999999999
0.9542219999999999
0.956357
0.957694
0.9584959999999999
0.958517
0.9572700000000001
0.95711
0.9584590000000001
0.9588049999999999
0.957885
0.9556709999999999
0.9537459999999999
0.9547760000000001
0.957202
0.9583010000000001
0.958101
0.9569190000000001
0.954849
0.951931
0.948248
0.946327
0.94663
0.9468639999999999
0.946787
0.946207
0.946248
0.9491780000000001
0.9530190000000001
0.954834
0.9549200000000001
0.953749
0.951413
0.94788
0.9432889999999999
0.9403819999999999
0.9398120000000001
0.9393239999999999
0.9385969999999999
0.937523
0.937976
0.942083
0.9474459999999999
0.9514879999999999
0.95435
0.9560559999999999
0.956285
0.9546540000000001
0.951039
0.9482790000000001
0.9471450000000001
0.945274
0.942301
0.938312
0.9360940000000001
0.937894
0.941103
0.943592
0.9454790000000001
0.946767
0.947264
0.9465049999999999
0.946606
0.9480350000000001
0.948574
0.9479290000000001
0.9459110000000001
0.943449
0.943674
0.945699
0.946625
0.946709
0.946132
0.9449049999999999
0.943117
0.9406680000000001
0.939868
0.941161
0.942102
0.942241
0.9415629999999999
0.9412780000000001
0.944055
0.948297
0.950932
0.952082
0.951924
0.950591
0.948142
0.94466
0.943008
0.9439049999999999
0.94479
0.9451069999999999
0.9447909999999999
0.9451700000000001
0.948738
0.953801
0.957549
0.9601219999999999
0.961678
0.9621850000000001
0.9612569999999999
0.958591
0.9570049999999999
0.9572290000000001
0.9567120000000001
0.955034
0.952232
0.94985
0.951039
0.954405
0.9567540000000001
0.9579690000000001
0.958252
0.9577120000000001
0.956023
0.952793
0.9506950000000001
0.9503149999999999
0.949151
0.9469879999999999
0.943795
0.941356
0.942367
0.944996
0.9465110000000001
0.946882
0.9462079999999999
0.944477
0.9416059999999999
0.9399930000000001
0.940197
0.939895
0.938758
0.9369219999999999
0.934333
0.934846
0.9385379999999999
0.9412440000000001
0.942808
0.943442
0.943098
0.941577
0.938801
0.9370879999999999
0.936853
0.93585
0.9338850000000001
0.931261
0.92855
0.929398
0.9331870000000001
0.935826
0.937301
0.938047
0.9381870000000001
0.937506
0.9381309999999999
0.9404379999999999
0.9421350000000001
0.9428290000000001
0.9424239999999999
0.940715
0.941233
0.944807
0.947782
0.9494020000000001
0.949944
0.949734
0.9489629999999999
0.947576
0.9475819999999999
0.9491809999999999
0.950155
0.9503159999999999
0.949732
0.9481870000000001
0.949049
0.9526879999999999
0.955218
0.9561799999999999
0.9560059999999999
0.954843
0.952666
0.949422
0.947408
0.9471
0.946433
0.945343
0.9440040000000001
0.942523
0.9445899999999999
0.9497040000000001
0.9535459999999999
0.956124
0.9576540000000001
0.9580139999999999
0.956981
0.9543950000000001
0.952549
0.952025
0.9508040000000001
0.94868
0.945792
0.942321
0.942371
0.94604
0.9491120000000001
0.9514729999999999
0.953313
0.9545110000000001
0.9546190000000001
0.953046
0.9518969999999999
0.95185
0.950984
0.949046
0.9459799999999999
0.941866
0.940831
0.9429209999999999
0.944148
0.944691
0.944802
0.944551
0.94376
0.9442149999999999
0.946139
0.9474670000000001
0.9478840000000001
0.9473209999999999
0.945615
0.9451129999999999
0.9472940000000001
0.9496610000000001
0.950807
0.950915
0.950032
0.948234
0.9455680000000001
0.944051
0.944213
0.9442719999999999
0.943983
0.943351
0.942183
0.942809
0.946205
0.9495309999999999
0.951644
0.952724
0.952742
0.9515389999999999
0.9488969999999999
0.9470219999999999
0.946681
0.946041
0.944786
0.9429219999999999
0.9404379999999999
0.9406909999999999
0.944274
0.947591
0.949923
0.9513469999999999
0.951866
0.95129
0.949224
0.947767
0.947574
0.9466370000000001
0.944607
0.941543
0.9375100000000001
0.936208
0.938327
0.940203
0.941207
0.9413940000000001
0.940742
0.9390040000000001
0.938059
0.938491
0.938492
0.937733
0.936218
0.9338690000000001
0.932435
0.933883
0.936423
0.9380780000000001
0.9387909999999999
0.938579
0.937442
0.935284
0.9340379999999999
0.9341649999999999
0.9338
0.932795
0.9314370000000001
0.9296979999999999
0.929618
0.932789
0.9368
0.9397909999999999
0.9418479999999999
0.9431309999999999
0.943498
0.9427260000000001
0.9429559999999999
0.944716
0.945932
0.9461860000000001
0.9454530000000001
0.9436479999999999
0.9434309999999999
0.9463280000000001
0.9496540000000001
0.9520360000000001
0.953707
0.954716
0.954772
0.953627
0.953448
0.954681
0.9552229999999999
0.954764
0.9532379999999999
0.950501
0.949393
0.951205
0.952946
0.953348
0.952725
0.951227
0.948734
0.9471069999999999
0.946722
0.945768
0.9441860000000001
0.9422209999999999
0.93979
0.937687
0.938692
0.9416979999999999
0.943592
0.9442889999999999
0.943801
0.942026
0.938998
0.936708
0.9356030000000001
0.9340299999999999
0.931955
0.9295459999999999
0.9267270000000001
0.9243809999999999
0.925318
0.9285040000000001
0.931009
0.932875
0.9341
0.9344959999999999
0.935592
0.937535
0.9385709999999999
0.938541
0.937641
0.935893
0.93325
0.9329290000000001
0.9354620000000001
0.9374979999999999
0.9386
0.93916
0.939308
0.9389299999999999
