1.0123959999999999
1.011596
1.012014
1.011608
1.010226
1.008029
1.005025
1.002731
1.003614
1.005996
1.007264
1.007552
1.00705
1.0057200000000002
1.0034290000000001
1.0022280000000001
1.002493
1.002139
1.000848
0.9987219999999999
0.9958549999999999
0.9937950000000001
0.994916
0.997501
0.9989389999999999
0.999307
0.998793
0.997459
0.995252
0.9942270000000001
0.994756
0.99477
0.993967
0.9923549999999999
0.989848
0.988326
0.989923
0.9926809999999999
0.9944430000000001
0.9952719999999999
0.9952559999999999
0.9943200000000001
0.994333
0.99564
0.996397
0.996425
0.995814
0.9945729999999999
0.992956
0.9944219999999999
0.998502
1.001283
1.002636
1.002801
1.001971
1.000208
0.999475
1.000133
1.00027
0.9996430000000001
0.9983780000000001
0.996534
0.994733
0.9961049999999999
0.9998
1.002306
1.003594
1.003824
1.003018
1.0011709999999998
1.000405
1.001136
1.0013100000000001
1.000608
0.9991040000000001
0.996814
0.994819
0.9960479999999999
0.9993709999999999
1.001711
1.003058
1.0035530000000001
1.0031430000000001
1.001633
1.0008780000000002
1.0011889999999999
1.000666
0.9992110000000001
0.9970100000000001
0.994078
0.9913489999999999
0.9917729999999999
0.994294
0.995813
0.9964629999999999
0.996468
0.995783
0.994238
0.9938170000000001
0.994841
0.995188
0.994504
0.9928110000000001
0.990142
0.98814
0.9893200000000001
0.99206
0.993801
0.994608
0.9945870000000001
0.993717
0.9919520000000001
0.991417
0.992502
0.993134
0.993028
0.9921989999999999
0.990526
0.9896520000000001
0.99179
0.995128
0.997315
0.9983559999999999
0.998326
0.9972110000000001
0.9949620000000001
0.9937739999999999
0.99421
0.9942979999999999
0.993717
0.992441
0.99039
0.9894040000000001
0.9915299999999999
0.994664
0.9965219999999999
0.997237
0.9970399999999999
0.99595
0.9938239999999999
0.99275
0.9931200000000001
0.992809
0.991557
0.989541
0.986865
0.9857610000000001
0.9880979999999999
0.9915209999999999
0.9939690000000001
0.995417
0.9958469999999999
0.995129
0.9951620000000001
0.9963700000000001
0.9969030000000001
0.996501
0.99525
0.9931840000000001
0.9902799999999999
0.990405
0.9936360000000001
0.995928
0.99716
0.997506
0.9970190000000001
0.9956360000000001
0.9951690000000001
0.995869
0.99579
0.9947020000000001
0.992799
0.990151
0.9869629999999999
0.9868040000000001
0.989345
0.9907520000000001
0.9910559999999999
0.9905870000000001
0.989475
0.9876590000000001
0.987057
0.98798
0.988398
0.9879540000000001
0.986657
0.984534
0.9826370000000001
0.9838870000000001
0.987118
0.989173
0.99008
0.990038
0.9890979999999999
0.9872350000000001
0.9864299999999999
0.9870260000000001
0.9870559999999999
0.9862690000000001
0.984742
0.9824299999999999
0.980457
0.981468
0.9841690000000001
0.9857959999999999
0.986459
0.9862879999999999
0.9852290000000001
0.983123
0.981981
0.9822299999999999
0.981951
0.980988
0.9794440000000001
0.977302
0.976555
0.979082
0.98261
0.984977
0.9862139999999999
0.986454
0.985741
0.984001
0.983298
0.984038
0.9841850000000001
0.9834930000000001
0.9820709999999999
0.979975
0.979252
0.98182
0.9854510000000001
0.9880129999999999
0.9895309999999999
0.990023
0.9893649999999999
0.9893959999999999
0.990534
0.990993
0.9904959999999999
0.9891
0.9868549999999999
0.9837440000000001
0.983361
0.986109
0.988298
0.989541
0.989977
0.989632
0.988418
0.9880620000000001
0.988798
0.9887670000000001
0.9877819999999999
0.9860639999999999
0.9837030000000001
0.980632
0.980658
0.9837670000000001
0.9858969999999999
0.9870530000000001
0.987569
0.9875659999999999
0.986957
0.9875459999999999
0.9896
0.991135
0.991764
0.991434
0.990066
0.988042
0.9889209999999999
0.992346
0.994685
0.995933
0.9962709999999999
0.9956799999999999
0.994067
0.993384
0.9940459999999999
0.9941709999999999
0.993505
0.992116
0.9899540000000001
0.987574
0.9881209999999999
0.9908680000000001
0.992474
0.992951
0.992391
0.9907379999999999
0.987915
0.985973
0.9854299999999999
0.98449
0.9829959999999999
0.9810040000000001
0.978452
0.9766610000000001
0.9781270000000001
0.9812870000000001
0.983344
0.9842719999999999
0.984225
0.983275
0.981374
0.9804799999999999
0.980979
0.9809399999999999
0.9801049999999999
0.97857
0.976426
0.9750139999999999
0.976987
0.980951
0.984051
0.9862139999999999
0.987442
0.9875889999999999
0.988344
0.990058
0.991088
0.9912770000000001
0.9907030000000001
0.9893930000000001
0.98729
0.9872690000000001
0.9902209999999999
0.993128
0.995079
0.9961969999999999
0.996534
0.996035
0.9964430000000001
0.998
0.998812
0.99856
0.997347
0.995291
0.9923649999999999
0.9919819999999999
0.994606
0.9966290000000001
0.997576
0.997656
0.997008
0.9956290000000001
0.9953129999999999
0.996345
0.9968540000000001
0.996525
0.9953540000000001
0.993296
0.990289
0.990078
0.992923
0.994901
0.9957159999999999
0.995547
0.9944379999999999
0.992348
0.991135
0.9912209999999999
0.9908469999999999
0.9897440000000001
0.9879600000000001
0.985476
0.982142
0.981678
0.984165
0.985643
0.9860909999999999
0.9857610000000001
0.984656
0.982664
0.98164
0.981923
0.9816739999999999
0.980748
0.979305
0.97735
0.975608
0.9771290000000001
0.9810110000000001
0.983886
0.9856520000000001
0.9863940000000001
0.986132
0.984873
0.9846090000000001
0.985714
0.986291
0.986107
0.985218
0.9836030000000001
0.982173
0.983926
0.987858
0.99077
0.9926309999999999
0.9935350000000001
0.993392
0.992051
0.991498
0.992243
0.9924290000000001
0.9917520000000001
0.990232
0.9878610000000001
0.985558
0.986351
0.9893370000000001
0.9914379999999999
0.9926530000000001
0.99306
0.992577
0.9928959999999999
0.9942629999999999
0.9948469999999999
0.9943629999999999
0.9929479999999999
0.990785
0.987936
0.986922
0.9889700000000001
0.991391
0.992812
0.993332
0.9931139999999999
0.992202
0.992268
0.993584
0.994442
0.994567
0.993959
0.992532
0.9901120000000001
0.9891780000000001
0.991143
0.99346
0.9947819999999999
0.9952340000000001
0.9949180000000001
0.9937860000000001
0.9936149999999999
0.9948040000000001
0.995632
0.995798
0.9952989999999999
0.994086
0.992
0.9921639999999999
0.9951549999999999
0.997613
0.998978
0.9994270000000001
0.998927
0.9973360000000001
0.9964370000000001
0.996611
0.9961700000000001
0.995001
0.993274
0.990993
0.9880190000000001
0.987957
0.9910260000000001
0.993297
0.994382
0.994366
0.993291
0.991179
0.989959
0.990015
0.98954
0.9883
0.986355
0.98372
0.980728
0.981038
0.984391
0.9870209999999999
0.9888389999999999
0.989925
0.990166
0.989353
0.989275
0.9903209999999999
0.990765
0.9904430000000001
0.9894270000000001
0.987706
0.985491
0.9863370000000001
0.989976
0.9926879999999999
0.994481
0.99551
0.9957440000000001
0.9950690000000001
0.9953290000000001
0.996841
0.997691
0.997626
0.996767
0.995115
0.9928370000000001
0.993466
0.9967309999999999
0.9989120000000001
1.000034
1.0003469999999999
0.9999049999999999
0.9985850000000001
0.9982219999999999
0.9991479999999999
0.999453
0.9988370000000001
0.9973059999999999
0.9948319999999999
0.991876
0.992042
0.99497
0.9969969999999999
0.998042
0.9982
0.9973920000000001
0.9972770000000001
0.9982340000000001
0.9986799999999999
0.9984270000000001
0.997549
0.996065
0.9938790000000001
0.992785
0.99449
0.9969040000000001
0.9981200000000001
0.998318
0.9976950000000001
0.9962610000000001
0.995685
0.996289
0.9964139999999999
0.995841
0.9947020000000001
0.9930379999999999
0.990711
0.989958
0.9922059999999999
0.994958
0.996619
0.997243
0.9969629999999999
0.995856
0.995718
0.996822
0.997365
0.997101
0.996125
0.994497
0.9922120000000001
0.992408
0.995769
0.998921
1.001032
1.002186
1.002349
1.001357
1.00091
1.0013940000000001
1.001203
1.000208
0.9985200000000001
0.9961700000000001
0.9930700000000001
0.992475
0.994975
0.997168
0.998511
0.9991639999999999
0.9991049999999999
0.9981780000000001
0.9981180000000001
0.999183
0.9994639999999999
0.998682
0.996976
0.994503
0.9912790000000001
0.991116
0.994159
0.996426
0.997755
0.9982989999999999
0.998099
0.9971030000000001
0.997129
0.9985
0.999383
0.9995059999999999
0.99887
0.997393
0.9949629999999999
0.9953290000000001
0.9987440000000001
1.001271
1.002631
1.0030059999999998
1.002458
1.0009700000000001
1.000461
1.001382
1.0019360000000002
1.001796
1.000947
0.9993209999999999
0.9967600000000001
0.9969049999999999
0.9999540000000001
1.00207
1.003147
1.003408
1.002831
1.001287
1.0005979999999999
1.001097
1.000959
1.000024
0.998476
0.996376
0.993784
0.994441
0.9981979999999999
1.00098
1.0026030000000001
1.0031379999999999
1.002599
1.001001
1.0002950000000002
1.000867
1.000884
1.000097
0.9985450000000001
0.9962190000000001
0.9933719999999999
0.993699
0.996949
0.999251
1.000538
1.0009379999999999
1.00039
1.000526
1.0016639999999999
1.00219
1.001887
1.000765
0.998822
0.996042
0.994451
0.9958440000000001
0.998168
0.99959
1.000137
0.99985
0.99869
0.998332
0.9990600000000001
0.9991610000000001
0.998398
0.9969319999999999
0.9949120000000001
0.992297
0.9914350000000001
0.9936280000000001
0.996246
0.9977969999999999
0.998401
0.998257
0.997458
0.997801
0.999591
1.0010139999999998
1.0017129999999999
1.001624
1.00064
0.998606
0.998434
1.001203
1.003978
1.005798
1.006786
1.0069620000000001
1.006181
1.006145
1.007211
1.007676
1.007323
1.006237
1.0044540000000002
1.0018799999999999
1.001515
1.004092
1.006375
1.007579
1.007833
1.007095
1.005244
1.004141
1.004218
1.003765
1.002661
1.001056
0.998926
0.996092
0.9960889999999999
0.9991680000000001
1.001484
1.0026680000000001
1.002838
1.002056
1.000353
0.999597
1.000125
1.000132
0.999367
0.997873
0.995662
0.992727
0.9926659999999999
0.9959399999999999
0.998859
1.000924
1.002174
1.002492
1.001673
1.001458
1.0022719999999998
1.0024870000000001
1.001949
1.000715
0.998767
0.9959979999999999
0.9960450000000001
0.999187
1.001636
1.003175
1.0039770000000001
1.00403
1.00322
1.003377
1.004783
1.00548
1.005184
1.004017
1.002003
0.9992190000000001
0.999394
1.002437
1.004483
1.005534
1.005824
1.005388
1.004092
1.003738
1.004648
1.004936
1.004322
1.0028270000000001
1.0004170000000001
0.9973190000000001
0.997308
1.0002030000000002
1.002094
1.002882
1.002704
1.0015399999999999
0.999339
0.9981200000000001
0.9984059999999999
0.998398
0.997818
0.996663
0.99482
0.9924719999999999
0.993034
0.99608
0.9979319999999999
0.998683
0.9985850000000001
0.9976510000000001
0.9975809999999999
0.9986719999999999
0.999172
0.998826
0.997765
0.9960959999999999
0.9938040000000001
0.9930209999999999
0.995316
0.99834
1.000283
1.001123
1.0009549999999998
0.999848
0.99954
1.000302
1.000426
0.9997370000000001
0.998394
0.9964879999999999
0.9939979999999999
0.993518
0.996175
0.999109
1.000987
1.0019069999999999
1.001934
1.000989
1.000832
1.001836
1.002321
1.002084
1.001169
0.9995569999999999
0.997132
0.997022
0.9999040000000001
1.002518
1.0042719999999998
1.0053379999999998
1.005699
1.005183
1.005442
1.006687
1.007074
1.00644
1.005044
1.003013
1.000241
0.999967
1.002793
1.005252
1.0067190000000001
1.007378
1.007268
1.006246
1.0060870000000002
1.007139
1.0075889999999998
1.007183
1.005933
1.003774
1.000622
1.000318
1.003141
1.005188
1.006294
1.006646
1.006234
1.0049709999999998
1.004764
1.006022
1.006891
1.007064
1.006542
1.005236
1.0029489999999999
1.003248
1.006409
1.008678
1.009889
1.010267
1.009801
1.008386
1.007847
1.008558
1.008753
1.008251
1.007166
1.0054809999999998
1.003052
1.003463
1.006959
1.009623
1.0110629999999998
1.01145
1.010891
1.009351
1.008666
1.009193
1.009113
1.008197
1.006548
1.004249
1.001352
1.001723
1.005314
1.0080200000000001
1.009729
1.01053
1.010326
1.008948
1.0083030000000002
1.008879
1.008889
1.0080850000000001
1.006535
1.0042440000000001
1.001327
1.001536
1.004785
1.007206
1.0087270000000002
1.009457
1.0093450000000002
1.008242
1.007998
1.008925
1.00909
1.008281
1.006681
1.0043469999999999
1.001598
1.001948
1.004982
1.006934
1.00776
1.007686
1.006788
1.005001
1.0042790000000001
1.005004
1.005214
1.004576
1.0030629999999998
1.0005950000000001
0.9978450000000001
0.998151
1.000841
1.0024790000000001
1.0030350000000001
1.002652
1.001303
1.000745
1.001359
1.001468
1.00085
0.999577
0.997683
0.9951040000000001
0.9942280000000001
0.9962790000000001
0.998633
0.999957
1.000366
0.999878
0.998417
0.9977159999999999
0.998122
0.997974
0.9971469999999999
0.995827
0.994042
0.9916290000000001
0.991401
0.9942219999999999
0.996949
0.998539
0.999101
0.998768
0.9976299999999999
0.997582
0.9989459999999999
0.999858
1.0000129999999998
0.9994120000000001
0.998043
0.995876
0.996662
1.000612
1.003803
1.005982
1.0072780000000001
1.007617
1.006799
1.006577
1.0073290000000001
1.007355
1.006513
1.004915
1.002589
0.999446
0.99929
1.002212
1.0041930000000001
1.00515
1.00525
1.004471
1.002691
0.999755
0.9955459999999999
0.9900389999999999
0.9833129999999999
0.978591
0.976504
0.973928
0.9702430000000001
0.965672
0.965198
0.968859
0.971707
0.9735879999999999
0.974534
0.9743620000000001
0.9729049999999999
0.970086
0.968669
0.9689549999999999
0.9679760000000001
0.965417
0.961693
0.9592510000000001
0.960744
0.964095
0.966521
0.9676889999999999
0.96745
0.96573
0.9625049999999999
0.9577559999999999
0.951528
0.946779
0.944212
0.941204
0.93737
0.932744
0.9313030000000001
0.933708
0.935574
0.935916
0.9350120000000001
0.93319
0.9306549999999999
0.9275129999999999
0.926658
0.928502
0.930025
0.9306200000000001
0.930228
0.9317540000000001
0.936577
0.9414950000000001
0.944882
0.946941
0.947902
0.9477969999999999
0.946516
0.943865
0.939688
0.936818
0.9360430000000001
0.934893
0.9329799999999999
0.9302309999999999
0.9305200000000001
0.934214
0.936745
0.937193
0.9357620000000001
0.9327049999999999
0.928234
0.922478
0.9154950000000001
0.9104639999999999
0.907962
0.904927
0.900943
0.897069
0.897127
0.9001
0.901932
0.902538
0.9020799999999999
0.9005049999999999
0.8975629999999999
0.892948
0.889357
0.887407
0.884567
0.880685
0.876015
0.8746649999999999
0.877218
0.879426
0.880447
0.880236
0.87877
0.8760469999999999
0.8720610000000001
0.866799
0.8631059999999999
0.861642
0.8598889999999999
0.8575520000000001
0.854943
0.855865
0.8595459999999999
0.861391
0.861376
0.860067
0.857944
0.855245
0.8520110000000001
0.848191
0.8467120000000001
0.847944
0.8487110000000001
0.848353
0.848297
0.851591
0.856668
0.860275
0.862442
0.86345
0.863411
0.862238
0.85977
0.855909
0.853708
0.8538389999999999
0.853477
0.8522049999999999
0.8516440000000001
0.854691
0.8594370000000001
0.862467
0.8637299999999999
0.86354
0.8620620000000001
0.8592420000000001
0.8549540000000001
0.849153
0.8450629999999999
0.843411
0.8412200000000001
0.837983
0.835808
0.8372440000000001
0.8400770000000001
0.8415799999999999
0.8417950000000001
0.8409
0.838901
0.8357020000000001
0.83121
0.8282010000000001
0.8271
0.8251229999999999
0.8219799999999999
0.8186220000000001
0.8188529999999999
0.8219850000000001
0.824105
0.8250280000000001
0.8248770000000001
0.8236879999999999
0.8214110000000001
0.817945
0.81321
0.809982
0.8089689999999999
0.807661
0.805556
0.8035439999999999
0.804867
0.808346
0.810366
0.810945
0.810437
0.809131
0.807172
0.804541
0.8011020000000001
0.799606
0.800366
0.8003020000000001
0.798864
0.798388
0.801301
0.805283
0.807887
0.809294
0.809869
0.809789
0.8089569999999999
0.807092
0.806756
0.808304
0.8089350000000001
0.8082590000000001
0.807381
0.809665
0.814034
0.816938
0.818348
0.818465
0.817361
0.815034
0.811458
0.8066409999999999
0.803502
0.8026810000000001
0.8015180000000001
0.799609
0.7983779999999999
0.8006300000000001
0.804608
0.806958
0.807578
0.806718
0.804631
0.801497
0.797343
0.7921020000000001
0.788556
0.787225
0.785432
0.782872
0.7813640000000001
0.78362
0.78782
0.7910229999999999
0.793168
0.79438
0.79461
0.793613
0.791077
0.786836
0.78367
0.782221
0.7799510000000001
0.776546
0.773878
0.774864
0.77788
0.7800729999999999
0.781436
0.782155
0.782245
0.781512
0.7796350000000001
0.778994
0.779881
0.779651
0.778003
0.776087
0.7771520000000001
0.780211
0.782028
0.782792
0.7829189999999999
0.782593
0.781759
0.7802180000000001
0.777724
0.776788
0.7778109999999999
0.778139
0.777335
0.776896
0.779708
0.7842180000000001
0.787303
0.788876
0.789151
0.788304
0.7864359999999999
0.78359
0.779792
0.777807
0.778192
0.778291
0.777583
0.777622
0.780985
0.785759
0.78891
0.7904720000000001
0.790813
0.790117
0.7883020000000001
0.785172
0.7805979999999999
0.777303
0.7759229999999999
0.7739510000000001
0.7710520000000001
0.769124
0.770943
0.7747109999999999
0.777542
0.779327
0.78009
0.7797069999999999
0.77799
0.774796
0.772573
0.771775
0.77005
0.767231
0.764085
0.764476
0.768021
0.7708510000000001
0.7727890000000001
0.773935
0.774273
0.773683
0.7719630000000001
0.768911
0.766984
0.7668
0.7660859999999999
0.764478
0.762691
0.7642439999999999
0.768466
0.771684
0.7738010000000001
0.774996
0.77535
0.774821
0.773267
0.770537
0.769158
0.769582
0.769265
0.76788
0.766962
0.7695649999999999
0.774234
0.77775
0.780076
0.781459
0.782008
0.781624
0.7800779999999999
0.7796350000000001
0.7806850000000001
0.780866
0.779866
0.777759
0.778609
0.782582
0.785496
0.7872020000000001
0.787929
0.787745
0.78661
0.784412
0.781033
0.778877
0.778486
0.777624
0.776004
0.7738619999999999
0.775095
0.779392
0.782416
0.783939
0.784154
0.783245
0.781339
0.778428
0.774433
0.7718010000000001
0.771088
0.770066
0.768502
0.766867
0.768844
0.7739229999999999
0.7780189999999999
0.7809149999999999
0.78273
0.783449
0.782921
0.780989
0.777616
0.775265
0.7744770000000001
0.77304
0.7707350000000001
0.768116
0.769187
0.7736460000000001
0.7773399999999999
0.780048
0.7819010000000001
0.782885
0.782813
0.781408
0.780787
0.7813359999999999
0.7809149999999999
0.779399
0.776976
0.7770020000000001
0.78027
0.783351
0.7854140000000001
0.786675
0.787295
0.787284
0.786529
0.784842
0.7843979999999999
0.7856029999999999
0.786242
0.785981
0.784782
0.786035
0.790375
0.794097
0.7963399999999999
0.797269
0.79707
0.795862
0.793733
0.7907270000000001
0.789231
0.789764
0.790107
0.78987
0.78894
0.790557
0.795183
0.799108
0.801614
0.802926
0.803117
0.802095
0.799737
0.7960229999999999
0.793428
0.792571
0.791298
0.789329
0.786752
0.787112
0.791
0.794633
0.797158
0.798625
0.79908
0.798488
0.7966979999999999
0.793543
0.791405
0.79087
0.789792
0.787981
0.785546
0.786321
0.7906310000000001
0.794413
0.797153
0.798955
0.7998350000000001
0.799678
0.798313
0.795657
0.794218
0.794569
0.7943939999999999
0.7933020000000001
0.79127
0.7921779999999999
0.796401
0.799888
0.8022020000000001
0.8035140000000001
0.8039069999999999
0.803322
0.801617
0.798662
0.796884
0.796855
0.796366
0.7951010000000001
0.79299
0.794039
0.798343
0.801608
0.803687
0.804825
0.80508
0.8043819999999999
0.8026220000000001
0.799715
0.7981060000000001
0.798265
0.7977770000000001
0.7962319999999999
0.793671
0.7943140000000001
0.798346
0.801412
0.80328
0.8041659999999999
0.804193
0.8033899999999999
0.801686
0.79898
0.79771
0.798351
0.798481
0.7976479999999999
0.7957850000000001
0.796851
0.800992
0.803978
0.805606
0.8061470000000001
0.805706
0.8042630000000001
0.801755
0.798182
0.7961590000000001
0.796277
0.796137
0.795309
0.7937810000000001
0.7955899999999999
0.8005979999999999
0.804286
0.806389
0.8071189999999999
0.8066770000000001
0.805113
0.802323
0.79823
0.795431
0.794596
0.7934939999999999
0.791828
0.789834
0.7914
0.7962279999999999
0.800035
0.802574
0.80393
0.804079
0.802909
0.80033
0.798704
0.798549
0.797679
0.7958390000000001
0.793155
0.7924720000000001
0.795185
0.798479
0.800917
0.80255
0.803455
0.803579
0.8027529999999999
0.8007569999999999
0.799768
0.800287
0.800253
0.799411
0.797718
0.7981
0.80156
0.804936
0.807159
0.808477
0.809063
0.808946
0.8080729999999999
0.8063520000000001
0.806108
0.807711
0.808713
0.808632
0.8074359999999999
0.8084819999999999
0.812585
0.816208
0.818455
0.81957
0.8197840000000001
0.819178
0.8176640000000001
0.8150930000000001
0.811389
0.809208
0.809071
0.808384
0.806669
0.8047770000000001
0.8061729999999999
0.809964
0.812523
0.813847
0.8141010000000001
0.813265
0.811217
0.807886
0.805833
0.805617
0.804848
0.8031729999999999
0.8006409999999999
0.800742
0.8041659999999999
0.807277
0.809244
0.8101689999999999
0.810182
0.809261
0.807211
0.803824
0.801404
0.800586
0.7993859999999999
0.797615
0.79528
0.795687
0.799581
0.803316
0.8058420000000001
0.807214
0.807489
0.806663
0.804775
0.801941
0.800713
0.801565
0.80208
0.8018149999999999
0.800726
0.802702
0.808042
0.8125979999999999
0.815964
0.818372
0.81991
0.8204739999999999
0.81985
0.817811
0.816688
0.816979
0.816453
0.814864
0.81229
0.8125829999999999
0.816296
0.819476
0.821566
0.822751
0.823055
0.8223370000000001
0.8203870000000001
0.817034
0.814769
0.8140970000000001
0.8125979999999999
0.809988
0.8064399999999999
0.806287
0.8095439999999999
0.811673
0.812546
0.8124979999999999
0.811758
0.810331
0.808041
0.804717
0.802829
0.80286
0.8023560000000001
0.800896
0.79842
0.799088
0.802987
0.805761
0.807293
0.807771
0.807267
0.805751
0.803172
0.799562
0.797524
0.7976449999999999
0.797578
0.796932
0.7957770000000001
0.798027
0.803383
0.807416
0.809975
0.811366
0.8117270000000001
0.8109770000000001
0.808966
0.805636
0.803714
0.8038930000000001
0.803754
0.80288
0.8018569999999999
0.804397
0.809886
0.814331
0.817538
0.819592
0.820448
0.819994
0.8181390000000001
0.814816
0.8126760000000001
0.812301
0.811239
0.809234
0.807096
0.808651
0.8132659999999999
0.816934
0.81947
0.82096
0.821358
0.820517
0.818257
0.81447
0.811843
0.811049
0.809657
0.8072729999999999
0.804385
0.804845
0.808226
0.810553
0.811768
0.812077
0.811554
0.810144
0.807704
0.804092
0.8018390000000001
0.8014100000000001
0.8003170000000001
0.79827
0.795983
0.797093
0.800898
0.803483
0.80482
0.8052199999999999
0.804801
0.8034819999999999
0.801132
0.8001159999999999
0.800902
0.8011560000000001
0.800508
0.798932
0.799708
0.803612
0.807177
0.809485
0.810601
0.8106180000000001
0.809596
0.807559
0.804517
0.8029350000000001
0.803347
0.80348
0.802994
0.801825
0.803714
0.808812
0.812847
0.815355
0.816657
0.816956
0.816235
0.814398
0.8114140000000001
0.807372
0.805236
0.805608
0.805696
0.8049609999999999
0.805138
0.80885
0.8141
0.8178979999999999
0.820212
0.821189
0.8208639999999999
0.819217
0.816194
0.811758
0.80877
0.80783
0.806299
0.803883
0.802217
0.804357
0.808786
0.8122550000000001
0.814562
0.8156939999999999
0.8155180000000001
0.8138
0.810333
0.807685
0.80653
0.804582
0.801602
0.79773
0.797137
0.800142
0.802609
0.804254
0.805145
0.8052739999999999
0.804596
0.803003
0.800349
0.79904
0.79951
0.799389
0.798411
0.796653
0.79814
0.802707
0.805916
0.807743
0.808614
0.808786
0.8083199999999999
0.807188
0.805351
0.8053060000000001
0.807417
0.809025
0.809538
0.808974
0.811359
0.8165789999999999
0.820326
0.8224889999999999
0.823365
0.823158
0.8219360000000001
0.819664
0.816263
0.814345
0.814447
0.8140350000000001
0.812686
0.810954
0.812596
0.816976
0.8199870000000001
0.8215
0.821788
0.8209639999999999
0.818922
0.815488
0.81058
0.807022
0.805539
0.803661
0.801058
0.798778
0.800198
0.804236
0.807195
0.808884
0.809405
0.808834
0.8072060000000001
0.804438
0.8003899999999999
0.797663
0.796848
0.795564
0.793561
0.791654
0.79333
0.797743
0.801076
0.803198
0.804266
0.8043020000000001
0.8032020000000001
0.800826
0.797148
0.79495
0.794846
0.794272
0.792797
0.791499
0.793726
0.798453
0.802186
0.804854
0.806647
0.807605
0.807585
0.8063560000000001
0.8037310000000001
0.802393
0.8028420000000001
0.8024560000000001
0.8009539999999999
0.799872
0.802307
0.806828
0.81019
0.812398
0.813713
0.8142
0.813714
0.812042
0.80903
0.807399
0.807646
0.807038
0.80513
0.803333
0.804922
0.808585
0.81092
0.811819
0.811519
0.810228
0.80802
0.804816
0.800505
0.797826
0.797327
0.7963319999999999
0.794369
0.7928569999999999
0.794683
0.798234
0.800325
0.801004
0.8005359999999999
0.799009
0.796401
0.792673
0.790395
0.790146
0.789571
0.788366
0.786688
0.788551
0.7937890000000001
0.797974
0.8007890000000001
0.802283
0.8024640000000001
0.801362
0.799017
0.795401
0.792995
0.792357
0.7912239999999999
0.789404
0.7875
0.789358
0.794417
0.798458
0.801266
0.8030109999999999
0.803756
0.803417
0.80183
0.798912
0.797405
0.797858
0.797617
0.796237
0.7948350000000001
0.796866
0.801357
0.804766
0.807018
0.808346
0.808859
0.8084600000000001
0.809183
0.811194
0.8121229999999999
0.811631
0.8099029999999999
0.808735
0.81053
0.813666
0.8156640000000001
0.816484
0.816286
0.816785
0.818392
0.8195879999999999
0.820045
0.819752
0.8187909999999999
0.8172659999999999
0.818048
0.8216049999999999
0.824743
0.8265680000000001
0.8270879999999999
0.826472
0.824931
0.824168
0.8247030000000001
0.825297
0.82585
0.8264530000000001
0.827048
0.8274299999999999
0.8307559999999999
0.836759
0.841557
0.8449
0.847002
0.848191
0.8487950000000001
0.8504860000000001
0.8534639999999999
0.8560139999999999
0.857725
0.8586159999999999
0.858765
0.8581709999999999
0.860239
0.8649459999999999
0.868676
0.871417
0.8733770000000001
0.874561
0.874776
0.875365
0.876519
0.876711
0.875754
0.873764
0.870859
0.86769
0.867366
0.869417
0.8707719999999999
0.8714959999999999
0.8718110000000001
0.8717309999999999
0.872654
0.8746940000000001
0.8761680000000001
0.876719
0.8764299999999999
0.875483
0.873917
0.873975
0.876624
0.8794379999999999
0.881424
0.8828739999999999
0.884022
0.884869
0.886675
0.889592
0.892208
0.894293
0.8958860000000001
0.8969239999999999
0.897191
0.8973129999999999
0.8999309999999999
0.904323
0.9078069999999999
0.910424
0.9123530000000001
0.9136290000000001
0.915632
0.918743
0.921734
0.9243620000000001
0.926544
0.928106
0.9287780000000001
0.928917
0.9314100000000001
0.935809
0.9392739999999999
0.9419770000000001
0.9441120000000001
0.945578
0.946147
0.94726
0.949161
0.95031
0.9505440000000001
0.949947
0.948522
0.946248
0.9459850000000001
0.9489200000000001
0.9522299999999999
0.9547049999999999
0.956285
0.9569139999999999
0.9564389999999999
0.956327
0.9568989999999999
0.956685
0.9555440000000001
0.9536389999999999
0.951111
0.9479799999999999
0.9463799999999999
0.9479479999999999
0.950491
0.952256
0.953125
0.952997
0.951752
0.9509270000000001
0.950996
0.950631
0.949607
0.947946
0.9456559999999999
0.9427
0.940983
0.9425969999999999
0.9457469999999999
0.948361
0.950332
0.9516030000000001
0.9533799999999999
0.9558409999999999
0.95768
0.9587389999999999
0.959169
0.9590569999999999
0.958364
0.957025
0.958224
0.962475
0.9664809999999999
0.969722
0.9722870000000001
0.974131
0.976498
0.979651
0.982282
0.9840899999999999
0.9850200000000001
0.9850479999999999
0.984195
0.982518
0.983425
0.987395
0.990977
0.9936649999999999
0.995501
0.996484
0.9966010000000001
0.997516
0.99956
1.001118
1.0019280000000002
1.002006
1.0012969999999999
0.999698
0.999613
1.002667
1.006421
1.009168
1.0108110000000001
1.011321
1.010637
1.01044
1.011233
1.011584
1.011292
1.010401
1.0089270000000001
1.006792
1.0054450000000001
1.0069700000000001
1.009631
1.011061
1.011301
1.010465
1.0085389999999999
1.0071370000000002
1.0066899999999999
1.005776
1.004261
1.002335
1.000111
0.997526
0.9958610000000001
0.9974270000000001
1.00071
1.0030649999999999
1.0043389999999999
1.004541
1.0036889999999998
1.003514
1.004476
1.0050780000000001
1.005099
1.004597
1.003565
1.001933
1.001221
1.00368
1.007711
1.010921
1.013241
1.014674
1.015111
1.016126
1.0181129999999998
1.019614
1.020424
1.02052
1.019849
1.018322
1.017431
1.01941
1.02271
1.025043
1.026407
1.026848
1.026333
1.024809
1.02427
1.0251290000000002
1.025447
1.024965
1.0237969999999998
1.021929
1.0196889999999998
1.020536
1.0239969999999998
1.026333
1.027476
1.027644
1.026937
1.025339
1.024879
1.0259690000000001
1.026605
1.02639
1.02529
1.0233370000000002
1.020623
1.021053
1.02455
1.026961
1.028166
1.02831
1.027435
1.025569
1.024708
1.025261
1.0253379999999999
1.024633
1.0231729999999999
1.020913
1.017699
1.016899
1.019046
1.020643
1.021242
1.021025
1.020082
1.018397
1.017908
1.018997
1.019795
1.020034
1.019696
1.018678
1.016807
1.017827
1.021782
1.0246
1.02623
1.0270219999999999
1.027104
1.026385
1.026742
1.028518
1.029779
1.030245
1.0300129999999998
1.029108
1.0273809999999999
1.028422
1.032456
1.035552
1.0373569999999999
1.037968
1.0373649999999999
1.035533
1.034598
1.035042
1.034921
1.033968
1.032248
1.029735
1.026542
1.026573
1.029772
1.032122
1.033535
1.034143
1.033881
1.032558
1.0320639999999999
1.032691
1.0324659999999999
1.031241
1.0291780000000001
1.026298
1.022799
1.0224389999999999
1.025013
1.026645
1.027383
1.027469
1.026899
1.025539
1.025285
1.026418
1.026869
1.026265
1.0246629999999999
1.022139
1.018826
1.018477
1.020951
1.022319
1.022615
1.022114
1.020944
1.019082
1.018491
1.019475
1.019993
1.0197129999999999
1.0186309999999998
1.016659
1.014353
1.015092
1.01833
1.020626
1.021946
1.02241
1.021968
1.020464
1.019933
1.020857
1.021317
1.021084
1.02023
1.018731
1.017541
1.019542
1.0235290000000001
1.0262790000000002
1.027817
1.028373
1.027965
1.026448
1.025862
1.026584
1.026529
1.025448
1.023511
1.020804
1.0185520000000001
1.0196
1.022656
1.024699
1.025687
1.025678
1.024644
1.0225440000000001
1.021477
1.021773
1.021323
1.019868
1.017528
1.014385
1.01194
1.012918
1.015783
1.017641
1.0184879999999998
1.018421
1.017357
1.01512
1.013738
1.013681
1.0130569999999999
1.011684
1.009629
1.0068700000000002
1.004864
1.0061209999999998
1.009047
1.011009
1.012111
1.0124600000000001
1.011963
1.012427
1.0140790000000002
1.014916
1.014638
1.013425
1.0115020000000001
1.008937
1.009253
1.012769
1.01568
1.017511
1.01845
1.018616
1.0179719999999999
1.016334
1.015779
1.01674
1.0171540000000001
1.016746
1.0154969999999999
1.013244
1.012453
1.014881
1.017925
1.019823
1.020724
1.020746
1.019817
1.017852
1.017267
1.018578
1.019469
1.019541
1.0187709999999999
1.0170489999999999
1.017033
1.020033
1.023066
1.024672
1.025067
1.024347
1.022376
1.019003
1.0164739999999999
1.015323
1.013558
1.011095
1.008133
1.004679
1.003157
1.0051649999999999
1.007924
1.009435
1.00962
1.0084440000000001
1.0058690000000001
1.0040719999999999
1.003575
1.002442
1.0004790000000001
0.9978229999999999
0.9945200000000001
0.991532
0.991974
0.994914
0.997091
0.9984370000000001
0.999075
0.9989709999999999
0.99797
0.997936
0.9992110000000001
0.999925
0.999857
0.999025
0.9973489999999999
0.995609
0.996884
1.0002799999999998
1.002605
1.003946
1.0044819999999999
1.0042309999999999
1.003144
1.003321
1.005128
1.006407
1.006757
1.006202
1.004766
1.00421
1.006677
1.010168
1.0122719999999998
1.0130780000000001
1.012804
1.011579
1.00939
1.008418
1.0090629999999998
1.009153
1.0083719999999998
1.0067409999999999
1.0042
1.002985
1.004913
1.0076100000000001
1.009167
1.009635
1.009067
1.007376
1.004414
1.002419
1.001963
1.001008
0.999317
0.996977
0.9939690000000001
0.992559
0.994325
0.9966510000000001
0.997727
0.9977809999999999
0.9969899999999999
0.9952840000000001
0.994576
0.9952129999999999
0.995267
0.99455
0.993241
0.991383
0.989
0.989648
0.9931049999999999
0.995441
0.996559
0.996633
0.9957229999999999
0.993868
0.9931059999999999
0.99387
0.9942790000000001
0.994085
0.9933549999999999
0.992022
0.990483
0.992144
0.9964719999999999
0.9998370000000001
1.002209
1.003762
1.0044680000000001
1.0041639999999998
1.004791
1.006664
1.007774
1.00795
1.007325
1.005878
1.004726
1.00662
1.010286
1.012848
1.01447
1.015363
1.015457
1.0145440000000001
1.014581
1.0158459999999998
1.0161799999999999
1.015225
1.013004
1.009556
1.0062010000000001
1.005852
1.007275
1.007567
1.006817
1.005199
1.002753
0.999475
0.997499
0.997209
0.9965209999999999
0.995115
0.992965
0.989933
0.9874940000000001
0.988036
0.9899709999999999
0.9908469999999999
0.990706
0.989663
0.9877299999999999
0.9848629999999999
0.983182
0.983208
0.983022
0.982331
0.981125
0.979324
0.9784379999999999
0.980751
0.9844649999999999
0.9869899999999999
0.9883940000000001
0.9888870000000001
0.9884809999999999
0.988993
0.9907219999999999
0.991783
0.991892
0.99116
0.9897389999999999
0.987684
0.9887530000000001
0.993094
0.996714
0.9993340000000001
1.001051
1.001816
1.001499
0.999991
0.9995149999999999
1.000534
1.000912
1.0003549999999999
0.998893
0.996434
0.995743
0.998341
1.001396
1.003454
1.0046620000000002
1.005097
1.004629
1.003032
1.002449
1.003219
1.00308
1.001793
0.9994790000000001
0.996144
0.9945139999999999
0.9960459999999999
0.9978819999999999
0.9985290000000001
0.9981770000000001
0.996916
0.99461
0.993074
0.9926209999999999
0.991366
0.9890709999999999
0.9858549999999999
0.981859
0.977359
0.9761569999999999
0.978052
0.978983
0.978815
0.97772
0.9757870000000001
0.9730629999999999
0.971519
0.9714969999999999
0.971082
0.970036
0.968435
0.9662280000000001
0.964374
0.965612
0.9688030000000001
0.971082
0.9725739999999999
0.973469
0.97378
0.9752649999999999
0.978125
0.9804709999999999
0.982065
0.983016
0.983334
0.982926
0.9848790000000001
0.989707
0.9939049999999999
0.996663
0.9981180000000001
0.998423
0.9976790000000001
0.9958549999999999
0.9949549999999999
0.9954040000000001
0.9952770000000001
0.994344
0.9926809999999999
0.9902690000000001
0.98929
0.9915639999999999
0.994682
0.9966370000000001
0.997506
0.9973280000000001
0.995936
0.9931
0.991058
0.9903629999999999
0.988908
0.986449
0.983125
0.979017
0.9770700000000001
0.9785729999999999
0.9805729999999999
0.9818129999999999
0.982352
0.9821049999999999
0.9808290000000001
0.980167
0.980308
0.979402
0.9773540000000001
0.9744879999999999
0.970979
0.9667690000000001
0.9653870000000001
0.967088
0.968083
0.9680840000000001
0.967356
0.9660219999999999
0.964033
0.963183
0.963841
0.9642360000000001
0.964076
0.9633
0.9617540000000001
0.959885
0.960991
0.964512
0.9670219999999999
0.968572
0.9694020000000001
0.969557
0.970814
0.9735440000000001
0.976015
0.977922
0.9792780000000001
0.9800559999999999
0.9801200000000001
0.982158
0.986951
0.9913850000000001
0.9944459999999999
0.9963540000000001
0.997238
0.99703
0.995589
0.994828
0.9951690000000001
0.9948290000000001
0.993714
0.991964
0.989505
0.9877389999999999
0.989122
0.992007
0.99371
0.994246
0.993769
0.992308
0.989749
0.9881540000000001
0.9878979999999999
0.9868620000000001
0.984775
0.981783
0.9780270000000001
0.975701
0.9767399999999999
0.978934
0.9802540000000001
0.980726
0.980318
0.9788180000000001
0.977843
0.9777239999999999
0.976881
0.9752540000000001
0.973015
0.970241
0.966879
0.9657370000000001
0.967675
0.969669
0.9707459999999999
0.970993
0.970459
0.969118
0.968708
0.969566
0.9699780000000001
0.9696899999999999
0.9687899999999999
0.9673280000000001
0.965189
0.96596
0.9698049999999999
0.9728690000000001
0.9749629999999999
0.9763149999999999
0.977051
0.9771610000000001
0.9784809999999999
0.9812719999999999
0.983556
0.984964
0.985455
0.9849620000000001
0.9839319999999999
0.9858709999999999
0.990358
0.993763
0.996015
0.9972629999999999
0.997497
0.996632
0.996591
0.9977969999999999
0.99839
0.998079
0.996909
0.9948549999999999
0.992241
0.992439
0.9949469999999999
0.996152
0.996167
0.9952540000000001
0.993431
0.990611
0.988741
0.9881989999999999
0.987101
0.9853
0.982957
0.980089
0.9774370000000001
0.9780260000000001
0.980943
0.982857
0.983661
0.983427
0.9821709999999999
0.981658
0.982247
0.9822799999999999
0.9815659999999999
0.9802350000000001
0.978347
0.975885
0.974834
0.9769260000000001
0.980017
0.982182
0.9834450000000001
0.983865
0.983368
0.98349
0.984484
0.9847870000000001
0.9842770000000001
0.983085
0.981196
0.9784809999999999
0.977253
0.9789399999999999
0.981118
0.9824229999999999
0.983088
0.98325
0.9828370000000001
0.9835459999999999
0.985582
0.9870129999999999
0.9874649999999999
0.987001
0.9857229999999999
0.9835889999999999
0.984031
0.9874
0.990049
0.991614
0.992291
0.992157
0.991175
0.991092
0.992193
0.9926959999999999
0.992382
0.991324
0.989482
0.986692
0.986416
0.98913
0.991208
0.9921979999999999
0.992237
0.9913290000000001
0.989359
0.9881709999999999
0.988247
0.9879100000000001
0.9869559999999999
0.985439
0.983331
0.9804940000000001
0.980678
0.9838889999999999
0.9861610000000001
0.9875649999999999
0.988317
0.9883350000000001
0.987433
0.9873719999999999
0.988498
0.989057
0.9888950000000001
0.988132
0.9867309999999999
0.9845299999999999
0.985215
0.988985
0.991909
0.993717
0.994508
0.9943139999999999
0.994818
0.996381
0.997425
0.997714
0.99729
0.996125
0.9941559999999999
0.9926290000000001
0.994072
0.997232
0.9995129999999999
1.000898
1.001449
1.001069
0.99959
0.998785
0.9990879999999999
0.998868
0.99798
0.9964709999999999
0.9942840000000001
0.991614
0.9921110000000001
0.99556
0.998209
1.000041
1.001161
1.001468
1.0025879999999998
1.004759
1.006173
1.006491
1.005785
1.004198
1.0017770000000001
1.00039
1.0018790000000002
1.004283
1.005666
1.006108
1.00575
1.0045899999999999
1.004174
1.0047469999999998
1.0047
1.003815
1.002156
0.9996879999999999
0.9962780000000001
0.9937469999999999
0.9941979999999999
0.995807
0.9964959999999999
0.996324
0.99541
0.9937370000000001
0.993086
0.9939040000000001
0.9945709999999999
0.9948389999999999
0.9947
0.994066
0.992734
0.993344
0.996812
1.000155
1.002351
1.003628
1.004097
1.003676
1.004014
1.005419
1.006199
1.006133
1.00537
1.004022
1.002038
1.001806
1.0047059999999999
1.008126
1.010467
1.011682
1.011784
1.010764
1.010419
1.011082
1.011017
1.010027
1.008235
1.0057260000000001
1.00253
1.001827
1.004409
1.0069649999999999
1.008616
1.009442
1.009411
1.008364
1.00803
1.0087709999999999
1.008902
1.008249
1.006885
1.004821
1.001969
1.001418
1.0039420000000001
1.006334
1.007866
1.008667
1.00873
1.007932
1.007952
1.009076
1.009533
1.009049
1.007734
1.005702
1.002921
1.0022280000000001
1.004597
1.006987
1.008322
1.0086959999999998
1.008204
1.006844
1.006432
1.007325
1.007743
1.0073969999999999
1.0062659999999999
1.004283
1.001387
1.001111
1.004022
1.006476
1.007888
1.008385
1.007986
1.006626
1.006192
1.007103
1.007536
1.0071860000000001
1.006084
1.004219
1.001474
1.0015129999999999
1.0045190000000002
1.006601
1.007606
1.00775
1.0070350000000001
1.005379
1.004642
1.005187
1.005203
1.004515
1.0032729999999999
1.00149
0.999017
0.999647
1.00336
1.005957
1.0072459999999999
1.0073590000000001
1.006377
1.0043799999999998
1.003371
1.003759
1.003707
1.002964
1.001566
0.9994860000000001
0.996927
0.9975879999999999
1.001219
1.003892
1.0055049999999999
1.006169
1.0058129999999998
1.0060639999999998
1.007248
1.007763
1.00742
1.006269
1.004342
1.0016479999999999
1.000068
1.0015049999999999
1.00404
1.0057129999999999
1.006544
1.006572
1.005741
1.005696
1.006702
1.0070299999999999
1.006413
1.004991
1.002911
1.000142
0.9987459999999999
1.00033
1.002628
1.003901
1.00427
1.003952
1.003042
1.003331
1.005111
1.006559
1.007309
1.0072860000000001
1.006368
1.004383
1.004056
1.006608
1.0092649999999999
1.010901
1.011635
1.011514
1.010429
1.0101069999999999
1.010933
1.011235
1.010795
1.0096889999999998
1.0079280000000002
1.005393
1.004896
1.007311
1.009575
1.010751
1.010968
1.010198
1.0083229999999999
1.007191
1.007218
1.006683
1.00545
1.003666
1.001318
0.99825
0.9978959999999999
1.000658
1.002845
1.003973
1.004159
1.003469
1.001929
1.001395
1.002184
1.0024629999999999
1.001955
1.000682
0.9986309999999999
0.995782
0.99569
0.998875
1.001708
1.003668
1.004824
1.0050940000000002
1.004299
1.004198
1.005212
1.00569
1.005458
1.004551
1.002925
1.000453
1.000621
1.003819
1.0063870000000001
1.007982
1.008769
1.008745
1.0078129999999998
1.007814
1.009047
1.009574
1.009133
1.0078639999999999
1.005803
1.0028629999999998
1.002928
1.00607
1.008247
1.0094239999999999
1.009818
1.009458
1.008199
1.007832
1.008664
1.00881
1.007995
1.0062520000000001
1.0035690000000002
1.000011
0.999559
1.002257
1.0040360000000002
1.004794
1.004669
1.003629
1.001596
1.000545
1.0009629999999998
1.0010370000000002
1.000478
0.99928
0.997343
0.9946959999999999
0.994959
0.9979959999999999
1.000059
1.0011709999999998
1.0014610000000002
1.000894
1.001174
1.002609
1.0035100000000001
1.0036909999999999
1.003266
1.002241
1.000522
1.000091
1.0026540000000002
1.006009
1.00821
1.009231
1.00918
1.008142
1.006106
1.005018
1.005308
1.0051459999999999
1.004299
1.002845
1.000801
0.9991700000000001
1.000895
1.004856
1.0078719999999999
1.009876
1.0109
1.010817
1.011398
1.013005
1.013894
1.013844
1.012896
1.011084
1.0084110000000002
1.007682
1.009971
1.012417
1.013963
1.014702
1.0146190000000002
1.013575
1.013175
1.013635
1.013207
1.0117479999999999
1.009516
1.006631
1.002981
1.001113
1.002291
1.003776
1.0042790000000001
1.0040040000000001
1.003113
1.0015690000000002
1.001179
1.0022790000000001
1.003031
1.00311
1.002464
1.000991
0.9985860000000001
0.9988360000000001
1.002184
1.0049489999999999
1.00675
1.0077559999999999
1.007959
1.0072709999999998
1.007515
1.009085
1.010213
1.01063
1.010381
1.009414
1.0075450000000001
1.007878
1.0110729999999999
1.013775
1.015323
1.015885
1.015451
1.013916
1.0131569999999999
1.01357
1.013361
1.012364
1.01072
1.0084440000000001
1.005556
1.005831
1.0091450000000002
1.0114299999999998
1.0125709999999999
1.01276
1.0120870000000002
1.0104879999999998
1.009817
1.010385
1.010289
1.009312
1.007601
1.005263
1.002491
1.002985
1.006515
1.009098
1.010626
1.011193
1.010721
1.009077
1.00817
1.008528
1.008446
1.00769
1.0063010000000001
1.00423
1.001306
1.001366
1.0045680000000001
1.006917
1.0083309999999999
1.008966
1.008797
1.00768
1.007448
1.008406
1.00861
1.007837
1.006268
1.003983
1.001328
1.0018610000000001
1.005217
1.0076399999999999
1.0090700000000001
1.009686
1.009496
1.008368
1.00821
1.00938
1.009919
1.009517
1.008171
1.005818
1.0031
1.003401
1.0060879999999999
1.0076829999999999
1.008161
1.007679
1.00623
1.0037530000000001
1.002311
1.0023879999999998
1.002059
1.001016
0.9992620000000001
0.996714
0.994132
0.994501
0.9969120000000001
0.998252
0.998566
0.9979459999999999
0.996337
0.995525
0.995865
0.9956370000000001
0.9947
0.9932280000000001
0.991275
0.9887520000000001
0.988408
0.9911530000000001
0.9939
0.9954540000000001
0.9958600000000001
0.99523
0.9936729999999999
0.9930399999999999
0.9936799999999999
0.9938629999999999
0.9933639999999999
0.9922479999999999
0.9905229999999999
0.988142
0.9884440000000001
0.99195
0.9950950000000001
0.9972620000000001
0.998592
0.9990870000000001
0.998618
0.9989870000000001
1.00055
1.001514
1.001652
1.001004
0.999553
0.997275
0.997943
1.001527
1.0040850000000001
1.005642
1.006391
1.00631
1.005254
1.005025
1.005888
1.005919
1.00492
1.0031
1.000528
1.018411
1.081
1.163152
1.238718
1.309739
1.376212
1.438137
1.495696
1.549091
1.598257
1.6428909999999999
1.6827299999999998
1.7131599999999998
1.720321
1.696157
1.6543130000000001
1.6127340000000001
1.581501
1.5608600000000001
1.545588
1.534534
1.52739
1.529585
1.5416530000000002
1.557772
1.5810440000000001
1.620133
1.6781
1.745161
1.807552
1.858988
1.8997400000000002
1.931268
1.9547130000000001
1.975066
1.9938939999999998
2.007876
2.015556
2.012994
1.9947419999999998
1.960192
1.9173580000000001
1.87753
1.851473
1.840109
1.837409
1.8413400000000002
1.850607
1.863894
1.880166
1.9028490000000002
1.934827
1.975797
2.0245290000000002
2.0747139999999997
2.117921
2.148936
2.167232
2.174631
2.173114
2.1674029999999997
2.160444
2.14969
2.133189
2.110015
2.079627
2.044273
2.009866
1.983255
1.972738
1.9788720000000002
1.9947
2.01658
2.042297
2.0703840000000002
2.10003
2.131904
2.171011
2.216195
2.2597810000000003
2.296243
2.319925
2.327716
2.320277
2.300757
2.2728599999999997
2.239761
2.203778
2.17069
2.141547
2.1116759999999997
2.080658
2.0504700000000002
2.024866
2.007859
2.00356
2.014761
2.036211
2.060372
2.08422
2.105696
2.1235630000000003
2.137394
2.147035
2.15634
2.164036
2.162761
2.149695
2.124692
2.089915
2.048941
2.005389
1.963389
1.928086
1.8984580000000002
1.87058
1.844532
1.8214240000000002
1.803288
1.796032
1.8016240000000001
1.816009
1.8361470000000002
1.858321
1.8787919999999998
1.894768
1.904816
1.9086900000000002
1.907704
1.904975
1.8990220000000002
1.8855970000000002
1.8633830000000002
1.8320049999999999
1.7924490000000002
1.747257
1.703786
1.6661689999999998
1.633217
1.6057270000000001
1.584057
1.5678889999999999
1.5569620000000002
1.5559319999999999
1.564545
1.577579
1.594366
1.613453
1.632201
1.647516
1.656696
1.662491
1.664578
1.658354
1.6440970000000001
1.623001
1.595932
1.565451
1.53511
1.503045
1.466901
1.428919
1.391877
1.358215
1.329705
1.307189
1.295058
1.292851
1.294489
1.298181
1.303238
1.313126
1.327648
1.340539
1.3484770000000001
1.349644
1.342682
1.326907
1.3025229999999999
1.270633
1.232875
1.190819
1.150179
1.112431
1.073843
1.035088
1.0021639999999998
0.978599
0.961456
0.949838
0.944219
0.9441139999999999
0.9480270000000001
0.9538909999999999
0.9596889999999999
0.9687370000000001
0.980534
0.9891280000000001
0.992866
0.995534
0.9964930000000001
0.989762
0.97424
0.950398
0.919484
0.883335
0.8440190000000001
0.803425
0.763069
0.728684
0.7017100000000001
0.678888
0.665737
0.662107
0.662392
0.666143
0.67271
0.680837
0.6889069999999999
0.695233
0.698325
0.697101
0.690986
0.6853060000000001
0.680385
0.673596
0.6667649999999999
0.6556069999999999
0.6367079999999999
0.611015
0.580396
0.547217
0.513959
0.482671
0.45459099999999997
0.43016800000000005
0.414918
0.41150600000000004
0.418421
0.43184300000000003
0.446212
0.460713
0.47434399999999993
0.48569300000000004
0.493255
0.49563900000000005
0.491737
0.480886
0.46297
0.43840200000000007
0.413674
0.393191
0.375996
0.35846100000000003
0.336623
0.311908
0.286168
0.261152
0.238409
0.21901900000000002
0.203346
0.19105999999999998
0.188426
0.202164
0.22382
0.244162
0.26253699999999996
0.278527
0.291124
0.299157
0.301579
0.29757
0.286646
0.26881
0.24466300000000002
0.22145
0.208713
0.201378
0.19101700000000002
0.177652
0.16256800000000002
0.14709
0.132554
0.120183
0.110799
0.10458900000000002
0.101089
0.099347
0.107369
0.129998
0.156398
0.178749
0.196203
0.208326
0.214419
0.21386
0.206394
0.192209
0.17190899999999998
0.146479
0.11726400000000001
0.095214
0.088266
0.087348
0.08542000000000001
0.08266699999999999
0.079823
0.07750399999999999
0.076296
0.076682
0.078793
0.08224400000000001
0.086148
0.08932000000000001
0.100118
0.123395
0.148028
0.166482
0.178331
0.183704
0.182572
0.175008
0.161394
0.142432
0.119084
0.092537
0.064182
0.046039
0.044703
0.049713
0.055091999999999995
0.060924
0.067563
0.075077
0.083371
0.092187
0.100974
0.10882599999999999
0.11458499999999999
0.11708800000000001
0.12474500000000001
0.143575
0.163245
0.17598699999999998
0.181867
0.181642
0.17593399999999998
0.165441
0.151074
0.133888
0.11498
0.095419
0.07624299999999999
0.068405
0.078109
0.09487899999999999
0.111982
0.128898
0.145428
0.161136
0.175523
0.18808699999999998
0.19822
0.205163
0.208083
0.206287
0.199515
0.19534
0.20218599999999998
0.212263
0.216656
0.215765
0.210725
0.202459
0.191934
0.180281
0.168631
0.15790099999999999
0.148648
0.141046
0.135108
0.139423
0.160457
0.188143
0.21364
0.23593499999999998
0.254646
0.26921300000000004
0.279129
0.284072
0.283878
0.278516
0.268124
0.25301599999999996
0.23380599999999999
0.21783899999999998
0.21479600000000001
0.218625
0.220281
0.22016599999999997
0.219342
0.21850300000000003
0.218171
0.218768
0.220446
0.222969
0.225773
0.228093
0.235682
0.25607399999999997
0.281984
0.303718
0.32029
0.331741
0.338016
0.339133
0.335336
0.327045
0.314771
0.299123
0.28089400000000003
0.26113200000000003
0.24104299999999998
0.22798800000000002
0.23089899999999997
0.243123
0.25524
0.267
0.278812
0.290626
0.302154
0.312996
0.322531
0.329832
0.33373400000000003
0.33314499999999997
0.32754099999999997
0.32353200000000004
0.327912
0.336298
0.341748
0.34226799999999996
0.33881
0.332308
0.32361100000000004
0.31361
0.303138
0.29283200000000004
0.283017
0.273663
0.264575
0.262096
0.273942
0.29407
0.31364899999999996
0.33119299999999996
0.34658
0.359369
0.36896100000000004
0.374805
0.376391
0.373296
0.36532800000000004
0.352616
0.335638
0.32148000000000004
0.317467
0.319703
0.32143299999999997
0.320855
0.318972
0.31666
0.314592
0.31332
0.31309000000000003
0.313662
0.314365
0.314339
0.312882
0.316025
0.330046
0.349873
0.367829
0.381234
0.39003899999999997
0.394173
0.39359299999999997
0.388511
0.379367
0.366693
0.351028
0.3329
0.312946
0.29825999999999997
0.296647
0.303772
0.312215
0.320213
0.328148
0.336073
0.34373200000000004
0.350724
0.35649000000000003
0.360323
0.361481
0.359346
0.353605
0.350681
0.356579
0.367361
0.37643699999999997
0.380812
0.380919
0.377294
0.37049699999999997
0.361249
0.350287
0.338185
0.325308
0.311906
0.29830100000000004
0.291292
0.298342
0.31440999999999997
0.33146
0.347273
0.361553
0.373697
0.38295999999999997
0.38872399999999996
0.390543
0.3881
0.38121700000000003
0.36991199999999996
0.354513
0.34202
0.339256
0.342658
0.34580700000000003
0.346271
0.34481
0.342093
0.338589
0.334688
0.330619
0.326358
0.321679
0.316279
0.30998400000000004
0.309295
0.320997
0.33978200000000003
0.357576
0.37175
0.38208000000000003
0.388288
0.39013600000000004
0.387637
0.38099099999999997
0.370465
0.35636599999999996
0.339098
0.319297
0.304237
0.301784
0.307546
0.314083
0.31960700000000003
0.32456399999999996
0.32908899999999996
0.33305300000000004
0.336271
0.338471
0.33924699999999997
0.338099
0.334542
0.328284
0.325813
0.33366799999999996
0.346883
0.35783899999999996
0.363994
0.365712
0.363425
0.357603
0.34887199999999996
0.337888
0.325183
0.311147
0.29609800000000003
0.280444
0.271194
0.276489
0.290597
0.304741
0.317298
0.328203
0.337123
0.343645
0.347472
0.348384
0.346146
0.340515
0.331313
0.318587
0.30911500000000003
0.31014400000000003
0.316898
0.321832
0.323102
0.32143
0.31746399999999997
0.311768
0.304935
0.297473
0.289675
0.28160599999999997
0.273185
0.264358
0.261658
0.272803
0.29134099999999996
0.308019
0.321214
0.330831
0.33665500000000004
0.338527
0.33650399999999997
0.330775
0.321538
0.308996
0.293404
0.275219
0.26153000000000004
0.260808
0.267557
0.273305
0.277121
0.279574
0.280937
0.281333
0.280883
0.279629
0.277426
0.273962
0.268842
0.261777
0.25916100000000003
0.268676
0.283893
0.295756
0.303051
0.306152
0.30533699999999997
0.300912
0.293344
0.283142
0.27073200000000003
0.25645300000000004
0.240608
0.223615
0.21265
0.21674000000000002
0.22901
0.239907
0.249119
0.256919
0.263193
0.267701
0.27024000000000004
0.270577
0.268384
0.263281
0.25493899999999997
0.24966100000000002
0.255579
0.266687
0.27427399999999996
0.277708
0.277694
0.274793
0.269516
0.262415
0.25398000000000004
0.244523
0.23421
0.22319
0.211743
0.207076
0.217534
0.235409
0.25099099999999996
0.26377
0.273897
0.281236
0.285622
0.287007
0.28536
0.280564
0.272404
0.26068800000000003
0.24553899999999998
0.23401999999999998
0.235323
0.243187
0.248387
0.250799
0.251274
0.250348
0.24840700000000002
0.245804
0.24275300000000002
0.23924600000000001
0.23505399999999999
0.22976799999999997
0.222992
0.21461799999999998
0.204748
0.193339
0.18018399999999998
0.165122
0.148106
0.129166
0.108385
0.085884
0.06180599999999999
0.036343
0.009753
-0.012341
-0.024125999999999998
-0.02695
-0.024099000000000002
-0.018434
-0.012095999999999999
-0.00648
-0.002311
0.000213
0.0012519999999999999
0.001142
0.00024700000000000004
-0.001082
-0.002373
-0.003009
-0.002552
-0.0010810000000000001
0.000886
0.002735
0.004036
0.004636
0.004612
0.00418
0.0036079999999999997
0.00464
0.0069489999999999994
0.007821999999999999
0.006679999999999999
0.0042049999999999995
0.001309
-0.001328
-0.0033060000000000003
-0.00445
-0.004815
-0.004609
-0.004097
-0.0035240000000000002
-0.0030399999999999997
-0.002681
-0.002385
-0.002002
-0.001364
-0.000421
0.0006889999999999999
0.001741
0.002553
0.003052
0.0032649999999999997
0.0032770000000000004
0.0031850000000000003
0.003053
0.002891
0.002653
0.002247
0.001586
0.000676
-0.000357
-0.0013310000000000002
-0.0020989999999999997
-0.002602
-0.002865
-0.002957
-0.002951
-0.002893
-0.002787
-0.002591
-0.002235
-0.001661
-0.000877
1.6e-05
0.000878
0.00159
0.002105
0.002435
0.002627
0.002728
0.002763
0.002729
0.0025859999999999998
0.002282
0.002573
0.0031309999999999997
0.002543
0.0010949999999999998
-0.000359
-0.001497
-0.002274
-0.002731
-0.002941
-0.0029760000000000003
-0.002879
-0.002657
-0.0022890000000000002
-0.001741
-0.0009519999999999999
-0.000113
0.0005610000000000001
0.001077
0.001446
0.001713
0.001924
0.002105
0.002251
0.0023350000000000003
0.002309
0.0021260000000000003
0.00175
0.001198
0.000553
-7.5e-05
-0.000612
-0.0010400000000000001
-0.001381
-0.001662
-0.0018969999999999998
-0.002084
-0.0022010000000000003
-0.002209
-0.00207
-0.00176
-0.001297
-0.0007469999999999999
-0.00019099999999999998
0.000312
0.000742
0.0011099999999999999
0.001429
0.0017059999999999998
0.0019329999999999998
0.002085
0.002128
0.0020239999999999998
0.001759
0.001353
0.0008619999999999999
0.00035099999999999997
-0.000128
-0.000554
-0.000925
-0.00125
-0.0015300000000000001
-0.0017579999999999998
-0.001911
-0.001961
-0.0018809999999999999
-0.001661
-0.0013189999999999999
-0.0009
-0.00045999999999999996
-4e-05
0.000342
0.000687
0.000999
0.0012779999999999998
0.0015140000000000002
0.0016870000000000001
0.001772
0.001745
0.001593
0.0013310000000000002
0.0009939999999999999
0.0006230000000000001
0.000254
-0.0001
-0.00044
-0.000767
-0.0010710000000000001
-0.0013390000000000001
-0.001546
-0.001668
-0.0016820000000000001
-0.001576
-0.0013599999999999999
-0.001066
-0.000729
-0.00038199999999999996
-3.7e-05
0.000302
0.000629
0.000938
0.001208
0.001418
0.0015429999999999999
0.001565
0.00148
0.001297
0.001044
0.00075
0.00044100000000000004
0.000132
-0.000175
-0.00047599999999999997
-0.000763
-0.001019
-0.001224
-0.001356
-0.001398
-0.001347
-0.001216
-0.001023
-0.000791
-0.000538
-0.000272
2e-06
0.000283
0.0005690000000000001
0.0008349999999999999
0.001051
0.001204
0.00128
0.001274
0.0011949999999999999
0.001057
0.0008730000000000001
0.000653
0.00040300000000000004
0.000131
-0.000155
-0.000442
-0.000713
-0.0009449999999999999
-0.001114
-0.001206
-0.001218
-0.001157
-0.001037
-0.0008699999999999999
-0.000665
-0.00043099999999999996
-0.000174
9.6e-05
0.000362
0.000607
0.000814
0.0009660000000000001
0.001053
0.001074
0.001035
0.000949
0.000824
0.000665
0.00047599999999999997
0.00026000000000000003
2.7000000000000002e-05
-0.00021099999999999998
-0.000437
-0.0006349999999999999
-0.000791
-0.000898
-0.0009550000000000001
-0.000962
-0.000924
-0.000843
-0.000723
-0.0005650000000000001
-0.000371
-0.000149
8.6e-05
0.000315
0.000522
0.0006940000000000001
0.000824
0.000908
0.000942
0.000924
0.000857
0.000742
0.000587
0.000395
0.000177
-5e-05
-0.000268
-0.00045999999999999996
-0.000618
-0.000737
-0.0008150000000000001
-0.000848
-0.000837
-0.000782
-0.000684
-0.00055
-0.00038700000000000003
-0.000206
-1.8e-05
0.00016299999999999998
0.00032900000000000003
0.000471
0.000586
0.0006730000000000001
0.000729
0.00075
0.000731
0.000672
0.000576
0.00044699999999999997
0.000296
0.000131
-3.6e-05
-0.0002
-0.00035299999999999996
-0.00049
-0.000603
-0.000686
-0.000733
-0.0007379999999999999
-0.000697
-0.000611
-0.00049
-0.000342
-0.00017900000000000001
-1e-05
0.00015800000000000002
0.00031800000000000003
0.00045999999999999996
0.0005740000000000001
0.000651
0.0006889999999999999
0.000686
0.00064
0.000556
0.000443
0.000312
0.000174
3.3e-05
-0.00010700000000000001
-0.000241
-0.000362
-0.000462
-0.000535
-0.000576
-0.000584
-0.0005610000000000001
-0.0005110000000000001
-0.000437
-0.000346
-0.000242
-0.000128
-6e-06
0.000121
0.000248
0.000363
0.00045700000000000005
0.000522
0.000556
0.000559
0.000532
0.00047999999999999996
0.000404
0.000307
0.00019099999999999998
5.9999999999999995e-05
-7.900000000000001e-05
-0.000215
-0.000339
-0.00044
-0.0005099999999999999
-0.000544
-0.000544
-0.000515
-0.000462
-0.000386
-0.00028900000000000003
-0.000174
-4.8e-05
7.8e-05
0.000194
0.000295
0.00037400000000000004
0.000426
0.00045
0.00045
0.00043099999999999996
0.00048600000000000005
0.0005059999999999999
0.000394
0.000263
0.000127
-2e-06
-0.00011599999999999999
-0.00021099999999999998
-0.000286
-0.000342
-0.00038199999999999996
-0.000407
-0.00041600000000000003
-0.000407
-0.000377
-0.000327
-0.000258
-0.000171
-7.099999999999999e-05
3.3e-05
0.000133
0.000225
0.000302
0.000364
0.00040899999999999997
0.00043099999999999996
0.00042800000000000005
0.000396
0.000337
0.000258
0.00016299999999999998
5.9999999999999995e-05
-4.3e-05
-0.000138
-0.000217
-0.000281
-0.00032900000000000003
-0.000361
-0.000375
-0.000368
-0.000338
-0.00028700000000000004
-0.00021899999999999998
-0.00014199999999999998
-6.4e-05
1.1e-05
8e-05
0.00014099999999999998
0.000192
0.00023700000000000001
0.00027400000000000005
0.000302
0.00031600000000000004
0.000312
0.000288
0.00024700000000000004
0.000195
0.000138
7.5e-05
7.000000000000001e-06
-6.500000000000001e-05
-0.00013700000000000002
-0.000206
-0.000267
-0.000317
-0.00034700000000000003
-0.00035099999999999997
-0.000327
-0.00028
-0.00021899999999999998
-0.000149
-7.5e-05
3e-06
8e-05
0.000155
0.00022200000000000003
0.000275
0.000309
0.00032
0.000308
0.00027400000000000005
0.000225
0.000169
0.00011100000000000001
5.5e-05
0.0
-5.5e-05
-0.000109
-0.00015900000000000002
-0.000202
-0.00023199999999999997
-0.000245
-0.000241
-0.000225
-0.000202
-0.000173
-0.00014199999999999998
-0.00010700000000000001
-6.7e-05
-2e-05
3.4e-05
9.300000000000001e-05
0.000149
0.000196
0.00022799999999999999
0.000245
0.000248
0.000242
0.000226
0.000196
0.000153
0.000152
0.000129
3.1e-05
-7e-05
-0.00015900000000000002
-0.00022400000000000002
-0.00026000000000000003
-0.000269
-0.00026000000000000003
-0.00023799999999999998
-0.000207
-0.000166
-0.00011599999999999999
-5.6999999999999996e-05
6e-06
6.6e-05
0.00011599999999999999
0.000152
0.000174
0.000182
0.00017900000000000001
0.000171
0.000161
0.000151
0.000136
0.00011399999999999999
8.1e-05
4e-05
-4e-06
-4.4e-05
-7.6e-05
-0.000101
-0.000121
-0.000139
-0.000156
-0.000171
-0.00018
0.0007099999999999999
0.0021219999999999998
0.002421
0.001761
0.0009449999999999999
0.000308
-9.6e-05
-0.000283
-0.000302
-0.000215
-8.2e-05
4.7e-05
0.00015
0.001721
0.004304
0.0052710000000000005
0.004352
0.002585
0.000919
-0.000273
-0.0009480000000000001
-0.001185
-0.001119
-0.0008869999999999999
-0.000601
-0.000333
-9.7e-05
0.00011399999999999999
0.00027400000000000005
0.000328
0.000264
0.000124
-2.7000000000000002e-05
-0.000136
-0.000176
-0.000148
-7.099999999999999e-05
2.4e-05
0.00010400000000000001
0.000133
9.9e-05
2.9999999999999997e-05
-1.8e-05
-1.2e-05
3.8e-05
9.499999999999999e-05
0.000126
0.00011399999999999999
6.3e-05
-1.2e-05
-8.9e-05
-0.000144
0.001466
0.004246
0.005352
0.004495
0.0027429999999999998
0.001072
-0.00011599999999999999
-0.0007769999999999999
-0.00099
-0.0008960000000000001
-0.000641
-0.000344
-7.900000000000001e-05
0.000145
0.001871
0.004591
0.005571
0.0045520000000000005
0.002653
0.000884
-0.000356
-0.001032
-0.001235
-0.001115
-0.0008269999999999999
-0.000505
-0.00024700000000000004
0.000554
0.001621
0.0017920000000000002
0.001327
0.000782
0.000266
-0.000133
-0.000367
-0.00044
-0.000391
-0.000267
-0.00011
4.8e-05
0.000177
0.00023799999999999998
0.00020800000000000001
0.00011100000000000001
1.2e-05
-4.6e-05
-6.2e-05
-5.6999999999999996e-05
-5e-05
-4.9e-05
-5.6999999999999996e-05
-7.5e-05
-0.000101
0.001497
0.004243
0.0053289999999999995
0.004499
0.0028079999999999997
0.0011949999999999999
3.4e-05
-0.000641
-0.0008990000000000001
-0.000865
-0.000667
-0.00041
-0.000152
0.0019510000000000003
0.005381
0.006883
0.00603
0.003854
0.001552
-0.000154
-0.001153
-0.001526
-0.0014470000000000002
-0.001118
-0.000713
-0.00035099999999999997
0.001882
0.0054659999999999995
0.007051999999999999
0.006252000000000001
0.004104
0.0018
8e-05
-0.000956
-0.001377
-0.0013449999999999998
-0.001042
-0.00063
-0.00021899999999999998
0.000152
0.000463
0.000653
0.000646
0.00044500000000000003
0.000138
-0.000161
-0.00036899999999999997
-0.00045700000000000005
-0.000437
-0.00035
-0.000239
-0.000153
0.002172
0.00613
0.007857
0.006984999999999999
0.004672
0.002202
0.000405
-0.000657
-0.001113
-0.001146
-0.0009339999999999999
-0.000618
-0.000268
0.002553
0.007259999999999999
0.009635
0.008973
0.006318
0.003008
0.000233
-0.001539
-0.00233
-0.002359
-0.001924
-0.001306
-0.000721
0.002314
0.00717
0.009495
0.008762
0.006205
0.0031550000000000003
0.0006730000000000001
-0.0008900000000000001
-0.001611
-0.001693
-0.001375
-0.000872
-0.000332
0.00256
0.007206000000000001
0.00951
0.008827
0.006207
0.0029739999999999996
0.000278
-0.001451
-0.002236
-0.0022890000000000002
-0.001893
-0.001315
-0.0007509999999999999
0.0030210000000000002
0.009263
0.012440000000000001
0.011781999999999999
0.008768999999999999
0.004795000000000001
0.001259
-0.0010429999999999999
-0.002171
-0.0023829999999999997
-0.002006
-0.0013449999999999998
-0.000618
0.0036079999999999997
0.010565
0.0143
0.013812999999999999
0.010549
0.005933
0.001568
-0.001431
-0.0029809999999999997
-0.0033490000000000004
-0.00294
-0.002159
-0.001317
-0.0005639999999999999
0.0037380000000000004
0.010757
0.01431
0.013533000000000002
0.010097
0.005516
0.0013779999999999999
-0.001312
-0.00259
-0.002775
-0.002273
-0.001474
-0.00067
0.004021
0.011814
0.016063
0.015653999999999998
0.012179
0.0071909999999999995
0.0023079999999999997
-0.0012289999999999998
-0.002951
-0.0026899999999999997
-0.000849
0.001419
0.002926
0.007883
0.015493
0.018411
0.016086000000000003
0.010968
0.004925
-0.000362
-0.003858
-0.0056
-0.005868
-0.0050219999999999996
-0.0035090000000000004
-0.001749
0.004626
0.014786
0.021167
0.022340000000000002
0.019909
0.015288999999999999
0.009434999999999999
0.003387
-0.001825
-0.005632
-0.007684999999999999
-0.007918999999999999
-0.006726
0.00044500000000000003
0.011863
0.018438
0.018847
0.015604
0.011043
0.00657
0.003084
0.0009710000000000001
2.5e-05
-8e-06
0.00049
0.001008
0.007244
0.017759
0.022466
0.020218
0.014088999999999999
0.006751000000000001
0.000375
-0.003571
-0.00495
-0.004523
-0.003128
-0.0012779999999999998
0.0007469999999999999
0.008854
0.021549000000000002
0.028350999999999998
0.027576
0.021897
0.013869999999999999
0.005457
-0.001464
-0.005942
-0.008245
-0.008608
-0.007187000000000001
-0.004334
0.0055119999999999995
0.020209
0.028671
0.029074000000000003
0.024134
0.016518
0.008324
0.0013
-0.0035399999999999997
-0.006187
-0.006899
-0.0060420000000000005
-0.004203
0.005291
0.020538999999999998
0.029274
0.029724
0.024963
0.01764
0.009769
0.002927
-0.001939
-0.004804999999999999
-0.006024
-0.005906000000000001
-0.004817
0.0044399999999999995
0.020036
0.029091000000000002
0.029436
0.024247
0.016697999999999998
0.009193999999999999
0.003111
-0.001114
-0.0036369999999999996
-0.00461
-0.004184
-0.0028350000000000003
0.006749
0.02255
0.031163999999999997
0.03053
0.024202
0.015312000000000001
0.006212
-0.001036
-0.0054210000000000005
-0.007062000000000001
-0.006307
-0.003851
-0.000731
0.002118
0.012453
0.028451
0.036364
0.034506999999999996
0.026917
0.0167
0.006218
-0.002247
-0.007478
-0.009564
-0.009095
-0.0068790000000000006
-0.003699
0.008152
0.026514999999999997
0.037119
0.03773
0.032424
0.024446000000000002
0.015019999999999999
0.005274
-0.002721
-0.007770999999999999
-0.009912
-0.00949
-0.007277
0.0043100000000000005
0.022857
0.033921
0.035352
0.031112
0.02428
0.016045
0.007359
2.3e-05
-0.004779
-0.007089
-0.007248999999999999
-0.005871
0.005273
0.023852
0.034615
0.035593
0.031312
0.024623
0.016411000000000002
0.007712999999999999
0.000608
-0.0037270000000000003
-0.005509
-0.005185
-0.003539
0.00782
0.026521
0.037287
0.039346
0.037375
0.033018
0.026527
0.017891
0.007437
-0.0019030000000000002
-0.007215999999999999
-0.008419
-0.0065569999999999995
0.006097
0.026612
0.03984
0.045094
0.046547000000000005
0.045412
0.041741
0.035459
0.026454000000000002
0.014761000000000002
0.002409
-0.006566
-0.01043
-0.0008230000000000001
0.019198
0.0332
0.039484
0.042342000000000005
0.043252
0.042288
0.039172000000000005
0.033471
0.024919
0.013641
0.001865
-0.006573000000000001
-0.000687
0.016505000000000002
0.028522000000000002
0.033641000000000004
0.035695
0.036337
0.035826
0.033812
0.029866000000000004
0.023775
0.01554
0.005939
-0.002081
-0.006543000000000001
0.0015019999999999999
0.019257
0.031069
0.035868000000000004
0.037331
0.036601
0.033628
0.028383999999999996
0.021248
0.012698000000000001
0.004296
-0.001395
-0.003684
0.006143
0.025178
0.03899
0.047095
0.051788
0.053689999999999995
0.052948
0.049449
0.042985
0.033662
0.022188
0.009581999999999999
-0.0006900000000000001
0.0041340000000000005
0.021484
0.03597
0.046103
0.053809
0.059439
0.062711
0.06306
0.059921
0.053142999999999996
0.043108
0.030452999999999997
0.015758
0.012072
0.023159
0.035210000000000005
0.043955
0.050397000000000004
0.055302
0.058880999999999996
0.060714
0.060109
0.056674
0.050495
0.041849000000000004
0.03092
0.028725
0.039667
0.05167000000000001
0.059213
0.062957
0.064229
0.064087
0.062841
0.060141999999999994
0.055656
0.049433
0.041742
0.032823000000000005
0.02271
0.022722
0.036327
0.050283999999999995
0.05945
0.064589
0.06656000000000001
0.065689
0.062089
0.056054
0.047989
0.038308
0.02755
0.016256
0.016809
0.032505
0.049345
0.062456
0.072517
0.080085
0.085177
0.087301
0.085684
0.079808
0.06991
0.056991
0.042276999999999995
0.037294
0.046942000000000005
0.059539999999999996
0.069413
0.076994
0.083057
0.08793200000000001
0.091388
0.092718
0.091187
0.086454
0.078586
0.067788
0.05416900000000001
0.048309
0.055387
0.064414
0.069963
0.072933
0.07448300000000001
0.075036
0.07433300000000001
0.071991
0.067944
0.062394000000000005
0.055541
0.047406000000000004
0.048147
0.062009
0.077046
0.08712400000000001
0.09281
0.095499
0.096108
0.09477100000000001
0.09123200000000001
0.085426
0.077723
0.068748
0.059048
0.058995000000000006
0.073411
0.090848
0.104901
0.11561800000000001
0.123509
0.128661
0.13073900000000002
0.12934600000000002
0.124482
0.116605
0.10640699999999999
0.094666
0.082027
0.078612
0.089816
0.10470499999999999
0.116721
0.12628699999999998
0.134106
0.140124
0.143709
0.144181
0.14122300000000002
0.134934
0.12578
0.114461
0.11039600000000001
0.119804
0.132922
0.142743
0.14985199999999999
0.155331
0.15971400000000002
0.162914
0.164372
0.163481
0.159998
0.154055
0.145841
0.13536900000000002
0.131054
0.139674
0.152419
0.16198800000000002
0.168785
0.173688
0.176953
0.178297
0.177403
0.174347
0.169548
0.163445
0.15624000000000002
0.155664
0.168266
0.18494000000000002
0.197371
0.20586300000000002
0.211733
0.215892
0.218525
0.21934499999999998
0.218088
0.214781
0.20969000000000002
0.20310799999999998
0.195139
0.192677
0.203279
0.21919
0.23170700000000002
0.241031
0.24776199999999998
0.251775
0.25264699999999995
0.250346
0.245387
0.238472
0.230233
0.221131
0.21130100000000002
0.20725900000000003
0.216848
0.23264400000000002
0.245571
0.255725
0.26364299999999996
0.26916599999999996
0.271729
0.270945
0.26705500000000004
0.260873
0.25316900000000003
0.244158
0.233648
0.227831
0.235184
0.24951500000000001
0.262061
0.272851
0.282357
0.290273
0.29585900000000004
0.298511
0.298051
0.294577
0.288134
0.278618
0.26604099999999997
0.257129
0.26042
0.270895
0.280617
0.288875
0.29596100000000003
0.301626
0.30543200000000004
0.307167
0.306927
0.30487600000000004
0.30094
0.294744
0.285787
0.279979
0.284456
0.294101
0.3016
0.306314
0.30914
0.31043899999999996
0.310308
0.30891199999999996
0.306483
0.303113
0.298595
0.29252100000000003
0.284503
0.280604
0.287923
0.301098
0.312164
0.319552
0.32357600000000003
0.324502
0.322558
0.318064
0.31153000000000003
0.30354200000000003
0.294523
0.284657
0.27400399999999997
0.26888
0.2767
0.291718
0.305465
0.31640999999999997
0.32454099999999997
0.32952600000000004
0.330914
0.328608
0.323058
0.314933
0.304709
0.292659
0.279045
0.270509
0.274919
0.286966
0.298558
0.30853400000000003
0.31713600000000003
0.324085
0.328751
0.330523
0.329011
0.324024
0.315591
0.304046
0.289926
0.280066
0.282276
0.291569
0.300188
0.30693899999999996
0.312276
0.316213
0.31845
0.318727
0.316973
0.313187
0.307237
0.29883000000000004
0.293871
0.299019
0.309508
0.318266
0.323995
0.327472
0.329204
0.329363
0.327901
0.324696
0.319734
0.313138
0.305039
0.29546
0.290558
0.297064
0.309567
0.320177
0.327292
0.331536
0.33323600000000003
0.332302
0.32866799999999996
0.322614
0.31466700000000003
0.305327
0.294933
0.283648
0.27770700000000004
0.284117
0.297241
0.30894499999999997
0.31775
0.323889
0.327175
0.327277
0.324235
0.318517
0.31067
0.301077
0.289932
0.277309
0.269487
0.273946
0.28534
0.295732
0.304043
0.310616
0.315224
0.317245
0.31612399999999996
0.311684
0.30418
0.294155
0.282138
0.268462
0.259662
0.263728
0.275006
0.285111
0.29316
0.299485
0.303925
0.306057
0.305604
0.302595
0.297185
0.289409
0.279131
0.26629200000000003
0.25747
0.26093299999999997
0.27115900000000004
0.279869
0.286446
0.291441
0.29484899999999997
0.29633699999999996
0.295671
0.29287399999999997
0.288071
0.281264
0.272287
0.260914
0.253322
0.257357
0.267171
0.274545
0.279217
0.281923
0.282803
0.281738
0.278735
0.274028
0.267908
0.260499
0.251697
0.24752800000000003
0.255488
0.269284
0.280171
0.287348
0.291254
0.292164
0.2904
0.286302
0.280106
0.272086
0.262646
0.252139
0.240704
0.234564
0.241693
0.255571
0.26712199999999997
0.275839
0.281993
0.285289
0.285142
0.281174
0.273606
0.263236
0.25096399999999996
0.237387
0.22281700000000002
0.21381999999999998
0.21884
0.23105
0.24121700000000001
0.249309
0.255752
0.260333
0.262486
0.261736
0.257929
0.251106
0.241288
0.228539
0.213162
0.202261
0.204504
0.21331
0.22013400000000002
0.225334
0.229555
0.232727
0.234379
0.234082
0.231686
0.22720900000000002
0.220579
0.211531
0.20632899999999998
0.21304499999999998
0.224967
0.233592
0.239281
0.242796
0.244497
0.244538
0.242929
0.239639
0.23479099999999997
0.22863200000000003
0.221302
0.212682
0.209142
0.21847600000000003
0.233147
0.24388400000000002
0.25079
0.254781
0.256289
0.255273
0.251709
0.24593299999999998
0.23846199999999998
0.22966999999999999
0.21972600000000003
0.208675
0.203206
0.21130300000000002
0.22562800000000002
0.23713499999999998
0.245745
0.251779
0.254943
0.254801
0.25139
0.245252
0.236999
0.227032
0.21555
0.208879
0.215164
0.22773800000000002
0.237736
0.24530500000000002
0.25111300000000003
0.255295
0.257579
0.257456
0.254416
0.248243
0.239175
0.22778800000000002
0.21460100000000001
0.206211
0.21080700000000002
0.22170399999999998
0.230186
0.236485
0.241218
0.244329
0.24538400000000002
0.244038
0.240296
0.234384
0.226464
0.216542
0.20463
0.19758499999999998
0.203624
0.21573
0.225167
0.232165
0.237492
0.24123200000000003
0.24302100000000001
0.24256100000000003
0.23989699999999997
0.235254
0.228723
0.220144
0.209221
0.202349
0.207618
0.218309
0.22616599999999998
0.23184699999999997
0.23619
0.239211
0.240537
0.23985
0.23711500000000002
0.232504
0.226162
0.218048
0.214373
0.223228
0.2377
0.24867399999999998
0.256179
0.260803
0.262815
0.262466
0.260008
0.25561999999999996
0.24957100000000002
0.24227600000000002
0.234039
0.22486599999999998
0.220793
0.22988899999999998
0.24525500000000003
0.257583
0.266808
0.273372
0.27707
0.277363
0.273905
0.266966
0.25739
0.24607800000000002
0.233567
0.220088
0.212009
0.21768
0.23054000000000002
0.24159
0.250816
0.258565
0.264477
0.26782100000000003
0.267999
0.264817
0.258357
0.24871999999999997
0.23604699999999998
0.220716
0.209494
0.211234
0.219948
0.22712399999999996
0.233089
0.238418
0.24295300000000003
0.246151
0.247521
0.246846
0.24405700000000002
0.238963
0.23117800000000002
0.22635999999999998
0.23220700000000002
0.242625
0.24947199999999997
0.253269
0.255161
0.255668
0.254954
0.25300500000000004
0.24974899999999997
0.24523899999999998
0.239627
0.232958
0.225043
0.221768
0.23108
0.246042
0.2573
0.264818
0.269378
0.27125900000000003
0.27026300000000003
0.266258
0.25963
0.251143
0.241486
0.23105
0.219962
0.21455100000000002
0.22297899999999998
0.238306
0.251251
0.261585
0.269499
0.274592
0.276344
0.27469699999999997
0.27010500000000004
0.26313000000000003
0.254146
0.24332399999999998
0.23071
0.22254200000000002
0.227327
0.23906599999999997
0.24911399999999997
0.257509
0.264681
0.270335
0.273777
0.274383
0.271899
0.266473
0.258493
0.248308
0.242128
0.24763400000000002
0.259267
0.26902
0.276479
0.282276
0.286558
0.289121
0.289646
0.287907
0.2839
0.277766
0.26955300000000004
0.25913400000000003
0.25250100000000003
0.257271
0.26816999999999996
0.277327
0.284074
0.288975
0.292044
0.292927
0.29138000000000003
0.287522
0.28168899999999997
0.274133
0.264909
0.25391199999999997
0.247052
0.251731
0.26214899999999997
0.2702
0.27558699999999997
0.27920300000000003
0.28121999999999997
0.28134000000000003
0.27936300000000003
0.275409
0.26973600000000003
0.26248499999999997
0.25359299999999996
0.24288099999999999
0.23630900000000002
0.241702
0.253193
0.262317
0.268531
0.272185
0.273283
0.271828
0.268065
0.262423
0.255364
0.247202
0.23799
0.227586
0.222023
0.229517
0.24363400000000002
0.255306
0.264261
0.270754
0.274528
0.275122
0.272302
0.266341
0.257936
0.24778200000000003
0.236265
0.22964099999999998
0.235975
0.249327
0.26113800000000004
0.271042
0.279444
0.28623699999999996
0.29097399999999995
0.293103
0.292164
0.287961
0.280529
0.269998
0.256616
0.24695300000000003
0.249237
0.258189
0.265785
0.271571
0.27616
0.279534
0.281283
0.281073
0.278877
0.274831
0.268972
0.26114299999999996
0.251042
0.24439
0.24847800000000003
0.25757800000000003
0.263874
0.267338
0.268943
0.26902
0.26753699999999997
0.264498
0.26009299999999996
0.25458000000000003
0.248056
0.24036
0.23117
0.22619699999999998
0.233077
0.245662
0.255292
0.26148299999999997
0.264671
0.26508000000000004
0.26279600000000003
0.257944
0.25090100000000004
0.242256
0.232501
0.221854
0.21631
0.22378800000000001
0.238004
0.250132
0.259875
0.26753299999999997
0.272923
0.275567
0.274955
0.270881
0.263696
0.25408200000000003
0.242606
0.229586
0.22130999999999998
0.226093
0.23776599999999998
0.24755700000000003
0.255425
0.261862
0.266692
0.269351
0.269354
0.266544
0.261017
0.25301399999999996
0.242905
0.231001
0.22346300000000002
0.228319
0.239391
0.248113
0.25458200000000003
0.259473
0.26282
0.264292
0.263625
0.260839
0.256105
0.249453
0.24067
0.22943899999999998
0.221717
0.22588000000000003
0.23631300000000002
0.244709
0.251089
0.25603000000000004
0.259474
0.26098899999999997
0.260263
0.257374
0.25262399999999996
0.246204
0.23806100000000002
0.227994
0.221885
0.227687
0.239213
0.247879
0.253814
0.257838
0.260125
0.26050300000000004
0.258939
0.255668
0.250969
0.244918
0.23734899999999998
0.233933
0.24193
0.25547800000000004
0.266385
0.27412600000000004
0.279163
0.281552
0.28122600000000003
0.278302
0.273069
0.265873
0.25709
0.24705300000000002
0.235929
0.22970900000000002
0.23607899999999998
0.249018
0.259967
0.268377
0.274489
0.278001
0.278351
0.27518000000000004
0.268577
0.259077
0.247457
0.23440500000000003
0.220277
0.211177
0.21535100000000001
0.226575
0.236015
0.24366999999999997
0.249987
0.254789
0.25754099999999996
0.257774
0.255298
0.250089
0.242048
0.230973
0.21682800000000002
0.206002
0.20731599999999997
0.215166
0.22128699999999998
0.226046
0.23011199999999998
0.233417
0.23547600000000002
0.23585599999999998
0.23440100000000003
0.23111199999999998
0.22590500000000002
0.218513
0.21454
0.22166100000000002
0.23373899999999997
0.242522
0.248402
0.252229
0.254282
0.254626
0.253332
0.250498
0.24631999999999998
0.24105500000000002
0.23483400000000001
0.22754000000000002
0.224913
0.23449499999999998
0.24976700000000002
0.261827
0.270284
0.275638
0.27813499999999997
0.277845
0.27486
0.269521
0.262363
0.253827
0.24411799999999997
0.233291
0.227367
0.23415999999999998
0.24764099999999997
0.259233
0.268466
0.27557
0.280165
0.281582
0.279485
0.274212
0.266455
0.256728
0.245246
0.23212399999999997
0.223399
0.227021
0.237393
0.246308
0.25346199999999997
0.259235
0.263439
0.26555700000000004
0.26514
0.262007
0.256168
0.24772600000000003
0.2369
0.229696
0.23360300000000003
0.243376
0.251395
0.25738099999999997
0.262021
0.265513
0.26769299999999996
0.268235
0.266824
0.26332
0.257739
0.250079
0.24020500000000003
0.233776
0.238208
0.248227
0.25619899999999995
0.261854
0.265777
0.268018
0.268309
0.266469
0.26263800000000004
0.257158
0.250289
0.242076
0.23237800000000003
0.226898
0.233111
0.244939
0.25404099999999996
0.260411
0.264913
0.267683
0.268391
0.266852
0.26326700000000003
0.258
0.251246
0.24296199999999998
0.238798
0.245806
0.25856399999999996
0.26929200000000003
0.277307
0.283097
0.28674099999999997
0.28811
0.287145
0.283926
0.278674
0.271741
0.26345799999999997
0.25395700000000004
0.24901399999999999
0.255581
0.268332
0.279579
0.288429
0.295227
0.29979
0.301615
0.30033000000000004
0.29597199999999996
0.28899600000000003
0.28008
0.269823
0.258519
0.252013
0.257203
0.269032
0.28003
0.28918699999999997
0.29683200000000004
0.302752
0.306383
0.307273
0.305318
0.300627
0.293242
0.28307899999999997
0.27570300000000003
0.277445
0.28479299999999996
0.29181799999999997
0.297217
0.30170399999999997
0.30558
0.308635
0.310382
0.31034
0.308256
0.304102
0.297877
0.289441
0.284215
0.288034
0.296794
0.30435500000000004
0.30943000000000004
0.312683
0.314263
0.31403600000000004
0.312054
0.308666
0.304306
0.29925
0.2935
0.28679699999999997
0.28444899999999995
0.292085
0.305043
0.316471
0.324504
0.329571
0.331984
0.331865
0.329374
0.324869
0.318812
0.311513
0.30303
0.29883200000000004
0.30434
0.316011
0.328002
0.33808299999999997
0.346481
0.353088
0.357376
0.358691
0.356643
0.351394
0.343515
0.333631
0.32218600000000003
0.315052
0.317716
0.326925
0.337009
0.34547100000000003
0.352529
0.358061
0.361626
0.36287600000000003
0.36175
0.35834
0.352705
0.344878
0.334958
0.328613
0.33082399999999995
0.33878600000000003
0.347467
0.35428699999999996
0.359738
0.363962
0.366684
0.367625
0.366714
0.36398800000000003
0.359389
0.352689
0.34358099999999997
0.33734400000000003
0.33868200000000004
0.345391
0.353013
0.358766
0.363018
0.365821
0.366911
0.366108
0.363503
0.359344
0.353797
0.34683
0.33824899999999997
0.333429
0.33708
0.346175
0.35536999999999996
0.361713
0.365637
0.36751999999999996
0.367496
0.365714
0.362431
0.357916
0.352271
0.345383
0.342482
0.34771599999999997
0.358525
0.370188
0.379395
0.386303
0.390924
0.39298299999999997
0.392252
0.388778
0.382875
0.37499499999999997
0.365566
0.35489299999999996
0.34863099999999997
0.351234
0.36032800000000004
0.371126
0.380087
0.387182
0.392206
0.39468400000000003
0.394271
0.390973
0.385137
0.377289
0.36787800000000004
0.357143
0.350611
0.352588
0.360737
0.37049899999999997
0.37861300000000003
0.385383
0.39089
0.394829
0.396862
0.39679200000000003
0.3945
0.389814
0.382502
0.372465
0.365325
0.365467
0.37154699999999996
0.379807
0.386702
0.392461
0.397071
0.400146
0.401358
0.40065
0.398123
0.393828
0.387666
0.384738
0.388019
0.395978
0.405122
0.41140299999999996
0.41535299999999997
0.417571
0.418307
0.417621
0.415563
0.412232
0.407731
0.402098
0.395243
0.392314
0.39623800000000003
0.405513
0.416519
0.42471899999999996
0.430117
0.43278999999999995
0.432701
0.429994
0.42508
0.418479
0.410634
0.401857
0.392313
0.387332
0.390052
0.399
0.410459
0.41988400000000003
0.42715200000000003
0.432087
0.434275
0.433532
0.430109
0.42448100000000005
0.41706400000000005
0.408044
0.397436
0.390604
0.390936
0.39749
0.407016
0.415207
0.422175
0.427892
0.431937
0.433855
0.43335500000000005
0.430302
0.424696
0.416656
0.411595
0.412318
0.41859799999999997
0.42797799999999997
0.435692
0.44197
0.447064
0.45087700000000003
0.45319799999999993
0.453837
0.452671
0.449654
0.444762
0.437899
0.43412700000000004
0.43544700000000003
0.441749
0.450925
0.45783900000000005
0.46277299999999993
0.465991
0.467423
0.46703999999999996
0.464984
0.461479
0.45669499999999996
0.450666
0.44328100000000004
0.439562
0.44123100000000004
0.44802200000000003
0.45761999999999997
0.46450600000000003
0.468918
0.47126
0.47165
0.47017
0.46698100000000003
0.462312
0.456354
0.449147
0.440605
0.435791
0.43661000000000005
0.443068
0.45301800000000003
0.460873
0.466504
0.46987700000000004
0.470786
0.469217
0.465429
0.459834
0.452797
0.444485
0.439928
0.44063599999999997
0.447008
0.457391
0.466054
0.47301000000000004
0.47842399999999996
0.482121
0.483779
0.483079
0.47980500000000004
0.47398599999999996
0.465909
0.455945
0.44950500000000004
0.448392
0.453255
0.462534
0.470425
0.47691400000000006
0.482041
0.485491
0.486962
0.486342
0.48366099999999995
0.47897399999999996
0.47229799999999994
0.46367299999999995
0.458338
0.457851
0.46288199999999996
0.47198599999999996
0.479264
0.484854
0.489062
0.491857
0.49313199999999996
0.49286199999999997
0.491059
0.48766899999999996
0.48249899999999996
0.475261
0.47079899999999997
0.47013900000000003
0.47425
0.482217
0.48814700000000005
0.492388
0.495386
0.49711000000000005
0.49739799999999995
0.496195
0.49353400000000003
0.489442
0.483885
0.481724
0.483526
0.49017200000000005
0.500945
0.509437
0.515347
0.5189590000000001
0.520423
0.51985
0.517424
0.51341
0.508074
0.501666
0.494361
0.4911
0.492438
0.49903100000000006
0.510282
0.5199239999999999
0.5273359999999999
0.5324720000000001
0.535017
0.534712
0.531622
0.526119
0.5186850000000001
0.509778
0.49975200000000003
0.49369700000000005
0.49236899999999995
0.496697
0.506306
0.515035
0.5223300000000001
0.528183
0.532258
0.534176
0.53369
0.530671
0.525059
0.516886
0.5062979999999999
0.49843699999999996
0.494364
0.495468
0.501836
0.5076109999999999
0.512429
0.516462
0.519504
0.5212640000000001
0.521529
0.5201399999999999
0.5169090000000001
0.511574
0.50867
0.508761
0.5122180000000001
0.519516
0.525617
0.529816
0.532593
0.534148
0.534524
0.533746
0.531816
0.52873
0.5245
0.5190939999999999
0.517235
0.519371
0.5254300000000001
0.535456
0.544025
0.5500689999999999
0.5537880000000001
0.555257
0.5546409999999999
0.552215
0.54828
0.543141
0.537032
0.530045
0.527036
0.528591
0.53461
0.545329
0.555342
0.563148
0.568647
0.571682
0.572222
0.5704
0.566484
0.560808
0.5535800000000001
0.544851
0.539478
0.538263
0.541111
0.548936
0.557
0.563631
0.568766
0.572125
0.5733550000000001
0.572228
0.5687270000000001
0.562988
0.5551520000000001
0.54538
0.538733
0.5361600000000001
0.537673
0.544238
0.55114
0.5567449999999999
0.5610390000000001
0.563854
0.564995
0.564362
0.56189
0.5574720000000001
0.5509689999999999
0.546932
0.546098
0.547724
0.5535180000000001
0.559919
0.564878
0.568574
0.571074
0.57229
0.572094
0.570362
0.5670069999999999
0.561999
0.555315
0.551549
0.5513100000000001
0.553883
0.560766
0.5679420000000001
0.57323
0.576759
0.578584
0.578683
0.5771729999999999
0.574291
0.570256
0.5651689999999999
0.5589850000000001
0.556344
0.557718
0.562171
0.570715
0.578923
0.5847479999999999
0.588446
0.590201
0.590178
0.588679
0.5859260000000001
0.581933
0.57662
0.569879
0.566377
0.566778
0.5701930000000001
0.578196
0.586813
0.5935819999999999
0.598329
0.600803
0.600829
0.598488
0.593968
0.587539
0.579576
0.574925
0.574388
0.576466
0.583376
0.5919949999999999
0.5992149999999999
0.604929
0.6090369999999999
0.611298
0.6114850000000001
0.609422
0.605017
0.598372
0.589752
0.583899
0.581705
0.58177
0.586721
0.593758
0.599676
0.6044109999999999
0.607867
0.609854
0.610269
0.609061
0.606167
0.601496
0.594934
0.590988
0.590404
0.59142
0.5966060000000001
0.603379
0.608626
0.612398
0.6147729999999999
0.6158100000000001
0.615614
0.6142380000000001
0.611626
0.6076239999999999
0.601997
0.599097
0.5993930000000001
0.600906
0.606226
0.612754
0.617324
0.6200979999999999
0.621382
0.6213390000000001
0.620017
0.617441
0.6136189999999999
0.6085050000000001
0.6065020000000001
0.6081949999999999
0.611102
0.6181909999999999
0.627271
0.634354
0.639278
0.642093
0.642821
0.64148
0.638177
0.6331939999999999
0.6268600000000001
0.619422
0.615488
0.615825
0.6178130000000001
0.624559
0.6340020000000001
0.641804
0.647606
0.6512060000000001
0.652406
0.65117
0.6476689999999999
0.642203
0.635039
0.626409
0.6209939999999999
0.6196520000000001
0.619757
0.624676
0.632666
0.6394920000000001
0.644989
0.6491020000000001
0.6516770000000001
0.652565
0.6515920000000001
0.648536
0.643195
0.635501
0.6299560000000001
0.627405
0.625318
0.627683
0.633304
0.637961
0.6416029999999999
0.644275
0.645877
0.646296
0.645401
0.64302
0.638944
0.637232
0.6383260000000001
0.638744
0.64271
0.649544
0.654433
0.6575270000000001
0.659239
0.659704
0.658971
0.6571100000000001
0.654165
0.650138
0.645025
0.643097
0.644903
0.6468510000000001
0.652821
0.661738
0.668523
0.67301
0.6752819999999999
0.675425
0.673759
0.670651
0.666331
0.6609729999999999
0.65472
0.6519520000000001
0.653265
0.655032
0.661287
0.671038
0.679028
0.684891
0.688546
0.68998
0.689346
0.686762
0.682304
0.6761550000000001
0.668515
0.663778
0.662686
0.661626
0.6651819999999999
0.672902
0.679439
0.684541
0.688146
0.690064
0.690109
0.6881079999999999
0.683976
0.677761
0.673633
0.672317
0.669948
0.671425
0.677407
0.682647
0.686736
0.689832
0.691882
0.69276
0.692318
0.690349
0.686661
0.6811729999999999
0.6780430000000001
0.6780619999999999
0.677179
0.679879
0.686813
0.6928
0.69721
0.700067
0.701425
0.701433
0.700226
0.697861
0.694362
0.689686
0.687852
0.689293
0.689593
0.6932510000000001
0.700854
0.707036
0.711267
0.713856
0.715104
0.715168
0.714058
0.711707
0.708017
0.702862
0.700345
0.701082
0.700824
0.704114
0.711534
0.717647
0.721767
0.724056
0.724582
0.7234010000000001
0.720666
0.7165600000000001
0.711175
0.708565
0.70937
0.70955
0.712449
0.719522
0.726579
0.731919
0.73548
0.737174
0.7369100000000001
0.734708
0.7306600000000001
0.724838
0.717379
0.712514
0.711212
0.70972
0.7113010000000001
0.717639
0.724692
0.730445
0.734683
0.737293
0.7381939999999999
0.737304
0.734533
0.7298479999999999
0.7233430000000001
0.7191529999999999
0.718017
0.716022
0.7165739999999999
0.7216600000000001
0.7274510000000001
0.732109
0.7356600000000001
0.7381850000000001
0.739689
0.740062
0.739075
0.73645
0.7319060000000001
0.729244
0.7290810000000001
0.727542
0.728021
0.7324430000000001
0.7370869999999999
0.7403689999999999
0.742484
0.743528
0.7435470000000001
0.7425510000000001
0.740455
0.737109
0.736276
0.73843
0.739516
0.7417279999999999
0.74747
0.753791
0.7582
0.760757
0.761576
0.760851
0.758861
0.755729
0.751458
0.7461220000000001
0.743713
0.744912
0.745816
0.748517
0.755509
0.763691
0.76994
0.773921
0.7756649999999999
0.7753760000000001
0.773228
0.769329
0.7639239999999999
0.757383
0.75379
0.753826
0.753638
0.755203
0.761259
0.769
0.775284
0.779899
0.7828229999999999
0.784003
0.783328
0.780706
0.776123
0.769562
0.7648520000000001
0.7628119999999999
0.7599859999999999
0.758522
0.7616569999999999
0.767057
0.771569
0.775039
0.777446
0.778695
0.778594
0.776854
0.7731819999999999
0.771089
0.77115
0.769838
0.768127
0.769996
0.7743220000000001
0.777389
0.7792789999999999
0.780175
0.7801640000000001
0.779295
0.777502
0.77463
0.770548
0.768853
0.770062
0.770419
0.770841
0.77513
0.7816960000000001
0.786367
0.788953
0.78982
0.789329
0.78766
0.784892
0.781141
0.7765270000000001
0.774835
0.776609
0.777964
0.779849
0.7856529999999999
0.793416
0.799233
0.803045
0.805078
0.805477
0.804396
0.801968
0.798211
0.7930689999999999
0.7903279999999999
0.790682
0.790417
0.790539
0.7948890000000001
0.801901
0.807495
0.811388
0.81357
0.8140890000000001
0.813
0.810221
0.805608
0.8028029999999999
0.802624
0.801737
0.800029
0.8024279999999999
0.808789
0.814052
0.817948
0.8205379999999999
0.821783
0.821591
0.819802
0.81624
0.810896
0.807439
0.806629
0.805094
0.802434
0.803949
0.809813
0.8145859999999999
0.817913
0.819944
0.8208049999999999
0.8205319999999999
0.819059
0.81629
0.812141
0.810037
0.810461
0.809896
0.807982
0.809812
0.815333
0.8193030000000001
0.821702
0.822947
0.823298
0.822829
0.821433
0.818893
0.8150029999999999
0.8132050000000001
0.814002
0.8137409999999999
0.812136
0.814164
0.8197540000000001
0.823851
0.8261850000000001
0.826975
0.8265469999999999
0.8251219999999999
0.822643
0.8189420000000001
0.817458
0.818797
0.819533
0.819157
0.8220430000000001
0.8287059999999999
0.834385
0.8381719999999999
0.8401850000000001
0.8406379999999999
0.839667
0.8372639999999999
0.8334229999999999
0.8282870000000001
0.825509
0.82585
0.8260350000000001
0.825594
0.828786
0.8361879999999999
0.8429989999999999
0.848039
0.8513
0.852841
0.8526739999999999
0.85083
0.847425
0.842577
0.839773
0.839684
0.839093
0.837641
0.8395100000000001
0.845648
0.851656
0.8563040000000001
0.8596799999999999
0.8618969999999999
0.862901
0.86244
0.860182
0.8558899999999999
0.85296
0.8521290000000001
0.8501559999999999
0.8466049999999999
0.845557
0.848599
0.8519469999999999
0.854267
0.8556879999999999
0.856355
0.8562360000000001
0.855096
0.852635
0.851901
0.8532799999999999
0.853449
0.8520049999999999
0.851678
0.854856
0.858878
0.861273
0.862232
0.862142
0.8611969999999999
0.859395
0.856665
0.8529639999999999
0.851526
0.852925
0.853965
0.854066
0.855714
0.860927
0.8667540000000001
0.8706799999999999
0.8727450000000001
0.873167
0.8721549999999999
0.8699309999999999
0.866682
0.862525
0.860844
0.86226
0.863489
0.8639209999999999
0.866403
0.872783
0.879754
0.8849239999999999
0.888258
0.889984
0.890292
0.8891459999999999
0.886332
0.881733
0.8788
0.8783620000000001
0.8773350000000001
0.8753200000000001
0.875286
0.879495
0.884942
0.889136
0.8920049999999999
0.8935879999999999
0.893755
0.8922540000000001
0.8889020000000001
0.886869
0.8867459999999999
0.885459
0.882692
0.879993
0.881117
0.8849389999999999
0.887792
0.889608
0.8905629999999999
0.890703
0.8899370000000001
0.888065
0.884856
0.883194
0.8835569999999999
0.883043
0.881374
0.879711
0.881655
0.886001
0.888825
0.890207
0.8905430000000001
0.8900450000000001
0.888776
0.886713
0.8837889999999999
0.883044
0.8849290000000001
0.886251
0.88639
0.88669
0.8905700000000001
0.8965129999999999
0.900719
0.903114
0.904118
0.904109
0.903166
0.9011
0.900695
0.902423
0.9034110000000001
0.903273
0.902071
0.9043479999999999
0.9101090000000001
0.9144540000000001
0.917167
0.918552
0.9187719999999999
0.917789
0.9154680000000001
0.911725
0.909616
0.909818
0.909552
0.908531
0.9071899999999999
0.909789
0.9157629999999999
0.920275
0.9231020000000001
0.924472
0.9245190000000001
0.92332
0.920934
0.917367
0.9156129999999999
0.916201
0.9162459999999999
0.9154549999999999
0.9140959999999999
0.9166209999999999
0.922766
0.927652
0.931107
0.933376
0.934526
0.934391
0.9326639999999999
0.929098
0.926633
0.9260120000000001
0.924578
0.9219959999999999
0.918377
0.918284
0.9221809999999999
0.9254760000000001
0.9277340000000001
0.9291590000000001
0.9298059999999999
0.9295120000000001
0.927981
0.927789
0.929285
0.9296559999999999
0.928609
0.926384
0.926082
0.929127
0.9323450000000001
0.9342389999999999
0.935168
0.935483
0.935268
0.9344030000000001
0.932693
0.932768
0.9350459999999999
0.9367690000000001
0.93748
0.9370870000000001
0.93842
0.942889
0.9473090000000001
0.950034
0.951253
0.9512280000000001
0.950132
0.9480850000000001
0.945175
0.94432
0.9460930000000001
0.947731
0.948743
0.948998
0.951519
0.957405
0.963002
0.9667030000000001
0.968728
0.96939
0.9687520000000001
0.966643
0.962907
0.9604459999999999
0.959987
0.95899
0.957205
0.95475
0.954849
0.958943
0.9635819999999999
0.9670270000000001
0.9692709999999999
0.970258
0.9697540000000001
0.9675370000000001
0.9635389999999999
0.9606809999999999
0.9595600000000001
0.9574959999999999
0.954261
0.950118
0.9484809999999999
0.950883
0.953951
0.956102
0.957463
0.9580989999999999
0.957867
0.956506
0.9537530000000001
0.9523020000000001
0.952675
0.952217
0.9505809999999999
0.947774
0.9468700000000001
0.949443
0.952349
0.9540629999999999
0.9548409999999999
0.954867
0.9541280000000001
0.9524969999999999
0.9524889999999999
0.9544809999999999
0.955808
0.956024
0.955105
0.954527
0.95724
0.961678
0.964622
0.965986
0.9659760000000001
0.964778
0.9625309999999999
0.95926
0.9576110000000001
0.9581209999999999
0.958291
0.9577979999999999
0.956642
0.95678
0.960383
0.964994
0.967935
0.969382
0.969625
0.968715
0.966578
0.9631379999999999
0.961191
0.961374
0.961098
0.9600040000000001
0.9581459999999999
0.957946
0.9613709999999999
0.9656969999999999
0.968576
0.970057
0.970269
0.969217
0.9668389999999999
0.963008
0.960357
0.95941
0.957625
0.954793
0.9511620000000001
0.949268
0.951191
0.954292
0.956225
0.9570270000000001
0.956794
0.955426
0.952728
0.9486049999999999
0.9459700000000001
0.945465
0.9443809999999999
0.942307
0.939314
0.938572
0.94168
0.9453959999999999
0.947996
0.949578
0.9502879999999999
0.9500870000000001
0.948784
0.9487959999999999
0.950451
0.95115
0.9506479999999999
0.949206
0.948176
0.9506030000000001
0.955125
0.9583879999999999
0.960374
0.9613719999999999
0.9615239999999999
0.960792
0.959052
0.9587889999999999
0.9604209999999999
0.9614309999999999
0.9614520000000001
0.960468
0.959786
0.9622700000000001
0.966377
0.968933
0.9700219999999999
0.9699610000000001
0.968933
0.9670190000000001
0.964274
0.9634159999999999
0.964886
0.965973
0.9662120000000001
0.965535
0.9656520000000001
0.968938
0.97325
0.9757620000000001
0.976642
0.9762850000000001
0.974816
0.9721
0.9679540000000001
0.9649629999999999
0.963759
0.96205
0.959659
0.9566879999999999
0.9547399999999999
0.956533
0.96021
0.962607
0.963622
0.963306
0.9615520000000001
0.9582430000000001
0.953369
0.949693
0.9478200000000001
0.945284
0.941831
0.9376260000000001
0.9350629999999999
0.936423
0.9393229999999999
0.941367
0.94263
0.943214
0.942995
0.9417059999999999
0.941583
0.9428799999999999
0.9431280000000001
0.942132
0.940074
0.9377120000000001
0.938544
0.941838
0.9439219999999999
0.9448620000000001
0.944996
0.944464
0.943247
0.9412379999999999
0.940801
0.942318
0.9433379999999999
0.943449
0.9425709999999999
0.9418059999999999
0.9441729999999999
0.948257
0.950628
0.951342
0.9507639999999999
0.9491459999999999
0.94665
0.9433440000000001
0.9418790000000001
0.9427399999999999
0.9433360000000001
0.943224
0.942327
0.942471
0.9458790000000001
0.9503870000000001
0.9535049999999999
0.955382
0.956158
0.955751
0.9539790000000001
0.9506969999999999
0.948528
0.948076
0.9469350000000001
0.944842
0.9419379999999999
0.940011
0.9417059999999999
0.9451209999999999
0.947297
0.948206
0.948026
0.9468219999999999
0.9444870000000001
0.943284
0.943578
0.9430360000000001
0.9414299999999999
0.9389709999999999
0.935926
0.9362370000000001
0.939723
0.9421709999999999
0.9434610000000001
0.943795
0.9432450000000001
0.9417559999999999
0.9391930000000001
0.9378610000000001
0.938268
0.938219
0.9374389999999999
0.935974
0.934124
0.935616
0.940019
0.943268
0.945314
0.9464020000000001
0.946614
0.945881
0.94405
0.9434440000000001
0.944457
0.944688
0.9438409999999999
0.9420719999999999
0.94026
0.941737
0.945527
0.9480040000000001
0.949269
0.949699
0.9494290000000001
0.948324
0.9461209999999999
0.9451299999999999
0.945728
0.94544
0.943868
0.941045
0.938265
0.938807
0.941506
0.943052
0.94347
0.9430059999999999
0.941736
0.9396110000000001
0.9388639999999999
0.9398129999999999
0.940132
0.9395319999999999
0.9381219999999999
0.9358920000000001
0.9365319999999999
0.94021
0.9428
0.943925
0.943917
0.9429850000000001
0.941147
0.938334
0.9367549999999999
0.9368790000000001
0.9367059999999999
0.9361280000000001
0.935258
0.9339879999999999
0.935944
0.9411950000000001
0.945485
0.9483389999999999
0.9499299999999999
0.9503309999999999
0.9495540000000001
0.947617
0.9468629999999999
0.947733
0.948003
0.947392
0.945997
0.943886
0.9452530000000001
0.950082
0.9539540000000001
0.956816
0.958889
0.9601209999999999
0.960239
0.958874
0.958124
0.958411
0.957606
0.9555389999999999
0.9523389999999999
0.9481930000000001
0.9472799999999999
0.949585
0.9509299999999999
0.9514030000000001
0.951282
0.950559
0.9490430000000001
0.9486979999999999
0.9497450000000001
0.949953
0.948968
0.946836
0.943609
0.9419270000000001
0.9432659999999999
0.9449110000000001
0.945313
0.9446399999999999
0.9430950000000001
0.9407969999999999
0.937783
0.9361219999999999
0.9361950000000001
0.936025
0.9353879999999999
0.934313
0.932639
0.9328930000000001
0.936099
0.939233
0.941017
0.9416700000000001
0.9413159999999999
0.939939
0.9374680000000001
0.9360649999999999
0.936262
0.936126
0.93545
0.9342809999999999
0.932543
0.933652
0.938066
0.941961
0.944624
0.9462
0.946752
0.9462290000000001
0.946515
0.947824
0.9481209999999999
0.9471569999999999
0.9450790000000001
0.942047
0.9399299999999999
0.941075
0.9437129999999999
0.945459
0.946358
0.946517
0.945853
0.9441649999999999
0.943376
0.943892
0.9437909999999999
0.9428110000000001
0.9410139999999999
0.938385
0.937154
0.9389860000000001
0.941509
0.9429770000000001
0.943524
0.943308
0.9423600000000001
0.940599
0.940016
0.9409270000000001
0.9412780000000001
0.940845
0.9397969999999999
0.938141
0.93815
0.9412719999999999
0.944923
0.9474319999999999
0.948967
0.949701
0.9495809999999999
0.948407
0.948101
0.949039
0.949261
0.948498
0.9467979999999999
0.944149
0.942901
0.944875
0.947715
0.9496110000000001
0.9506370000000001
0.950835
0.9500629999999999
0.950125
0.951384
0.952001
0.9517040000000001
0.9505549999999999
0.9485680000000001
0.9464530000000001
0.9471879999999999
0.9499190000000001
0.9514030000000001
0.951692
0.9511149999999999
0.949807
0.947714
0.946623
0.946844
0.9465629999999999
0.945616
0.944198
0.942341
0.940745
0.942247
0.9458479999999999
0.9483090000000001
0.949558
0.9496959999999999
0.9487059999999999
0.946564
0.945249
0.9452459999999999
0.9447989999999999
0.943702
0.942039
0.93978
0.9380850000000001
0.9396100000000001
0.9430950000000001
0.945738
0.9475399999999999
0.948576
0.9487049999999999
0.9476559999999999
0.9471579999999999
0.9474950000000001
0.946843
0.945102
0.942464
0.938983
0.9363879999999999
0.936989
0.9390629999999999
0.9403020000000001
0.9408489999999999
0.94085
0.940199
