1.0142010000000001
1.013312
1.013757
1.013655
1.012773
1.0110860000000002
1.008525
1.0063950000000002
1.007387
1.010158
1.0120069999999999
1.012993
1.0131379999999999
1.012324
1.010425
1.009508
1.009993
1.009841
1.008745
1.006794
1.00409
1.0020850000000001
1.0033
1.0062209999999998
1.0081360000000001
1.009003
1.008938
1.008037
1.006248
1.005649
1.006684
1.007276
1.007017
1.0058200000000002
1.003579
1.001973
1.00337
1.006108
1.007851
1.008637
1.008577
1.007608
1.0055450000000001
1.0045600000000001
1.005235
1.005511
1.005044
1.003859
1.0019049999999998
1.001225
1.0036370000000001
1.006756
1.008416
1.0086899999999999
1.007824
1.005881
1.002773
1.000757
1.000362
0.999475
0.9978389999999999
0.995597
0.9927379999999999
0.9916219999999999
0.993848
0.996761
0.9985069999999999
0.9991030000000001
0.9985860000000001
0.9969379999999999
0.9941559999999999
0.9924639999999999
0.992245
0.9913370000000001
0.989502
0.986856
0.983455
0.9821129999999999
0.984332
0.987208
0.989133
0.990187
0.990401
0.989611
0.989664
0.990814
0.9911110000000001
0.9904629999999999
0.989035
0.986844
0.98469
0.985627
0.9886870000000001
0.9905809999999999
0.991466
0.9916290000000001
0.9911209999999999
0.989893
0.989894
0.9913850000000001
0.992287
0.992284
0.991394
0.989606
0.9882120000000001
0.989828
0.9930110000000001
0.9949620000000001
0.995785
0.995661
0.9946889999999999
0.992901
0.9923690000000001
0.9934379999999999
0.9940709999999999
0.994008
0.993251
0.9916790000000001
0.9909479999999999
0.993123
0.9963290000000001
0.998338
0.999194
0.9989979999999999
0.9977239999999999
0.9952059999999999
0.993527
0.9932840000000001
0.9925799999999999
0.9911260000000001
0.9889600000000001
0.9860639999999999
0.9842059999999999
0.9854200000000001
0.9876950000000001
0.988768
0.988798
0.988038
0.986452
0.9837940000000001
0.982153
0.9819899999999999
0.981216
0.979605
0.97736
0.974507
0.973433
0.9757370000000001
0.9788540000000001
0.9810469999999999
0.9823280000000001
0.9826940000000001
0.981977
0.9820469999999999
0.9833379999999999
0.984024
0.9839049999999999
0.983107
0.9816239999999999
0.979693
0.9807319999999999
0.9844229999999999
0.987138
0.9888129999999999
0.9896389999999999
0.9896440000000001
0.9886969999999999
0.988599
0.9896379999999999
0.9899
0.989192
0.9877229999999999
0.985509
0.983037
0.983499
0.9862270000000001
0.987833
0.9884430000000001
0.988401
0.987777
0.9864200000000001
0.986239
0.987554
0.9883129999999999
0.9881540000000001
0.987042
0.984964
0.9832299999999999
0.984526
0.987474
0.989284
0.990084
0.990051
0.9891610000000001
0.987334
0.9865200000000001
0.987083
0.9871059999999999
0.986358
0.98487
0.982525
0.9803299999999999
0.980972
0.983292
0.984562
0.9848889999999999
0.9843790000000001
0.982984
0.980527
0.978967
0.978808
0.978268
0.977175
0.97554
0.9732959999999999
0.972248
0.9744219999999999
0.9777790000000001
0.9800559999999999
0.981248
0.9814379999999999
0.980651
0.9807239999999999
0.9819200000000001
0.9824309999999999
0.982095
0.98101
0.97924
0.976816
0.977418
0.981158
0.984146
0.986158
0.987275
0.987424
0.986456
0.9861559999999999
0.9869879999999999
0.9872719999999999
0.9867540000000001
0.985474
0.9834309999999999
0.9804700000000001
0.9804129999999999
0.9834799999999999
0.9857530000000001
0.9871719999999999
0.9879120000000001
0.9880129999999999
0.9873370000000001
0.9876280000000001
0.989144
0.989957
0.9898110000000001
0.9888600000000001
0.987133
0.985043
0.985964
0.9894299999999999
0.991923
0.993477
0.994367
0.9946
0.9939399999999999
0.994137
0.995542
0.9962840000000001
0.9960530000000001
0.9948610000000001
0.9926530000000001
0.989785
0.9898950000000001
0.9926959999999999
0.9945229999999999
0.995341
0.9952639999999999
0.994192
0.9920030000000001
0.990728
0.990851
0.9905
0.98944
0.987722
0.985251
0.982815
0.983341
0.985933
0.987609
0.988401
0.988331
0.9872920000000001
0.9851690000000001
0.983916
0.9840209999999999
0.9837739999999999
0.9830030000000001
0.9816969999999999
0.9797549999999999
0.978137
0.979693
0.983275
0.9857670000000001
0.987093
0.9873799999999999
0.986707
0.985016
0.984243
0.984883
0.9851
0.984554
0.983251
0.981259
0.9797680000000001
0.981574
0.9854950000000001
0.988574
0.9907090000000001
0.991874
0.991927
0.992556
0.994093
0.9949049999999999
0.9948440000000001
0.993976
0.9923549999999999
0.989959
0.9898819999999999
0.9928819999999999
0.9957739999999999
0.997783
0.9989450000000001
0.999259
0.998653
0.996964
0.996129
0.996541
0.9962200000000001
0.9949319999999999
0.992843
0.9899100000000001
0.987766
0.988743
0.9910620000000001
0.9922979999999999
0.992541
0.992016
0.990725
0.990469
0.9915860000000001
0.9922139999999999
0.9919889999999999
0.9908450000000001
0.9887290000000001
0.985642
0.9852540000000001
0.987917
0.9898239999999999
0.990547
0.99024
0.988915
0.9865010000000001
0.98482
0.984331
0.983384
0.9818049999999999
0.979743
0.977216
0.974024
0.9736739999999999
0.9763299999999999
0.978131
0.978886
0.978814
0.977972
0.976339
0.9758209999999999
0.976743
0.977246
0.97719
0.9766879999999999
0.975676
0.97504
0.977571
0.982137
0.98565
0.988083
0.989533
0.9899969999999999
0.989442
0.989743
0.9912290000000001
0.992059
0.9920190000000001
0.9911700000000001
0.989526
0.987786
0.9891200000000001
0.9927379999999999
0.9952690000000001
0.99669
0.997078
0.996334
0.9942709999999999
0.992906
0.9928530000000001
0.9923059999999999
0.9909530000000001
0.9887969999999999
0.985817
0.983142
0.9835020000000001
0.985771
0.987203
0.987828
0.9877309999999999
0.986843
0.9868309999999999
0.987878
0.9881459999999999
0.987398
0.9857899999999999
0.9835139999999999
0.980593
0.979619
0.981706
0.9840840000000001
0.985518
0.986092
0.9859680000000001
0.9851639999999999
0.9852709999999999
0.986582
0.987518
0.987858
0.987583
0.986562
0.9845219999999999
0.983819
0.985886
0.9882479999999999
0.989592
0.9901030000000001
0.9899100000000001
0.988949
0.9890120000000001
0.99054
0.991798
0.99245
0.992455
0.9917239999999999
0.990031
0.990821
0.9943790000000001
0.9970559999999999
0.998704
0.999509
0.9993549999999999
0.9980370000000001
0.99735
0.997697
0.997394
0.996389
0.994872
0.992814
0.9900209999999999
0.9902120000000001
0.993501
0.995836
0.9969540000000001
0.996925
0.995766
0.9934950000000001
0.992024
0.9917940000000001
0.991099
0.989719
0.9876280000000001
0.984773
0.981369
0.981166
0.9840639999999999
0.9863
0.9878309999999999
0.988716
0.9888040000000001
0.9878520000000001
0.9875940000000001
0.988433
0.9887040000000001
0.9882299999999999
0.9870399999999999
0.985125
0.9825719999999999
0.983036
0.9864459999999999
0.989066
0.9908600000000001
0.991907
0.9921610000000001
0.993245
0.9954069999999999
0.9969709999999999
0.997667
0.997542
0.9966780000000001
0.9949979999999999
0.9940110000000001
0.995693
0.9983709999999999
0.999983
1.000636
1.00055
0.9997950000000001
0.9982270000000001
0.997632
0.998396
0.9986809999999999
0.9981530000000001
0.996758
0.9943719999999999
0.991654
0.9920690000000001
0.995077
0.99729
0.998674
0.999294
0.9989809999999999
0.999391
1.000928
1.001968
1.002283
1.0019069999999999
1.000838
0.998973
0.9985290000000001
1.000858
1.003476
1.004909
1.0053459999999999
1.004881
1.003435
1.002649
1.0028540000000001
1.002441
1.001249
0.99945
0.997075
0.9939530000000001
0.992232
0.9935639999999999
0.995635
0.9967090000000001
0.996792
0.9959959999999999
0.994397
0.993792
0.9944559999999999
0.9946200000000001
0.99408
0.9929040000000001
0.991107
0.98869
0.9889889999999999
0.992527
0.9957879999999999
0.9981469999999999
0.999674
1.000273
0.9997510000000001
0.999755
1.000685
1.0010219999999999
1.000631
0.999583
0.9979030000000001
0.995458
0.995051
0.997641
1.000294
1.0021120000000001
1.003191
1.003522
1.002946
1.003131
1.004353
1.004797
1.004165
1.002543
1.000082
0.996792
0.996337
0.999124
1.001399
1.002797
1.003422
1.003287
1.002277
1.002175
1.003333
1.003957
1.0038049999999998
1.002899
1.0011700000000001
0.998505
0.998775
1.002175
1.004642
1.005932
1.006208
1.005509
1.0037969999999998
1.002993
1.003608
1.003901
1.00355
1.002536
1.000772
0.998043
0.9977809999999999
1.000377
1.002225
1.0030700000000001
1.003096
1.00227
1.00048
0.9995200000000001
0.9997280000000001
0.999332
0.9982040000000001
0.9965280000000001
0.994345
0.991647
0.992244
0.9960629999999999
0.998972
1.000756
1.0014459999999998
1.0010299999999999
0.999526
0.998863
0.9994700000000001
0.999597
0.9990120000000001
0.997715
0.99567
0.9931969999999999
0.9938870000000001
0.9973989999999999
0.999977
1.001576
1.002307
1.0020950000000002
1.0025469999999999
1.003953
1.0047270000000001
1.0046629999999999
1.003739
1.001939
0.9992690000000001
0.997791
0.999242
1.001573
1.003047
1.0036559999999999
1.0033940000000001
1.002214
1.001789
1.0023819999999999
1.002315
1.0014129999999999
0.999869
0.9978549999999999
0.995282
0.994439
0.996605
0.999152
1.000579
1.000985
1.000608
0.999569
0.9996379999999999
1.001159
1.002407
1.003041
1.002953
1.002003
0.9999809999999999
0.999657
1.002208
1.004841
1.006556
1.007507
1.0077040000000002
1.006937
1.0068409999999999
1.007801
1.0081639999999998
1.007711
1.00654
1.004707
1.002094
1.001539
1.003917
1.0061719999999998
1.007416
1.007735
1.007039
1.005176
1.0040120000000001
1.004024
1.003559
1.002545
1.001119
0.999179
0.996468
0.996502
0.9995649999999999
1.001846
1.003002
1.003159
1.0023870000000001
1.000723
1.000018
1.000617
1.000759
1.000191
0.99889
0.9968110000000001
0.9939399999999999
0.993942
0.9972639999999999
1.0002149999999999
1.002366
1.003709
1.00407
1.003219
1.0028920000000001
1.003567
1.003694
1.003132
1.0019200000000001
1.000038
0.997337
0.997398
1.000514
1.002944
1.004461
1.005199
1.005159
1.00426
1.004341
1.005725
1.0064739999999999
1.006267
1.005184
1.0031940000000001
1.000275
1.000212
1.003061
1.004987
1.00599
1.006308
1.005976
1.004795
1.004514
1.005473
1.005823
1.0052590000000001
1.003782
1.001357
0.99813
0.997985
1.0008569999999999
1.00276
1.0035889999999998
1.003449
1.002278
1.000009
0.998697
0.9989290000000001
0.9989379999999999
0.998444
0.997423
0.995715
0.993374
0.9938620000000001
0.9968530000000001
0.998647
0.9993629999999999
0.999244
0.9983049999999999
0.9982709999999999
0.999409
0.9999459999999999
0.999634
0.9985950000000001
0.996907
0.9945299999999999
0.99361
0.9957799999999999
0.9987530000000001
1.0007270000000001
1.0016559999999999
1.001596
1.000599
1.000363
1.001106
1.001152
1.0003959999999998
0.9990110000000001
0.997075
0.9945719999999999
0.994044
0.996611
0.999458
1.001264
1.002132
1.0021209999999998
1.001158
1.000982
1.0019790000000002
1.002518
1.002384
1.0015690000000002
1.000048
0.9976719999999999
0.997468
1.000158
1.002627
1.004314
1.005387
1.005826
1.005426
1.005762
1.00702
1.007372
1.0065790000000001
1.004823
1.002325
0.9990879999999999
0.998358
1.000808
1.003018
1.004243
1.004558
1.004008
1.002492
1.0017909999999999
1.002322
1.002376
1.001727
1.000364
0.998166
0.9949790000000001
0.99465
0.997401
0.9992639999999999
1.000104
1.000157
0.9994629999999999
0.997925
0.9974219999999999
0.998374
0.998927
0.9987370000000001
0.9978040000000001
0.9960700000000001
0.993353
0.993409
0.996426
0.998532
0.9997209999999999
1.000159
0.999762
0.9983920000000001
0.9978370000000001
0.998466
0.998556
0.9979979999999999
0.996957
0.995408
0.9932489999999999
0.9942340000000001
0.9982700000000001
1.001233
1.002975
1.0036909999999999
1.003533
1.0024549999999999
1.0022879999999998
1.003426
1.004071
1.003943
1.003052
1.001439
0.9994129999999999
1.000523
1.0044389999999999
1.007425
1.009444
1.010574
1.010681
1.0095379999999998
1.0090270000000001
1.009666
1.009671
1.008808
1.007197
1.00486
1.0020799999999999
1.0024170000000001
1.005629
1.008048
1.0095370000000001
1.010156
1.009843
1.008418
1.0077180000000001
1.008137
1.007831
1.0066190000000002
1.004687
1.0020440000000002
0.9989389999999999
0.998893
1.001549
1.003175
1.003749
1.0035100000000001
1.002509
1.002433
1.003577
1.004233
1.0041069999999999
1.00316
1.0013290000000001
0.998483
0.996683
0.9977600000000001
0.9996360000000001
1.000529
1.000513
0.999658
0.9978879999999999
0.996886
0.9970600000000001
0.996864
0.9961409999999999
0.994991
0.9934069999999999
0.991195
0.990833
0.993373
0.996024
0.997676
0.9984639999999999
0.998375
0.997317
0.997107
0.998134
0.9986870000000001
0.9986299999999999
0.998082
0.996984
0.9951200000000001
0.995848
0.9995860000000001
1.002701
1.0046959999999998
1.005662
1.0056209999999999
1.004556
1.004269
1.005085
1.0052459999999999
1.004534
1.0029780000000001
1.000593
0.997403
0.997294
1.000457
1.002907
1.0044469999999999
1.005139
1.004851
1.00336
1.002473
1.002665
1.002306
1.001252
0.999555
0.9971979999999999
0.9943059999999999
0.9944149999999999
0.9973049999999999
0.9992780000000001
1.000359
1.000697
1.0002870000000001
0.999017
0.996705
0.9932469999999999
0.9886229999999999
0.9856090000000001
0.984849
0.983678
0.981454
0.978075
0.9762559999999999
0.9782719999999999
0.981526
0.9838540000000001
0.985297
0.9857540000000001
0.9849829999999999
0.9828959999999999
0.979509
0.974749
0.9714959999999999
0.970176
0.967902
0.9645450000000001
0.9604950000000001
0.9599479999999999
0.9635809999999999
0.966901
0.9687110000000001
0.968981
0.9678040000000001
0.96521
0.9611620000000001
0.955693
0.951815
0.9500299999999999
0.947417
0.94363
0.938902
0.9374110000000001
0.939968
0.942185
0.942946
0.942436
0.940909
0.9384129999999999
0.9348299999999999
0.9328290000000001
0.932894
0.9323520000000001
0.9308719999999999
0.92858
0.927881
0.9307190000000001
0.9344110000000001
0.936581
0.9372790000000001
0.9367700000000001
0.9352520000000001
0.932846
0.929514
0.9251280000000001
0.922544
0.9225129999999999
0.9224180000000001
0.921702
0.920092
0.921732
0.9265450000000001
0.9296270000000001
0.9306760000000001
0.9300889999999999
0.9282020000000001
0.9252319999999999
0.9211889999999999
0.9159639999999999
0.912536
0.911436
0.909724
0.907064
0.904121
0.905041
0.9091739999999999
0.912019
0.913438
0.9135620000000001
0.912277
0.909265
0.9041610000000001
0.896917
0.8909459999999999
0.887186
0.882921
0.877876
0.8734049999999999
0.873042
0.875439
0.8766879999999999
0.8765790000000001
0.875281
0.872899
0.8693549999999999
0.8644729999999999
0.861136
0.859924
0.858087
0.855355
0.8522870000000001
0.852517
0.855305
0.85656
0.856331
0.855065
0.853082
0.8504790000000001
0.847174
0.843036
0.8408680000000001
0.8411780000000001
0.841166
0.840348
0.8396049999999999
0.8422569999999999
0.8471129999999999
0.8503059999999999
0.8517389999999999
0.8517520000000001
0.8505530000000001
0.8481770000000001
0.844685
0.840249
0.838095
0.838878
0.8396100000000001
0.839659
0.8407399999999999
0.8452649999999999
0.850941
0.8547370000000001
0.856778
0.857562
0.857302
0.8558370000000001
0.852881
0.848241
0.8450549999999999
0.8440799999999999
0.842384
0.83947
0.837541
0.8393139999999999
0.84267
0.844866
0.845864
0.8457379999999999
0.844341
0.8414360000000001
0.8368760000000001
0.8335020000000001
0.831851
0.829247
0.8254450000000001
0.8215629999999999
0.821148
0.8232299999999999
0.824117
0.823749
0.8223469999999999
0.820008
0.8167270000000001
0.812438
0.8070689999999999
0.803461
0.8023
0.800921
0.798706
0.796768
0.798064
0.801172
0.802834
0.803144
0.80247
0.8010520000000001
0.79894
0.796044
0.794929
0.796
0.796557
0.796068
0.794998
0.797167
0.802106
0.805779
0.808062
0.809221
0.809483
0.808966
0.807571
0.805081
0.804117
0.805197
0.805686
0.805135
0.804607
0.807241
0.8117
0.814469
0.815699
0.815802
0.814987
0.813293
0.8106180000000001
0.80691
0.8051520000000001
0.8058390000000001
0.805998
0.805086
0.8048930000000001
0.807924
0.812145
0.814735
0.815754
0.815462
0.814017
0.8114239999999999
0.807488
0.802042
0.7979470000000001
0.795862
0.793253
0.789898
0.787459
0.788833
0.792411
0.795021
0.7964899999999999
0.79688
0.7961020000000001
0.793894
0.789988
0.784365
0.7800239999999999
0.7776689999999999
0.774696
0.770728
0.767732
0.768404
0.771001
0.772942
0.774288
0.7752560000000001
0.77583
0.775742
0.774612
0.774728
0.7763140000000001
0.776748
0.775756
0.774183
0.775468
0.778979
0.78133
0.782699
0.7834720000000001
0.7837850000000001
0.7835300000000001
0.782485
0.780454
0.7799649999999999
0.781465
0.782369
0.782183
0.782032
0.784953
0.789644
0.79272
0.794117
0.794166
0.793107
0.791035
0.787989
0.7840239999999999
0.781982
0.782397
0.782497
0.781701
0.78174
0.785129
0.789866
0.793099
0.7948890000000001
0.7955909999999999
0.7952779999999999
0.793717
0.790615
0.785814
0.782091
0.780195
0.7777149999999999
0.774349
0.771882
0.773258
0.77684
0.7795529999999999
0.781199
0.781749
0.781036
0.77888
0.7752060000000001
0.772494
0.771241
0.769171
0.7660819999999999
0.762478
0.762286
0.7652909999999999
0.767537
0.768911
0.7695770000000001
0.769563
0.768767
0.766988
0.76399
0.7622
0.762235
0.761791
0.760455
0.759004
0.7609199999999999
0.7654920000000001
0.7691399999999999
0.771767
0.773526
0.7744449999999999
0.774408
0.7732100000000001
0.773117
0.774575
0.775293
0.774941
0.773641
0.775295
0.780305
0.784641
0.787741
0.7897489999999999
0.790814
0.791006
0.790211
0.7882
0.7872520000000001
0.7878470000000001
0.787722
0.7865489999999999
0.784317
0.78513
0.789007
0.7916
0.79292
0.793335
0.792996
0.791875
0.7897850000000001
0.786586
0.78479
0.784898
0.784504
0.783255
0.7815
0.783014
0.7873829999999999
0.790466
0.792111
0.792516
0.791821
0.790058
0.7870510000000001
0.782647
0.779329
0.77776
0.775864
0.773479
0.770734
0.771632
0.776071
0.7796420000000001
0.7820550000000001
0.783397
0.783628
0.782547
0.779979
0.7759689999999999
0.7730899999999999
0.771921
0.7702319999999999
0.767768
0.765162
0.7662680000000001
0.770682
0.77445
0.777406
0.779704
0.781307
0.781972
0.781365
0.781574
0.7829689999999999
0.78342
0.782826
0.78132
0.78199
0.785829
0.789628
0.792333
0.794132
0.79518
0.7954720000000001
0.7949109999999999
0.793342
0.7906529999999999
0.789425
0.7902359999999999
0.7905989999999999
0.78995
0.789122
0.791452
0.795868
0.7987390000000001
0.8001020000000001
0.800253
0.799327
0.797411
0.794545
0.793183
0.7938029999999999
0.794035
0.793473
0.792076
0.793145
0.797296
0.801025
0.8036369999999999
0.805215
0.805656
0.804765
0.8023399999999999
0.798276
0.794978
0.793193
0.791014
0.788274
0.785094
0.78454
0.7875840000000001
0.7908430000000001
0.792931
0.79382
0.793612
0.7924
0.7901520000000001
0.7868390000000001
0.784954
0.785037
0.784806
0.783927
0.782363
0.783812
0.788559
0.792601
0.795529
0.7975369999999999
0.79872
0.799005
0.798164
0.796038
0.79508
0.79583
0.796
0.795241
0.793543
0.794715
0.799288
0.803269
0.806012
0.807621
0.808139
0.807457
0.805398
0.80188
0.799462
0.798814
0.797759
0.795982
0.793519
0.794298
0.798172
0.8009189999999999
0.802542
0.80333
0.803348
0.802515
0.8006880000000001
0.7977310000000001
0.796085
0.796184
0.795556
0.793769
0.790934
0.791354
0.795142
0.7979569999999999
0.7996770000000001
0.800509
0.8005220000000001
0.799708
0.797972
0.79525
0.794045
0.7948850000000001
0.795373
0.795008
0.793639
0.795025
0.799326
0.802389
0.8039430000000001
0.80429
0.803596
0.801941
0.799299
0.795694
0.7937960000000001
0.7941779999999999
0.794354
0.7938189999999999
0.792553
0.794559
0.799736
0.8036810000000001
0.806143
0.8073239999999999
0.807421
0.806412
0.8040609999999999
0.800227
0.797535
0.796696
0.79552
0.793756
0.791682
0.793216
0.7980970000000001
0.8020550000000001
0.80479
0.806339
0.806657
0.805609
0.8030970000000001
0.79919
0.796533
0.795659
0.7941739999999999
0.791713
0.788673
0.789038
0.792566
0.795203
0.796879
0.797824
0.798063
0.797435
0.795701
0.795046
0.795895
0.796059
0.795247
0.793424
0.7934760000000001
0.7965899999999999
0.799841
0.8020970000000001
0.80348
0.804056
0.8037989999999999
0.8026409999999999
0.800454
0.799503
0.80028
0.800582
0.800027
0.7985909999999999
0.799449
0.8034680000000001
0.807161
0.809427
0.81048
0.810578
0.809887
0.808416
0.80611
0.8053819999999999
0.806654
0.80747
0.80733
0.806132
0.807204
0.8111970000000001
0.8145600000000001
0.8166680000000001
0.817821
0.818129
0.817519
0.815753
0.812645
0.810659
0.810392
0.809603
0.807983
0.805562
0.805743
0.809271
0.812447
0.8142590000000001
0.814862
0.814493
0.813138
0.810558
0.806608
0.8038390000000001
0.802955
0.801809
0.800072
0.7976270000000001
0.798175
0.802126
0.805484
0.807719
0.808975
0.809291
0.808547
0.806605
0.803447
0.801543
0.801392
0.800728
0.799229
0.796918
0.797768
0.802262
0.806339
0.809501
0.8118449999999999
0.8133
0.813649
0.812653
0.810172
0.8086720000000001
0.808754
0.808236
0.806811
0.804438
0.805132
0.8091659999999999
0.8123229999999999
0.814371
0.815612
0.816129
0.815841
0.81457
0.812145
0.8110229999999999
0.811613
0.8113520000000001
0.8098380000000001
0.8072090000000001
0.807822
0.811768
0.814584
0.816159
0.816817
0.816756
0.815919
0.814046
0.810958
0.8092
0.809345
0.8089890000000001
0.807714
0.805454
0.8063279999999999
0.8104680000000001
0.813523
0.815241
0.815753
0.815159
0.813447
0.810555
0.806555
0.804111
0.803812
0.803291
0.802132
0.800311
0.801837
0.8065760000000001
0.810091
0.812254
0.813392
0.813609
0.8127479999999999
0.810589
0.807054
0.8048270000000001
0.804608
0.804046
0.802751
0.801093
0.80302
0.808179
0.812329
0.8152159999999999
0.816904
0.817322
0.816376
0.814045
0.810336
0.807936
0.807479
0.8065319999999999
0.8047529999999999
0.8028270000000001
0.804535
0.8092630000000001
0.8129890000000001
0.815537
0.817017
0.8174140000000001
0.8166100000000001
0.81442
0.810709
0.808194
0.807573
0.8063779999999999
0.804189
0.801728
0.802714
0.806541
0.809424
0.811283
0.812253
0.81235
0.811454
0.809358
0.805925
0.803784
0.8034399999999999
0.802408
0.800447
0.798404
0.799766
0.803679
0.806343
0.807732
0.8081649999999999
0.80777
0.806462
0.8041020000000001
0.800653
0.798828
0.7991189999999999
0.798874
0.797573
0.796077
0.797796
0.801874
0.804715
0.806197
0.806553
0.8059069999999999
0.804253
0.80156
0.800316
0.801024
0.801334
0.8009109999999999
0.799716
0.801353
0.806193
0.810248
0.8129
0.814353
0.814714
0.813909
0.81183
0.808437
0.806333
0.806242
0.805955
0.805132
0.803715
0.805607
0.810867
0.815049
0.817696
0.818982
0.8190029999999999
0.817813
0.815498
0.812106
0.810218
0.810357
0.810063
0.808982
0.807237
0.80895
0.814013
0.817999
0.820772
0.8225459999999999
0.823371
0.8231040000000001
0.8214600000000001
0.818208
0.815926
0.815322
0.814078
0.811829
0.808614
0.808679
0.8122189999999999
0.814908
0.816563
0.8173699999999999
0.817396
0.816521
0.814496
0.8111470000000001
0.809054
0.808714
0.8076770000000001
0.8056770000000001
0.803035
0.803602
0.807074
0.809366
0.810538
0.810983
0.810854
0.810052
0.808373
0.805697
0.804614
0.805581
0.8059970000000001
0.805351
0.8038850000000001
0.805509
0.810025
0.813353
0.81535
0.8162560000000001
0.816174
0.815082
0.812967
0.809855
0.80845
0.809326
0.809928
0.809715
0.808999
0.811504
0.8166869999999999
0.8203790000000001
0.822484
0.823362
0.8231629999999999
0.821817
0.8192159999999999
0.8153
0.8128270000000001
0.812487
0.811768
0.810218
0.808512
0.8103739999999999
0.815144
0.818861
0.8213219999999999
0.8226
0.8227270000000001
0.8217110000000001
0.819409
0.815625
0.8129850000000001
0.812117
0.810654
0.808369
0.805928
0.8070890000000001
0.8112699999999999
0.814469
0.816534
0.817576
0.817578
0.8164100000000001
0.813879
0.809941
0.807383
0.806776
0.8055399999999999
0.803279
0.80072
0.801607
0.805372
0.808182
0.809948
0.810894
0.811066
0.810308
0.808377
0.805118
0.803181
0.803044
0.802147
0.800235
0.798489
0.800255
0.804438
0.807445
0.8092020000000001
0.810004
0.809962
0.8089649999999999
0.806844
0.803503
0.80169
0.801938
0.801546
0.8
0.798702
0.800873
0.805132
0.808066
0.8095439999999999
0.809818
0.809105
0.8074640000000001
0.804774
0.8008810000000001
0.798552
0.798383
0.797711
0.796071
0.795038
0.7974289999999999
0.801503
0.804196
0.8055680000000001
0.805828
0.80499
0.802988
0.799722
0.797769
0.7977420000000001
0.797283
0.796135
0.79455
0.796499
0.8017380000000001
0.805882
0.808629
0.810041
0.810126
0.808908
0.806441
0.802679
0.800126
0.799389
0.798197
0.79633
0.794229
0.79585
0.8007529999999999
0.80457
0.807103
0.8085680000000001
0.8090579999999999
0.808469
0.806565
0.8032739999999999
0.801374
0.801437
0.80086
0.799212
0.797307
0.798872
0.803249
0.806597
0.808805
0.81012
0.810667
0.810322
0.81099
0.812819
0.813553
0.812894
0.811044
0.80955
0.810978
0.813947
0.815809
0.816529
0.816276
0.815233
0.815239
0.8166140000000001
0.817566
0.8177449999999999
0.817226
0.816131
0.816012
0.818801
0.822635
0.8250379999999999
0.8259850000000001
0.8257399999999999
0.824541
0.824155
0.825034
0.8258049999999999
0.8263959999999999
0.826946
0.827449
0.827916
0.831468
0.837699
0.842736
0.8462219999999999
0.848297
0.8492879999999999
0.8495889999999999
0.8508399999999999
0.8531549999999999
0.854844
0.855628
0.8557030000000001
0.855275
0.854299
0.8560530000000001
0.860503
0.864014
0.866534
0.868317
0.869467
0.869868
0.870842
0.872517
0.8733209999999999
0.8730209999999999
0.871712
0.8695450000000001
0.8671719999999999
0.8674850000000001
0.8699
0.871502
0.872495
0.8732340000000001
0.873778
0.873843
0.8747659999999999
0.876661
0.8778
0.878022
0.8775879999999999
0.876569
0.8754139999999999
0.876816
0.8801389999999999
0.882551
0.884281
0.885649
0.8866280000000001
0.888408
0.891077
0.893225
0.8947290000000001
0.8957280000000001
0.896235
0.8960440000000001
0.895835
0.898084
0.901957
0.904926
0.9070950000000001
0.908634
0.9095049999999999
0.9109860000000001
0.913392
0.915544
0.917343
0.9188459999999999
0.9199149999999999
0.920193
0.9198780000000001
0.9218569999999999
0.925774
0.9288379999999999
0.931301
0.933357
0.934874
0.9356270000000001
0.937059
0.9394540000000001
0.941334
0.942517
0.9429569999999999
0.9424739999999999
0.9409209999999999
0.941197
0.944507
0.948092
0.950883
0.952818
0.9538260000000001
0.953727
0.953966
0.954926
0.9552219999999999
0.9546610000000001
0.953299
0.9512120000000001
0.9483860000000001
0.9469700000000001
0.948681
0.9513940000000001
0.953327
0.95426
0.954018
0.952463
0.9512370000000001
0.9509340000000001
0.9502229999999999
0.9488559999999999
0.9468469999999999
0.944206
0.9408979999999999
0.939227
0.941039
0.944161
0.9467770000000001
0.948732
0.949925
0.9515819999999999
0.953902
0.955564
0.9564389999999999
0.956683
0.956341
0.95535
0.953674
0.954577
0.958573
0.962333
0.965363
0.9677399999999999
0.969405
0.971626
0.9747170000000001
0.9774149999999999
0.979384
0.9805
0.980668
0.9798629999999999
0.978144
0.978809
0.982483
0.9858979999999999
0.98845
0.9901610000000001
0.991067
0.9912200000000001
0.992268
0.994497
0.996274
0.9973120000000001
0.9975950000000001
0.997082
0.9956860000000001
0.996
0.999534
1.0036690000000001
1.006791
1.008775
1.009591
1.00915
1.009105
1.0099790000000002
1.010351
1.0100069999999999
1.009026
1.007506
1.005395
1.004251
1.0060209999999998
1.008818
1.010394
1.010802
1.010133
1.0083540000000002
1.007083
1.0067270000000001
1.0058
1.004156
1.002037
0.999575
0.996691
0.9947959999999999
0.996152
0.999151
1.001261
1.002375
1.002508
1.001649
1.001498
1.002471
1.003069
1.003104
1.002634
1.001624
0.9999790000000001
0.99923
1.001584
1.005415
1.008415
1.0105600000000001
1.0118559999999999
1.012198
1.01312
1.015007
1.016465
1.017305
1.017477
1.016907
1.015491
1.014667
1.016672
1.020034
1.022486
1.023993
1.024561
1.0241280000000001
1.0243959999999999
1.025722
1.026465
1.0263790000000002
1.025568
1.024173
1.02214
1.021326
1.023517
1.026609
1.0285799999999998
1.029413
1.029276
1.028259
1.026332
1.025519
1.026318
1.026821
1.026633
1.02565
1.023793
1.021326
1.021976
1.025468
1.0279120000000002
1.029266
1.029676
1.029133
1.027647
1.027295
1.0284790000000001
1.0291780000000001
1.029021
1.028006
1.026076
1.023097
1.022748
1.025359
1.0271780000000001
1.027949
1.027762
1.026653
1.024578
1.023443
1.0237
1.0236319999999999
1.023044
1.021927
1.020206
1.017742
1.018178
1.021608
1.024
1.025169
1.02546
1.025008
1.0237180000000001
1.023533
1.024878
1.0258129999999999
1.026016
1.02558
1.0245549999999999
1.022805
1.024116
1.0285090000000001
1.031902
1.03415
1.035327
1.035391
1.034292
1.034078
1.035179
1.03568
1.035353
1.0342719999999999
1.032368
1.029523
1.0297319999999999
1.033225
1.035896
1.037576
1.038429
1.038409
1.0373139999999998
1.0370219999999999
1.037867
1.037914
1.036989
1.035184
1.032469
1.028961
1.028462
1.030852
1.032266
1.032812
1.03273
1.031995
1.030461
1.030024
1.030958
1.031189
1.030357
1.0285440000000001
1.025866
1.022511
1.02214
1.0245469999999999
1.025889
1.026159
1.025571
1.024253
1.022174
1.021239
1.0218129999999999
1.021987
1.021471
1.0202280000000001
1.0181280000000001
1.015436
1.015685
1.018591
1.020537
1.021491
1.0216319999999999
1.020943
1.019233
1.0185
1.0192809999999999
1.0196969999999999
1.019468
1.018627
1.017126
1.015784
1.017558
1.021411
1.024096
1.0256379999999998
1.026271
1.025983
1.0245790000000001
1.0241069999999999
1.024985
1.0251540000000001
1.0243719999999998
1.022812
1.020517
1.018715
1.020178
1.023579
1.025966
1.0272780000000001
1.027543
1.026715
1.024759
1.023795
1.024191
1.023868
1.022586
1.020429
1.017427
1.015066
1.016084
1.018977
1.020885
1.021816
1.0218479999999999
1.0208469999999998
1.0185950000000001
1.017124
1.016946
1.016205
1.0147059999999999
1.012493
1.009565
1.0073590000000001
1.008392
1.0111299999999999
1.012975
1.014019
1.014324
1.013793
1.012237
1.0116530000000001
1.0123950000000002
1.0123790000000001
1.011406
1.009706
1.007323
1.0059420000000001
1.007839
1.011177
1.013523
1.014938
1.015611
1.015487
1.014292
1.014089
1.015347
1.015975
1.015641
1.014327
1.011945
1.010731
1.012716
1.015601
1.017362
1.01811
1.017927
1.0166899999999999
1.014294
1.013127
1.0137559999999999
1.0140049999999998
1.013563
1.0124309999999999
1.010441
1.0099879999999999
1.012545
1.015335
1.016714
1.016936
1.016147
1.014274
1.0112079999999999
1.009217
1.008809
1.007938
1.0064629999999999
1.004471
1.0018790000000002
1.001284
1.004114
1.0074370000000001
1.009517
1.010334
1.0098280000000002
1.007911
1.006679
1.006602
1.005788
1.0040930000000001
1.0016639999999999
0.998516
0.995315
0.9954860000000001
0.9983709999999999
1.000401
1.0015120000000002
1.0018200000000002
1.001261
0.9996790000000001
0.9989540000000001
0.999467
0.9994280000000001
0.998659
0.9971459999999999
0.9947940000000001
0.9926530000000001
0.9935299999999999
0.996276
0.9980559999999999
0.9990030000000001
0.999239
0.998757
0.9974870000000001
0.9974940000000001
0.999114
1.0001959999999999
1.000368
0.999675
0.9981760000000001
0.9977299999999999
1.000301
1.003806
1.006022
1.006991
1.0068709999999998
1.005785
1.003678
1.002687
1.003319
1.00353
1.002991
1.001671
0.999468
0.99845
1.000444
1.003212
1.004826
1.005354
1.004899
1.003374
1.0005540000000002
0.9986940000000001
0.998441
0.9977280000000001
0.996251
0.9940889999999999
0.991215
0.9901760000000001
0.992341
0.9948739999999999
0.9962780000000001
0.9968020000000001
0.996557
0.995367
0.9950690000000001
0.995994
0.996223
0.9956079999999999
0.9943930000000001
0.992627
0.990431
0.991217
0.99465
0.996973
0.998094
0.9981709999999999
0.997238
0.995317
0.9944379999999999
0.9950479999999999
0.995323
0.9950600000000001
0.994292
0.992859
0.991025
0.992244
0.996092
0.9989600000000001
1.000896
1.0021
1.002515
1.001933
1.002264
1.003839
1.0047
1.0047059999999999
1.003961
1.002414
1.001166
1.002967
1.006569
1.009131
1.010838
1.011833
1.011971
1.011028
1.01095
1.012078
1.012371
1.011503
1.00944
1.006159
1.002934
1.002661
1.004147
1.0045389999999998
1.003937
1.002478
1.000185
0.9970459999999999
0.9951639999999999
0.9949540000000001
0.994391
0.993135
0.991093
0.988099
0.985712
0.9862719999999999
0.9881969999999999
0.989165
0.989167
0.9882549999999999
0.986417
0.983564
0.9818180000000001
0.981791
0.981614
0.980985
0.979877
0.978208
0.977627
0.9802350000000001
0.984081
0.9867290000000001
0.9882120000000001
0.988725
0.9882559999999999
0.988625
0.990201
0.991175
0.9912540000000001
0.99051
0.989094
0.9870329999999999
0.988082
0.9923780000000001
0.995958
0.998607
1.000393
1.001247
1.000996
1.0015020000000001
1.003169
1.004108
1.004042
1.0030729999999999
1.001221
0.998806
0.9993620000000001
1.0026190000000001
1.004966
1.0063799999999998
1.0070629999999998
1.007053
1.006192
1.004227
1.003299
1.0038040000000001
1.003567
1.002361
1.000227
0.997014
0.995557
0.997202
0.998969
0.9996010000000001
0.999374
0.998376
0.996426
0.995382
0.9955930000000001
0.995091
0.9935510000000001
0.9909979999999999
0.9875120000000001
0.983664
0.983029
0.9851469999999999
0.986302
0.9864200000000001
0.9856010000000001
0.983807
0.9809899999999999
0.9790469999999999
0.978334
0.977066
0.9751270000000001
0.972659
0.969616
0.966893
0.9673309999999999
0.969894
0.971633
0.972607
0.972934
0.97264
0.9735530000000001
0.975867
0.977698
0.9789030000000001
0.979601
0.9797440000000001
0.9792
0.981381
0.9864290000000001
0.9905139999999999
0.9932799999999999
0.994917
0.995556
0.995293
0.994049
0.9937549999999999
0.9948610000000001
0.9954850000000001
0.995353
0.994506
0.9928969999999999
0.992302
0.994818
0.998449
1.000916
1.002245
1.002461
1.001385
0.998735
0.996762
0.9961620000000001
0.9949100000000001
0.992714
0.9896739999999999
0.985823
0.983834
0.9852049999999999
0.987273
0.9885959999999999
0.989209
0.989027
0.98777
0.98705
0.987065
0.985965
0.983675
0.98055
0.97675
0.97219
0.9704889999999999
0.971966
0.9728399999999999
0.9728379999999999
0.9721870000000001
0.970944
0.9689709999999999
0.9679840000000001
0.968375
0.9684659999999999
0.9680110000000001
0.966967
0.9651549999999999
0.962735
0.963226
0.9663379999999999
0.968435
0.969583
0.970017
0.969742
0.970517
0.972772
0.974878
0.976569
0.977852
0.9786590000000001
0.978775
0.980672
0.9852360000000001
0.989533
0.9924799999999999
0.994333
0.995199
0.994983
0.9935430000000001
0.9927790000000001
0.993132
0.992875
0.9919309999999999
0.99041
0.988195
0.986773
0.98855
0.991825
0.994002
0.995064
0.9951139999999999
0.994137
0.9919450000000001
0.9905870000000001
0.9905120000000001
0.98967
0.987778
0.9849370000000001
0.9812850000000001
0.979044
0.9801129999999999
0.982297
0.983656
0.984224
0.98393
0.982534
0.9816469999999999
0.981614
0.980892
0.9794149999999999
0.977311
0.974627
0.971267
0.9700049999999999
0.9717180000000001
0.973468
0.974326
0.974355
0.973611
0.9720770000000001
0.97146
0.972102
0.972367
0.972033
0.971161
0.9697819999999999
0.967722
0.9683729999999999
0.9720700000000001
0.975146
0.977247
0.978557
0.9791989999999999
0.979144
0.9801850000000001
0.982648
0.984671
0.985901
0.986282
0.98572
0.984426
0.986079
0.9904959999999999
0.993892
0.996188
0.9975280000000001
0.997868
0.997072
0.99705
0.9982620000000001
0.998865
0.9985459999999999
0.997337
0.9952110000000001
0.9924149999999999
0.9923930000000001
0.994758
0.9959020000000001
0.995957
0.9951549999999999
0.993474
0.9908100000000001
0.989094
0.9887
0.9877600000000001
0.986145
0.9839950000000001
0.981284
0.978785
0.9794870000000001
0.982441
0.984368
0.9851610000000001
0.984877
0.9835299999999999
0.982916
0.98339
0.983324
0.982606
0.9813719999999999
0.9796219999999999
0.977299
0.9763950000000001
0.978575
0.981666
0.9838309999999999
0.98511
0.9855389999999999
0.985035
0.985136
0.986176
0.986717
0.986597
0.9857899999999999
0.9842270000000001
0.981792
0.980741
0.9826159999999999
0.9851989999999999
0.987117
0.9884620000000001
0.989259
0.989405
0.990553
0.9928899999999999
0.994532
0.995139
0.9947799999999999
0.993582
0.9915
0.9917870000000001
0.9950690000000001
0.997949
0.9998049999999999
1.000764
1.000931
1.0002719999999998
1.000515
1.0020069999999999
1.003023
1.00328
1.002748
1.001326
0.9988030000000001
0.9983139999999999
1.000705
1.002742
1.003688
1.003682
1.0027409999999999
1.000717
0.9994149999999999
0.999346
0.998859
0.997719
0.995985
0.99365
0.990561
0.9901110000000001
0.992699
0.9947389999999999
0.995892
0.9962780000000001
0.99577
0.994181
0.993283
0.9934950000000001
0.9931780000000001
0.992253
0.990859
0.9889209999999999
0.9862360000000001
0.986159
0.989233
0.9918870000000001
0.9935209999999999
0.9941989999999999
0.9939690000000001
0.992859
0.992661
0.993734
0.994374
0.994281
0.9933649999999999
0.99154
0.9887940000000001
0.9888239999999999
0.992129
0.9950600000000001
0.997218
0.998616
0.9990950000000001
0.998431
0.9983920000000001
0.9994069999999999
0.999817
0.999446
0.9983489999999999
0.9965579999999999
0.9941979999999999
0.994944
0.998656
1.001485
1.003342
1.004278
1.004233
1.003118
1.002817
1.00371
1.003923
1.003227
1.001778
0.9995879999999999
0.996806
0.996993
0.999915
1.001818
1.002683
1.002759
1.002105
1.000553
0.999873
1.000425
1.000361
0.9993549999999999
0.99739
0.9944430000000001
0.990792
0.990258
0.9927040000000001
0.994286
0.9949379999999999
0.994776
0.993714
0.9933790000000001
0.994174
0.9945870000000001
0.9944440000000001
0.9938100000000001
0.992675
0.990883
0.990152
0.9921610000000001
0.994827
0.9962620000000001
0.9966700000000001
0.99625
0.995031
0.994713
0.995604
0.996041
0.9958239999999999
0.9951030000000001
0.99392
0.99211
0.991974
0.9948819999999999
0.998274
1.000629
1.00195
1.002304
1.001715
1.001925
1.003172
1.0037
1.003354
1.002282
1.000583
0.998281
0.998491
1.0018719999999999
1.005061
1.0072290000000002
1.0084469999999999
1.008645
1.007628
1.007087
1.007449
1.007169
1.0061209999999998
1.004373
1.001934
0.99866
0.9976459999999999
0.999582
1.00126
1.0021309999999999
1.002366
1.001981
1.0008139999999999
1.00052
1.0013450000000002
1.001455
1.000572
0.9988
0.996276
0.9929610000000001
0.992402
0.995017
0.997122
0.9983139999999999
0.998704
0.998326
0.997086
0.996743
0.9977020000000001
0.9982790000000001
0.998245
0.997589
0.9961770000000001
0.993833
0.994134
0.997484
1.000116
1.001615
1.002155
1.001776
1.000422
1.0000200000000001
1.001069
1.001782
1.001803
1.001095
0.999567
0.997028
0.9972260000000001
1.0003600000000001
1.00258
1.0038770000000001
1.004422
1.00413
1.002852
1.002412
1.0031450000000002
1.003226
1.002517
1.001198
0.999295
0.996917
0.9977370000000001
1.001528
1.004284
1.005817
1.006184
1.005414
1.003578
1.0026620000000002
1.003119
1.00318
1.0025680000000001
1.001227
0.999077
0.99631
0.996605
0.999743
1.001897
1.003039
1.003303
1.00263
1.002628
1.003592
1.003951
1.0035040000000002
1.0022280000000001
1.0001149999999999
0.997188
0.995339
0.996492
0.998812
1.000367
1.001106
1.001002
0.999994
0.999718
1.000425
1.000449
0.9996079999999999
0.998081
0.9960379999999999
0.993402
0.992282
0.9941780000000001
0.996712
0.998216
0.998784
0.998654
0.9979399999999999
0.998401
1.000343
1.001983
1.002934
1.003061
1.0022280000000001
1.0002469999999999
0.999944
1.002508
1.005133
1.006843
1.007788
1.007974
1.007195
1.007118
1.0081280000000001
1.0085469999999999
1.008159
1.007072
1.005348
1.002866
1.002614
1.005291
1.007636
1.0088979999999999
1.0091780000000001
1.0084
1.0064309999999999
1.005149
1.005032
1.0044170000000001
1.0032290000000001
1.0016100000000001
0.9994700000000001
0.9965709999999999
0.996442
0.999384
1.001601
1.002758
1.002982
1.002332
1.000813
1.000216
1.000846
1.0009379999999999
1.00024
0.9987450000000001
0.9964370000000001
0.9933299999999999
0.993015
0.9960629999999999
0.998908
1.001026
1.0024030000000002
1.0028629999999998
1.002163
1.002006
1.002852
1.003156
1.002769
1.0017209999999999
0.999978
0.9973790000000001
0.997425
1.000494
1.0029350000000001
1.0044540000000002
1.005187
1.00514
1.0042360000000001
1.004304
1.005668
1.006402
1.006199
1.00515
1.003233
1.000413
1.000492
1.003527
1.0056370000000001
1.006789
1.007195
1.006865
1.005598
1.00515
1.0058850000000001
1.0059870000000002
1.005183
1.0035040000000002
1.0009299999999999
0.997663
0.997547
1.000451
1.00241
1.003309
1.003241
1.002134
0.9999129999999999
0.9986209999999999
0.99884
0.9988030000000001
0.998225
0.997086
0.995232
0.992764
0.993136
0.996006
0.997711
0.9983770000000001
0.9982469999999999
0.997326
0.9973190000000001
0.998484
0.9990540000000001
0.998782
0.9977950000000001
0.996173
0.993878
0.993051
0.9953139999999999
0.9983639999999999
1.00039
1.001333
1.001244
1.000181
0.999849
1.000491
1.000459
0.9996700000000001
0.9983049999999999
0.996445
0.9940680000000001
0.9937309999999999
0.9965129999999999
0.99955
1.001535
1.002558
1.002666
1.001775
1.0016200000000002
1.002591
1.003066
1.002841
1.001924
1.000305
0.9978540000000001
0.9976430000000001
1.000368
1.002869
1.004609
1.0057450000000001
1.006245
1.005893
1.006262
1.007541
1.0079049999999998
1.007116
1.005354
1.002833
0.99955
0.998775
1.001149
1.0032159999999999
1.004269
1.004407
1.003692
1.002043
1.001255
1.001752
1.00183
1.001249
0.9999819999999999
0.9978870000000001
0.9947940000000001
0.994557
0.997365
0.9992139999999999
1.000001
0.999965
0.9991530000000001
0.997481
0.99684
0.9976659999999999
0.998123
0.9978790000000001
0.9969459999999999
0.995267
0.9926510000000001
0.992856
0.996031
0.9982700000000001
0.9995700000000001
1.000084
0.9997280000000001
0.998366
0.9978
0.9984120000000001
0.998483
0.997909
0.996857
0.995301
0.993158
0.994157
0.998184
1.001142
1.00288
1.003492
1.003021
1.001523
1.000973
1.001794
1.00217
1.0018
1.000624
0.9985790000000001
0.99605
0.9966360000000001
1.0000129999999998
1.002523
1.004133
1.00492
1.004757
1.003416
1.002781
1.003366
1.003357
1.002442
1.000656
0.9980450000000001
0.9950899999999999
0.995257
0.9981629999999999
1.000249
1.001369
1.0015370000000001
1.000702
1.000567
1.001418
1.001556
1.000766
0.999183
0.996958
0.9940700000000001
0.992506
0.993891
0.9960129999999999
0.9970610000000001
0.997107
0.9963790000000001
0.995002
0.9946799999999999
0.9956969999999999
0.996365
0.996376
0.995676
0.9941709999999999
0.9916889999999999
0.990719
0.992735
0.9952209999999999
0.996826
0.997667
0.9978030000000001
0.9971110000000001
0.997303
0.9987729999999999
0.999826
1.000204
0.999958
0.999094
0.997451
0.998058
1.001486
1.004412
1.006249
1.007152
1.0070649999999999
1.0058479999999999
1.005311
1.00586
1.005803
1.0050379999999999
1.00371
1.0017639999999999
0.9989889999999999
0.998756
1.001539
1.003707
1.004728
1.0047030000000001
1.00368
1.001658
1.00048
1.000502
0.999966
0.99866
0.996612
0.993825
0.9903870000000001
0.990225
0.9933860000000001
0.9958819999999999
0.99761
0.998602
0.998692
0.997642
0.9971909999999999
0.997783
0.9978299999999999
0.997202
0.995951
0.9940549999999999
0.991345
0.9914870000000001
0.994683
0.9971049999999999
0.9986430000000001
0.9994370000000001
0.9994850000000001
0.9986860000000001
0.998818
1.000206
1.000983
1.00086
0.9999239999999999
0.99813
0.995331
0.9953690000000001
1.03191
1.1068
1.183812
1.25576
1.32378
1.387578
1.446721
1.500972
1.550189
1.594602
1.634543
1.67005
1.7010470000000002
1.727393
1.754429
1.783404
1.7910979999999999
1.7639
1.720812
1.680691
1.653098
1.636044
1.6228120000000001
1.612984
1.606464
1.602875
1.601709
1.602642
1.60553
1.610308
1.620876
1.637788
1.666968
1.720044
1.7899060000000002
1.859507
1.9194229999999999
1.968218
2.0068330000000003
2.03933
2.066721
2.0867310000000003
2.10019
2.108115
2.111155
2.109705
2.104119
2.094855
2.077069
2.041799
1.993168
1.9442689999999998
1.90366
1.8751849999999999
1.8584349999999998
1.8517080000000001
1.8532540000000002
1.862343
1.882284
1.910367
1.9399240000000002
1.9699790000000001
2.000047
2.029486
2.06048
2.103572
2.161275
2.2214259999999997
2.272597
2.3087560000000003
2.3294
2.336552
2.332563
2.319556
2.30324
2.286403
2.266283
2.242502
2.216095
2.188224
2.1584830000000004
2.123504
2.081006
2.03495
1.997769
1.976825
1.9699529999999998
1.974737
1.9882
2.0074419999999997
2.029969
2.053986
2.08296
2.1151020000000003
2.143639
2.167383
2.18653
2.203415
2.220726
2.2373439999999998
2.247684
2.245822
2.229295
2.2039310000000003
2.173483
2.1366490000000002
2.0956930000000003
2.053116
2.0110040000000002
1.971141
1.9352509999999998
1.909209
1.8923020000000002
1.8772229999999999
1.8612279999999999
1.843889
1.828338
1.8230330000000001
1.831259
1.848738
1.872379
1.899042
1.925748
1.949991
1.9696939999999998
1.9830709999999998
1.989728
1.9915150000000001
1.987382
1.975816
1.9592610000000001
1.9396200000000001
1.9161
1.8858380000000001
1.8465310000000001
1.8024040000000001
1.756077
1.7063110000000001
1.6557580000000003
1.607385
1.563487
1.527614
1.5045549999999999
1.492592
1.487188
1.4867219999999999
1.488691
1.490697
1.496786
1.509079
1.524918
1.544503
1.567015
1.590164
1.610946
1.6295870000000001
1.644296
1.6499169999999999
1.6447310000000002
1.62889
1.60332
1.569874
1.531379
1.490756
1.449624
1.407629
1.3672790000000001
1.32792
1.285562
1.241298
1.197892
1.16296
1.13988
1.125035
1.117631
1.117429
1.1232520000000001
1.1329989999999999
1.149413
1.169845
1.1859110000000002
1.19631
1.2066270000000001
1.22015
1.233242
1.2434100000000001
1.2488569999999999
1.247484
1.237509
1.217786
1.188013
1.148945
1.102342
1.0507229999999999
0.997216
0.949456
0.910444
0.876268
0.846944
0.824642
0.805964
0.786652
0.768275
0.753364
0.744031
0.741347
0.7451
0.75921
0.7817069999999999
0.8038350000000001
0.827326
0.8493709999999999
0.862223
0.8656280000000001
0.861201
0.851302
0.837936
0.821667
0.8014600000000001
0.77553
0.742414
0.701649
0.658782
0.616212
0.575334
0.541181
0.51207
0.486659
0.4663
0.45122299999999993
0.44052600000000003
0.43269799999999997
0.426249
0.42041300000000004
0.42112299999999997
0.43182299999999996
0.451665
0.47721800000000003
0.502545
0.526157
0.546317
0.561222
0.5694279999999999
0.569643
0.56088
0.543003
0.516953
0.48448100000000005
0.44751599999999997
0.412943
0.384704
0.361633
0.339821
0.31472
0.287168
0.258402
0.22985100000000003
0.20312
0.179653
0.160581
0.15418199999999999
0.167296
0.190616
0.21451399999999998
0.237031
0.25695500000000004
0.27366599999999996
0.28728200000000004
0.298189
0.306411
0.311442
0.31251
0.308729
0.299179
0.289189
0.28471199999999997
0.280114
0.268125
0.248385
0.223185
0.194849
0.16548
0.13659300000000002
0.10884100000000001
0.082208
0.056504
0.042085000000000004
0.043938
0.050903
0.057286000000000004
0.063787
0.071798
0.082465
0.095966
0.111273
0.126605
0.139921
0.149319
0.153499
0.159885
0.175701
0.192614
0.20286300000000002
0.207188
0.20670500000000003
0.20158900000000002
0.191466
0.175811
0.154173
0.12671400000000002
0.094625
0.059917
0.035212
0.027415
0.026448000000000003
0.026719
0.028508999999999996
0.03218
0.037316
0.042959
0.048246
0.05285499999999999
0.056987
0.061128999999999996
0.06578400000000001
0.08127000000000001
0.111996
0.144905
0.171628
0.19118800000000002
0.203653
0.209078
0.207618
0.199714
0.186178
0.168134
0.146722
0.12271800000000001
0.09638300000000001
0.07736599999999999
0.07114
0.067136
0.059695000000000005
0.051014
0.043414
0.038086
0.035404000000000005
0.035396
0.037879
0.042395
0.048146
0.064419
0.094836
0.126973
0.15417999999999998
0.17662
0.19554100000000002
0.211839
0.225167
0.234159
0.23738800000000002
0.23406300000000002
0.224173
0.208227
0.186952
0.16112
0.139809
0.131305
0.128243
0.123958
0.119272
0.114646
0.109596
0.103506
0.09659
0.09001
0.085126
0.082736
0.092359
0.118877
0.150911
0.180788
0.207773
0.23179299999999997
0.252273
0.268088
0.278346
0.282938
0.282497
0.277997
0.270094
0.258673
0.24305900000000003
0.229042
0.225219
0.225787
0.22257399999999997
0.21638000000000002
0.20837600000000003
0.199186
0.189497
0.180444
0.173148
0.167996
0.164465
0.161503
0.16603900000000002
0.184842
0.20942600000000003
0.232
0.253144
0.27341
0.292127
0.308176
0.320778
0.329511
0.333981
0.333577
0.32766100000000004
0.316025
0.299159
0.284387
0.280132
0.28219099999999997
0.283225
0.28162600000000004
0.277273
0.270163
0.260996
0.25104899999999997
0.24143499999999998
0.23267
0.22482600000000003
0.217927
0.218569
0.234959
0.259469
0.281912
0.301557
0.31854499999999997
0.332737
0.344148
0.353222
0.36033000000000004
0.365177
0.366844
0.364354
0.357129
0.345022
0.334426
0.331787
0.333356
0.333269
0.33011399999999996
0.32500100000000004
0.318676
0.311709
0.30453600000000003
0.297161
0.289216
0.280428
0.270967
0.267604
0.278007
0.296325
0.31419
0.330677
0.34641700000000003
0.361158
0.37403000000000003
0.384266
0.39135
0.394836
0.394382
0.389979
0.38195100000000004
0.370618
0.362261
0.362298
0.367269
0.37153
0.372329
0.36991599999999997
0.36439499999999997
0.356223
0.346428
0.33608299999999997
0.325821
0.315832
0.306064
0.302556
0.31145100000000003
0.327255
0.342396
0.35541799999999996
0.367259
0.37812399999999996
0.387648
0.395582
0.401846
0.406095
0.407567
0.405415
0.399111
0.388533
0.380087
0.379369
0.384127
0.389717
0.39306599999999997
0.394109
0.392437
0.387899
0.380922
0.372041
0.361504
0.349428
0.33616
0.322305
0.314728
0.320142
0.333805
0.348448
0.361707
0.373274
0.38256799999999996
0.389331
0.393816
0.39624299999999996
0.39639800000000003
0.393842
0.388317
0.379816
0.37462199999999996
0.377754
0.385614
0.39259
0.395806
0.395864
0.393065
0.38776900000000003
0.38061999999999996
0.372087
0.362141
0.350547
0.337311
0.322759
0.313596
0.316578
0.326962
0.337805
0.347657
0.357026
0.365552
0.372596
0.37780199999999997
0.380862
0.381254
0.378488
0.37246799999999997
0.363466
0.358117
0.3621
0.37147800000000003
0.380209
0.385746
0.388384
0.38776900000000003
0.38355700000000004
0.376089
0.366101
0.35418
0.340715
0.32614099999999996
0.310919
0.301657
0.30512100000000003
0.315889
0.32635
0.335097
0.34252
0.348292
0.352096
0.354221
0.355139
0.35486599999999996
0.352926
0.348771
0.342016
0.338756
0.344709
0.355302
0.364138
0.369395
0.371708
0.370988
0.367102
0.36049000000000003
0.351771
0.341146
0.328442
0.31361999999999995
0.297036
0.285577
0.286835
0.295628
0.304377
0.31207199999999996
0.318972
0.324441
0.327865
0.329326
0.329191
0.327486
0.323912
0.318282
0.310703
0.307673
0.315591
0.328989
0.340306
0.34777399999999997
0.351628
0.351575
0.34758
0.340381
0.330951
0.319783
0.30688899999999997
0.292281
0.276208
0.265264
0.266991
0.275378
0.282269
0.28729299999999997
0.29120999999999997
0.29393
0.295296
0.295616
0.295199
0.29379299999999997
0.29072800000000004
0.285492
0.277987
0.27465900000000004
0.282672
0.296031
0.306788
0.314313
0.319137
0.320886
0.31917
0.314237
0.306575
0.296356
0.283514
0.268214
0.250986
0.23871900000000001
0.239734
0.247602
0.253645
0.258025
0.261351
0.263237
0.263324
0.261925
0.259565
0.256326
0.251874
0.24590900000000002
0.238346
0.23550900000000002
0.245191
0.26021700000000003
0.271511
0.27928600000000003
0.284163
0.285842
0.28413
0.279528
0.272701
0.2638
0.25251999999999997
0.23864899999999997
0.22231900000000002
0.210409
0.211432
0.21836399999999997
0.222527
0.224911
0.226448
0.22690900000000003
0.226017
0.224072
0.22144899999999998
0.21796300000000002
0.213009
0.20614000000000002
0.20413800000000001
0.21516500000000002
0.23166399999999998
0.24436799999999997
0.253579
0.26043499999999997
0.265054
0.266733
0.26503699999999997
0.260239
0.252794
0.24279499999999998
0.23009699999999997
0.214772
0.197217
0.177831
0.15692799999999998
0.135105
0.113231
0.09185
0.070824
0.049669
0.028270999999999998
0.007175
-0.008626
-0.015403
-0.015702
-0.012561
-0.008201
-0.004098
-0.0012029999999999999
7.5e-05
-0.000156
-0.001615
-0.004056000000000001
-0.0070420000000000005
-0.009778
-0.011446
-0.011802
-0.011358
-0.010768999999999999
-0.010081
-0.008856000000000001
-0.006862
-0.004369
-0.0018629999999999999
0.000338
0.0021550000000000002
0.0036229999999999995
0.004871
0.006895
0.009670999999999999
0.011787
0.012674
0.012373
0.011322
0.010202
0.009335
0.008439
0.007111
0.005299
0.003275
0.0013289999999999999
-0.000407
-0.000973
-0.0009140000000000001
-0.002205
-0.004493
-0.006744
-0.008558
-0.009621
-0.009968000000000001
-0.009932
-0.009764
-0.009362
-0.00845
-0.0069370000000000005
-0.005029
-0.003035
-0.001167
0.000515
0.002059
0.003525
0.004945000000000001
0.006302
0.007478
0.008295
0.008698000000000001
0.008846
0.00892
0.008873
0.008459
0.007498
0.006051
0.004353
0.002633
0.000998
-0.000549
-0.002048
-0.0035189999999999996
-0.004946
-0.006242
-0.007258
-0.007903
-0.008248
-0.008444
-0.007784
-0.006624
-0.0060799999999999995
-0.005627
-0.004796
-0.0036899999999999997
-0.0024219999999999997
-0.001049
0.000401
0.0018989999999999999
0.0034
0.0048200000000000005
0.006035
0.006938
0.007531
0.007913
0.008168
0.008248
0.007981
0.007238
0.006076
0.004681
0.0032270000000000003
0.0018
0.000407
-0.0009710000000000001
-0.002341
-0.0036710000000000002
-0.004879
-0.005868
-0.0066
-0.007125
-0.007513
-0.007755
-0.007739
-0.007331999999999999
-0.006518
-0.00541
-0.004157
-0.00286
-0.001551
-0.000229
0.001105
0.002427
0.0036729999999999996
0.004763
0.005642
0.0063219999999999995
0.006853
0.007245000000000001
0.007427
0.007279000000000001
0.0067480000000000005
0.0058920000000000005
0.004837
0.003692
0.003782
0.00466
0.004038
0.001832
-0.000816
-0.003104
-0.004852
-0.006047
-0.006795000000000001
-0.0072180000000000005
-0.007378
-0.007258
-0.0068379999999999995
-0.006147
-0.005267
-0.0042840000000000005
-0.0032159999999999997
-0.002032
-0.0007559999999999999
0.000499
0.001637
0.0026320000000000002
0.003498
0.004264
0.004961
0.005602
0.006146
0.0064930000000000005
0.006546
0.006267
0.0057
0.0049299999999999995
0.004014
0.0029620000000000002
0.0017870000000000002
0.000566
-0.000605
-0.0016710000000000002
-0.002618
-0.0034579999999999997
-0.00421
-0.0048909999999999995
-0.005485
-0.005929
-0.006145
-0.006082
-0.005748
-0.005197
-0.004477
-0.003604
-0.002589
-0.00148
-0.000362
0.000696
0.001666
0.002549
0.0033590000000000004
0.004107
0.004783
0.00534
0.0057090000000000005
0.005831
0.005692
0.0053219999999999995
0.004767
0.004057
0.003204
0.002236
0.001212
0.0006230000000000001
0.000177
-0.0008039999999999999
-0.0019850000000000002
-0.003074
-0.004016
-0.004769
-0.005291
-0.005555
-0.005563
-0.005347
-0.004947
-0.00439
-0.0036850000000000003
-0.002848
-0.001923
-0.000962
-2e-06
0.0009199999999999999
0.001772
0.002553
0.003273
0.003926
0.004476
0.004873
0.0050799999999999994
0.005083
0.004895
0.004534000000000001
0.004013
0.0033439999999999998
0.0025570000000000002
0.001693
0.000789
-0.000118
-0.000991
-0.001807
-0.002562
-0.003249
-0.003848
-0.0043219999999999995
-0.004636
-0.0047740000000000005
-0.004737
-0.004538
-0.004182
-0.0036729999999999996
-0.0030280000000000003
-0.0022760000000000002
-0.001456
-0.000607
0.000234
0.001041
0.001805
0.002522
0.003177
0.003739
0.0041719999999999995
0.004443
0.00454
0.0044670000000000005
0.004234
0.0038520000000000004
0.003339
0.002715
0.002007
0.001241
0.000446
-0.000349
-0.001121
-0.001855
-0.002532
-0.00313
-0.003619
-0.003973
-0.004181
-0.00424
-0.004155
-0.003927
-0.003558
-0.0030600000000000002
-0.002456
-0.0017739999999999998
-0.001046
-0.000302
0.000437
0.001158
0.001848
0.0024879999999999998
0.0030489999999999996
0.0034990000000000004
0.003817
0.003992
0.004021
0.003906
0.0036509999999999997
0.003268
0.0027760000000000003
0.0024579999999999997
0.002091
0.0013310000000000002
0.000449
-0.00041600000000000003
-0.001222
-0.001943
-0.002558
-0.003052
-0.003415
-0.00365
-0.0037630000000000003
-0.0037579999999999996
-0.003631
-0.0033799999999999998
-0.003008
-0.002525
-0.001948
-0.0013160000000000001
-0.00067
-2.8999999999999997e-05
0.000605
0.00123
0.00183
0.00238
0.002848
0.003211
0.0034560000000000003
0.003572
0.003556
0.0034100000000000003
0.003141
0.002762
0.002288
0.0017399999999999998
0.001149
0.000537
-8.2e-05
-0.0007
-0.001299
-0.0018559999999999998
-0.0023469999999999997
-0.002752
-0.003058
-0.003256
-0.003343
-0.003314
-0.003167
-0.0029059999999999997
-0.002537
-0.002077
-0.0015539999999999998
-0.0009960000000000001
-0.000421
0.000162
0.0007440000000000001
0.001307
0.001831
0.002293
0.002676
0.002959
0.00313
0.003182
0.0031149999999999997
0.002939
0.002664
0.002303
0.001871
0.0013830000000000001
0.0008730000000000001
0.000331
-0.00024700000000000004
-0.000816
-0.00135
-0.0018280000000000002
-0.002236
-0.002562
-0.002797
-0.002936
-0.0029739999999999996
-0.002908
-0.002738
-0.00247
-0.0021149999999999997
-0.001693
-0.0012230000000000001
-0.00072
-0.000198
0.000332
0.000852
0.0013460000000000002
0.0017929999999999999
0.002176
0.0024809999999999997
0.002694
0.002807
0.002816
0.002723
0.002534
0.002262
0.0019199999999999998
0.0015199999999999999
0.001074
0.00059
8.499999999999999e-05
-0.000424
-0.0009140000000000001
-0.001367
-0.001766
-0.0021
-0.002359
-0.002535
-0.002625
-0.002625
-0.002536
-0.002357
-0.002096
-0.0017629999999999998
-0.001373
-0.0009400000000000001
-0.000479
-6e-06
0.000466
0.000923
0.001348
0.0017289999999999999
0.002049
0.002293
0.002447
0.002506
0.0024739999999999996
0.002357
0.002168
0.001913
0.001598
0.001228
0.0008119999999999999
0.000363
-9.7e-05
-0.000547
-0.000968
-0.001349
-0.0016809999999999998
-0.001953
-0.002159
-0.00229
-0.002343
-0.002316
-0.002207
-0.002022
-0.001768
-0.001454
-0.001092
-0.000695
-0.000278
0.000147
0.0005650000000000001
0.000964
0.00133
0.0016489999999999999
0.001906
0.002093
0.0022010000000000003
0.002228
0.002175
0.002049
0.0019190000000000001
0.0017170000000000002
0.001384
0.001005
0.000596
0.000175
-0.000242
-0.000638
-0.0010019999999999999
-0.001322
-0.001591
-0.001805
-0.001962
-0.002058
-0.0020870000000000003
-0.002042
-0.0019199999999999998
-0.001725
-0.001469
-0.0011710000000000002
-0.0008410000000000001
-0.00049
-0.000123
0.00025
0.000621
0.000974
0.001291
0.001559
0.001766
0.001906
0.001975
0.001973
0.0019030000000000002
0.0017690000000000002
0.001578
0.0013369999999999999
0.001053
0.000733
0.000388
2.9999999999999997e-05
-0.00032599999999999996
-0.000666
-0.000978
-0.001254
-0.001484
-0.001662
-0.0017850000000000001
-0.001849
-0.001849
-0.0017829999999999999
-0.001652
-0.000724
0.000618
0.000965
0.000627
0.000314
0.00016
0.00018600000000000002
0.000365
0.000646
0.0009660000000000001
0.0012720000000000001
0.0015199999999999999
0.0016870000000000001
0.002895
0.004767
0.00532
0.0044280000000000005
0.003041
0.001827
0.00086
0.000127
-0.000397
-0.000746
-0.000965
-0.001103
-0.001202
-0.001286
-0.001368
-0.001446
-0.00149
-0.001448
-0.001333
-0.001231
-0.001213
-0.001247
-0.001231
-0.001085
-0.000801
-0.000421
-2e-06
0.000408
0.000773
0.001074
0.001303
0.001462
0.001542
0.001525
0.0014199999999999998
0.001294
0.001224
0.001219
0.001212
0.002956
0.005898
0.006889
0.00564
0.003285
0.000964
-0.000745
-0.001796
-0.002293
-0.002388
-0.002223
-0.001916
-0.0015789999999999999
-0.001315
0.000171
0.002441
0.003239
0.002553
0.0014880000000000002
0.000669
9e-05
-0.00026000000000000003
-0.000376
-0.000271
6e-06
0.000379
0.0007559999999999999
0.001748
0.0030039999999999997
0.003254
0.002762
0.00223
0.0017829999999999999
0.001282
0.000656
1.7e-05
-0.00045700000000000005
-0.0006889999999999999
-0.000725
-0.000671
-0.000625
-0.0006389999999999999
-0.0007160000000000001
-0.000811
-0.0008730000000000001
-0.0009119999999999999
-0.0010019999999999999
-0.001185
-0.001391
-0.001451
-0.001241
-0.000811
-0.000333
0.001351
0.0037630000000000003
0.004640999999999999
0.0038740000000000003
0.002537
0.001431
0.000699
0.000306
0.00018
0.00027400000000000005
0.000551
0.0009130000000000001
0.001193
0.003274
0.006581
0.007734
0.006514
0.00414
0.001809
9.8e-05
-0.00105
-0.001726
-0.002017
-0.0020050000000000003
-0.001794
-0.0015140000000000002
0.000601
0.003943
0.0052840000000000005
0.004458
0.002768
0.0012699999999999999
0.00023799999999999998
-0.000503
-0.001035
-0.001294
-0.001209
-0.000813
-0.000241
0.000338
0.0008
0.001105
0.001323
0.001568
0.001809
0.001836
0.001466
0.000752
-1.1e-05
-0.000499
-0.000586
-0.000386
0.002339
0.006794
0.008741
0.007716
0.004967
0.0019079999999999998
-0.000478
-0.002055
-0.0029170000000000003
-0.003127
-0.002726
-0.0018690000000000002
-0.000866
0.002193
0.0065450000000000005
0.008395999999999999
0.007509
0.005243
0.0029059999999999997
0.001199
8.7e-05
-0.0005679999999999999
-0.000833
-0.000723
-0.0003
0.00025499999999999996
0.003425
0.008397
0.010577
0.009575
0.006915999999999999
0.003943
0.0014939999999999999
-0.00031600000000000004
-0.001638
-0.002461
-0.0027140000000000003
-0.002447
-0.0018629999999999999
0.0010960000000000002
0.005615
0.007664
0.006931999999999999
0.004802000000000001
0.002591
0.0009199999999999999
-0.000376
-0.001442
-0.002168
-0.002329
-0.001854
-0.000949
0.0031260000000000003
0.009392
0.01256
0.012034
0.009418000000000001
0.006002
0.002846
0.000437
-0.00133
-0.002395
-0.002627
-0.002068
-0.001042
0.003635
0.010812
0.014282
0.013380000000000001
0.01005
0.005841
0.0019920000000000003
-0.000872
-0.002836
-0.00392
-0.004059
-0.003327
-0.002081
-0.000848
0.003439
0.00992
0.01305
0.012465
0.009867
0.006313
0.002711
-0.00022799999999999999
-0.002225
-0.003069
-0.00278
-0.00172
-0.00047400000000000003
0.004483
0.012131999999999999
0.01592
0.015222999999999999
0.012092
0.007982
0.003786
0.000188
-0.002412
-0.003368
-0.002418
-0.000644
0.000665
0.005792
0.014069
0.018064
0.016855000000000002
0.01261
0.007134000000000001
0.0019199999999999998
-0.002101
-0.004821
-0.006207
-0.0060880000000000005
-0.004566
-0.0022170000000000002
0.004779
0.01518
0.021269
0.021794
0.01879
0.013824000000000001
0.007816
0.00202
-0.002503
-0.005496
-0.006869
-0.006704000000000001
-0.005386
0.001749
0.01296
0.019039
0.018743
0.014937
0.010318
0.006261
0.003273
0.001352
0.00016999999999999999
-0.000337
-0.00021899999999999998
0.000165
0.006345
0.016831
0.021700999999999998
0.019806
0.014108
0.0071909999999999995
0.001108
-0.002736
-0.004212
-0.004131
-0.0032340000000000003
-0.00173
0.00037200000000000004
0.008879999999999999
0.021957
0.028863999999999997
0.027844999999999998
0.021708
0.013265
0.004713
-0.0021
-0.006447
-0.008638
-0.008854
-0.007225
-0.004079
0.0060409999999999995
0.020878
0.029334
0.029539
0.024225999999999998
0.016279
0.008081999999999999
0.001379
-0.0031739999999999997
-0.00583
-0.006793
-0.006255
-0.00463
0.004788000000000001
0.020003
0.028696
0.02914
0.02443
0.01725
0.009719
0.003311
-0.0013210000000000001
-0.0042450000000000005
-0.005697
-0.00588
-0.0050100000000000006
0.004292
0.020176
0.029491000000000003
0.029848000000000003
0.024413
0.01655
0.008923
0.002918
-0.001284
-0.003921
-0.004967
-0.00448
-0.002957
0.006872
0.022930000000000002
0.031678
0.030947000000000002
0.024352000000000002
0.015158000000000001
0.005893
-0.001266
-0.005468
-0.007016
-0.00625
-0.003879
-0.0008730000000000001
0.002032
0.012539
0.028562999999999998
0.036282
0.034155
0.026396
0.016276
0.006115
-0.0020629999999999997
-0.007209
-0.009398
-0.009112
-0.007061
-0.003906
0.008139
0.026723
0.037368
0.037925
0.032538
0.02446
0.015062
0.005461
-0.0025559999999999997
-0.007882
-0.010312
-0.009959
-0.007551
0.0043479999999999994
0.023086000000000002
0.034138
0.035464999999999997
0.031091000000000004
0.024093
0.015801
0.007295
0.000147
-0.004693999999999999
-0.007143000000000001
-0.0073739999999999995
-0.005954999999999999
0.005345
0.024122
0.03492
0.035704
0.031127999999999996
0.024169
0.015871
0.007415000000000001
0.0005769999999999999
-0.0037670000000000004
-0.005629
-0.005287
-0.003568
0.007906999999999999
0.026785000000000003
0.037704
0.039762
0.037652
0.033154
0.026657999999999998
0.018174
0.007821
-0.0017
-0.007369
-0.008811
-0.006973999999999999
0.005852
0.026697000000000002
0.040202
0.045473
0.046774
0.045513
0.041841
0.035677999999999994
0.026794
0.015125999999999999
0.002604
-0.0066489999999999995
-0.010689
-0.001064
0.019184
0.033406
0.03967
0.042295
0.042966000000000004
0.041941
0.038962000000000004
0.033469
0.025069
0.013809
0.0018960000000000001
-0.006684000000000001
-0.000786
0.016524
0.028626
0.033675
0.035542000000000004
0.036036
0.035477999999999996
0.033510000000000005
0.029679
0.023697
0.015461
0.0057469999999999995
-0.002323
-0.006640000000000001
0.001655
0.019575
0.031407
0.036126
0.037475
0.036716000000000006
0.033795
0.028555
0.021357
0.01267
0.004103
-0.001592
-0.003693
0.006358
0.025542
0.039424
0.047507
0.052086
0.053889
0.053215
0.049925
0.04358
0.034138
0.022419
0.009649
-0.000642
0.004204
0.021509999999999998
0.035887999999999996
0.045895
0.053489999999999996
0.059120000000000006
0.06261699999999999
0.063321
0.060409000000000004
0.053644000000000004
0.043497
0.030674
0.015853
0.012144
0.02329
0.035372
0.043949
0.050075
0.054808
0.058533
0.060654999999999994
0.06016900000000001
0.05664500000000001
0.050345
0.041656
0.03081
0.028858999999999996
0.040117
0.052292
0.059753999999999995
0.063221
0.064183
0.06394
0.062819
0.060242
0.055746000000000004
0.049369
0.04145
0.032441000000000005
0.022543
0.022937
0.036778
0.050703
0.059705999999999995
0.064731
0.066787
0.066178
0.06282
0.056853999999999995
0.048617
0.038555
0.027412
0.015995
0.016742
0.032683
0.049582999999999995
0.062575
0.07247100000000001
0.080025
0.08543400000000001
0.088107
0.086859
0.080934
0.070704
0.057458
0.042673
0.037823
0.047585
0.060148
0.069784
0.07696499999999999
0.082662
0.087506
0.091321
0.093052
0.091663
0.086844
0.078843
0.068062
0.054735
0.049283
0.056572000000000004
0.065448
0.070528
0.072995
0.074379
0.075147
0.07468999999999999
0.07235499999999999
0.068089
0.062215
0.055126999999999995
0.047080000000000004
0.048274
0.062652
0.077938
0.087925
0.093362
0.095956
0.096798
0.095853
0.092476
0.086403
0.07814
0.068618
0.058705999999999994
0.05885599999999999
0.07359500000000001
0.091148
0.105065
0.115541
0.12331199999999999
0.128701
0.131353
0.130492
0.12581099999999998
0.11773499999999999
0.10713099999999999
0.095111
0.082536
0.07938200000000001
0.090684
0.105288
0.11673399999999999
0.125776
0.133474
0.139854
0.143939
0.14466800000000002
0.14166800000000002
0.135175
0.125873
0.114723
0.11111800000000001
0.12091600000000001
0.13406500000000002
0.143543
0.150131
0.155225
0.159618
0.163155
0.164849
0.163776
0.15981099999999998
0.153451
0.145215
0.135143
0.131329
0.140237
0.15296300000000002
0.162293
0.168856
0.173837
0.177543
0.1793
0.178402
0.174933
0.16958299999999998
0.163105
0.155924
0.155722
0.168674
0.185333
0.197398
0.20548200000000003
0.211279
0.215824
0.21903000000000003
0.220216
0.21894699999999997
0.21536799999999998
0.210006
0.20341900000000002
0.195766
0.19363
0.20421199999999998
0.219718
0.23169099999999998
0.240669
0.24749899999999997
0.25199099999999997
0.253289
0.251004
0.245687
0.238323
0.2299
0.221063
0.211752
0.208081
0.217667
0.233175
0.24578699999999998
0.255861
0.26403699999999997
0.269958
0.27266399999999996
0.271552
0.26707600000000004
0.260495
0.252865
0.244288
0.234156
0.22833299999999998
0.235308
0.249173
0.26150300000000004
0.272493
0.282527
0.290987
0.296797
0.299268
0.298489
0.294888
0.28863099999999997
0.279428
0.266918
0.257627
0.260261
0.270237
0.27994
0.288578
0.296102
0.30196300000000004
0.305627
0.307023
0.306581
0.304708
0.301288
0.295668
0.287012
0.281091
0.285174
0.294477
0.30191799999999996
0.306739
0.309552
0.31055900000000003
0.309944
0.30814
0.305675
0.302672
0.298656
0.29291
0.284902
0.28078000000000003
0.28791
0.301194
0.312686
0.32055900000000004
0.324835
0.325687
0.323403
0.318467
0.311619
0.303523
0.29443800000000003
0.284373
0.273399
0.268015
0.275879
0.291294
0.305584
0.31695500000000004
0.325263
0.330246
0.33157600000000004
0.329275
0.323896
0.31601799999999997
0.305885
0.293646
0.279616
0.270567
0.274555
0.286393
0.297925
0.30785
0.316396
0.323421
0.328379
0.33061999999999997
0.329638
0.32505300000000004
0.316759
0.305148
0.290865
0.28082399999999996
0.282906
0.29215399999999997
0.300706
0.307228
0.312211
0.315811
0.317813
0.31797
0.31622
0.312527
0.306743
0.298617
0.294051
0.29961
0.31045300000000003
0.319418
0.325115
0.328363
0.32982
0.329788
0.32820900000000003
0.324888
0.319766
0.31295
0.304603
0.29483400000000004
0.289852
0.29639699999999997
0.30903200000000003
0.319822
0.32716100000000004
0.331744
0.3339
0.333369
0.329926
0.323833
0.315658
0.305969
0.29523
0.28371599999999997
0.277652
0.283963
0.296958
0.308515
0.317214
0.323373
0.326826
0.327129
0.324241
0.318651
0.310956
0.30159899999999995
0.290781
0.278435
0.27066
0.274878
0.28586300000000003
0.295822
0.30378
0.310195
0.314855
0.31698000000000004
0.315866
0.311334
0.303747
0.293768
0.281943
0.268472
0.259783
0.263882
0.275204
0.285434
0.293688
0.300219
0.304745
0.306728
0.305894
0.302438
0.296719
0.28888
0.27874499999999997
0.266074
0.257303
0.26069200000000003
0.270811
0.279514
0.28623899999999997
0.291477
0.295125
0.296756
0.296123
0.293354
0.288657
0.281994
0.27308699999999997
0.261594
0.25366500000000003
0.257253
0.266706
0.273972
0.27876599999999996
0.281674
0.282717
0.281695
0.278618
0.27386
0.267838
0.26066
0.252118
0.248119
0.256096
0.269839
0.28072199999999997
0.287946
0.29184499999999997
0.292602
0.290576
0.286149
0.27960300000000005
0.271378
0.26198899999999997
0.251705
0.240504
0.23449
0.241614
0.255454
0.267067
0.275989
0.282443
0.286038
0.286044
0.282003
0.274233
0.263683
0.251261
0.237467
0.22261199999999998
0.21332199999999998
0.218074
0.230125
0.24035
0.24870599999999998
0.255515
0.260452
0.262825
0.262127
0.25835
0.251675
0.242092
0.22953400000000002
0.214194
0.20308199999999998
0.20492399999999997
0.21332800000000002
0.219849
0.22482199999999997
0.228884
0.231998
0.233643
0.233348
0.231066
0.22689600000000001
0.22070599999999999
0.2121
0.20715100000000003
0.213854
0.22565500000000002
0.234237
0.239963
0.24347399999999997
0.24507600000000002
0.24493099999999998
0.24300700000000003
0.23929899999999998
0.234089
0.22774299999999997
0.22040500000000002
0.211923
0.208596
0.21812199999999998
0.23298400000000002
0.24399200000000001
0.251233
0.25559
0.257391
0.2564
0.252585
0.246529
0.238893
0.22998200000000002
0.21989299999999998
0.208661
0.20294600000000002
0.21072600000000002
0.22477399999999997
0.236186
0.244934
0.251321
0.254936
0.255137
0.251892
0.24586999999999998
0.23775700000000002
0.227954
0.21660500000000002
0.209856
0.215804
0.22796599999999997
0.237644
0.24501399999999998
0.250692
0.254808
0.257087
0.256927
0.253786
0.247569
0.238629
0.22758
0.21484299999999998
0.20676
0.21141
0.222235
0.230654
0.236948
0.241727
0.244848
0.24572399999999997
0.24400100000000002
0.23988299999999999
0.233754
0.225777
0.215901
0.204074
0.197108
0.203178
0.215281
0.22478299999999998
0.23201599999999997
0.237746
0.24188800000000002
0.24384099999999997
0.243263
0.240389
0.23561999999999997
0.22907600000000003
0.22051300000000001
0.209484
0.202319
0.207213
0.21761
0.225361
0.231118
0.23564200000000002
0.238902
0.240429
0.239819
0.237118
0.232658
0.22662399999999996
0.218846
0.215298
0.22398800000000002
0.238157
0.24888400000000002
0.256288
0.260877
0.26279600000000003
0.262278
0.259583
0.254905
0.24867199999999998
0.241431
0.23345100000000002
0.224622
0.22084299999999998
0.230081
0.245471
0.257856
0.26727199999999995
0.274118
0.278039
0.278301
0.274513
0.26714
0.257266
0.245817
0.233198
0.21957600000000002
0.21133600000000002
0.216825
0.22956300000000002
0.2407
0.250247
0.258474
0.264887
0.26855999999999997
0.268806
0.26558899999999996
0.259181
0.24968
0.23707399999999998
0.221595
0.209945
0.211106
0.21934800000000002
0.226285
0.23218200000000003
0.23753600000000002
0.242168
0.245456
0.24687800000000001
0.24634899999999998
0.24391500000000002
0.239346
0.23209699999999997
0.227625
0.23346
0.243608
0.250208
0.253867
0.255614
0.255869
0.254811
0.25244
0.24876399999999999
0.244011
0.238411
0.23194499999999998
0.224331
0.22135100000000002
0.23089099999999999
0.24607199999999999
0.257629
0.265532
0.270516
0.27273400000000003
0.271744
0.267336
0.26016100000000003
0.251253
0.24130700000000002
0.23061399999999999
0.21926500000000002
0.213604
0.221809
0.237038
0.250125
0.26083
0.26926700000000003
0.274902
0.277026
0.275547
0.271065
0.264237
0.255432
0.244738
0.232
0.22333499999999998
0.227406
0.23853600000000003
0.248225
0.25644
0.26356799999999997
0.2693
0.272865
0.273599
0.271333
0.26627399999999996
0.25879
0.249104
0.24321900000000002
0.248712
0.260182
0.26981
0.277206
0.282938
0.287036
0.289224
0.289216
0.286938
0.282588
0.276389
0.268344
0.258221
0.251871
0.256872
0.26799
0.277405
0.284492
0.289779
0.293147
0.294062
0.29227
0.288086
0.282005
0.274278
0.264873
0.253608
0.246381
0.25069600000000003
0.260883
0.268917
0.274543
0.278591
0.281078
0.281546
0.27976
0.275941
0.270452
0.263439
0.254729
0.243983
0.237103
0.242038
0.25313800000000003
0.262029
0.268097
0.27161599999999997
0.272557
0.27093
0.267016
0.261347
0.254494
0.246763
0.23805900000000002
0.228037
0.22263899999999998
0.23014099999999998
0.244256
0.25599099999999997
0.264997
0.27143
0.274999
0.275264
0.27205
0.26574000000000003
0.257127
0.246879
0.235301
0.228602
0.23489200000000002
0.24829600000000002
0.260327
0.27065700000000004
0.279575
0.286817
0.29184899999999997
0.294082
0.293089
0.28878899999999996
0.281279
0.27061399999999997
0.25697
0.24693600000000002
0.24879600000000002
0.257352
0.26469299999999996
0.27042
0.275115
0.278698
0.28065500000000004
0.28060999999999997
0.278645
0.274984
0.269602
0.262202
0.252377
0.24578200000000003
0.249664
0.258403
0.264361
0.267522
0.268816
0.26858899999999997
0.266806
0.263457
0.258839
0.253333
0.24704299999999998
0.239718
0.230893
0.22619299999999998
0.23330599999999999
0.246179
0.256159
0.26264299999999996
0.265973
0.266364
0.263848
0.258513
0.250902
0.24179699999999998
0.231729
0.22087800000000002
0.215182
0.22254699999999997
0.236724
0.248975
0.259067
0.267219
0.27312800000000004
0.27623400000000004
0.275942
0.272014
0.26490199999999997
0.255336
0.243804
0.230584
0.22194499999999998
0.226169
0.237217
0.24652600000000002
0.254146
0.260577
0.26557800000000004
0.268443
0.26860700000000004
0.266014
0.260848
0.25329
0.24363800000000002
0.232134
0.224806
0.22957600000000003
0.240391
0.248862
0.255081
0.259708
0.26277
0.26386
0.2627
0.25950100000000004
0.254625
0.24814
0.239736
0.22889299999999999
0.221421
0.225769
0.23643899999999998
0.24511599999999997
0.251784
0.257004
0.26064299999999996
0.26210100000000003
0.261031
0.25769699999999995
0.25257199999999996
0.245881
0.237535
0.22724299999999997
0.22084099999999998
0.226417
0.237927
0.24681199999999998
0.253163
0.25766300000000003
0.260333
0.260941
0.259499
0.256335
0.251777
0.24588600000000002
0.23841700000000002
0.23489200000000002
0.242488
0.25550100000000003
0.265972
0.273455
0.278381
0.280717
0.28033800000000003
0.277379
0.27218200000000004
0.26516100000000004
0.256718
0.24711
0.23636100000000002
0.23034899999999997
0.23674099999999998
0.249621
0.26054499999999997
0.268982
0.275138
0.278615
0.27871399999999996
0.27507600000000004
0.26798299999999997
0.25814000000000004
0.24638400000000002
0.233346
0.219271
0.210233
0.214508
0.22590700000000002
0.235636
0.243669
0.250373
0.255484
0.258363
0.25851999999999997
0.255902
0.25061500000000003
0.24256399999999997
0.23142800000000002
0.217013
0.20570500000000003
0.20649499999999998
0.21395100000000003
0.219906
0.224735
0.229035
0.23266399999999998
0.23504099999999997
0.235677
0.23448200000000002
0.231521
0.226671
0.219573
0.215714
0.222671
0.23441199999999998
0.242912
0.248629
0.252304
0.254083
0.254056
0.25237600000000004
0.249221
0.244912
0.239786
0.233933
0.22711599999999998
0.224939
0.23484699999999997
0.250343
0.26261799999999996
0.271285
0.276794
0.27934699999999996
0.278898
0.275486
0.26965
0.26214299999999996
0.253387
0.24345999999999998
0.232381
0.22621100000000002
0.232852
0.246346
0.25817399999999996
0.26788
0.27560999999999997
0.280848
0.282711
0.28074699999999997
0.275442
0.26764499999999997
0.257856
0.246238
0.23283299999999998
0.22362600000000002
0.226681
0.236621
0.245313
0.252364
0.258112
0.262391
0.26465
0.26441
0.26158000000000003
0.25621700000000003
0.248342
0.238051
0.23117100000000002
0.23500700000000002
0.24444200000000002
0.252118
0.257819
0.262191
0.265389
0.267241
0.267429
0.265701
0.262035
0.25648200000000004
0.24899899999999997
0.23940799999999998
0.23327699999999998
0.23795300000000003
0.24821500000000002
0.25651199999999996
0.262547
0.26683
0.269309
0.26953699999999997
0.267296
0.26294
0.25702600000000003
0.24985
0.24141500000000002
0.231544
0.22590900000000003
0.23201799999999997
0.243823
0.25300700000000004
0.25962399999999997
0.26453499999999996
0.26776700000000003
0.268806
0.267421
0.263957
0.258868
0.252306
0.24411999999999998
0.239812
0.24636
0.25851799999999997
0.268756
0.276478
0.282152
0.28580500000000003
0.28725700000000004
0.286385
0.28321399999999997
0.278025
0.27129000000000003
0.263383
0.25432899999999997
0.249703
0.256343
0.269029
0.280237
0.289096
0.295904
0.300381
0.3019
0.300106
0.295229
0.287906
0.278881
0.268712
0.25759099999999996
0.251261
0.25657800000000003
0.268507
0.279674
0.28915599999999997
0.297237
0.303552
0.307348
0.30814
0.305992
0.301164
0.29370999999999997
0.283429
0.27574499999999996
0.276991
0.283821
0.290482
0.295777
0.300423
0.30464600000000003
0.308122
0.310209
0.310357
0.30842600000000003
0.30453
0.298669
0.290572
0.285478
0.289096
0.297452
0.30466
0.309514
0.312614
0.31397600000000003
0.313388
0.310975
0.307266
0.30285100000000004
0.298036
0.292752
0.286595
0.284702
0.292591
0.305664
0.317222
0.325443
0.33068200000000003
0.333144
0.332813
0.32984
0.3248
0.31837
0.310884
0.302265
0.29231599999999996
0.28674299999999997
0.29187399999999997
0.303843
0.316153
0.326729
0.335432
0.34165700000000004
0.34451
0.343572
0.33928400000000003
0.332433
0.323598
0.31304099999999996
0.30643000000000004
0.309318
0.31851799999999997
0.328516
0.337079
0.344433
0.350529
0.355086
0.357749
0.358217
0.356325
0.351966
0.345086
0.33573000000000003
0.329496
0.331395
0.33881500000000003
0.346931
0.353222
0.358113
0.361619
0.36336599999999997
0.363137
0.361109
0.357558
0.352533
0.345842
0.33719899999999997
0.331848
0.334469
0.342454
0.350987
0.357325
0.36180100000000004
0.364439
0.36496300000000004
0.363302
0.359775
0.35483000000000003
0.348679
0.341196
0.33205999999999997
0.32655300000000004
0.329559
0.338187
0.347117
0.353485
0.357721
0.360114
0.360593
0.359117
0.35586599999999996
0.351113
0.344965
0.33729000000000003
0.333298
0.337418
0.347104
0.357634
0.36600900000000003
0.372373
0.37668
0.378767
0.378634
0.376425
0.372355
0.366632
0.35945
0.350973
0.346754
0.35118299999999997
0.361691
0.37344099999999997
0.383058
0.390574
0.395784
0.39819699999999997
0.397543
0.393985
0.38803200000000004
0.380274
0.371132
0.360885
0.355182
0.358321
0.36791599999999997
0.379253
0.3888
0.39671799999999996
0.402971
0.407123
0.40879099999999996
0.4079
0.404532
0.398669
0.39011
0.378755
0.370287
0.369134
0.374193
0.381862
0.388484
0.3943
0.39931500000000003
0.403059
0.405067
0.405146
0.403285
0.399449
0.39344
0.390194
0.39241
0.398858
0.406492
0.41130600000000006
0.41390600000000005
0.414937
0.414696
0.413279
0.410818
0.407476
0.403361
0.39847899999999997
0.39265100000000003
0.390813
0.395624
0.405515
0.41690600000000005
0.425246
0.43050600000000006
0.432729
0.431859
0.42808599999999997
0.42200699999999997
0.414366
0.40574
0.396491
0.386781
0.381931
0.385231
0.395075
0.407577
0.418284
0.426997
0.43337299999999995
0.436751
0.436784
0.433701
0.428041
0.420306
0.410696
0.39921799999999996
0.391341
0.390704
0.39652600000000005
0.405607
0.41369799999999995
0.42090900000000003
0.42715299999999995
0.431903
0.43462399999999995
0.43499499999999997
0.432849
0.42813900000000005
0.420854
0.416216
0.41684499999999997
0.422588
0.431167
0.437895
0.443091
0.447057
0.44976700000000003
0.451112
0.45103000000000004
0.44950500000000004
0.44655
0.442134
0.43606000000000006
0.433209
0.43542
0.442518
0.452374
0.45987799999999995
0.465279
0.46870100000000003
0.46996499999999997
0.46904700000000005
0.4662
0.461833
0.45627399999999996
0.449618
0.441784
0.43779700000000005
0.43940100000000004
0.44641099999999995
0.456556
0.464311
0.469839
0.473358
0.474804
0.47416
0.471537
0.467217
0.461434
0.454157
0.44520600000000005
0.43962399999999996
0.43933900000000004
0.444672
0.45376000000000005
0.46101000000000003
0.466325
0.46964700000000004
0.470732
0.469551
0.46630699999999997
0.461405
0.455179
0.44763500000000006
0.443643
0.44455600000000006
0.4508
0.46085
0.469008
0.47530500000000003
0.47989799999999994
0.48262700000000003
0.48324300000000003
0.48156400000000005
0.47748500000000005
0.47113599999999994
0.462872
0.45300100000000004
0.446863
0.446267
0.451718
0.46156899999999995
0.470075
0.477149
0.48268
0.486228
0.48745
0.486288
0.48290600000000006
0.47748
0.47004700000000005
0.460662
0.45462700000000006
0.453637
0.458375
0.46739899999999995
0.474929
0.481083
0.486073
0.489737
0.49185500000000004
0.49233699999999997
0.491209
0.48841899999999994
0.483684
0.47659700000000005
0.47196099999999996
0.470815
0.47429899999999997
0.48169399999999996
0.487137
0.49102700000000005
0.49386800000000003
0.495618
0.496113
0.495316
0.49328599999999995
0.490047
0.48546999999999996
0.484282
0.48691599999999996
0.494116
0.5052439999999999
0.513999
0.519986
0.523437
0.52449
0.523256
0.520031
0.515237
0.509243
0.5023880000000001
0.494888
0.491645
0.49315699999999996
0.5000359999999999
0.511706
0.5219189999999999
0.529999
0.535772
0.538767
0.538619
0.53538
0.52951
0.5215420000000001
0.5119560000000001
0.5011369999999999
0.49416899999999997
0.491885
0.495356
0.5043449999999999
0.512785
0.520138
0.52633
0.530898
0.533367
0.533436
0.530977
0.5259159999999999
0.518203
0.5078729999999999
0.499933
0.495443
0.49587700000000007
0.501478
0.506518
0.510655
0.5140779999999999
0.516598
0.517993
0.518115
0.516867
0.5141020000000001
0.509484
0.502546
0.497908
0.49620600000000004
0.49873599999999996
0.505393
0.510223
0.513238
0.514795
0.514929
0.513757
0.511472
0.5082409999999999
0.504147
0.499076
0.49762700000000004
0.500207
0.507071
0.517985
0.5272789999999999
0.534269
0.539127
0.5417890000000001
0.542247
0.540578
0.536882
0.531399
0.524509
0.516484
0.512296
0.512698
0.518092
0.528512
0.538242
0.546032
0.551643
0.554775
0.5553779999999999
0.553596
0.549817
0.544554
0.538025
0.530159
0.525755
0.525458
0.5293859999999999
0.537963
0.546037
0.552503
0.5574560000000001
0.560706
0.5620069999999999
0.56118
0.558248
0.5533819999999999
0.546588
0.537856
0.532146
0.530328
0.532518
0.539672
0.5470079999999999
0.552933
0.557326
0.559906
0.56042
0.558773
0.555022
0.549272
0.541643
0.536925
0.535866
0.537957
0.544629
0.55188
0.557746
0.5623199999999999
0.5656260000000001
0.567519
0.567859
0.566551
0.563525
0.5587300000000001
0.552067
0.54809
0.547362
0.549338
0.555597
0.562196
0.567315
0.571236
0.573918
0.575164
0.574959
0.5734090000000001
0.5706060000000001
0.5665560000000001
0.561171
0.559059
0.560703
0.565109
0.573435
0.5813649999999999
0.586721
0.589716
0.590453
0.589159
0.5863619999999999
0.5825020000000001
0.577804
0.572317
0.565855
0.562896
0.563919
0.567979
0.576454
0.585206
0.591874
0.596312
0.5982609999999999
0.597617
0.594557
0.5892850000000001
0.582106
0.57344
0.568062
0.566755
0.568327
0.575023
0.58368
0.5914020000000001
0.598033
0.603274
0.606655
0.607804
0.6064649999999999
0.602489
0.596015
0.5873729999999999
0.581255
0.578562
0.578058
0.582386
0.588754
0.5940979999999999
0.598366
0.601416
0.603128
0.603517
0.602604
0.6003609999999999
0.596631
0.591093
0.588061
0.588167
0.5896520000000001
0.594966
0.601524
0.6064430000000001
0.6097899999999999
0.611627
0.612103
0.611403
0.6096060000000001
0.606734
0.602683
0.597184
0.594598
0.59544
0.597845
0.604259
0.6119
0.6175390000000001
0.621134
0.622893
0.6229319999999999
0.621297
0.618135
0.613633
0.607825
0.605103
0.606093
0.608404
0.6150220000000001
0.623779
0.630748
0.63575
0.638798
0.639901
0.639031
0.636247
0.631821
0.625972
0.61878
0.614776
0.6147130000000001
0.616015
0.621901
0.630483
0.637579
0.6428649999999999
0.646117
0.6471600000000001
0.645957
0.642654
0.63759
0.630988
0.622996
0.61828
0.617632
0.618367
0.623803
0.63215
0.639142
0.64456
0.648325
0.6503359999999999
0.6505529999999999
0.6489199999999999
0.645365
0.639871
0.632483
0.627595
0.625934
0.625077
0.628908
0.635968
0.641972
0.6468470000000001
0.6505810000000001
0.653022
0.654045
0.6534989999999999
0.651208
0.6469659999999999
0.64485
0.6453399999999999
0.644979
0.6482720000000001
0.654728
0.659543
0.662998
0.66545
0.666842
0.667162
0.666442
0.664571
0.661432
0.656992
0.6555
0.657479
0.659066
0.664432
0.672813
0.678917
0.682624
0.683996
0.683184
0.680688
0.676952
0.672266
0.6669069999999999
0.66099
0.65869
0.660464
0.6623829999999999
0.668626
0.678419
0.686265
0.691773
0.694806
0.695385
0.693752
0.690024
0.684339
0.677048
0.668392
0.6627310000000001
0.660921
0.65941
0.662859
0.6709229999999999
0.678172
0.684189
0.688709
0.691447
0.692164
0.690581
0.686612
0.680384
0.676024
0.674247
0.671324
0.672143
0.6774789999999999
0.682281
0.68616
0.689268
0.691538
0.6928949999999999
0.693203
0.692188
0.689585
0.6851689999999999
0.682813
0.683088
0.681964
0.684
0.689814
0.694347
0.697187
0.69845
0.6983050000000001
0.697006
0.694679
0.691426
0.6873670000000001
0.6824720000000001
0.6807449999999999
0.682597
0.683539
0.688198
0.696878
0.703842
0.708515
0.7110529999999999
0.7117979999999999
0.7109850000000001
0.708648
0.704887
0.699843
0.693511
0.690051
0.69014
0.689541
0.692944
0.700769
0.707394
0.712252
0.715433
0.716928
0.716708
0.71486
0.711492
0.706557
0.7039989999999999
0.704504
0.7041270000000001
0.706411
0.7128359999999999
0.719279
0.724309
0.727929
0.730025
0.730472
0.729263
0.726448
0.722025
0.7160380000000001
0.712679
0.7128399999999999
0.712611
0.71524
0.7223189999999999
0.729692
0.735363
0.739136
0.741019
0.741062
0.739278
0.735717
0.730486
0.7237319999999999
0.719592
0.718723
0.717106
0.718172
0.723827
0.730111
0.735152
0.7389
0.7413770000000001
0.742555
0.7422880000000001
0.7403569999999999
0.736533
0.73061
0.72647
0.72487
0.7221069999999999
0.7217020000000001
0.725589
0.730072
0.7336010000000001
0.736209
0.737848
0.738522
0.738187
0.736682
0.7338020000000001
0.733234
0.73541
0.7362890000000001
0.738009
0.743007
0.7484609999999999
0.751996
0.753749
0.7538729999999999
0.752704
0.7506470000000001
0.747791
0.744096
0.739634
0.738283
0.7405520000000001
0.742432
0.746091
0.7538590000000001
0.762496
0.768991
0.772963
0.774463
0.773782
0.771097
0.766526
0.7604770000000001
0.753462
0.749616
0.749668
0.7498229999999999
0.752264
0.7594310000000001
0.768217
0.775594
0.781187
0.78487
0.786571
0.786133
0.7834439999999999
0.778551
0.7714449999999999
0.765968
0.76305
0.759307
0.756976
0.75934
0.764154
0.768364
0.771778
0.7743869999999999
0.7761
0.776621
0.775552
0.77253
0.767242
0.763504
0.762134
0.759373
0.757321
0.7591760000000001
0.762694
0.765027
0.766151
0.766319
0.765734
0.764428
0.762333
0.759328
0.758922
0.761468
0.763057
0.7645270000000001
0.769592
0.776706
0.781822
0.784805
0.786011
0.785701
0.783957
0.780828
0.776435
0.770935
0.7681319999999999
0.768762
0.769231
0.770588
0.776265
0.7842859999999999
0.7905840000000001
0.7949069999999999
0.7973100000000001
0.7978569999999999
0.796725
0.794139
0.790211
0.784981
0.782365
0.7830560000000001
0.783199
0.783994
0.788953
0.796182
0.801904
0.805912
0.808317
0.8093020000000001
0.808984
0.807194
0.803653
0.798299
0.795046
0.794646
0.793417
0.792279
0.795296
0.801132
0.80561
0.808489
0.809808
0.8095640000000001
0.807649
0.803897
0.798311
0.794656
0.7936340000000001
0.791769
0.789092
0.790579
0.79603
0.8004979999999999
0.803758
0.805864
0.806767
0.8064319999999999
0.804743
0.801503
0.796603
0.793554
0.7931060000000001
0.7920699999999999
0.790381
0.792706
0.798747
0.803661
0.807289
0.809738
0.811139
0.811581
0.810994
0.80928
0.809778
0.8129109999999999
0.815124
0.815751
0.818682
0.8248139999999999
0.8300709999999999
0.8334440000000001
0.835074
0.8353360000000001
0.834699
0.8333290000000001
0.8310790000000001
0.827857
0.827075
0.8292459999999999
0.8308780000000001
0.8313139999999999
0.8347180000000001
0.841706
0.847549
0.851089
0.8524950000000001
0.852198
0.850426
0.847143
0.842442
0.8366120000000001
0.8334030000000001
0.8335229999999999
0.83357
0.832986
0.836174
0.843535
0.8501299999999999
0.855025
0.858216
0.859735
0.859467
0.857253
0.853086
0.846985
0.8423790000000001
0.840102
0.8371870000000001
0.833412
0.83286
0.8369200000000001
0.8415969999999999
0.8453950000000001
0.8482780000000001
0.8502540000000001
0.851107
0.850448
0.847951
0.843426
0.840317
0.839426
0.8374879999999999
0.833973
0.833126
0.8362950000000001
0.839467
0.8415790000000001
0.8428709999999999
0.843607
0.8438450000000001
0.843432
0.8421379999999999
0.8430120000000001
0.846352
0.8486889999999999
0.849453
0.851356
0.856534
0.862123
0.865768
0.867699
0.8683629999999999
0.86798
0.8665579999999999
0.8640549999999999
0.86049
0.8591780000000001
0.8607549999999999
0.8620610000000001
0.8625209999999999
0.864671
0.87049
0.876934
0.8814879999999999
0.8841479999999999
0.885094
0.88449
0.882475
0.879173
0.8746719999999999
0.872416
0.873077
0.873361
0.872677
0.8738450000000001
0.878948
0.8849090000000001
0.889307
0.892128
0.893625
0.893961
0.892961
0.89028
0.885758
0.882763
0.8821
0.8807229999999999
0.878223
0.87708
0.880027
0.8846370000000001
0.8879879999999999
0.8899809999999999
0.8906870000000001
0.8900110000000001
0.8877290000000001
0.8837360000000001
0.881242
0.8808739999999999
0.8796450000000001
0.8772260000000001
0.874812
0.8762260000000001
0.880519
0.8837870000000001
0.885908
0.8870319999999999
0.887207
0.886376
0.8843690000000001
0.880977
0.8791370000000001
0.8794860000000001
0.879301
0.878243
0.8774709999999999
0.8804139999999999
0.88584
0.8901020000000001
0.8931709999999999
0.8952370000000001
0.896394
0.89661
0.895747
0.893692
0.89355
0.8957959999999999
0.8972129999999999
0.8972049999999999
0.897292
0.900949
0.9066129999999999
0.910625
0.91304
0.9143290000000001
0.914809
0.9144459999999999
0.913011
0.9103709999999999
0.909693
0.911457
0.912401
0.911962
0.9115979999999999
0.9147120000000001
0.9197200000000001
0.9229790000000001
0.924608
0.924925
0.9239860000000001
0.921692
0.917957
0.9128729999999999
0.9098649999999999
0.9096559999999999
0.9091819999999999
0.907958
0.907408
0.910849
0.916609
0.9208280000000001
0.9232389999999999
0.9239129999999999
0.9229459999999999
0.920434
0.9163379999999999
0.9135530000000001
0.912697
0.9111530000000001
0.908842
0.9060010000000001
0.9066200000000001
0.911284
0.9157649999999999
0.9191889999999999
0.9215610000000001
0.922845
0.922884
0.921433
0.9182370000000001
0.9160959999999999
0.9157350000000001
0.9145760000000001
0.912299
0.909007
0.908992
0.912819
0.9160709999999999
0.9181819999999999
0.9194899999999999
0.920213
0.920307
0.919567
0.920633
0.9238270000000001
0.9261790000000001
0.927219
0.927069
0.928766
0.9335
0.937883
0.9404530000000001
0.9416399999999999
0.941887
0.941365
0.940009
0.937627
0.936884
0.938291
0.9391940000000001
0.939218
0.9382969999999999
0.939466
0.9439379999999999
0.94826
0.9508780000000001
0.951923
0.951625
0.9500959999999999
0.94734
0.943341
0.94111
0.9413379999999999
0.941313
0.940657
0.9393299999999999
0.9409540000000001
0.9461510000000001
0.9507459999999999
0.953717
0.9553790000000001
0.956043
0.9556610000000001
0.9539129999999999
0.950567
0.948485
0.948385
0.947743
0.946293
0.9440879999999999
0.9442969999999999
0.9482809999999999
0.9526190000000001
0.9557200000000001
0.957677
0.958501
0.957973
0.955865
0.9521799999999999
0.949893
0.949644
0.9487690000000001
0.946901
0.944105
0.943768
0.9472370000000001
0.9510209999999999
0.953714
0.9555040000000001
0.9564790000000001
0.956498
0.9552809999999999
0.9525809999999999
0.951204
0.951759
0.9515809999999999
0.9502659999999999
0.947752
0.9475379999999999
0.950908
0.9543370000000001
0.9566950000000001
0.958218
0.9589780000000001
0.95886
0.957636
0.955099
0.95409
0.955126
0.955314
0.95411
0.951521
0.951204
0.9543969999999999
0.957343
0.95875
0.958833
0.957832
0.955896
0.952995
0.951786
0.952786
0.9533440000000001
0.9530049999999999
0.951702
0.9511930000000001
0.953866
0.9577479999999999
0.960249
0.9614030000000001
0.9612729999999999
0.9598639999999999
0.9572149999999999
0.953392
0.9511850000000001
0.9512010000000001
0.9509209999999999
0.9500350000000001
0.9486180000000001
0.948728
0.9525040000000001
0.957442
0.960816
0.962591
0.962986
0.9622
0.960248
0.957053
0.955426
0.955952
0.956023
0.955356
0.954031
0.954519
0.9587379999999999
0.9639059999999999
0.9677469999999999
0.970334
0.9718180000000001
0.972117
0.970939
0.968075
0.966392
0.966511
0.965757
0.963815
0.9608049999999999
0.9594540000000001
0.961957
0.9656309999999999
0.968234
0.969831
0.9705299999999999
0.970208
0.9685729999999999
0.965342
0.9632629999999999
0.9628680000000001
0.961512
0.959025
0.955526
0.953993
0.956009
0.9583889999999999
0.9594870000000001
0.9596459999999999
0.9591149999999999
0.9578639999999999
0.9557450000000001
0.952578
0.9510850000000001
0.951736
0.951727
0.9505620000000001
0.9481360000000001
0.947376
0.950001
0.9529190000000001
0.954364
0.954548
0.953666
0.9517549999999999
0.9488409999999999
0.947515
0.9482659999999999
0.948651
0.9483530000000001
0.947362
0.9468219999999999
0.949607
0.9541940000000001
0.957147
0.958442
0.9584379999999999
0.957282
0.954918
0.9512440000000001
0.9488139999999999
0.948248
0.9473280000000001
0.945876
0.9439200000000001
0.943365
0.946536
0.95114
0.954408
0.956382
0.9572069999999999
0.956834
0.9551700000000001
0.952176
0.9505459999999999
0.9507620000000001
0.9502290000000001
0.9486
0.945967
0.944908
0.947475
0.951
0.953324
0.9546459999999999
0.9551270000000001
0.9546680000000001
0.9529780000000001
0.9497450000000001
0.9476559999999999
0.9474309999999999
0.9465450000000001
0.944534
0.9413469999999999
0.939509
0.941084
0.943528
0.9447760000000001
0.944948
0.944207
0.942565
0.9398610000000001
0.9385040000000001
0.938917
0.938622
0.9372879999999999
0.9350350000000001
0.93325
0.934894
0.938552
0.941019
0.942268
0.9425129999999999
0.941931
0.9405370000000001
0.938183
0.937312
0.938419
0.939103
0.93905
0.9382719999999999
0.937975
0.9408639999999999
0.945385
0.9485020000000001
0.950361
0.951189
0.951052
0.9498549999999999
0.947507
0.946732
0.948133
0.949154
0.9493729999999999
0.948744
0.948823
0.9520879999999999
0.9566
0.959477
0.960815
0.960936
0.960018
0.957924
0.954377
0.951968
0.9512809999999999
0.94989
0.9476040000000001
0.9445469999999999
0.94266
0.944421
0.9477629999999999
0.949984
0.951083
0.9511350000000001
0.9499780000000001
0.9472950000000001
0.945356
0.9447260000000001
0.943214
0.940617
0.937124
0.9331139999999999
0.932422
0.934852
0.936469
0.937214
0.937312
0.936809
0.935565
0.93334
0.932278
0.9327129999999999
0.9324530000000001
0.9313889999999999
0.9296040000000001
0.92742
0.9283100000000001
0.931665
0.933708
0.934682
0.935019
0.934818
0.933974
0.934638
0.937184
0.939371
0.9407979999999999
0.9413870000000001
0.9409549999999999
0.9426700000000001
0.9472959999999999
0.951298
0.9537899999999999
0.9550709999999999
0.955362
0.954702
0.953052
0.952593
0.9537540000000001
0.9544860000000001
0.954601
0.954116
0.952849
0.954247
0.9586129999999999
0.9619709999999999
0.9638479999999999
0.9646540000000001
0.964559
0.9634469999999999
0.9611059999999999
0.9597950000000001
0.959993
0.959586
0.9584299999999999
0.9566100000000001
0.9540540000000001
0.954801
0.958808
0.961728
0.9635450000000001
0.964443
0.9643229999999999
0.9629790000000001
0.960249
0.9583790000000001
0.9578469999999999
0.956557
0.954307
0.951217
0.947371
0.9464870000000001
0.9490559999999999
0.9512649999999999
0.95262
0.953256
0.953083
0.9518190000000001
0.9491360000000001
0.947241
0.9467530000000001
0.945693
0.9438049999999999
0.9410459999999999
0.9373379999999999
0.936817
0.939607
0.9415389999999999
0.9427040000000001
0.9433590000000001
0.943486
0.942888
0.94345
0.9454110000000001
0.946634
0.9467709999999999
0.945789
0.943675
0.942958
0.94529
0.948155
0.9499569999999999
0.950822
0.9508209999999999
0.9499879999999999
0.948313
0.947817
0.948891
0.9495889999999999
0.9496620000000001
0.9490770000000001
0.9476450000000001
0.9480299999999999
0.9511860000000001
0.9540370000000001
0.9555319999999999
0.955945
0.955398
0.9538979999999999
0.951356
0.949961
0.95026
0.950242
0.9495959999999999
0.94829
0.946241
0.946836
0.950584
0.95376
0.955678
0.956463
0.956158
0.9547049999999999
0.951889
0.949785
0.9489270000000001
0.9473450000000001
0.9448219999999999
0.9415379999999999
0.937634
0.936558
0.9390200000000001
0.941422
0.9428979999999999
0.9434790000000001
0.943083
0.9414790000000001
0.940542
0.940765
0.94034
0.93901
0.936833
0.933841
0.9316780000000001
0.932632
0.935109
0.9368110000000001
0.937737
0.9379799999999999
0.937542
0.9362860000000001
0.936016
0.936997
0.937276
0.936693
0.9354879999999999
0.933682
0.933267
0.9359790000000001
0.93955
0.9420219999999999
0.943525
0.944284
0.9443030000000001
0.9434309999999999
0.9437049999999999
0.945549
0.9469059999999999
0.947419
0.9470700000000001
0.945751
0.946105
0.94947
0.953026
0.955427
0.9568639999999999
0.9574219999999999
0.956937
0.955218
0.9544100000000001
0.954988
0.954908
0.9539110000000001
0.952059
0.9492940000000001
0.948427
0.9505889999999999
0.9527120000000001
0.953593
0.953507
0.9525629999999999
0.9505889999999999
0.947367
0.944982
0.9439290000000001
0.942313
0.9400459999999999
0.9372209999999999
0.9337549999999999
0.9327610000000001
0.9350870000000001
0.93734
0.938499
0.938635
0.937724
0.9356969999999999
0.934458
0.9344020000000001
0.9337629999999999
0.9324
0.9304309999999999
0.927816
0.925377
0.9260809999999999
0.9290430000000001
0.9311659999999999
0.9324370000000001
0.932959
0.932651
0.931342
0.930718
0.931077
0.930751
0.9297049999999999
0.928076
0.925797
0.924227
0.925693
0.9285959999999999
0.930442
0.9314290000000001
0.931775
0.9314629999999999
