1.0123870000000001
1.011587
1.0120040000000001
1.011599
1.010222
1.008033
1.005034
1.002744
1.0036260000000001
1.006006
1.00727
1.007557
1.007056
1.005725
1.003431
1.002222
1.0024790000000001
1.0021209999999998
1.0008299999999999
0.998707
0.9958459999999999
0.993792
0.9949129999999999
0.997497
0.998936
0.999308
0.998798
0.997469
0.995265
0.994236
0.994757
0.994767
0.9939629999999999
0.992352
0.9898450000000001
0.9883200000000001
0.9899100000000001
0.992662
0.994424
0.9952559999999999
0.9952469999999999
0.9943209999999999
0.994339
0.9956430000000001
0.996397
0.996424
0.995815
0.9945780000000001
0.992965
0.994431
0.998505
1.00128
1.002629
1.002792
1.001963
1.000202
0.999466
1.0001200000000001
1.000254
0.9996290000000001
0.9983690000000001
0.9965350000000001
0.994743
0.996115
0.9998030000000001
1.002306
1.003594
1.003827
1.003026
1.0011809999999999
1.000412
1.001136
1.0013020000000001
1.0005950000000001
0.999091
0.9968030000000001
0.9948100000000001
0.9960379999999999
0.999359
1.001699
1.003051
1.003555
1.003155
1.00165
1.0008920000000001
1.001195
1.000666
0.9992110000000001
0.9970129999999999
0.994084
0.9913540000000001
0.9917729999999999
0.9942840000000001
0.9957940000000001
0.996442
0.996451
0.9957719999999999
0.994232
0.993813
0.9948370000000001
0.995187
0.99451
0.992825
0.99016
0.988157
0.9893290000000001
0.992057
0.993793
0.9946
0.994582
0.993714
0.9919479999999999
0.9914069999999999
0.992483
0.99311
0.993009
0.992188
0.990526
0.989657
0.9917959999999999
0.995134
0.997325
0.9983690000000001
0.998341
0.997225
0.9949709999999999
0.993771
0.9941969999999999
0.994283
0.9937040000000001
0.992432
0.990383
0.989397
0.991519
0.99465
0.99651
0.997231
0.9970450000000001
0.995964
0.993842
0.992766
0.993133
0.992821
0.9915649999999999
0.9895459999999999
0.986865
0.9857520000000001
0.988082
0.9915010000000001
0.993951
0.9954040000000001
0.995841
0.9951270000000001
0.99516
0.996366
0.996898
0.996499
0.9952540000000001
0.9931969999999999
0.990297
0.9904200000000001
0.9936450000000001
0.99593
0.9971549999999999
0.9974959999999999
0.997007
0.9956219999999999
0.9951549999999999
0.9958549999999999
0.995776
0.994691
0.9927940000000001
0.9901530000000001
0.9869680000000001
0.986807
0.989344
0.99075
0.9910549999999999
0.990591
0.9894850000000001
0.987671
0.9870639999999999
0.987978
0.9883879999999999
0.9879379999999999
0.98664
0.984518
0.982627
0.9838809999999999
0.9871129999999999
0.989167
0.990078
0.9900399999999999
0.9891040000000001
0.987244
0.9864360000000001
0.9870270000000001
0.9870530000000001
0.986267
0.9847450000000001
0.9824379999999999
0.9804649999999999
0.981469
0.984159
0.9857790000000001
0.986439
0.9862719999999999
0.9852209999999999
0.983124
0.981984
0.9822290000000001
0.9819479999999999
0.980987
0.9794459999999999
0.9773059999999999
0.97656
0.979083
0.982607
0.984972
0.98621
0.986453
0.9857440000000001
0.9840030000000001
0.983291
0.9840200000000001
0.9841629999999999
0.983475
0.98206
0.979974
0.9792569999999999
0.981823
0.98545
0.98801
0.9895299999999999
0.990027
0.989373
0.989403
0.9905370000000001
0.990991
0.990492
0.9890969999999999
0.9868549999999999
0.9837440000000001
0.983355
0.986095
0.9882799999999999
0.989524
0.989967
0.989633
0.9884290000000001
0.9880760000000001
0.988809
0.988772
0.987783
0.9860680000000001
0.9837110000000001
0.98064
0.980662
0.983765
0.9858889999999999
0.987042
0.987558
0.987559
0.986951
0.9875360000000001
0.9895870000000001
0.991122
0.991757
0.9914370000000001
0.990079
0.988059
0.988935
0.992353
0.994683
0.995928
0.9962690000000001
0.9956809999999999
0.994067
0.9933799999999999
0.994035
0.9941540000000001
0.9934870000000001
0.992102
0.9899469999999999
0.9875709999999999
0.988118
0.9908629999999999
0.9924709999999999
0.992956
0.9924040000000001
0.9907549999999999
0.987931
0.985982
0.985426
0.9844790000000001
0.982985
0.9809959999999999
0.9784459999999999
0.9766540000000001
0.978116
0.9812709999999999
0.9833270000000001
0.984259
0.9842190000000001
0.9832770000000001
0.981381
0.9804860000000001
0.9809829999999999
0.9809459999999999
0.9801139999999999
0.9785809999999999
0.976435
0.975017
0.976979
0.980934
0.984032
0.9861989999999999
0.987433
0.9875860000000001
0.988341
0.990052
0.991078
0.991268
0.9907
0.9893959999999999
0.9873
0.9872799999999999
0.9902280000000001
0.993131
0.995081
0.9961979999999999
0.996534
0.996033
0.9964370000000001
0.9979889999999999
0.998798
0.998548
0.99734
0.995291
0.9923700000000001
0.991985
0.994603
0.996624
0.9975719999999999
0.997656
0.997014
0.995641
0.995323
0.9963489999999999
0.9968520000000001
0.9965200000000001
0.9953489999999999
0.993291
0.990284
0.990072
0.992916
0.994892
0.99571
0.9955459999999999
0.994442
0.9923540000000001
0.991137
0.991217
0.990841
0.9897389999999999
0.987959
0.985482
0.982151
0.981683
0.9841620000000001
0.985633
0.986078
0.985749
0.9846469999999999
0.9826590000000001
0.9816370000000001
0.981917
0.981665
0.980741
0.979301
0.97735
0.975607
0.977125
0.9810030000000001
0.983878
0.9856469999999999
0.9863940000000001
0.986136
0.9848790000000001
0.9846090000000001
0.9857049999999999
0.986275
0.986092
0.9852069999999999
0.983598
0.9821709999999999
0.983925
0.9878530000000001
0.990763
0.992626
0.9935350000000001
0.993397
0.992058
0.9915010000000001
0.992242
0.9924280000000001
0.9917549999999999
0.990237
0.987867
0.985562
0.986347
0.989324
0.9914229999999999
0.992642
0.9930559999999999
0.9925799999999999
0.9929030000000001
0.9942690000000001
0.994849
0.9943629999999999
0.992949
0.99079
0.987944
0.9869290000000001
0.988972
0.99139
0.992809
0.9933290000000001
0.9931120000000001
0.9922
0.9922629999999999
0.993574
0.9944280000000001
0.994555
0.9939549999999999
0.9925379999999999
0.990124
0.989188
0.9911469999999999
0.993459
0.994777
0.99523
0.994917
0.9937889999999999
0.9936159999999999
0.9948
0.9956229999999999
0.9957870000000001
0.995288
0.994079
0.9919959999999999
0.99216
0.9951479999999999
0.997604
0.998974
0.999433
0.9989379999999999
0.9973489999999999
0.996444
0.99661
0.99616
0.9949889999999999
0.993265
0.9909899999999999
0.9880180000000001
0.9879530000000001
0.9910180000000001
0.9932860000000001
0.9943709999999999
0.99436
0.993289
0.991182
0.9899620000000001
0.990015
0.9895379999999999
0.9883040000000001
0.9863629999999999
0.983728
0.9807319999999999
0.981033
0.9843770000000001
0.987001
0.988822
0.989916
0.9901639999999999
0.9893559999999999
0.989276
0.990316
0.990757
0.9904370000000001
0.989424
0.987708
0.9854959999999999
0.986341
0.989975
0.992685
0.9944799999999999
0.99551
0.995742
0.995064
0.9953190000000001
0.996826
0.997677
0.997617
0.996768
0.995123
0.9928459999999999
0.9934700000000001
0.9967290000000001
0.998907
1.000029
1.000346
0.9999100000000001
0.9985930000000001
0.9982270000000001
0.9991469999999999
0.99945
0.998834
0.9973040000000001
0.9948299999999999
0.991871
0.9920329999999999
0.9949600000000001
0.9969899999999999
0.998041
0.998207
0.9974040000000001
0.997286
0.998236
0.998675
0.9984190000000001
0.9975430000000001
0.996064
0.993884
0.992791
0.9944930000000001
0.996901
0.9981120000000001
0.998309
0.9976870000000001
0.996253
0.9956790000000001
0.996283
0.996409
0.9958370000000001
0.9947020000000001
0.993044
0.990719
0.9899600000000001
0.9922
0.9949469999999999
0.9966079999999999
0.997236
0.9969620000000001
0.9958600000000001
0.9957239999999999
0.996821
0.9973559999999999
0.9970870000000001
0.99611
0.9944850000000001
0.9922040000000001
0.992405
0.995766
0.9989180000000001
1.0010299999999999
1.0021879999999999
1.0023549999999999
1.001364
1.000912
1.001388
1.001193
1.0002
0.998517
0.996172
0.9930770000000001
0.9924790000000001
0.9949690000000001
0.997152
0.9984930000000001
0.999149
0.9990979999999999
0.99818
0.998125
0.9991899999999999
0.9994700000000001
0.9986879999999999
0.996983
0.994511
0.991284
0.9911139999999999
0.99415
0.9964139999999999
0.9977459999999999
0.998294
0.9981
0.9971059999999999
0.9971260000000001
0.9984879999999999
0.999366
0.999492
0.998866
0.9973989999999999
0.994976
0.995343
0.998755
1.0012780000000001
1.0026329999999999
1.003007
1.002457
1.000966
1.0004520000000001
1.001369
1.001923
1.001787
1.0009430000000001
0.999323
0.996762
0.9969020000000001
0.9999450000000001
1.00206
1.003144
1.003414
1.002844
1.0013040000000002
1.000614
1.001105
1.0009569999999999
1.000016
0.998466
0.996365
0.993772
0.9944290000000001
0.998185
1.0009709999999998
1.0026
1.00314
1.002602
1.001005
1.0002950000000002
1.0008620000000001
1.00088
1.000099
0.998554
0.996232
0.993383
0.9937020000000001
0.996941
0.999235
1.000518
1.00092
1.000378
1.000518
1.001658
1.002186
1.001886
1.000768
0.998826
0.9960469999999999
0.9944540000000001
0.995843
0.9981620000000001
0.9995870000000001
1.000138
0.9998540000000001
0.9986950000000001
0.9983350000000001
0.9990549999999999
0.9991469999999999
0.9983790000000001
0.9969129999999999
0.9949
0.992294
0.9914370000000001
0.9936299999999999
0.9962479999999999
0.9978
0.998403
0.998258
0.99746
0.9978020000000001
0.9995879999999999
1.00101
1.001711
1.001625
1.000645
0.998611
0.998433
1.001193
1.003961
1.00578
1.006774
1.00696
1.0061879999999999
1.006154
1.007217
1.007679
1.0073219999999998
1.006235
1.0044540000000002
1.001883
1.001517
1.004091
1.006372
1.007577
1.0078340000000001
1.007098
1.005244
1.004135
1.004205
1.0037459999999998
1.002645
1.001051
0.9989309999999999
0.9961030000000001
0.9960969999999999
0.9991690000000001
1.0014809999999998
1.0026629999999999
1.002834
1.002054
1.0003549999999999
0.999599
1.000122
1.000125
0.9993620000000001
0.997871
0.995658
0.99272
0.9926530000000001
0.995922
0.998842
1.000915
1.002177
1.002504
1.001689
1.001469
1.002273
1.0024819999999999
1.001943
1.0007110000000001
0.998767
0.996001
0.996044
0.99918
1.0016260000000001
1.003166
1.0039690000000001
1.0040209999999998
1.003212
1.003369
1.004775
1.005477
1.0051889999999999
1.00403
1.002022
0.999235
0.9994
1.002432
1.004473
1.005523
1.005815
1.005385
1.004092
1.003736
1.004641
1.004926
1.004313
1.0028219999999999
1.000415
0.997318
0.997309
1.000205
1.002098
1.002891
1.002717
1.001552
0.999345
0.998116
0.9983920000000001
0.9983799999999999
0.9978030000000001
0.996654
0.994818
0.9924729999999999
0.993034
0.996075
0.997923
0.998676
0.998582
0.9976520000000001
0.9975860000000001
0.9986780000000001
0.9991770000000001
0.9988299999999999
0.997768
0.996099
0.9938040000000001
0.993014
0.995301
0.9983219999999999
1.0002659999999999
1.001112
1.000951
0.9998520000000001
0.999548
1.000306
1.000423
0.9997309999999999
0.998389
0.9964870000000001
0.9940030000000001
0.993525
0.99618
0.999109
1.000983
1.001901
1.0019280000000002
1.000984
1.000823
1.001823
1.002307
1.002074
1.0011649999999999
0.99956
0.997142
0.9970319999999999
0.9999049999999999
1.0025110000000002
1.004262
1.005331
1.005699
1.00519
1.00545
1.0066899999999999
1.0070700000000001
1.00643
1.0050350000000001
1.003007
1.000237
0.9999610000000001
1.002783
1.005242
1.006712
1.007377
1.007276
1.006258
1.0060930000000001
1.007136
1.00758
1.007175
1.005933
1.003781
1.000631
1.0003229999999999
1.0031370000000002
1.005175
1.006278
1.006635
1.006229
1.004967
1.004759
1.0060149999999999
1.0068840000000001
1.007061
1.0065469999999999
1.005247
1.002961
1.0032530000000002
1.006405
1.0086700000000002
1.009884
1.010268
1.009806
1.008391
1.007846
1.0085469999999999
1.008736
1.008235
1.007156
1.005477
1.00305
1.003462
1.006956
1.009623
1.011068
1.011458
1.010902
1.009362
1.0086700000000002
1.009188
1.009105
1.008191
1.006545
1.004247
1.001348
1.0017129999999999
1.005298
1.008003
1.009716
1.010525
1.010329
1.0089549999999998
1.008311
1.008885
1.008894
1.008091
1.006543
1.0042520000000001
1.001331
1.001531
1.004772
1.007192
1.0087139999999999
1.0094459999999998
1.0093379999999998
1.008237
1.007992
1.008917
1.009083
1.0082790000000001
1.006686
1.004358
1.0016100000000001
1.0019559999999998
1.004987
1.0069350000000001
1.007759
1.007684
1.006785
1.004995
1.004267
1.004988
1.005198
1.004564
1.003058
1.0005959999999998
0.9978469999999999
0.998152
1.000841
1.0024790000000001
1.0030370000000002
1.002659
1.001314
1.0007549999999998
1.001364
1.001467
1.000843
0.999568
0.9976729999999999
0.9950959999999999
0.9942209999999999
0.996268
0.9986200000000001
0.9999469999999999
1.000363
0.9998809999999999
0.998425
0.997725
0.998129
0.997976
0.9971459999999999
0.995828
0.9940469999999999
0.9916360000000001
0.9914040000000001
0.994217
0.9969379999999999
0.998525
0.999086
0.998757
0.9976229999999999
0.9975780000000001
0.9989389999999999
0.99985
1.000009
0.9994149999999999
0.998049
0.995885
0.996669
1.000613
1.0037969999999998
1.005976
1.007275
1.007619
1.0068030000000001
1.006577
1.00732
1.00734
1.006497
1.004902
1.002581
0.999444
0.99929
1.002209
1.004189
1.005149
1.0052530000000002
1.004478
1.0027
0.999761
0.9955459999999999
0.990034
0.983308
0.97859
0.976508
0.973931
0.9702379999999999
0.965658
0.9651799999999999
0.968843
0.9716959999999999
0.9735860000000001
0.97454
0.974368
0.972907
0.970086
0.968671
0.9689620000000001
0.9679840000000001
0.9654209999999999
0.9616889999999999
0.95924
0.960731
0.964087
0.96652
0.9676889999999999
0.9674440000000001
0.965717
0.962491
0.9577459999999999
0.951523
0.946783
0.9442229999999999
0.941217
0.9373790000000001
0.9327479999999999
0.931306
0.9337129999999999
0.935578
0.9359129999999999
0.935002
0.933177
0.930644
0.9275059999999999
0.926657
0.928502
0.9300209999999999
0.930609
0.9302159999999999
0.931745
0.936577
0.9415049999999999
0.944896
0.9469559999999999
0.9479129999999999
0.9478040000000001
0.946522
0.9438709999999999
0.939689
0.93681
0.9360280000000001
0.9348770000000001
0.932968
0.930227
0.930524
0.9342219999999999
0.9367489999999999
0.937192
0.93576
0.9327059999999999
0.9282440000000001
0.9224950000000001
0.9155139999999999
0.910479
0.9079709999999999
0.9049290000000001
0.9009389999999999
0.8970610000000001
0.897115
0.900083
0.90191
0.902517
0.902066
0.900503
0.897575
0.892965
0.8893690000000001
0.887409
0.8845639999999999
0.880682
0.876015
0.874669
0.8772209999999999
0.8794270000000001
0.8804420000000001
0.880224
0.8787520000000001
0.8760290000000001
0.8720450000000001
0.866784
0.8630899999999999
0.861627
0.85988
0.857555
0.854959
0.8558870000000001
0.859563
0.8613959999999999
0.861368
0.8600540000000001
0.857935
0.855243
0.8520120000000001
0.8481879999999999
0.8467030000000001
0.847929
0.848692
0.8483360000000001
0.848284
0.851583
0.856664
0.860274
0.8624450000000001
0.8634620000000001
0.863434
0.862266
0.859793
0.8559180000000001
0.853699
0.8538209999999999
0.853459
0.852196
0.851641
0.854691
0.8594370000000001
0.8624629999999999
0.863721
0.863532
0.86206
0.859248
0.854965
0.849165
0.845074
0.843424
0.841239
0.8380040000000001
0.8358209999999999
0.8372430000000001
0.8400620000000001
0.841556
0.84177
0.840885
0.8388979999999999
0.835707
0.831216
0.828203
0.827095
0.8251139999999999
0.821974
0.81862
0.818855
0.8219879999999999
0.8241069999999999
0.825031
0.824881
0.823692
0.821414
0.81794
0.813193
0.809956
0.8089430000000001
0.8076439999999999
0.80555
0.8035479999999999
0.804873
0.808349
0.810363
0.810936
0.810427
0.809125
0.8071729999999999
0.804545
0.801106
0.799609
0.800369
0.800304
0.798862
0.79838
0.8012859999999999
0.805262
0.807866
0.809279
0.809864
0.809796
0.80897
0.807103
0.806759
0.808299
0.808928
0.808254
0.807383
0.809673
0.814044
0.816947
0.818354
0.8184680000000001
0.817358
0.815028
0.811448
0.8066270000000001
0.8034859999999999
0.802669
0.8015140000000001
0.799614
0.798392
0.8006439999999999
0.804618
0.8069609999999999
0.8075760000000001
0.806716
0.804634
0.801507
0.797357
0.792111
0.788558
0.787219
0.785417
0.782853
0.781343
0.7835989999999999
0.787801
0.79101
0.7931630000000001
0.7943859999999999
0.794626
0.793636
0.791097
0.786846
0.78367
0.782217
0.7799470000000001
0.776547
0.77388
0.774861
0.777872
0.7800560000000001
0.781412
0.7821279999999999
0.782223
0.781497
0.779628
0.778995
0.779889
0.779666
0.778027
0.776115
0.777175
0.780222
0.782025
0.78278
0.782904
0.78258
0.78175
0.780211
0.777714
0.776771
0.77779
0.7781170000000001
0.77732
0.7768930000000001
0.7797149999999999
0.784234
0.787324
0.788899
0.789175
0.788328
0.786456
0.7835979999999999
0.779783
0.7777850000000001
0.778165
0.778267
0.777566
0.7776109999999999
0.780978
0.7857529999999999
0.788902
0.790463
0.79081
0.790127
0.788324
0.7852
0.780625
0.777324
0.775938
0.773961
0.771055
0.769115
0.770921
0.77468
0.77751
0.7793
0.7800729999999999
0.779702
0.777993
0.774802
0.772578
0.771777
0.770054
0.767241
0.7641020000000001
0.764495
0.7680359999999999
0.770859
0.772788
0.773925
0.774257
0.773663
0.77194
0.768884
0.7669560000000001
0.766778
0.766076
0.76448
0.7627010000000001
0.764256
0.768475
0.77169
0.773804
0.775
0.775358
0.774833
0.773277
0.77054
0.7691520000000001
0.769567
0.769245
0.7678560000000001
0.766939
0.769545
0.774217
0.7777390000000001
0.7800739999999999
0.781466
0.782025
0.781645
0.780096
0.779646
0.78069
0.7808689999999999
0.77987
0.777766
0.778616
0.782582
0.7854869999999999
0.7871859999999999
0.7879079999999999
0.787723
0.786591
0.7844
0.781027
0.778876
0.778489
0.777633
0.776019
0.773881
0.775112
0.779404
0.782421
0.783938
0.78415
0.783242
0.781339
0.778425
0.774422
0.771781
0.771061
0.770037
0.7684770000000001
0.7668510000000001
0.768837
0.7739229999999999
0.7780239999999999
0.780924
0.7827430000000001
0.783468
0.782942
0.781004
0.777623
0.775262
0.774469
0.773029
0.7707229999999999
0.768101
0.769169
0.773624
0.7773140000000001
0.780021
0.781879
0.782877
0.78282
0.7814260000000001
0.78081
0.78136
0.780938
0.779421
0.776998
0.777016
0.780273
0.7833439999999999
0.785399
0.7866529999999999
0.787272
0.787263
0.786512
0.784827
0.784382
0.785589
0.786235
0.785986
0.784801
0.786065
0.790409
0.794127
0.796362
0.797284
0.797079
0.795866
0.7937270000000001
0.7907109999999999
0.789205
0.7897310000000001
0.790075
0.7898430000000001
0.788922
0.79055
0.7951819999999999
0.7991090000000001
0.80162
0.802942
0.803144
0.802131
0.799774
0.7960510000000001
0.793443
0.792573
0.7912899999999999
0.7893140000000001
0.78673
0.787084
0.790968
0.7946
0.79713
0.798605
0.799072
0.7984939999999999
0.796714
0.793561
0.791424
0.790891
0.789818
0.788009
0.785571
0.786334
0.79063
0.7943979999999999
0.797129
0.798925
0.799804
0.799651
0.798289
0.7956340000000001
0.7942
0.79456
0.794396
0.793315
0.791291
0.7922
0.79642
0.799904
0.802216
0.803525
0.8039149999999999
0.8033239999999999
0.801608
0.798642
0.796854
0.7968189999999999
0.796333
0.795076
0.792972
0.794028
0.798337
0.801608
0.8036939999999999
0.804841
0.805103
0.804408
0.8026449999999999
0.7997310000000001
0.798115
0.798268
0.7977770000000001
0.796226
0.793656
0.794292
0.7983180000000001
0.801381
0.8032520000000001
0.804146
0.804184
0.803392
0.8016949999999999
0.798992
0.797725
0.798372
0.798505
0.797673
0.795806
0.7968649999999999
0.8009970000000001
0.803974
0.805595
0.806131
0.805686
0.80424
0.8017310000000001
0.7981560000000001
0.796135
0.7962600000000001
0.796131
0.795313
0.7937930000000001
0.795607
0.800617
0.804307
0.8064100000000001
0.807135
0.80669
0.805122
0.8023239999999999
0.798221
0.7954100000000001
0.794568
0.793463
0.791799
0.7898069999999999
0.791377
0.7962090000000001
0.800026
0.8025760000000001
0.803942
0.8041010000000001
0.802938
0.800361
0.7987310000000001
0.79857
0.797691
0.795844
0.793154
0.792462
0.795165
0.798451
0.8008850000000001
0.802517
0.803427
0.803561
0.802747
0.80076
0.799779
0.800304
0.800277
0.799442
0.7977529999999999
0.798132
0.801584
0.804948
0.807158
0.808466
0.809046
0.808925
0.808048
0.8063239999999999
0.806077
0.807683
0.808693
0.808624
0.8074399999999999
0.808497
0.812608
0.816234
0.81848
0.8195950000000001
0.819809
0.8192
0.817678
0.8150930000000001
0.813787
0.814241
0.814146
0.81311
0.811103
0.811319
0.814629
0.8176260000000001
0.819351
0.819996
0.8196450000000001
0.818229
0.8156180000000001
0.811751
0.80916
0.808467
0.807409
0.8056399999999999
0.803154
0.80343
0.807041
0.810184
0.812052
0.8128479999999999
0.8127880000000001
0.811882
0.809946
0.806806
0.804855
0.804682
0.80413
0.802906
0.800971
0.801794
0.8060229999999999
0.8099270000000001
0.812684
0.814388
0.815059
0.814596
0.812909
0.8100109999999999
0.808396
0.808582
0.808262
0.807083
0.805079
0.806037
0.810513
0.814566
0.8175439999999999
0.8195899999999999
0.820728
0.820824
0.819673
0.8171010000000001
0.815552
0.815574
0.814898
0.813246
0.810655
0.811154
0.815078
0.818261
0.820383
0.8216829999999999
0.8222139999999999
0.821859
0.820425
0.817733
0.816203
0.816282
0.815538
0.813663
0.810812
0.811021
0.814581
0.817263
0.818634
0.8189850000000001
0.818542
0.8173159999999999
0.815146
0.81189
0.810024
0.8100609999999999
0.809588
0.8081699999999999
0.8057340000000001
0.806221
0.8099109999999999
0.812654
0.81413
0.814528
0.8139430000000001
0.8123560000000001
0.809707
0.806003
0.803844
0.80379
0.8034640000000001
0.8024859999999999
0.8009310000000001
0.802816
0.807938
0.811843
0.814376
0.815818
0.816264
0.8155859999999999
0.8136
0.810233
0.808182
0.8081659999999999
0.8078270000000001
0.80678
0.805375
0.8075319999999999
0.812862
0.817103
0.8200129999999999
0.82168
0.822082
0.821155
0.818862
0.815185
0.8127800000000001
0.81223
0.8110850000000001
0.809053
0.806821
0.808266
0.812833
0.816439
0.818905
0.8203370000000001
0.8207059999999999
0.8198700000000001
0.817639
0.8138890000000001
0.811311
0.810589
0.8093
0.807067
0.804475
0.805323
0.8090930000000001
0.81185
0.813517
0.814275
0.814174
0.813136
0.811002
0.8076260000000001
0.805566
0.805301
0.804346
0.802415
0.800184
0.801316
0.805143
0.807723
0.8090430000000001
0.809433
0.809025
0.8077340000000001
0.8054180000000001
0.801995
0.800133
0.800342
0.8000079999999999
0.798651
0.797136
0.798922
0.8031510000000001
0.806167
0.807837
0.808337
0.807772
0.806168
0.803524
0.7998390000000001
0.7978689999999999
0.798185
0.7981560000000001
0.7973
0.796787
0.799664
0.804543
0.808042
0.810163
0.811116
0.810912
0.8094600000000001
0.806696
0.8026770000000001
0.800331
0.800283
0.799852
0.7985899999999999
0.7979149999999999
0.800814
0.8057300000000001
0.809304
0.8113630000000001
0.81201
0.811338
0.809422
0.806257
0.80437
0.804262
0.803539
0.801966
0.7996989999999999
0.800812
0.8054479999999999
0.809298
0.811978
0.813547
0.8140069999999999
0.813307
0.811334
0.807952
0.80566
0.805107
0.804052
0.802183
0.799513
0.800125
0.804148
0.807241
0.809157
0.810124
0.810285
0.809643
0.808091
0.8054899999999999
0.804311
0.804951
0.804897
0.80383
0.802018
0.8033680000000001
0.80758
0.8104520000000001
0.812038
0.812768
0.81283
0.812145
0.810515
0.807764
0.806412
0.806914
0.806709
0.805341
0.803194
0.804196
0.80806
0.810719
0.812036
0.812233
0.811438
0.809671
0.80689
0.803049
0.8008689999999999
0.800928
0.800636
0.7995260000000001
0.798447
0.8006989999999999
0.805225
0.808321
0.809934
0.810392
0.809856
0.808276
0.805523
0.801532
0.799067
0.798795
0.798226
0.796953
0.795875
0.798373
0.803439
0.80733
0.809859
0.811138
0.811242
0.8102060000000001
0.807951
0.804349
0.802024
0.801574
0.800595
0.798832
0.797192
0.799141
0.8037770000000001
0.8073670000000001
0.809815
0.811283
0.81177
0.811118
0.809121
0.8056840000000001
0.803579
0.803385
0.802489
0.8004899999999999
0.798485
0.799983
0.804091
0.807292
0.80952
0.810955
0.811607
0.811297
0.809773
0.806838
0.805125
0.805122
0.804266
0.802281
0.800355
0.8018569999999999
0.80569
0.808291
0.8096369999999999
0.810009
0.809521
0.8081010000000001
0.805616
0.8019689999999999
0.799858
0.799768
0.798992
0.797044
0.795269
0.796913
0.800668
0.803104
0.8041010000000001
0.803901
0.802717
0.8006260000000001
0.7975399999999999
0.795888
0.796108
0.795778
0.794575
0.792542
0.793798
0.79832
0.8016340000000001
0.803535
0.8042600000000001
0.80394
0.802563
0.800054
0.796343
0.793978
0.793607
0.792991
0.791855
0.790532
0.792872
0.798384
0.802666
0.805453
0.80691
0.807135
0.806178
0.804081
0.800838
0.799057
0.79924
0.7988850000000001
0.797679
0.7964760000000001
0.798883
0.804087
0.808213
0.811149
0.8130890000000001
0.8140539999999999
0.813854
0.812193
0.808896
0.806667
0.80613
0.804784
0.802296
0.799569
0.800423
0.804242
0.807176
0.809044
0.809983
0.810024
0.809038
0.809068
0.810347
0.810591
0.809509
0.8073
0.8057989999999999
0.807321
0.810172
0.811942
0.8126359999999999
0.8124600000000001
0.813157
0.815154
0.81694
0.818159
0.818752
0.818743
0.818167
0.8195450000000001
0.823578
0.827398
0.8298549999999999
0.830946
0.830851
0.8297760000000001
0.829363
0.830109
0.830828
0.831475
0.8321940000000001
0.8329639999999999
0.833571
0.836829
0.8428620000000001
0.848101
0.851826
0.8541719999999999
0.855449
0.855991
0.8575209999999999
0.860275
0.8625440000000001
0.8639379999999999
0.864492
0.864296
0.8635120000000001
0.865416
0.86982
0.873266
0.8757879999999999
0.8776209999999999
0.87877
0.8790190000000001
0.8796709999999999
0.8808530000000001
0.880973
0.879828
0.87755
0.874295
0.870603
0.869751
0.87146
0.872532
0.873014
0.8731049999999999
0.872793
0.871869
0.8718319999999999
0.872884
0.87331
0.872951
0.872027
0.8706010000000001
0.8693420000000001
0.8708319999999999
0.87424
0.876842
0.878813
0.880424
0.8816790000000001
0.883862
0.887128
0.890028
0.8923180000000001
0.8940229999999999
0.8951110000000001
0.8954409999999999
0.895645
0.89841
0.903069
0.9068799999999999
0.9098430000000001
0.9120950000000001
0.913632
0.915741
0.9187629999999999
0.9215260000000001
0.923845
0.925707
0.9269860000000001
0.927422
0.927182
0.929314
0.933528
0.936776
0.9392530000000001
0.941225
0.942667
0.943407
0.9449209999999999
0.947434
0.9493280000000001
0.950362
0.9505389999999999
0.949784
0.948025
0.948259
0.951536
0.954925
0.9574469999999999
0.959102
0.959852
0.9595299999999999
0.959534
0.9601559999999999
0.959976
0.95888
0.9570489999999999
0.954625
0.9516040000000001
0.9497959999999999
0.9510770000000001
0.953522
0.955059
0.955526
0.9548270000000001
0.9528629999999999
0.9512309999999999
0.9504870000000001
0.949367
0.947686
0.945476
0.942733
0.939401
0.937483
0.938953
0.941891
0.94434
0.946197
0.947391
0.9491360000000001
0.951592
0.9534040000000001
0.954411
0.954775
0.9545959999999999
0.9538459999999999
0.952468
0.953738
0.9581
0.9621790000000001
0.965521
0.9682069999999999
0.970182
0.9713290000000001
0.9731569999999999
0.975987
0.9782870000000001
0.979741
0.980303
0.979967
0.9787469999999999
0.978982
0.9822790000000001
0.986303
0.989409
0.9915860000000001
0.9928680000000001
0.993257
0.9944930000000001
0.996909
0.9988040000000001
0.9998799999999999
1.000148
0.999597
0.998188
0.9984209999999999
1.001778
1.005709
1.008594
1.010294
1.010744
1.009868
1.009323
1.009624
1.009407
1.008537
1.007118
1.00521
1.002742
1.000983
1.002139
1.004632
1.005951
1.006156
1.005403
1.003701
1.002659
1.002682
1.002289
1.0012860000000001
0.999813
0.997941
0.9955959999999999
0.9940549999999999
0.995664
0.9989889999999999
1.0014530000000001
1.002948
1.003492
1.003082
1.003358
1.004718
1.005666
1.005966
1.0056610000000001
1.004739
1.0031219999999998
1.002104
1.004161
1.007934
1.0108
1.0126879999999998
1.013623
1.013521
1.013992
1.015468
1.0165030000000002
1.016896
1.016618
1.015601
1.013744
1.012838
1.014834
1.017871
1.019958
1.021111
1.021363
1.020672
1.020788
1.0220639999999999
1.022767
1.022619
1.021728
1.020226
1.0180879999999999
1.017362
1.019658
1.0226709999999999
1.02455
1.025326
1.0251700000000001
1.024189
1.022394
1.021775
1.022769
1.023458
1.023448
1.022641
1.020952
1.018573
1.019264
1.02281
1.02529
1.02667
1.0271370000000002
1.026724
1.025434
1.025319
1.0267620000000002
1.027716
1.027791
1.026981
1.025258
1.022514
1.022521
1.025527
1.027671
1.028779
1.028951
1.028166
1.026346
1.025426
1.025847
1.025839
1.0252350000000001
1.024096
1.022375
1.01993
1.020384
1.0238610000000001
1.026345
1.027588
1.027896
1.027398
1.026029
1.025744
1.026936
1.027657
1.027618
1.026908
1.025554
1.0234299999999998
1.024335
1.028362
1.0314299999999998
1.0333700000000001
1.0342799999999999
1.0341209999999998
1.032844
1.0324879999999999
1.033475
1.033864
1.03338
1.0320850000000001
1.02996
1.026942
1.0270270000000001
1.030434
1.0330629999999998
1.034723
1.035551
1.0355020000000001
1.034398
1.034117
1.034968
1.035008
1.034059
1.032243
1.029556
1.026153
1.025829
1.028425
1.030042
1.0307469999999999
1.0307899999999999
1.0301690000000001
1.028736
1.028399
1.029428
1.029716
1.028908
1.027102
1.024424
1.021226
1.021109
1.0237120000000002
1.0252299999999999
1.025658
1.025223
1.024032
1.022065
1.021282
1.022019
1.0222930000000001
1.021809
1.020572
1.018477
1.015951
1.016424
1.019415
1.0213860000000001
1.022322
1.0223959999999999
1.0216049999999999
1.019828
1.0191
1.019909
1.020332
1.0201
1.0192459999999999
1.017717
1.016363
1.01815
1.021981
1.024576
1.025973
1.026418
1.025932
1.024368
1.023765
1.02451
1.0245440000000001
1.023633
1.021954
1.01959
1.017773
1.0192860000000001
1.022774
1.025211
1.026526
1.0267600000000001
1.025884
1.023873
1.022856
1.023196
1.0228
1.0214290000000001
1.019203
1.016198
1.0138850000000001
1.014989
1.017993
1.019997
1.0209840000000001
1.02104
1.0200639999999999
1.017865
1.0164819999999999
1.0163870000000002
1.015673
1.014167
1.011952
1.009025
1.006874
1.007998
1.010784
1.012623
1.013616
1.013863
1.013275
1.011675
1.011099
1.0118850000000001
1.011911
1.010973
1.009298
1.006951
1.0057479999999999
1.007838
1.011205
1.0135040000000002
1.014838
1.015392
1.0151290000000002
1.013841
1.013626
1.0148979999999999
1.015511
1.01515
1.013817
1.011443
1.010329
1.012425
1.015354
1.017134
1.0178610000000001
1.0176319999999999
1.0163719999999998
1.014003
1.012876
1.013523
1.013763
1.013275
1.012066
1.010017
1.009554
1.01213
1.014934
1.01631
1.016506
1.0157040000000002
1.013857
1.012959
1.0133809999999999
1.01315
1.0120850000000001
1.010408
1.008224
1.005881
1.006825
1.010532
1.0131290000000002
1.0144309999999999
1.014507
1.01332
1.010842
1.009148
1.008712
1.007684
1.005895
1.003496
1.000494
0.9975139999999999
0.9978899999999999
1.000903
1.003
1.004153
1.004538
1.0041440000000001
1.002817
1.002525
1.003657
1.00426
1.004065
1.00304
1.001089
0.9995370000000001
1.0009940000000002
1.00406
1.006124
1.007328
1.007796
1.007447
1.006118
1.005831
1.0069139999999999
1.007235
1.0064870000000001
1.004794
1.002265
1.0006700000000002
1.002242
1.0050569999999999
1.00663
1.006983
1.006268
1.004579
1.001911
1.0005110000000002
1.000852
1.000797
1.000024
0.9985139999999999
0.9961479999999999
0.995294
0.9975450000000001
1.000353
1.002067
1.002803
1.002653
1.001552
0.999352
0.9982549999999999
0.998784
0.9988540000000001
0.998181
0.996814
0.994718
0.9941059999999999
0.996648
0.9998319999999999
1.001794
1.002738
1.002799
1.00186
0.9997540000000001
0.998655
0.999052
0.998916
0.9980540000000001
0.996534
0.994244
0.993323
0.995553
0.9985350000000001
1.000318
1.000974
1.000593
0.9991909999999999
0.9988459999999999
0.9999549999999999
1.00051
1.0002030000000002
0.999072
0.9970959999999999
0.994721
0.995516
0.9991030000000001
1.00181
1.0035530000000001
1.004458
1.004466
1.003406
1.003117
1.003895
1.003871
1.002969
1.0014020000000001
0.999182
0.9968450000000001
0.9976299999999999
1.000787
1.002812
1.0038049999999998
1.0040209999999998
1.003491
1.002143
1.002008
1.003407
1.004194
1.003949
1.0026059999999999
1.0001209999999998
0.997755
0.998325
1.000557
1.0016049999999999
1.001601
1.000759
0.999136
0.996711
0.9955149999999999
0.995864
0.99569
0.994691
0.992878
0.9901639999999999
0.9879600000000001
0.988791
0.9911610000000001
0.99245
0.9926360000000001
0.99179
0.989885
0.98685
0.9848709999999999
0.984518
0.983857
0.982635
0.9808879999999999
0.9785659999999999
0.9777100000000001
0.9801059999999999
0.983389
0.985475
0.986484
0.9866290000000001
0.985914
0.9862120000000001
0.9877940000000001
0.988671
0.9885520000000001
0.9875860000000001
0.9859610000000001
0.983936
0.985187
0.9895299999999999
0.9930399999999999
0.995567
0.9971959999999999
0.997857
0.997403
0.9977030000000001
0.999174
0.999999
0.999951
0.9991329999999999
0.997548
0.995344
0.996115
0.999627
1.0020959999999999
1.00353
1.004176
1.004111
1.003239
1.0013530000000002
1.000561
1.00121
1.001096
0.999957
0.9978450000000001
0.994663
0.9933850000000001
0.995286
0.9973059999999999
0.998296
0.998508
0.998007
0.9965870000000001
0.996059
0.99669
0.996461
0.9950629999999999
0.992568
0.9891129999999999
0.985397
0.9849110000000001
0.9870899999999999
0.988282
0.9883770000000001
0.9874879999999999
0.985613
0.982728
0.980773
0.9801290000000001
0.9789690000000001
0.9771200000000001
0.974693
0.97164
0.968829
0.969101
0.9714
0.972742
0.9732299999999999
0.973052
0.972245
0.9726670000000001
0.974591
0.9761340000000001
0.977089
0.977562
0.977534
0.976873
0.9790049999999999
0.984094
0.9882719999999999
0.9911049999999999
0.992751
0.993345
0.99298
0.9916219999999999
0.9912270000000001
0.9922059999999999
0.992685
0.992432
0.9915
0.9898399999999999
0.9892610000000001
0.991893
0.995692
0.9983120000000001
0.9997879999999999
1.000158
0.9992629999999999
0.9968879999999999
0.995267
0.994981
0.9939450000000001
0.991869
0.988851
0.984959
0.9829450000000001
0.9843139999999999
0.9863569999999999
0.987654
0.9882610000000001
0.9880959999999999
0.9868969999999999
0.986334
0.9865780000000001
0.9856950000000001
0.983575
0.980558
0.9768549999999999
0.972455
0.9711110000000001
0.972942
0.973965
0.9740120000000001
0.973306
0.9719180000000001
0.969773
0.968657
0.9689559999999999
0.9689450000000001
0.968375
0.967226
0.965355
0.962993
0.9636040000000001
0.966816
0.968979
0.9701209999999999
0.9705010000000001
0.97019
0.970972
0.973249
0.9753379999999999
0.976929
0.9780040000000001
0.978505
0.978274
0.979819
0.9841040000000001
0.988232
0.99105
0.992798
0.993624
0.993461
0.9921549999999999
0.9915799999999999
0.992124
0.991994
0.991088
0.989548
0.987311
0.985864
0.987604
0.990807
0.992841
0.99372
0.9935860000000001
0.992469
0.990251
0.9889959999999999
0.989084
0.988401
0.986669
0.984015
0.980564
0.978542
0.979835
0.982181
0.9836030000000001
0.984145
0.983786
0.9823209999999999
0.981391
0.9813270000000001
0.9805200000000001
0.978907
0.976662
0.9738690000000001
0.9704809999999999
0.969374
0.971348
0.973305
0.974325
0.9744879999999999
0.9738370000000001
0.9723459999999999
0.9717610000000001
0.9724299999999999
0.972656
0.9722139999999999
0.9712049999999999
0.969678
0.9675040000000001
0.968133
0.9718120000000001
0.974791
0.976775
0.977994
0.978592
0.97857
0.9797459999999999
0.982384
0.98454
0.985842
0.9862360000000001
0.985643
0.9842870000000001
0.985873
0.990224
0.993532
0.9957229999999999
0.996951
0.997193
0.996347
0.996308
0.997491
0.9980459999999999
0.9976870000000001
0.9964709999999999
0.994389
0.9917100000000001
0.991872
0.9944459999999999
0.995758
0.9959030000000001
0.995128
0.9934350000000001
0.9907290000000001
0.988967
0.988527
0.9875290000000001
0.9858290000000001
0.983592
0.9808309999999999
0.978342
0.979087
0.982086
0.984068
0.984931
0.9847520000000001
0.9835430000000001
0.983083
0.983728
0.9838020000000001
0.983115
0.9817969999999999
0.9799030000000001
0.9774149999999999
0.976382
0.9784799999999999
0.9815
0.9835879999999999
0.984778
0.98513
0.984569
0.984635
0.985576
0.985828
0.9852770000000001
0.984052
0.982131
0.9793799999999999
0.9781190000000001
0.9797600000000001
0.9818629999999999
0.983093
0.983698
0.983823
0.983401
0.984117
0.9861700000000001
0.9876360000000001
0.988135
0.98772
0.986483
0.984374
0.9847309999999999
0.987992
0.990624
0.992193
0.9928879999999999
0.9927879999999999
0.99185
0.991801
0.992922
0.993448
0.9931620000000001
0.9921409999999999
0.990341
0.987592
0.9872569999999999
0.989909
0.992023
0.993049
0.99311
0.99221
0.990231
0.9890200000000001
0.989072
0.988722
0.9877729999999999
0.9862770000000001
0.9842
0.9813850000000001
0.9815729999999999
0.984793
0.98708
0.988491
0.989237
0.9892350000000001
0.988298
0.988193
0.9892719999999999
0.989783
0.989576
0.9887739999999999
0.9873360000000001
0.985099
0.9857360000000001
0.9894639999999999
0.9923690000000001
0.9941620000000001
0.994935
0.994715
0.993517
0.9932040000000001
0.9941610000000001
0.9946379999999999
0.9943719999999999
0.993346
0.9915149999999999
0.988843
0.989159
0.9926940000000001
0.9955209999999999
0.997416
0.998453
0.9985219999999999
0.9974280000000001
0.9969709999999999
0.997576
0.997549
0.9967229999999999
0.995174
0.992924
0.990101
0.990449
0.993866
0.9964709999999999
0.998207
0.9991549999999999
0.9992190000000001
0.9999819999999999
1.00168
1.002581
1.0024
1.00126
0.9993299999999999
0.9966520000000001
0.9948290000000001
0.9958959999999999
0.998115
0.999309
0.999569
0.999107
0.9979889999999999
0.997817
0.9988319999999999
0.9993780000000001
0.999188
0.9982700000000001
0.9965430000000001
0.993834
0.9920629999999999
0.993187
0.9952620000000001
0.996389
0.9966719999999999
0.996243
0.99508
0.9948899999999999
0.996082
0.9970479999999999
0.9975379999999999
0.997554
0.997029
0.995762
0.996124
0.9992719999999999
1.0024879999999998
1.004474
1.00544
1.0055020000000001
1.004581
1.004357
1.005172
1.005344
1.0046760000000001
1.003336
1.001436
0.998921
0.998458
1.001167
1.004143
1.006077
1.006947
1.00676
1.005495
1.0049540000000001
1.0054450000000001
1.005193
1.0040209999999998
1.002083
0.999482
0.9962559999999999
0.9957280000000001
0.9985200000000001
1.001147
1.002881
1.003796
1.00385
1.0028780000000002
1.0025959999999998
1.003392
1.003635
1.003167
1.002048
1.000253
0.997658
0.9972840000000001
0.999908
1.002368
1.00395
1.004816
1.0049780000000001
1.004324
1.004548
1.005929
1.006659
1.006438
1.005355
1.003517
1.0009
1.0006059999999999
1.0034100000000001
1.0060440000000002
1.0076690000000001
1.008375
1.008214
1.0071430000000001
1.0069700000000001
1.008044
1.008573
1.00829
1.0072020000000002
1.0052590000000001
1.002409
1.002285
1.005349
1.007842
1.009269
1.009755
1.009312
1.007875
1.007341
1.008139
1.0084520000000001
1.0079639999999999
1.0066899999999999
1.004607
1.001591
1.0012459999999999
1.003837
1.005571
1.006262
1.006133
1.005191
1.00335
1.00245
1.00284
1.002718
1.00191
1.000556
0.998658
0.9960690000000001
0.996585
1.0002010000000001
1.002725
1.003954
1.0040129999999998
1.002988
1.0009629999999998
0.9999319999999999
1.000312
1.000289
0.9996120000000001
0.998302
0.996318
0.993876
0.9946459999999999
0.9983559999999999
1.001107
1.002805
1.0035610000000001
1.0033
1.003651
1.004933
1.005534
1.0052590000000001
1.004154
1.002253
0.999577
0.998133
0.9997309999999999
1.002341
1.004109
1.00505
1.005184
1.004443
1.004484
1.005571
1.005959
1.0053940000000001
1.004031
1.002024
0.999337
0.998175
0.999994
1.002357
1.00366
1.004034
1.003698
1.002758
1.003017
1.004775
1.006213
1.006968
1.006961
1.0060639999999998
1.0040950000000002
1.003784
1.006335
1.008965
1.010569
1.0112729999999999
1.01112
1.009991
1.0095969999999999
1.010324
1.010512
1.009952
1.008728
1.006864
1.00425
1.003666
1.0060200000000001
1.0082879999999999
1.0095020000000001
1.009774
1.009058
1.007224
1.006103
1.0061120000000001
1.0055459999999998
1.004278
1.002458
1.000073
0.996966
0.9965719999999999
0.9993040000000001
1.001484
1.0026329999999999
1.0028629999999998
1.002235
1.0007629999999998
1.000294
1.0011370000000002
1.001457
1.00098
0.999718
0.99766
0.994792
0.994717
0.99792
1.00073
1.0026709999999999
1.003808
1.004053
1.003226
1.00309
1.004076
1.004542
1.004316
1.0034299999999998
1.001835
0.999393
0.999685
1.002998
1.0055610000000001
1.007127
1.007873
1.007801
1.006821
1.0067840000000001
1.007995
1.008517
1.0080850000000001
1.006833
1.004792
1.00193
1.002069
1.0052159999999999
1.007396
1.008581
1.008991
1.008649
1.007407
1.007048
1.0078799999999999
1.008029
1.007221
1.00549
1.00282
0.999292
0.99887
1.001579
1.003366
1.004133
1.0040149999999999
1.002975
1.000939
0.999886
1.000314
1.000415
0.999901
0.99876
0.996884
0.994291
0.994566
0.9974799999999999
0.99921
0.99985
0.999659
0.9986520000000001
0.998532
0.9995930000000001
1.000094
0.9997799999999999
0.998784
0.99721
0.995035
0.994318
0.9966799999999999
0.9998309999999999
1.001887
1.00281
1.002685
1.001581
1.001232
1.001908
1.001908
1.001077
0.999592
0.997559
0.994974
0.994455
0.997131
1.000129
1.002117
1.003187
1.003383
1.002607
1.0025899999999999
1.003687
1.004206
1.003941
1.0029370000000002
1.0011860000000001
0.9985870000000001
0.998273
1.000951
1.003395
1.00502
1.006014
1.00637
1.005911
1.006269
1.0076399999999999
1.008174
1.007693
1.006441
1.004527
1.00183
1.001535
1.004293
1.0066979999999999
1.0080850000000001
1.008648
1.008441
1.0073290000000001
1.00708
1.0080559999999998
1.008473
1.008089
1.00692
1.004889
1.0019
1.001703
1.004635
1.006857
1.008114
1.008572
1.008205
1.006921
1.006627
1.0077459999999998
1.008456
1.008476
1.007826
1.006425
1.004083
1.004299
1.007422
1.009768
1.011089
1.011583
1.011223
1.009891
1.0094
1.010118
1.0102879999999999
1.009732
1.0085680000000001
1.006781
1.004234
1.004475
1.007807
1.0103719999999998
1.011731
1.01205
1.011441
1.009868
1.0091649999999999
1.009693
1.009643
1.008781
1.007199
1.0049709999999998
1.002116
1.002509
1.006119
1.008818
1.0104879999999998
1.01122
1.010918
1.00942
1.008649
1.009109
1.009033
1.008183
1.006635
1.004393
1.001566
1.001892
1.005274
1.007839
1.009498
1.0103440000000001
1.010315
1.009253
1.009005
1.009889
1.009984
1.00909
1.0074040000000002
1.004994
1.002194
1.002521
1.005557
1.007544
1.008437
1.008456
1.007667
1.005995
1.005385
1.006212
1.006509
1.005932
1.004446
1.001965
0.9991549999999999
0.999366
1.001937
1.003444
1.003873
1.003385
1.001962
1.001363
1.001975
1.002125
1.001584
1.000413
0.9986299999999999
0.9961549999999999
0.995343
0.997417
0.999767
1.001048
1.00138
1.000785
0.999201
0.9983690000000001
0.99865
0.9984
0.997508
0.996168
0.994402
0.9920370000000001
0.9918450000000001
0.994707
0.997506
0.9991620000000001
0.999776
0.9994790000000001
0.998358
0.9983059999999999
0.9996430000000001
1.000517
1.000631
0.999985
0.9985649999999999
0.996347
0.9970479999999999
1.000916
1.0040719999999999
1.0062389999999999
1.0075450000000001
1.007914
1.0071430000000001
1.006982
1.007806
1.007911
1.007149
1.005622
1.003351
1.000237
1.000054
1.0029139999999999
1.004834
1.0057180000000001
1.005738
1.004881
1.0030350000000001
1.002068
1.002306
1.001837
1.000459
0.9983569999999999
0.9955649999999999
1.0068139999999999
1.0640100000000001
1.147745
1.2241799999999998
1.296078
1.363449
1.426288
1.4847860000000002
1.539128
1.589228
1.6348040000000001
1.6755799999999998
1.7099380000000002
1.729198
1.718332
1.6784130000000002
1.63228
1.597485
1.5734780000000002
1.555159
1.541435
1.5319450000000001
1.5315889999999999
1.5411920000000001
1.55454
1.570862
1.595482
1.637399
1.6988580000000002
1.7672139999999998
1.827304
1.875368
1.913352
1.946257
1.975632
1.998534
2.015416
2.02696
2.0324470000000003
2.028438
2.009214
1.9723169999999999
1.9270650000000002
1.8888610000000001
1.8635240000000002
1.848866
1.843004
1.8446099999999999
1.8521610000000002
1.8639330000000003
1.8815509999999998
1.9051150000000001
1.9332310000000001
1.969098
2.015116
2.067645
2.117184
2.155134
2.178921
2.190141
2.195354
2.196709
2.191159
2.179821
2.1641220000000003
2.144069
2.1181509999999997
2.085252
2.047735
2.016507
1.999612
1.9962090000000001
2.004459
2.0215240000000003
2.04489
2.072406
2.103392
2.140172
2.1804509999999997
2.220185
2.259595
2.297021
2.327643
2.3455880000000002
2.347499
2.33411
2.308789
2.275239
2.236494
2.1995669999999996
2.166897
2.134561
2.101475
2.067075
2.032195
2.0001990000000003
1.97964
1.9764490000000001
1.986794
2.005143
2.027604
2.050624
2.071384
2.0879830000000004
2.104028
2.119862
2.131145
2.137427
2.1375319999999998
2.1288009999999997
2.108834
2.077382
2.036684
1.993755
1.9529
1.9129630000000002
1.874711
1.839653
1.8087060000000001
1.7821099999999999
1.763122
1.7528439999999998
1.749479
1.753956
1.7662240000000002
1.7841080000000002
1.8041049999999998
1.822756
1.8374560000000002
1.848882
1.857557
1.860581
1.8563900000000002
1.845335
1.8274689999999998
1.8020779999999998
1.7722369999999998
1.7386400000000002
1.699195
1.656795
1.615378
1.5781049999999999
1.546925
1.52765
1.520016
1.517521
1.518542
1.5222360000000001
1.528361
1.5372569999999999
1.553607
1.57669
1.598947
1.616444
1.626627
1.627907
1.620611
1.609063
1.59315
1.569709
1.539774
1.504284
1.463741
1.418877
1.371399
1.3239940000000001
1.279612
1.245359
1.223362
1.209133
1.201224
1.200764
1.20936
1.2225469999999998
1.235415
1.247535
1.2588
1.268365
1.274356
1.27429
1.265944
1.252873
1.235384
1.20917
1.175241
1.137292
1.102199
1.070331
1.037901
1.0055319999999999
0.974201
0.945116
0.919732
0.899335
0.8846200000000001
0.880041
0.885329
0.8942829999999999
0.9052870000000001
0.9205709999999999
0.937318
0.949736
0.9567629999999999
0.95781
0.952169
0.9390229999999999
0.9177700000000001
0.888392
0.8516969999999999
0.8140890000000001
0.77813
0.740781
0.709723
0.686369
0.664417
0.643946
0.625604
0.6102390000000001
0.5989260000000001
0.592597
0.5915020000000001
0.59491
0.606668
0.62526
0.646471
0.669517
0.6886
0.700095
0.7036
0.699227
0.687268
0.668009
0.641718
0.60885
0.5703550000000001
0.527856
0.48351099999999997
0.444989
0.416934
0.40016999999999997
0.391872
0.386225
0.382913
0.381829
0.382826
0.38585
0.39065900000000003
0.396424
0.401591
0.41040299999999996
0.42465
0.43983599999999995
0.45036899999999996
0.45186899999999997
0.44501199999999996
0.43086
0.41048
0.384934
0.355109
0.321725
0.285593
0.247923
0.21632600000000002
0.200769
0.196905
0.196752
0.19991
0.206236
0.214969
0.225125
0.23570500000000003
0.245731
0.254203
0.26004499999999997
0.262094
0.265473
0.276332
0.288087
0.292113
0.287194
0.274389
0.25503400000000004
0.230567
0.202524
0.172396
0.141493
0.11096500000000001
0.081937
0.06529700000000001
0.067602
0.079052
0.093139
0.109172
0.12636
0.143473
0.15928499999999998
0.17283199999999999
0.18336
0.190192
0.192639
0.18997999999999998
0.18879200000000002
0.19653299999999999
0.20506100000000002
0.205261
0.197378
0.18293099999999998
0.163616
0.141208
0.117415
0.093648
0.07090199999999999
0.049832
0.030938999999999998
0.025977999999999998
0.039708999999999994
0.060113
0.081615
0.103619
0.125225
0.145029
0.16156700000000002
0.17364100000000002
0.180394
0.181268
0.175966
0.164439
0.15534
0.156623
0.159605
0.15604200000000001
0.146527
0.13273900000000002
0.11641099999999999
0.099272
0.082897
0.06843099999999999
0.056445
0.047028
0.039992
0.045778
0.068814
0.097138
0.12439800000000001
0.149834
0.17275
0.192048
0.20657899999999998
0.215432
0.218031
0.214133
0.203816
0.18748900000000002
0.165968
0.14854900000000001
0.143594
0.142901
0.138663
0.131747
0.12377
0.11607200000000001
0.10976099999999998
0.105672
0.104192
0.10518
0.108046
0.111897
0.124766
0.152148
0.183751
0.211562
0.234556
0.25208
0.263389
0.26800100000000004
0.265903
0.257506
0.243508
0.22480999999999998
0.202502
0.177894
0.160058
0.157479
0.162221
0.166025
0.169356
0.173281
0.178403
0.184978
0.19297999999999998
0.20202
0.21131100000000003
0.21977
0.22618899999999997
0.23611100000000002
0.257191
0.282285
0.30189699999999997
0.315214
0.32224899999999995
0.32300100000000004
0.317751
0.307204
0.29235300000000003
0.274302
0.254184
0.233167
0.21245999999999998
0.193196
0.18334
0.190694
0.20712600000000003
0.223741
0.240416
0.25737899999999997
0.274271
0.290417
0.305018
0.317123
0.32561999999999997
0.329352
0.327361
0.319266
0.311888
0.312641
0.317314
0.31884
0.315469
0.3083
0.298484
0.287141
0.275416
0.26431
0.25451599999999996
0.246373
0.239851
0.240873
0.25672399999999995
0.28066199999999997
0.30371
0.32495999999999997
0.34432199999999996
0.361265
0.37505900000000003
0.384969
0.39029899999999995
0.390404
0.384819
0.373477
0.356939
0.336389
0.319456
0.31356100000000003
0.314301
0.31458400000000003
0.312803
0.31011500000000003
0.307559
0.30596599999999996
0.30599899999999997
0.30794499999999997
0.311502
0.315728
0.319228
0.32069699999999995
0.325945
0.341237
0.36190900000000004
0.38059299999999996
0.394435
0.403366
0.4073
0.406158
0.40008299999999997
0.389447
0.374828
0.357023
0.336961
0.31548200000000004
0.29948
0.29644299999999996
0.302154
0.30946399999999996
0.316717
0.32442
0.33271799999999996
0.341413
0.350109
0.358147
0.364543
0.368175
0.368147
0.364078
0.362455
0.369101
0.380344
0.389786
0.39405100000000004
0.393472
0.38856599999999997
0.379945
0.368487
0.355225
0.341097
0.326762
0.31254299999999996
0.298579
0.29134499999999997
0.29814
0.314107
0.331461
0.348121
0.36389099999999996
0.378215
0.390277
0.399227
0.40426
0.404686
0.40010300000000004
0.390516
0.376325
0.35825999999999997
0.343511
0.338802
0.34021599999999996
0.341102
0.33907600000000004
0.334983
0.32965500000000003
0.323813
0.31811100000000003
0.31292
0.308164
0.30339499999999997
0.29803
0.29801500000000003
0.310105
0.329301
0.347978
0.363915
0.376796
0.38606599999999996
0.391073
0.391331
0.38661
0.37696799999999997
0.362779
0.34476100000000004
0.323944
0.307767
0.303919
0.30799299999999996
0.31254699999999996
0.315693
0.31803400000000004
0.319972
0.321696
0.323307
0.324719
0.325546
0.325162
0.322878
0.318193
0.31754099999999996
0.327789
0.34391700000000003
0.358043
0.36752199999999996
0.372338
0.372546
0.368336
0.36021
0.34887399999999996
0.33505
0.31939
0.302451
0.28471
0.273014
0.275393
0.286342
0.29746300000000003
0.30752399999999996
0.316864
0.325432
0.332886
0.338779
0.342559
0.34357600000000005
0.34122199999999997
0.335133
0.325331
0.318681
0.322306
0.331431
0.33838
0.340801
0.33915
0.333987
0.325974
0.31597600000000003
0.304886
0.293376
0.28179899999999997
0.270231
0.258627
0.253474
0.262815
0.28031999999999996
0.296835
0.31112
0.323117
0.332434
0.338574
0.341158
0.339939
0.33476999999999996
0.325665
0.31285100000000005
0.29677
0.284414
0.283659
0.28934699999999997
0.293376
0.29431999999999997
0.29289699999999996
0.289746
0.285448
0.28060300000000005
0.27565100000000003
0.270698
0.265527
0.259748
0.25300300000000003
0.251604
0.263394
0.28182399999999996
0.297604
0.309446
0.317359
0.321191
0.320842
0.31645700000000004
0.30836199999999997
0.296935
0.282566
0.265676
0.246758
0.232805
0.23280900000000002
0.240569
0.24692199999999997
0.251606
0.255289
0.258253
0.260554
0.262158
0.262861
0.26224899999999995
0.259797
0.25503400000000004
0.254101
0.264717
0.28071599999999997
0.29334099999999996
0.30152199999999996
0.305508
0.305463
0.301623
0.294435
0.284454
0.27221100000000004
0.258167
0.242759
0.2265
0.21654099999999998
0.221835
0.235308
0.247219
0.257325
0.266061
0.273461
0.279378
0.283634
0.285953
0.285908
0.282993
0.276744
0.266906
0.26011999999999996
0.264733
0.274886
0.28181100000000003
0.28462800000000005
0.284033
0.280614
0.274957
0.267734
0.259544
0.250746
0.241471
0.231712
0.22140300000000002
0.217059
0.227136
0.244511
0.25955
0.271886
0.28176999999999996
0.28908
0.293567
0.29504
0.293324
0.288202
0.279484
0.26714699999999997
0.251461
0.233077
0.212839
0.19137300000000002
0.169016
0.146083
0.122978
0.100119
0.077887
0.056576
0.036354000000000004
0.017227000000000003
0.000463
-0.010373
-0.014418
-0.014441999999999998
-0.012772
-0.010848
-0.009373999999999999
-0.00863
-0.008643999999999999
-0.009259
-0.010213
-0.011209
-0.011962
-0.012208
-0.011647
-0.009964
-0.007026999999999999
-0.003098
0.0012029999999999999
0.005178
0.008354
0.010586
0.011964
0.01268
0.01292
0.014758000000000002
0.017879
0.018962
0.017212
0.013144
0.007559999999999999
0.001745
-0.0032380000000000004
-0.007015
-0.009562000000000001
-0.011090000000000001
-0.011892
-0.012216
-0.012183
-0.011776
-0.010944
-0.009654000000000001
-0.007854
-0.005522999999999999
-0.002783
0.00010700000000000001
0.002866
0.005302
0.007337000000000001
0.008964
0.010189
0.010989
0.0113
0.011052
0.010216
0.008797
0.006823
0.0044020000000000005
0.001743
-0.000904
-0.0033420000000000004
-0.0054670000000000005
-0.007248999999999999
-0.00868
-0.009736
-0.01036
-0.010486
-0.01007
-0.009098
-0.007587000000000001
-0.005607
-0.0033090000000000003
-0.0008939999999999999
0.001451
0.0036030000000000003
0.0055
0.007111
0.0084
0.009309
0.009772
0.009733
0.009823
0.009859999999999999
0.008698000000000001
0.0062829999999999995
0.0033490000000000004
0.000513
-0.0020280000000000003
-0.004193
-0.005972
-0.007375
-0.008399
-0.009017
-0.009193000000000002
-0.008888
-0.008078
-0.006802
-0.005181
-0.003367
-0.001484
0.000386
0.0021899999999999997
0.003885
0.005418
0.006717
0.007702
0.008291
0.008419
0.008047
0.007188
0.005926
0.00439
0.002705
0.0009609999999999999
-0.0007769999999999999
-0.002459
-0.004034
-0.005435
-0.006581999999999999
-0.0073939999999999995
-0.007801000000000001
-0.007755
-0.00725
-0.006331
-0.005092
-0.00364
-0.0020670000000000003
-0.00044
0.001187
0.002759
0.004212
0.0054659999999999995
0.006437999999999999
0.007054
0.007264
0.007049
0.006431999999999999
0.0054789999999999995
0.004278
0.002914
0.0014529999999999999
-5.4000000000000005e-05
-0.0015539999999999998
-0.0029879999999999998
-0.0042840000000000005
-0.005362
-0.006148
-0.0065840000000000004
-0.006639
-0.006321
-0.0056689999999999996
-0.0047469999999999995
-0.003621
-0.002352
-0.00099
0.000417
0.001814
0.0031320000000000002
0.004294
0.005222999999999999
0.005854
0.006149
0.006097
0.005718
0.005053
0.004152
0.0030670000000000003
0.001846
0.000539
-0.000801
-0.0021079999999999996
-0.003307
-0.0043219999999999995
-0.005086
-0.005556
-0.005711
-0.005556
-0.005117
-0.004432
-0.003542
-0.002489
-0.0013189999999999999
-8.4e-05
0.0011539999999999999
0.0023309999999999997
0.0033759999999999997
0.004225
0.00483
0.005162
0.005215999999999999
0.0050030000000000005
0.004543999999999999
0.0038689999999999996
0.00301
0.002006
0.0009019999999999999
-0.00024700000000000004
-0.0013800000000000002
-0.002434
-0.003348
-0.004072
-0.004568
-0.004815
-0.00481
-0.004563
-0.004089
-0.0034130000000000002
-0.002565
-0.001586
-0.000526
0.000557
0.001604
0.0025559999999999997
0.003361
0.003975
0.004365
0.004516
0.004432
0.004121
0.003604
0.002907
0.002065
0.001124
0.000134
-0.0008529999999999999
-0.001784
-0.0026100000000000003
-0.0032869999999999996
-0.003781
-0.004067
-0.004138
-0.003996
-0.003655
-0.003134
-0.002459
-0.001663
-0.000788
0.000121
0.001016
0.001852
0.002584
0.003173
0.0035859999999999998
0.003805
0.003824
0.003647
0.003288
0.0027649999999999997
0.002104
0.0013369999999999999
0.000502
-0.00035499999999999996
-0.001189
-0.001952
-0.002605
-0.003109
-0.00344
-0.003583
-0.0035369999999999998
-0.003311
-0.002918
-0.002379
-0.001718
-0.0009699999999999999
-0.000176
0.000617
0.0013650000000000001
0.0020280000000000003
0.002572
0.00297
0.003206
0.003274
0.003179
0.002927
0.002532
0.002009
0.0013830000000000001
0.000687
-3.8e-05
-0.000753
-0.001416
-0.001994
-0.002462
-0.002799
-0.002989
-0.0030280000000000003
-0.002915
-0.002654
-0.0022559999999999998
-0.001738
-0.001126
-0.00045700000000000005
0.00022799999999999999
0.0008900000000000001
0.0014939999999999999
0.00201
0.002416
0.002695
0.0028350000000000003
0.002826
0.00267
0.002372
0.001948
0.0014210000000000002
0.000822
0.000188
-0.000442
-0.001033
-0.001559
-0.001997
-0.002328
-0.002538
-0.002614
-0.002552
-0.002356
-0.0020399999999999997
-0.001622
-0.001126
-0.000579
-1.3000000000000001e-05
0.000542
0.0010609999999999999
0.001523
0.001907
0.002194
0.002367
0.002414
0.002332
0.002128
0.001814
0.00141
0.000938
0.000421
-0.00011200000000000001
-0.0006349999999999999
-0.0011220000000000002
-0.00155
-0.001895
-0.002139
-0.002263
-0.002262
-0.0021379999999999997
-0.001902
-0.001572
-0.001165
-0.000704
-0.000212
0.000288
0.000768
0.0012029999999999999
0.0015689999999999999
0.001846
0.0020210000000000002
0.002084
0.002034
0.0018800000000000002
0.001634
0.0013130000000000001
0.00093
0.000504
5.6000000000000006e-05
-0.000391
-0.000813
-0.001186
-0.001493
-0.001721
-0.001859
-0.0019
-0.0018440000000000002
-0.001697
-0.001466
-0.001163
-0.000797
-0.00023500000000000002
0.00031299999999999996
0.00066
0.0009720000000000001
0.0012460000000000001
0.0014730000000000001
0.001643
0.0017420000000000003
0.001759
0.0016879999999999998
0.0015279999999999998
0.001286
0.000973
0.00061
0.00021899999999999998
-0.000181
-0.00057
-0.000925
-0.001225
-0.0014550000000000001
-0.001605
-0.001668
-0.0016420000000000002
-0.0015279999999999998
-0.001335
-0.001074
-0.000763
-0.00042300000000000004
-7e-05
0.000283
0.000617
0.000916
0.001165
0.001354
0.0014730000000000001
0.001517
0.00148
0.0013650000000000001
0.00118
0.000935
0.000648
0.000335
9e-06
-0.00031800000000000003
-0.0006309999999999999
-0.0009130000000000001
-0.001146
-0.0013189999999999999
-0.001422
-0.0014470000000000002
-0.001391
-0.001256
-0.0010550000000000002
-0.000802
-0.000513
-0.000204
0.000168
0.000523
0.000786
0.001005
0.00117
0.001276
0.001318
0.0012929999999999999
0.001201
0.001049
0.000852
0.0006190000000000001
0.000362
9e-05
-0.00018700000000000002
-0.00045700000000000005
-0.000704
-0.0009119999999999999
-0.0010689999999999999
-0.001164
-0.001198
-0.00117
-0.001083
-0.000944
-0.000763
-0.0005480000000000001
-0.000306
-4.5e-05
0.00022200000000000003
0.00047999999999999996
0.000711
0.0009
0.001037
0.001116
0.001135
0.001097
0.001006
0.000863
0.000676
0.000453
0.000204
-5.6999999999999996e-05
-0.00031600000000000004
-0.0005549999999999999
-0.000758
-0.0009109999999999999
-0.001011
-0.0010550000000000002
-0.001044
-0.000982
-0.0008699999999999999
-0.000712
-0.000519
-0.000303
-7.6e-05
0.000342
0.000705
0.000798
0.000849
0.000878
0.000893
0.000893
0.000872
0.00082
0.000731
0.000603
0.00044100000000000004
0.00025499999999999996
5.9e-05
-0.000135
-0.000324
-0.0005070000000000001
-0.000671
-0.0008029999999999999
-0.000891
-0.0009289999999999999
-0.0009130000000000001
-0.0008410000000000001
-0.000719
-0.000558
-0.000371
-0.000173
2.5e-05
0.00021600000000000002
0.000398
0.000567
0.000709
0.000811
0.0008640000000000001
0.000865
0.0008150000000000001
0.000718
0.000999
0.001368
0.001145
0.000642
0.000172
-0.000217
-0.0005110000000000001
-0.000709
-0.0008210000000000001
-0.0008609999999999999
-0.0008439999999999999
-0.000788
-0.0007030000000000001
0.000936
0.003646
0.004748
0.003998
0.0024579999999999997
0.0010550000000000002
0.000118
-0.000339
-0.000413
-0.000244
3.3e-05
0.00031299999999999996
0.000532
0.000683
0.000795
0.00085
0.000775
0.000531
0.000166
-0.000227
-0.000563
-0.000792
-0.0009
-0.000904
-0.000837
-0.000737
-0.000643
-0.00059
-0.000572
-0.00053
-0.000396
-0.000162
0.000118
0.000379
0.0005740000000000001
0.0006889999999999999
0.000727
0.000708
0.000659
0.001996
0.004291
0.005108
0.004215999999999999
0.002606
0.0010960000000000002
-5.6999999999999996e-05
-0.000796
-0.001157
-0.001235
-0.0011380000000000001
-0.000962
-0.0007740000000000001
-0.000595
0.001109
0.003834
0.004849
0.0039109999999999995
0.0021809999999999998
0.0006580000000000001
-0.000331
-0.000782
-0.0008089999999999999
-0.000567
-0.000204
0.000161
0.000442
0.0012980000000000001
0.002444
0.002629
0.0020629999999999997
0.001335
0.000604
-2.3e-05
-0.000475
-0.000733
-0.000826
-0.0008029999999999999
-0.000715
-0.000602
-0.00048300000000000003
-0.000383
-0.00033999999999999997
-0.00036899999999999997
-0.00040899999999999997
-0.00038500000000000003
-0.000276
-0.00011399999999999999
5.7999999999999994e-05
0.00021
0.00033
0.000417
0.00046699999999999997
0.002034
0.004647999999999999
0.0056359999999999995
0.004783
0.003118
0.001521
0.000317
-0.000462
-0.0008609999999999999
-0.000977
-0.000919
-0.000784
-0.0006309999999999999
0.0014449999999999999
0.004926
0.0064930000000000005
0.005692
0.0035409999999999994
0.00125
-0.000429
-0.001363
-0.0016359999999999999
-0.001439
-0.000986
-0.00045999999999999996
1.4999999999999999e-05
0.002309
0.005905
0.007508
0.006726
0.004568
0.002225
0.00044400000000000006
-0.000685
-0.0012259999999999999
-0.001325
-0.00115
-0.0008550000000000001
-0.00055
-0.000279
-3.4e-05
0.000154
0.000204
7.6e-05
-0.000178
-0.00044400000000000006
-0.000614
-0.000642
-0.000538
-0.00035099999999999997
-0.000133
6.9e-05
0.002468
0.00645
0.008183
0.0072959999999999995
0.004961
0.002479
0.000681
-0.00038199999999999996
-0.0008640000000000001
-0.000958
-0.0008349999999999999
-0.0006259999999999999
-0.00040899999999999997
0.002288
0.006912000000000001
0.009267000000000001
0.008668
0.006108
0.002857
7.7e-05
-0.001744
-0.002578
-0.0026100000000000003
-0.0021260000000000003
-0.001411
-0.0006900000000000001
0.002461
0.0073950000000000005
0.009783
0.009058
0.006456999999999999
0.003357
0.00086
-0.000679
-0.001375
-0.001462
-0.00119
-0.000772
-0.00035299999999999996
0.0024059999999999997
0.006943
0.009197
0.008556999999999999
0.006043
0.002903
0.00022400000000000002
-0.001562
-0.002428
-0.002534
-0.002136
-0.001497
-0.000826
0.003047
0.009366
0.012612
0.01198
0.008935
0.00491
0.001355
-0.0009140000000000001
-0.001987
-0.0021609999999999997
-0.0017879999999999999
-0.001178
-0.0005480000000000001
0.00355
0.010389
0.014066
0.013616
0.010458
0.005946
0.001615
-0.001442
-0.003097
-0.003558
-0.0031899999999999997
-0.002385
-0.001462
-0.000604
0.0037869999999999996
0.01087
0.014447
0.013641
0.010151
0.005539
0.001416
-0.001221
-0.0024460000000000003
-0.002607
-0.0021219999999999998
-0.001368
-0.000629
0.003963
0.011642
0.015847999999999998
0.015513999999999998
0.012177
0.0073019999999999995
0.00244
-0.001169
-0.00305
-0.002987
-0.00131
0.0008849999999999999
0.002475
0.0076040000000000005
0.015413999999999999
0.0186
0.016578
0.011668000000000001
0.0056630000000000005
0.00021899999999999998
-0.0035600000000000002
-0.0055899999999999995
-0.006064
-0.005288
-0.003732
-0.001889
0.004542
0.014706
0.021029
0.0221
0.019569
0.014906
0.009101
0.003214
-0.0017760000000000002
-0.005375
-0.00728
-0.00747
-0.006345
0.000698
0.011978
0.018417
0.01872
0.015434999999999999
0.010898999999999999
0.00648
0.0030329999999999997
0.000915
-7.7e-05
-0.000172
0.00028199999999999997
0.0008039999999999999
0.0070739999999999996
0.017641
0.022436
0.020296
0.014268000000000001
0.006998999999999999
0.000624
-0.0033880000000000004
-0.004857
-0.004517
-0.003186
-0.001358
0.0006889999999999999
0.008822
0.021511000000000002
0.028275
0.02744
0.021699
0.013633000000000001
0.005232
-0.0016179999999999999
-0.005999
-0.008216
-0.008513
-0.007045999999999999
-0.0041670000000000006
0.00569
0.020378999999999998
0.028804000000000003
0.029148
0.024149
0.016492
0.008289
0.00128
-0.003554
-0.006219
-0.006963
-0.006136
-0.0043100000000000005
0.005174
0.020411000000000002
0.029156
0.029641000000000004
0.024928
0.017658
0.009845999999999999
0.003046
-0.0018170000000000003
-0.004718
-0.005984000000000001
-0.0059039999999999995
-0.004833
0.004427
0.020031999999999998
0.029087000000000002
0.029412999999999998
0.024186000000000003
0.016602000000000002
0.009089
0.003026
-0.0011710000000000002
-0.003672
-0.004618
-0.004159
-0.002775
0.006841
0.022665
0.031276
0.030614
0.024248
0.015316
0.00619
-0.001056
-0.0054340000000000005
-0.007079
-0.006333
-0.0038880000000000004
-0.000778
0.002079
0.012425
0.028419
0.036322
0.034454000000000005
0.026858999999999997
0.016666
0.006226
-0.002212
-0.007442
-0.009547
-0.0091
-0.0068980000000000005
-0.003714
0.008159999999999999
0.026542000000000003
0.037142
0.037737
0.032411
0.02441
0.014974000000000001
0.005242
-0.002739
-0.0077930000000000004
-0.009941
-0.00951
-0.007273000000000001
0.004340999999999999
0.022897999999999998
0.033951
0.035363
0.031104000000000003
0.024253999999999998
0.016013
0.007344
2.8000000000000003e-05
-0.004777
-0.007102
-0.007271
-0.005889
0.005268999999999999
0.023861
0.034624
0.035583
0.031269
0.02455
0.016322
0.007648
0.000582
-0.003739
-0.005519
-0.005186
-0.003527
0.007848
0.026562
0.037337
0.039394
0.037406
0.033027999999999995
0.026525
0.017889
0.007431999999999999
-0.001923
-0.007254999999999999
-0.008462
-0.006586
0.006092
0.026636
0.039883999999999996
0.045135
0.046567000000000004
0.045413
0.041736
0.035462
0.026462
0.014764
0.002398
-0.006592
-0.010463
-0.00085
0.019191999999999997
0.03321
0.039485
0.042314
0.043196
0.042223000000000004
0.039113
0.033422
0.024875
0.013593000000000001
0.001818
-0.006606
-0.0007
0.016513
0.028544
0.03366
0.035695
0.03632
0.035799
0.033777999999999996
0.029825
0.023724000000000002
0.015472999999999999
0.005868
-0.002131
-0.006556
0.001527
0.019302
0.031117000000000002
0.035911
0.037367000000000004
0.036635
0.033662
0.028408999999999997
0.021253
0.012678
0.004256
-0.001429
-0.003693
0.006159
0.025209
0.039026
0.04713
0.051820000000000005
0.053722000000000006
0.052992
0.049510000000000005
0.043051
0.033707
0.022201
0.009575
-0.000698
0.004132
0.021478999999999998
0.035955
0.046075
0.053773
0.05940499999999999
0.062698
0.063077
0.059954999999999994
0.053173000000000005
0.043122
0.030452
0.01575
0.012068
0.023162000000000002
0.035213999999999995
0.043942
0.050352999999999995
0.055241
0.05882999999999999
0.060687
0.060091
0.05664500000000001
0.050452
0.041804
0.030888
0.028722
0.039699
0.051722000000000004
0.05926
0.062979
0.064224
0.064075
0.06283899999999999
0.060145000000000004
0.055649000000000004
0.049405000000000004
0.041692
0.032767000000000004
0.022677000000000003
0.02273
0.036367000000000003
0.050331
0.059489
0.064622
0.066602
0.065752
0.06216699999999999
0.056129
0.048039
0.038318
0.027524
0.016221
0.016794
0.032518
0.049368
0.062473
0.072525
0.080098
0.085219
0.087388
0.0858
0.079916
0.069983
0.057028999999999996
0.042304
0.037331
0.046988999999999996
0.059585
0.069439
0.076988
0.083025
0.087903
0.09139
0.09275499999999999
0.09123300000000001
0.086489
0.07860700000000001
0.06781000000000001
0.054216999999999994
0.048389999999999996
0.055487
0.06450399999999999
0.070016
0.07294400000000001
0.074477
0.075046
0.074361
0.072017
0.06794800000000001
0.06237
0.0555
0.047376999999999996
0.048158
0.062067
0.07712999999999999
0.087202
0.09286799999999999
0.09554800000000001
0.096175
0.09486599999999999
0.091336
0.085505
0.07775499999999999
0.068734
0.059015
0.058977999999999996
0.073424
0.090876
0.104922
0.115622
0.12350699999999999
0.128681
0.130804
0.12945
0.124597
0.116702
0.10646900000000001
0.094705
0.082071
0.078678
0.089893
0.104762
0.11673399999999999
0.12625899999999998
0.13406600000000002
0.14010799999999998
0.143728
0.144216
0.141253
0.134946
0.125782
0.11448
0.110456
0.119898
0.133021
0.142817
0.149885
0.155331
0.15971
0.16293
0.164401
0.163491
0.159967
0.15399000000000002
0.14577400000000001
0.13533399999999998
0.13105999999999998
0.139709
0.15245999999999998
0.16201600000000002
0.168799
0.173709
0.177006
0.178378
0.17748
0.17438599999999999
0.16953900000000002
0.163405
0.1562
0.15565199999999998
0.168284
0.18496300000000002
0.197371
0.20583600000000002
0.2117
0.21588800000000002
0.218565
0.21941599999999997
0.21816
0.21483200000000002
0.209721
0.20313699999999998
0.19519
0.192751
0.203353
0.219234
0.23170900000000003
0.241004
0.24774200000000002
0.251789
0.252692
0.250394
0.245412
0.238465
0.230213
0.22112800000000002
0.211338
0.207328
0.216921
0.23269600000000001
0.24559699999999998
0.25574
0.263671
0.269219
0.27179200000000003
0.270985
0.26705100000000004
0.260839
0.25314200000000003
0.244164
0.233685
0.227871
0.2352
0.249495
0.26202
0.272816
0.282355
0.29031
0.295916
0.298558
0.298076
0.294593
0.288165
0.278674
0.26610500000000004
0.257169
0.260413
0.270847
0.28056
0.288837
0.29595
0.301629
0.305429
0.30714
0.30688499999999996
0.304847
0.300951
0.29480500000000004
0.285882
0.28007600000000005
0.284528
0.294143
0.301628
0.30634
0.309159
0.310435
0.31027
0.308843
0.30640500000000004
0.303056
0.298576
0.292535
0.28453
0.28062600000000004
0.287934
0.301114
0.312207
0.319628
0.323673
0.32459899999999997
0.322633
0.318104
0.311535
0.303527
0.29449899999999996
0.28462
0.27395
0.26881
0.27663000000000004
0.291669
0.30545300000000003
0.316434
0.32459
0.32958899999999997
0.33098299999999997
0.328677
0.32313200000000003
0.315019
0.30480100000000004
0.292738
0.279095
0.270515
0.274881
0.28689699999999996
0.298475
0.308449
0.31705700000000003
0.324025
0.328721
0.33053
0.329058
0.32410500000000003
0.315691
0.304151
0.290022
0.280143
0.282328
0.2916
0.30020399999999997
0.306936
0.312251
0.316168
0.318389
0.318654
0.3169
0.313126
0.307199
0.298825
0.293901
0.29907399999999995
0.309581
0.318349
0.324075
0.32754
0.329255
0.3294
0.327925
0.324703
0.319723
0.31311
0.304998
0.29541
0.290503
0.297009
0.309517
0.320141
0.327277
0.331556
0.33329699999999995
0.332395
0.328773
0.322711
0.314745
0.30538200000000004
0.294964
0.28365999999999997
0.277702
0.284096
0.297202
0.308892
0.31769400000000003
0.323843
0.32715
0.327271
0.324241
0.31853200000000004
0.310699
0.301128
0.290008
0.277404
0.269579
0.274012
0.285371
0.29573
0.304018
0.310583
0.315195
0.317222
0.31609899999999996
0.31165
0.304142
0.294125
0.282127
0.268467
0.259675
0.263741
0.275021
0.285136
0.293202
0.29954200000000003
0.303989
0.306109
0.305627
0.302582
0.297149
0.28936799999999996
0.279099
0.266269
0.257447
0.260905
0.271125
0.27984000000000003
0.286433
0.291452
0.294883
0.29638400000000004
0.295718
0.29291799999999996
0.288118
0.28131799999999996
0.27234200000000003
0.26095999999999997
0.253343
0.257347
0.267135
0.274502
0.279184
0.281907
0.282802
0.28174299999999997
0.278735
0.274023
0.267909
0.260515
0.251732
0.247575
0.255536
0.269326
0.28021
0.28739000000000003
0.291296
0.292199
0.290421
0.286304
0.280082
0.272041
0.262598
0.252102
0.24068299999999998
0.234553
0.24168499999999998
0.255562
0.26711799999999997
0.275851
0.282031
0.285355
0.285224
0.28125100000000003
0.273662
0.26327
0.250981
0.23738800000000002
0.22279899999999997
0.213784
0.218786
0.230981
0.241146
0.249254
0.255726
0.26034
0.26251599999999997
0.26177399999999995
0.257968
0.251155
0.24135399999999999
0.228621
0.213248
0.20233099999999998
0.204542
0.21331
0.22010500000000002
0.22528600000000001
0.2295
0.232673
0.234327
0.234028
0.231634
0.227175
0.220579
0.211571
0.20639699999999997
0.213121
0.225036
0.233656
0.239344
0.24285700000000002
0.244549
0.24457399999999999
0.242936
0.23960700000000001
0.23472300000000001
0.228546
0.221219
0.21261799999999997
0.209103
0.218457
0.23314400000000002
0.24389899999999998
0.25082899999999997
0.254851
0.256387
0.255378
0.251794
0.245988
0.23849299999999998
0.22968400000000003
0.21972600000000003
0.208661
0.203176
0.21125
0.225554
0.237054
0.24568
0.25175
0.254957
0.254846
0.251444
0.24530700000000003
0.237058
0.2271
0.215629
0.208956
0.215218
0.227758
0.237722
0.24526900000000001
0.251066
0.255247
0.257536
0.257415
0.254369
0.248192
0.239134
0.22777600000000003
0.214629
0.20626599999999998
0.210865
0.22175
0.23021799999999998
0.236511
0.24124600000000002
0.244362
0.245408
0.244034
0.24025700000000003
0.23432199999999997
0.226397
0.21648299999999998
0.204584
0.197551
0.203597
0.215704
0.22514299999999998
0.232156
0.237512
0.24128400000000003
0.24308600000000002
0.24261300000000002
0.239925
0.235267
0.22873600000000002
0.220164
0.20924
0.202352
0.207592
0.21825300000000003
0.226095
0.23178200000000002
0.23614200000000002
0.239186
0.240531
0.239851
0.23711500000000002
0.232512
0.22619299999999998
0.218106
0.21444499999999997
0.22329000000000002
0.237736
0.248687
0.25618
0.260802
0.26281
0.26245100000000005
0.25997600000000004
0.25556100000000004
0.249491
0.24219699999999997
0.23398400000000003
0.224845
0.22080100000000003
0.22991199999999998
0.245279
0.25760700000000003
0.266843
0.273426
0.277143
0.277437
0.273953
0.266975
0.257369
0.246044
0.233529
0.22004400000000002
0.211956
0.217613
0.230458
0.24151
0.250761
0.258552
0.264509
0.267885
0.26807
0.264882
0.258421
0.248792
0.23612399999999997
0.22078299999999998
0.209529
0.211221
0.21989
0.227041
0.233
0.238335
0.24288400000000002
0.24609299999999998
0.247468
0.24680300000000002
0.244042
0.23899299999999998
0.231256
0.226471
0.232319
0.242711
0.249529
0.253306
0.255182
0.255669
0.254931
0.252952
0.24966100000000002
0.245128
0.239517
0.23287
0.22498600000000002
0.221741
0.23107399999999997
0.246052
0.257329
0.264873
0.269468
0.271379
0.270388
0.266351
0.25967199999999996
0.251141
0.241456
0.231
0.219896
0.21447
0.22288200000000002
0.238198
0.251151
0.26151599999999997
0.269478
0.274622
0.27641
0.274778
0.27019099999999996
0.263223
0.254251
0.24344000000000002
0.230817
0.22261
0.227332
0.239011
0.249021
0.25740100000000005
0.264575
0.270244
0.27370300000000003
0.274323
0.271856
0.26646
0.258524
0.248383
0.242231
0.247736
0.25935
0.269083
0.27652899999999997
0.282316
0.286584
0.28912
0.289606
0.28781999999999996
0.283781
0.27764099999999997
0.269447
0.259061
0.252458
0.257249
0.268164
0.27733800000000003
0.28411
0.289041
0.292137
0.293025
0.291456
0.287565
0.28170300000000004
0.274129
0.264891
0.253877
0.246993
0.251644
0.26204099999999997
0.270088
0.275496
0.279154
0.281217
0.281371
0.279409
0.275461
0.269798
0.26256199999999996
0.253683
0.24296900000000002
0.23637199999999997
0.241723
0.253175
0.262275
0.268479
0.27213000000000004
0.27322399999999997
0.271762
0.267989
0.262342
0.255298
0.24716999999999997
0.23800100000000002
0.22763000000000003
0.222079
0.229569
0.243679
0.255351
0.264309
0.270801
0.274564
0.275135
0.272282
0.266288
0.257864
0.247705
0.23618899999999998
0.22956300000000002
0.235893
0.24924699999999997
0.26106999999999997
0.27100599999999997
0.279449
0.28628200000000004
0.291047
0.293187
0.292242
0.288026
0.280586
0.270045
0.256644
0.24695300000000003
0.249203
0.25811799999999996
0.265689
0.27147
0.276071
0.279469
0.28123899999999996
0.281043
0.278862
0.27484200000000003
0.26902
0.261228
0.251153
0.244508
0.24858000000000002
0.257646
0.263909
0.267347
0.268931
0.268987
0.26748099999999997
0.264415
0.259988
0.254473
0.247969
0.24030700000000002
0.23115100000000002
0.22620300000000002
0.233102
0.245706
0.255361
0.26157600000000003
0.264779
0.26519000000000004
0.262888
0.257995
0.250899
0.242211
0.23243000000000003
0.221768
0.216214
0.223685
0.23789699999999997
0.250033
0.259806
0.267509
0.272946
0.275633
0.27505
0.270983
0.263795
0.25418
0.24269899999999997
0.229663
0.221358
0.226096
0.23771599999999998
0.247464
0.255312
0.261753
0.266602
0.269283
0.269303
0.26650799999999997
0.261007
0.253039
0.24296700000000002
0.23109899999999997
0.223579
0.228425
0.23946900000000002
0.248165
0.25461100000000003
0.259484
0.262813
0.264258
0.263552
0.260731
0.25598200000000004
0.24934499999999998
0.240596
0.22940100000000002
0.221702
0.22587800000000002
0.236326
0.244741
0.251144
0.25610900000000003
0.259571
0.26108200000000004
0.260324
0.257393
0.252608
0.24616799999999997
0.238013
0.227933
0.221806
0.227591
0.239114
0.247795
0.253763
0.257828
0.26014899999999996
0.260546
0.258988
0.25571900000000003
0.25102800000000003
0.24498899999999998
0.23743000000000003
0.23400700000000002
0.241973
0.255477
0.26634800000000003
0.274068
0.279099
0.28149
0.281165
0.278239
0.27300599999999997
0.265819
0.257058
0.247054
0.235963
0.229762
0.23613299999999998
0.24906399999999998
0.260008
0.268419
0.274536
0.278049
0.278383
0.27517600000000003
0.268532
0.25900100000000004
0.247369
0.234321
0.220202
0.21110900000000002
0.21528899999999998
0.22652199999999997
0.23597800000000002
0.24366100000000002
0.25001
0.25484
0.257606
0.257832
0.255342
0.25012399999999996
0.242083
0.23100700000000002
0.21684499999999998
0.205985
0.207256
0.215071
0.22117399999999998
0.225937
0.23002399999999998
0.23335799999999998
0.235442
0.235839
0.234398
0.231132
0.225954
0.21859099999999998
0.21463400000000002
0.221746
0.23379699999999998
0.242554
0.248419
0.252234
0.254268
0.254587
0.253262
0.250399
0.246205
0.24094699999999997
0.234756
0.22750399999999998
0.224915
0.234523
0.249811
0.261885
0.270358
0.27572800000000003
0.278235
0.277937
0.27492
0.26953699999999997
0.262346
0.253788
0.244063
0.233221
0.227279
0.23405900000000002
0.247536
0.259142
0.268411
0.275567
0.28021799999999997
0.281675
0.279588
0.274309
0.266547
0.256816
0.245327
0.232186
0.223425
0.227
0.23733
0.24622
0.253364
0.259139
0.263354
0.265487
0.265083
0.261971
0.256168
0.247772
0.23699099999999998
0.22981500000000002
0.23371799999999998
0.24346199999999998
0.251449
0.257409
0.26202800000000004
0.265498
0.267656
0.26817199999999997
0.266733
0.26321100000000003
0.257631
0.24999000000000002
0.24014499999999997
0.233744
0.238196
0.24823
0.256222
0.26190399999999997
0.265854
0.268115
0.268404
0.266533
0.262658
0.25714000000000004
0.250246
0.24201999999999999
0.23231300000000002
0.226825
0.23303000000000001
0.244852
0.253956
0.260345
0.264884
0.26769499999999996
0.268432
0.266902
0.26332
0.25806
0.251319
0.243044
0.238873
0.24584899999999998
0.25856
0.269246
0.27723600000000004
0.283018
0.286669
0.288049
0.287094
0.283876
0.278624
0.27170300000000003
0.26345100000000005
0.25398699999999996
0.24906999999999999
0.255642
0.268383
0.27962
0.28846700000000003
0.295267
0.299829
0.301639
0.30032
0.295921
0.28891300000000003
0.279987
0.269739
0.258452
0.25196
0.257157
0.268987
0.279994
0.289174
0.296854
0.30280999999999997
0.30645900000000004
0.307342
0.305368
0.300663
0.293273
0.28310599999999997
0.275712
0.27742
0.28472600000000003
0.291716
0.2971
0.301598
0.305502
0.30859200000000003
0.310367
0.310339
0.308264
0.304129
0.29793400000000003
0.289528
0.28431799999999996
0.288123
0.296848
0.30437600000000004
0.30943000000000004
0.312673
0.314242
0.313992
0.31197800000000003
0.308559
0.304188
0.299147
0.29343400000000003
0.28677600000000003
0.284466
0.292124
0.305091
0.316527
0.324574
0.329656
0.33207800000000004
0.331946
0.329417
0.324866
0.318774
0.311458
0.302967
0.298757
0.304249
0.315904
0.327892
0.337995
0.346436
0.353098
0.357441
0.35879
0.356748
0.351489
0.34360100000000005
0.33371
0.322255
0.31509899999999996
0.31772100000000003
0.326882
0.33693
0.345376
0.35243800000000003
0.357984
0.361559
0.36281399999999997
0.361695
0.35831
0.352715
0.344936
0.335059
0.32873600000000003
0.330937
0.33886700000000003
0.347514
0.35430700000000004
0.35974
0.36394899999999997
0.36664800000000003
0.367558
0.36661900000000003
0.36388400000000004
0.359297
0.352623
0.343541
0.337321
0.33866799999999997
0.345391
0.353037
0.358821
0.363102
0.36592199999999997
0.367004
0.366168
0.36351999999999995
0.359323
0.353756
0.34677800000000003
0.338188
0.333355
0.336995
0.346091
0.35530300000000004
0.361674
0.365628
0.36753600000000003
0.367528
0.365753
0.362477
0.357975
0.35234299999999996
0.345462
0.342549
0.347749
0.358514
0.370139
0.379326
0.386231
0.39086
0.392929
0.392205
0.38873800000000003
0.382845
0.374981
0.365573
0.354918
0.348667
0.35126999999999997
0.36036
0.371156
0.380119
0.387218
0.392239
0.39469899999999997
0.394256
0.390923
0.385063
0.377209
0.367809
0.35709
0.350572
0.352556
0.36071
0.37047800000000003
0.378605
0.385393
0.390916
0.394866
0.396899
0.39682199999999995
0.39452600000000004
0.38984
0.382523
0.37247199999999997
0.365304
0.365412
0.371467
0.379718
0.386623
0.392406
0.397044
0.40014
0.401362
0.40065700000000004
0.39813699999999996
0.393856
0.38771
0.384794
0.38807600000000003
0.396024
0.405152
0.41142
0.415357
0.417558
0.418275
0.417567
0.41548999999999997
0.41215100000000005
0.407661
0.402055
0.395233
0.392332
0.39626999999999996
0.405548
0.41655299999999995
0.42476
0.43016899999999997
0.43285200000000007
0.43276400000000004
0.430041
0.425101
0.418471
0.41060100000000005
0.401805
0.392248
0.387256
0.389971
0.398922
0.410397
0.41985200000000006
0.42716000000000004
0.432134
0.43434399999999995
0.433604
0.430171
0.424533
0.417112
0.408091
0.397475
0.39061999999999997
0.390921
0.397441
0.406942
0.41512
0.42208900000000005
0.42781899999999995
0.431881
0.43381800000000004
0.433341
0.430316
0.424742
0.416732
0.411684
0.412397
0.418653
0.42800699999999997
0.4357
0.44196599999999997
0.44705100000000003
0.450851
0.453154
0.453772
0.45258999999999994
0.44956899999999994
0.44469
0.437852
0.43411000000000005
0.435454
0.441776
0.450966
0.45789399999999997
0.462841
0.46606400000000003
0.46748599999999996
0.467079
0.464991
0.461458
0.456657
0.450622
0.443234
0.439512
0.441176
0.447963
0.457563
0.464463
0.46890200000000004
0.47127700000000006
0.47169300000000003
0.470228
0.467041
0.46236800000000006
0.456408
0.449196
0.44064200000000003
0.43580399999999997
0.436593
0.443025
0.45296000000000003
0.460812
0.46645299999999995
0.46983800000000003
0.47075500000000003
0.46918999999999994
0.465404
0.459816
0.452797
0.444508
0.439971
0.440687
0.44705200000000006
0.45742
0.46607
0.473013
0.478418
0.482104
0.483749
0.48303599999999997
0.47975200000000007
0.47393
0.46586099999999997
0.45591000000000004
0.44948
0.44837200000000005
0.45323500000000005
0.46251400000000004
0.470413
0.476921
0.48206800000000005
0.48553100000000005
0.487001
0.486367
0.483667
0.47896700000000003
0.47228100000000006
0.46364799999999995
0.45830699999999996
0.45781099999999997
0.46283500000000005
0.471934
0.479217
0.484818
0.489043
0.49185100000000004
0.493134
0.49286599999999997
0.49106700000000003
0.48768900000000004
0.482538
0.475312
0.47084899999999996
0.47017200000000003
0.474257
0.48220100000000005
0.48811499999999997
0.49234799999999995
0.495346
0.49707299999999993
0.49736099999999994
0.496158
0.49349899999999997
0.489418
0.483878
0.481734
0.48354600000000003
0.49019399999999996
0.5009680000000001
0.509464
0.515382
0.518999
0.520462
0.519874
0.517423
0.5133810000000001
0.508024
0.501607
0.494306
0.49105600000000005
0.492404
0.49900200000000006
0.51026
0.519911
0.527341
0.532499
0.5350630000000001
0.534764
0.531669
0.526158
0.518716
0.5098010000000001
0.499766
0.493695
0.49234300000000003
0.496645
0.506235
0.5149600000000001
0.5222680000000001
0.528146
0.532247
0.534184
0.53371
0.5307
0.525099
0.516938
0.50636
0.498496
0.49440600000000007
0.495486
0.50183
0.507588
0.5123949999999999
0.516421
0.519456
0.5212060000000001
0.521466
0.520081
0.5168689999999999
0.5115649999999999
0.5038819999999999
0.498717
0.49691899999999994
0.49973199999999995
0.507027
0.512835
0.516995
0.519798
0.5212720000000001
0.5214479999999999
0.520433
0.51832
0.515104
0.5106470000000001
0.509559
0.512243
0.5186810000000001
0.528909
0.5375489999999999
0.543709
0.547734
0.549822
0.550121
0.548726
0.545678
0.541084
0.535135
0.528004
0.524638
0.525748
0.531392
0.5418350000000001
0.551618
0.559187
0.564348
0.566883
0.566767
0.564204
0.559591
0.553416
0.546028
0.537562
0.532899
0.532695
0.536784
0.545663
0.554254
0.561083
0.566186
0.569394
0.570454
0.569211
0.56567
0.559955
0.5521659999999999
0.5424100000000001
0.535656
0.532838
0.5340010000000001
0.5402140000000001
0.5469069999999999
0.552458
0.55683
0.559765
0.5609350000000001
0.560117
0.557187
0.55209
0.5448890000000001
0.540366
0.53933
0.541241
0.54761
0.554517
0.559958
0.5640970000000001
0.567022
0.568669
0.568933
0.567714
0.564942
0.560574
0.554552
0.551453
0.5518
0.554862
0.5620649999999999
0.5693729999999999
0.574843
0.578749
0.581183
0.582069
0.581432
0.579389
0.576055
0.571491
0.5656760000000001
0.563303
0.5648989999999999
0.5694170000000001
0.578034
0.586454
0.5924189999999999
0.5961
0.597608
0.597078
0.59486
0.591291
0.586539
0.580651
0.573573
0.569932
0.5703010000000001
0.5735939999999999
0.5813689999999999
0.589695
0.5960489999999999
0.60031
0.602294
0.601887
0.599206
0.594439
0.587827
0.5796899999999999
0.574774
0.573839
0.575348
0.581667
0.5898800000000001
0.596899
0.602649
0.607001
0.609634
0.610228
0.608528
0.604398
0.597938
0.589439
0.583634
0.581439
0.5814199999999999
0.586267
0.5932609999999999
0.599111
0.6037239999999999
0.6069939999999999
0.608761
0.608984
0.607681
0.604842
0.600386
0.594159
0.5906170000000001
0.590424
0.591805
0.597246
0.604104
0.6093569999999999
0.613096
0.6154229999999999
0.616413
0.616179
0.614765
0.612099
0.608024
0.6023109999999999
0.599359
0.59968
0.6013850000000001
0.607031
0.613931
0.618911
0.622066
0.623633
0.623729
0.622393
0.619675
0.615635
0.610274
0.608025
0.609483
0.612128
0.618954
0.6278050000000001
0.634656
0.639355
0.641979
0.6425810000000001
0.641205
0.6379640000000001
0.633131
0.626993
0.619741
0.615916
0.6162449999999999
0.6180640000000001
0.624551
0.633756
0.641361
0.647043
0.650614
0.651872
0.6507649999999999
0.647442
0.642188
0.635264
0.6269
0.621775
0.62075
0.621134
0.626336
0.634666
0.641799
0.647523
0.651759
0.654351
0.655173
0.654087
0.650911
0.645466
0.637694
0.632083
0.629466
0.627253
0.629491
0.6350439999999999
0.639644
0.643246
0.6459
0.6475
0.647917
0.646997
0.644536
0.640305
0.638355
0.6391359999999999
0.639206
0.642837
0.649364
0.654
0.6569149999999999
0.658518
0.658926
0.6581739999999999
0.656329
0.6534270000000001
0.649469
0.644446
0.6426229999999999
0.644532
0.646566
0.65258
0.6614770000000001
0.668175
0.672515
0.674588
0.674506
0.672628
0.669354
0.664932
0.65955
0.653343
0.650666
0.652093
0.6540020000000001
0.660407
0.6703060000000001
0.6784600000000001
0.684497
0.688318
0.689897
0.689371
0.686843
0.682383
0.676191
0.668485
0.6636880000000001
0.662573
0.661569
0.665263
0.673194
0.68001
0.685434
0.6893699999999999
0.691604
0.691934
0.690175
0.68624
0.680177
0.6761520000000001
0.674876
0.6724899999999999
0.673833
0.679632
0.684721
0.688655
0.691606
0.693535
0.694331
0.69385
0.6918810000000001
0.6882149999999999
0.682754
0.679635
0.679636
0.678701
0.681277
0.688063
0.693928
0.6982
0.700893
0.7020609999999999
0.701863
0.700436
0.697852
0.694153
0.689316
0.687368
0.688749
0.689049
0.692755
0.700442
0.706727
0.711058
0.713729
0.715029
0.715116
0.7139949999999999
0.7116060000000001
0.707855
0.7026140000000001
0.699983
0.7005899999999999
0.700203
0.703379
0.710719
0.7168
0.720943
0.723305
0.723946
0.722905
0.7203189999999999
0.716353
0.711086
0.7085640000000001
0.709426
0.709629
0.7125520000000001
0.719635
0.726665
0.7319680000000001
0.735488
0.737142
0.736846
0.734635
0.730611
0.724853
0.717497
0.712778
0.711661
0.710364
0.712149
0.718671
0.725851
0.731681
0.735941
0.7385189999999999
0.739345
0.738348
0.735449
0.730633
0.724009
0.719721
0.7185159999999999
0.716484
0.717024
0.722136
0.727996
0.732742
0.73638
0.738978
0.740527
0.740905
0.7398819999999999
0.737186
0.732544
0.7297600000000001
0.729463
0.727797
0.728137
0.732436
0.737012
0.740264
0.74238
0.7434529999999999
0.743529
0.7426159999999999
0.74062
0.737383
0.7366550000000001
0.738896
0.740043
0.742254
0.747951
0.754224
0.758567
0.7610439999999999
0.7617729999999999
0.7609600000000001
0.758898
0.755713
0.751409
0.74607
0.74369
0.7449439999999999
0.745922
0.7487149999999999
0.7558050000000001
0.76408
0.770409
0.774442
0.776199
0.775889
0.773687
0.769698
0.7641859999999999
0.757537
0.753849
0.7538100000000001
0.7535729999999999
0.755143
0.761234
0.769016
0.775361
0.780051
0.783057
0.784319
0.783721
0.781159
0.776614
0.770065
0.765332
0.763239
0.760332
0.7587659999999999
0.761788
0.767079
0.771496
0.774893
0.777253
0.7784909999999999
0.778415
0.776728
0.7731359999999999
0.771138
0.771297
0.770077
0.768433
0.770335
0.774663
0.777702
0.7795350000000001
0.780345
0.7802359999999999
0.779273
0.777402
0.774478
0.7703840000000001
0.768716
0.769988
0.770407
0.77075
0.774716
0.780802
0.784954
0.786925
0.786975
0.7855409999999999
0.782963
0.779391
0.774939
0.7697229999999999
0.767508
0.768839
0.769843
0.7716069999999999
0.777379
0.7850550000000001
0.790855
0.794701
0.796759
0.797089
0.795783
0.792986
0.788775
0.7831239999999999
0.779805
0.7795529999999999
0.77875
0.778688
0.782995
0.789852
0.795377
0.7992779999999999
0.80153
0.802172
0.801262
0.798709
0.794361
0.7918729999999999
0.792042
0.791456
0.790272
0.793117
0.7995399999999999
0.804822
0.808746
0.811397
0.812789
0.812874
0.8115020000000001
0.808473
0.8037479999999999
0.8010189999999999
0.801018
0.800292
0.798686
0.80123
0.807772
0.8131149999999999
0.816908
0.8192729999999999
0.8203159999999999
0.8200790000000001
0.818525
0.815601
0.811263
0.808996
0.809314
0.8086909999999999
0.8069
0.808909
0.814505
0.818546
0.82101
0.82229
0.822622
0.822066
0.8205100000000001
0.8177369999999999
0.8135399999999999
0.811341
0.811641
0.810815
0.808605
0.810034
0.815091
0.818764
0.8207969999999999
0.821418
0.8209540000000001
0.8195979999999999
0.817248
0.813706
0.812353
0.813769
0.8145359999999999
0.814137
0.816871
0.8232959999999999
0.828738
0.832256
0.833974
0.834125
0.8328760000000001
0.830254
0.8262860000000001
0.8211370000000001
0.818455
0.8189850000000001
0.819441
0.819321
0.822983
0.830835
0.837915
0.8431629999999999
0.8465739999999999
0.8482
0.8480540000000001
0.846167
0.842672
0.8376979999999999
0.834772
0.8345969999999999
0.83396
0.832518
0.834751
0.841359
0.8476389999999999
0.8525889999999999
0.856289
0.858816
0.860082
0.8598020000000001
0.8576239999999999
0.853309
0.8502879999999999
0.8493149999999999
0.8471350000000001
0.843318
0.8421700000000001
0.8451200000000001
0.848181
0.850224
0.851418
0.851928
0.851727
0.850576
0.8481639999999999
0.8475370000000001
0.849058
0.8493639999999999
0.848031
0.847874
0.851159
0.8551129999999999
0.857395
0.8582299999999999
0.8580180000000001
0.8569629999999999
0.855073
0.8522850000000001
0.8485739999999999
0.8471780000000001
0.848683
0.849909
0.8502719999999999
0.8522719999999999
0.857858
0.864027
0.868291
0.870667
0.871346
0.8705229999999999
0.8684059999999999
0.8651840000000001
0.860985
0.859208
0.860497
0.861592
0.8618959999999999
0.864303
0.87065
0.877609
0.8828280000000001
0.886267
0.888143
0.8886229999999999
0.887641
0.8849520000000001
0.883555
0.884072
0.88365
0.882049
0.8806959999999999
0.883209
0.8883840000000001
0.892497
0.895401
0.8971790000000001
0.897792
0.8970610000000001
0.8947209999999999
0.89061
0.8878870000000001
0.8872209999999999
0.8856620000000001
0.882869
0.8804280000000001
0.881922
0.885917
0.8886790000000001
0.890172
0.890704
0.890433
0.8893340000000001
0.887273
0.884101
0.8828360000000001
0.884007
0.884606
0.8841540000000001
0.8838590000000001
0.887041
0.892382
0.8964059999999999
0.8991950000000001
0.9009889999999999
0.9018700000000001
0.9017729999999999
0.900516
0.8979159999999999
0.8969729999999999
0.898216
0.8986040000000001
0.8976540000000001
0.896598
0.899291
0.904616
0.908552
0.9109719999999999
0.912173
0.9123700000000001
0.911551
0.9095559999999999
0.909331
0.911385
0.9127069999999999
0.912839
0.9118780000000001
0.914333
0.920092
0.92429
0.926803
0.928004
0.928118
0.927163
0.925057
0.92175
0.9202610000000001
0.9212290000000001
0.9218559999999999
0.9217709999999999
0.920983
0.923734
0.9300950000000001
0.935191
0.938421
0.939925
0.9398129999999999
0.938175
0.9351299999999999
0.9307629999999999
0.928056
0.927618
0.926739
0.925175
0.9230450000000001
0.9245180000000001
0.929905
0.93461
0.9379930000000001
0.9402370000000001
0.9413940000000001
0.941292
0.9396030000000001
0.93604
0.933486
0.932635
0.9307979999999999
0.927658
0.923394
0.922532
0.925767
0.928733
0.9309120000000001
0.9325030000000001
0.933535
0.933786
0.93289
0.9333379999999999
0.935422
0.9363030000000001
0.935682
0.933808
0.9335549999999999
0.936551
0.9398280000000001
0.941617
0.9422309999999999
0.942039
0.9411700000000001
0.939586
0.937191
0.936718
0.9386620000000001
0.9402879999999999
0.9411290000000001
0.941048
0.942808
0.947743
0.9525870000000001
0.9556290000000001
0.9570350000000001
0.9570690000000001
0.9559139999999999
0.9537
0.950527
0.9493510000000001
0.950773
0.9520559999999999
0.9527639999999999
0.9528190000000001
0.9552809999999999
0.9613010000000001
0.9672440000000001
0.971457
0.974123
0.975504
0.9755940000000001
0.9741559999999999
0.9709780000000001
0.968899
0.9686319999999999
0.967673
0.9657979999999999
0.963146
0.9626399999999999
0.966041
0.9702770000000001
0.973353
0.975297
0.976107
0.9755790000000001
0.9734940000000001
0.969773
0.9673
0.966621
0.9650049999999999
0.962166
0.9583209999999999
0.956601
0.958767
0.961735
0.9637020000000001
0.9648
0.9651219999999999
0.9645450000000001
0.962828
0.959736
0.9579850000000001
0.958142
0.9576020000000001
0.9560350000000001
0.95344
0.952676
0.9554360000000001
0.958702
0.960707
0.9616459999999999
0.961675
0.96078
0.958852
0.955772
0.954343
0.9550770000000001
0.955145
0.954046
0.951799
0.9518110000000001
0.9554239999999999
0.9590290000000001
0.961082
0.961765
0.9613309999999999
0.9599139999999999
0.957484
0.9539290000000001
0.9521719999999999
0.9527709999999999
0.952833
0.951876
0.949868
0.95071
0.9550559999999999
0.958672
0.960751
0.9615450000000001
0.96115
0.9595040000000001
0.956492
0.9548540000000001
0.955198
0.954958
0.9538399999999999
0.951967
0.951485
0.954625
0.95899
0.961886
0.9631870000000001
0.9629690000000001
0.961319
0.9583379999999999
0.9540270000000001
0.951039
0.949939
0.948285
0.9458989999999999
0.942997
0.9419190000000001
0.9446629999999999
0.948557
0.9511229999999999
0.9524030000000001
0.952564
0.951616
0.949469
0.9460799999999999
0.944317
0.944734
0.944566
0.943361
0.9411799999999999
0.940982
0.9445049999999999
0.948694
0.951667
0.9535620000000001
0.954577
0.954675
0.953616
0.951103
0.9497629999999999
0.9500700000000001
0.9494020000000001
0.9475600000000001
0.9447180000000001
0.9439770000000001
0.946816
0.949943
0.951732
0.9524459999999999
0.952313
0.951304
0.949254
0.948723
0.950082
0.95062
0.9499639999999999
0.948169
0.9470860000000001
0.949189
0.952564
0.9545620000000001
0.955206
0.9547100000000001
0.953202
0.95075
0.9473870000000001
0.945757
0.946333
0.946594
0.9462309999999999
0.945247
0.945377
0.948831
0.9532860000000001
0.9558709999999999
0.956702
0.956198
0.9545790000000001
0.951851
0.9479780000000001
0.94565
0.945492
0.945099
0.944175
0.942692
0.942608
0.946074
0.9507049999999999
0.9538969999999999
0.9557209999999999
0.9563440000000001
0.9557180000000001
0.9537
0.950191
0.947829
0.947117
0.945527
0.942781
0.9390620000000001
0.9369360000000001
0.938651
0.941736
0.94391
0.9452649999999999
0.945889
0.9456129999999999
0.9441149999999999
0.943649
0.9444889999999999
0.944163
0.9425110000000001
0.939744
0.936944
0.937307
0.93976
0.9409549999999999
0.9410290000000001
0.9403360000000001
0.939019
0.9370629999999999
0.9343600000000001
0.9332950000000001
0.934232
0.9346780000000001
0.9342530000000001
0.9329879999999999
0.9321790000000001
0.9346399999999999
0.938718
0.9410950000000001
0.9418629999999999
0.9414520000000001
0.940177
0.938135
0.935264
0.9341139999999999
0.935199
0.936034
0.936205
0.9356209999999999
0.935901
0.9393879999999999
0.9440850000000001
0.947343
0.9493370000000001
0.950292
0.950198
0.948883
0.946166
0.9446629999999999
0.944973
0.9446559999999999
0.943422
0.9413530000000001
0.94037
0.9428850000000001
0.9468040000000001
0.9494520000000001
0.950881
0.9512959999999999
0.9507469999999999
0.9490770000000001
0.948521
0.949392
0.949283
0.947973
0.94571
0.9429190000000001
0.943458
0.947018
0.9495180000000001
0.950873
0.9512780000000001
0.9507559999999999
0.949174
0.9463280000000001
0.9445030000000001
0.944241
0.943399
0.941751
0.939377
0.936456
0.9368700000000001
0.940363
0.9427540000000001
0.944009
0.9443950000000001
0.9440059999999999
0.942759
0.940485
0.9394629999999999
0.940077
0.939958
0.9387979999999999
0.9367270000000001
0.9344129999999999
0.935356
0.938824
0.941074
0.942214
0.94263
0.9424520000000001
0.94153
0.941842
0.9436040000000001
0.9445399999999999
0.944282
0.942852
0.9402379999999999
0.939679
0.942249
0.944679
0.9459209999999999
0.9461219999999999
0.945435
0.9439190000000001
0.9415530000000001
0.9405459999999999
0.9412520000000001
0.9414610000000001
0.940932
0.939757
0.937844
0.939098
0.9433879999999999
0.946256
0.947625
0.947931
0.9474030000000001
0.946034
0.943725
0.942779
0.9436559999999999
0.9441729999999999
0.944126
0.9435969999999999
0.942624
0.9450879999999999
0.9507120000000001
0.955103
0.9581290000000001
0.959966
0.9605899999999999
0.9598780000000001
0.9577319999999999
0.9564229999999999
0.9564309999999999
0.955651
0.9538989999999999
0.951341
0.948081
0.948174
0.9518770000000001
0.9549620000000001
0.957098
0.958433
0.958887
0.9581870000000001
0.956002
0.95452
0.954235
0.9530350000000001
0.950735
0.947428
0.9433889999999999
0.942644
0.945067
0.9466559999999999
0.947528
0.9479489999999999
0.947891
0.9471459999999999
0.947608
0.949458
0.9504799999999999
0.950312
0.948984
0.946543
0.945243
0.946947
0.949365
0.9505530000000001
0.9506129999999999
0.9497049999999999
0.9479139999999999
0.9452780000000001
0.9438540000000001
0.944069
0.9440290000000001
0.9435049999999999
0.942499
0.940833
0.940867
0.94381
0.946818
0.9484319999999999
0.94888
0.948306
0.946717
0.9440430000000001
0.942475
0.942525
0.942199
0.941267
0.9397790000000001
0.937689
0.9386110000000001
0.942916
0.9466370000000001
0.9491729999999999
0.950642
0.9510620000000001
0.9503530000000001
0.950362
0.9513020000000001
0.951191
0.949833
0.9474229999999999
0.944153
0.9416479999999999
0.942459
0.9450219999999999
0.946658
0.94735
0.9471930000000001
0.9461209999999999
0.9439790000000001
0.9427110000000001
0.942785
0.9423520000000001
0.941157
0.93924
0.936559
0.935168
0.9368489999999999
0.9393809999999999
0.9408850000000001
0.941494
0.9413809999999999
0.940585
0.939017
0.938652
0.939789
0.9403590000000001
0.9401440000000001
0.939328
0.937941
0.938349
0.94194
0.9460370000000001
0.9490049999999999
0.950976
0.952099
0.952306
0.951393
0.951298
0.9524229999999999
0.9528280000000001
0.952259
0.9507770000000001
0.9483590000000001
0.947365
0.9495520000000001
0.9525020000000001
0.9544379999999999
0.955448
0.9555899999999999
0.954732
0.9527200000000001
0.951727
0.952227
0.9521219999999999
0.951101
0.949199
0.946356
0.945543
0.947736
0.949728
0.9505120000000001
0.9503870000000001
0.9495049999999999
0.9477760000000001
0.947011
0.947501
0.947362
0.94642
0.944889
0.9428540000000001
0.9409489999999999
0.942148
0.945599
0.947915
0.948943
0.948758
0.94735
0.944728
0.94281
0.9420959999999999
0.940968
0.93929
0.937176
0.934582
0.932226
0.933077
0.936241
0.9385209999999999
0.9399120000000001
0.940574
0.940471
0.9412020000000001
0.942948
0.943892
0.9437620000000001
0.9427110000000001
0.940845
0.938139
0.937902
0.9406180000000001
0.94283
0.944103
0.94473
0.944851
0.944383
