1.014245
1.013357
1.013676
1.013198
1.011783
1.009568
1.006537
1.0040200000000001
1.004675
1.0070459999999999
1.0083440000000001
1.0086950000000001
1.008263
1.006988
1.004731
1.003544
1.0038280000000002
1.003525
1.002318
1.000292
0.99754
0.995584
0.996777
0.9994190000000001
1.000926
1.001376
1.0009379999999999
0.9996879999999999
0.997569
0.9966299999999999
0.997257
0.9973920000000001
0.9967239999999999
0.9952290000000001
0.9927959999999999
0.991297
0.992866
0.995577
0.997293
0.998077
0.99803
0.99708
0.995022
0.9940260000000001
0.994685
0.9949879999999999
0.9946379999999999
0.9936520000000001
0.9919530000000001
0.991915
0.994986
0.9983989999999999
1.0003950000000001
1.001127
1.0008350000000001
0.99955
0.997157
0.995906
0.996289
0.996136
0.995167
0.993499
0.9911059999999999
0.990648
0.9934540000000001
0.9965860000000001
0.9985139999999999
0.9992840000000001
0.9989100000000001
0.99735
0.9966700000000001
0.99725
0.997065
0.9958610000000001
0.9937889999999999
0.990934
0.987984
0.9883209999999999
0.9913040000000001
0.9933709999999999
0.9944069999999999
0.994554
0.993814
0.9920559999999999
0.9911190000000001
0.9913129999999999
0.990815
0.989567
0.9877389999999999
0.985293
0.982931
0.98365
0.9864959999999999
0.9882479999999999
0.9891110000000001
0.989397
0.989151
0.988276
0.988718
0.990732
0.992157
0.9925860000000001
0.991975
0.990308
0.9890680000000001
0.990819
0.9940549999999999
0.9961700000000001
0.997265
0.9974569999999999
0.996727
0.9950030000000001
0.9943190000000001
0.99505
0.995207
0.994563
0.993158
0.9908969999999999
0.989456
0.990999
0.993683
0.9951979999999999
0.9955440000000001
0.9947940000000001
0.992928
0.9898469999999999
0.987786
0.987373
0.98662
0.9852110000000001
0.983143
0.980359
0.9792129999999999
0.981233
0.983799
0.985189
0.9855860000000001
0.985208
0.984022
0.9838290000000001
0.984892
0.985275
0.984708
0.983332
0.9813270000000001
0.978884
0.979662
0.983506
0.9864879999999999
0.988456
0.989489
0.9895430000000001
0.988497
0.9882049999999999
0.9891559999999999
0.989657
0.989507
0.9887819999999999
0.987411
0.9853879999999999
0.986282
0.989949
0.992611
0.9942770000000001
0.995208
0.9954870000000001
0.994992
0.9955649999999999
0.997458
0.998685
0.9990290000000001
0.998533
0.997079
0.995426
0.996657
0.999958
1.002264
1.003762
1.004625
1.004685
1.003651
1.003358
1.00415
1.0040930000000001
1.002939
1.000775
0.9976809999999999
0.9945139999999999
0.994504
0.99684
0.9981780000000001
0.9984850000000001
0.997828
0.9961899999999999
0.993582
0.992101
0.9922049999999999
0.991978
0.991122
0.989557
0.9871030000000001
0.984824
0.9854129999999999
0.9877020000000001
0.989031
0.9895450000000001
0.989366
0.988447
0.98662
0.9858
0.986411
0.986612
0.9861850000000001
0.9851489999999999
0.9834700000000001
0.982482
0.984727
0.9886860000000001
0.9915069999999999
0.9930610000000001
0.993401
0.9925709999999999
0.9905280000000001
0.989331
0.9895079999999999
0.989185
0.988099
0.9863129999999999
0.983875
0.9824350000000001
0.984311
0.9877379999999999
0.990207
0.99169
0.9922
0.991619
0.989835
0.989025
0.9896299999999999
0.9895010000000001
0.9882790000000001
0.9860479999999999
0.9828809999999999
0.9809620000000001
0.9824620000000001
0.9853290000000001
0.987448
0.988792
0.989359
0.9889959999999999
0.9894270000000001
0.990859
0.9913629999999999
0.990762
0.989311
0.9871479999999999
0.984237
0.9843629999999999
0.987561
0.9897040000000001
0.9906229999999999
0.990627
0.989875
0.98835
0.987901
0.9888870000000001
0.9894700000000001
0.989332
0.98845
0.986721
0.984168
0.9845649999999999
0.987806
0.9899389999999999
0.9909629999999999
0.991118
0.990452
0.988928
0.98851
0.989563
0.990151
0.9900110000000001
0.9892120000000001
0.987711
0.986125
0.987497
0.991038
0.993526
0.994977
0.995444
0.9948370000000001
0.9930180000000001
0.991877
0.991876
0.991333
0.990132
0.988339
0.9858979999999999
0.98361
0.9844200000000001
0.9873059999999999
0.9890129999999999
0.989516
0.9890110000000001
0.987606
0.985225
0.983827
0.983849
0.983358
0.98206
0.980034
0.9773879999999999
0.9756950000000001
0.9773629999999999
0.9807819999999999
0.983381
0.9851129999999999
0.985951
0.98572
0.986101
0.9874059999999999
0.987992
0.987778
0.986914
0.9854799999999999
0.983411
0.9837540000000001
0.987099
0.9901459999999999
0.99219
0.993324
0.9935950000000001
0.9929610000000001
0.993136
0.994401
0.994992
0.994642
0.9934350000000001
0.991451
0.9885709999999999
0.9879889999999999
0.9902989999999999
0.9921110000000001
0.992892
0.992901
0.992324
0.9911409999999999
0.9911040000000001
0.992489
0.993409
0.993505
0.992725
0.9909899999999999
0.988258
0.98846
0.9916870000000001
0.9939049999999999
0.9950389999999999
0.9952790000000001
0.994617
0.992935
0.99208
0.992517
0.9925149999999999
0.991835
0.990541
0.9885889999999999
0.985765
0.985799
0.988684
0.990398
0.9910030000000001
0.9907360000000001
0.989592
0.987475
0.9862629999999999
0.9863299999999999
0.985884
0.984815
0.983253
0.981145
0.9790620000000001
0.980183
0.983784
0.986425
0.9880049999999999
0.9885799999999999
0.988133
0.9866440000000001
0.986065
0.986785
0.986972
0.986418
0.985167
0.983192
0.9813139999999999
0.9826219999999999
0.986233
0.9889030000000001
0.9905950000000001
0.991373
0.991134
0.989718
0.9890979999999999
0.989833
0.990102
0.9895510000000001
0.988142
0.9858290000000001
0.9833940000000001
0.983943
0.9867520000000001
0.988726
0.989874
0.9902700000000001
0.989842
0.99026
0.9917469999999999
0.992482
0.9921770000000001
0.9909399999999999
0.988941
0.9862290000000001
0.9853780000000001
0.987607
0.9902120000000001
0.9918520000000001
0.992585
0.992549
0.991768
0.991917
0.993281
0.994183
0.994381
0.9938790000000001
0.9925879999999999
0.9903040000000001
0.989669
0.9919389999999999
0.9943790000000001
0.995812
0.996383
0.996188
0.995165
0.995086
0.996368
0.9972770000000001
0.997495
0.9970049999999999
0.995757
0.993575
0.9935940000000001
0.996401
0.998674
0.999915
1.000298
0.999755
0.998125
0.997168
0.9972700000000001
0.9967600000000001
0.995549
0.9938020000000001
0.991497
0.988469
0.9882129999999999
0.991067
0.9932270000000001
0.9942129999999999
0.994101
0.9929370000000001
0.99075
0.989432
0.989384
0.9888680000000001
0.987662
0.985773
0.9831780000000001
0.9801129999999999
0.9803229999999999
0.983675
0.986359
0.988294
0.989534
0.9899309999999999
0.989242
0.989207
0.9902209999999999
0.990606
0.9902110000000001
0.989108
0.9873120000000001
0.984992
0.985748
0.989389
0.992182
0.9941
0.995245
0.995567
0.994943
0.9952120000000001
0.996714
0.997566
0.9975139999999999
0.9966809999999999
0.9950399999999999
0.99277
0.993358
0.996518
0.998605
0.9996450000000001
0.9999
0.999433
0.9981
0.997719
0.998647
0.998992
0.998432
0.9969469999999999
0.9944930000000001
0.9915879999999999
0.991799
0.994719
0.9967540000000001
0.9978319999999999
0.99803
0.9972260000000001
0.995281
0.99418
0.9944639999999999
0.9943649999999999
0.99365
0.992359
0.990403
0.9880770000000001
0.9886969999999999
0.991735
0.993624
0.994448
0.994409
0.9934879999999999
0.993383
0.994396
0.994812
0.9944069999999999
0.993308
0.991569
0.9891120000000001
0.988143
0.9901840000000001
0.992849
0.9944559999999999
0.995006
0.994591
0.993292
0.9928239999999999
0.9934219999999999
0.9933870000000001
0.992574
0.991136
0.989151
0.986606
0.986347
0.989243
0.992166
0.9940379999999999
0.9949530000000001
0.994933
0.9938879999999999
0.9935729999999999
0.9944040000000001
0.994778
0.9945219999999999
0.99367
0.992196
0.9899479999999999
0.990232
0.9934569999999999
0.99613
0.997935
0.999064
0.999509
0.999093
0.999448
1.000786
1.001254
1.0005870000000001
0.9989399999999999
0.996506
0.993292
0.9928549999999999
0.9955950000000001
0.9977879999999999
0.998999
0.999339
0.9988459999999999
0.9974190000000001
0.996865
0.9975729999999999
0.9977809999999999
0.9972629999999999
0.99603
0.993981
0.991138
0.9912770000000001
0.9943299999999999
0.996343
0.9972540000000001
0.997276
0.996459
0.9947540000000001
0.994094
0.99493
0.995425
0.9952540000000001
0.9944139999999999
0.9928290000000001
0.9903299999999999
0.9906659999999999
0.9938629999999999
0.9959879999999999
0.9971180000000001
0.997447
0.996916
0.995396
0.9946940000000001
0.9951760000000001
0.995101
0.994352
0.9930959999999999
0.99134
0.9890909999999999
0.990031
0.9939870000000001
0.996925
0.9986780000000001
0.9993190000000001
0.998869
0.999125
1.0004600000000001
1.001217
1.001193
1.000442
0.998928
0.9965860000000001
0.995403
0.997232
1.000045
1.00196
1.003049
1.003372
1.0028290000000002
1.002976
1.0040870000000002
1.0045959999999998
1.0043229999999999
1.003284
1.001454
0.99875
0.997341
0.998875
1.001174
1.002643
1.00332
1.003226
1.002302
1.002255
1.0033809999999999
1.003938
1.0036530000000001
1.002618
1.0009350000000001
0.998508
0.997825
1.0000719999999998
1.002527
1.0039040000000001
1.004315
1.0039209999999998
1.002751
1.002521
1.003562
1.004166
1.004024
1.0030860000000001
1.001262
0.9984040000000001
0.997287
0.999217
1.0014399999999999
1.00279
1.00334
1.003072
1.001802
1.0012590000000001
1.001875
1.001989
1.001395
1.000167
0.9983219999999999
0.9957360000000001
0.995668
0.998617
1.001106
1.002644
1.003358
1.003168
1.00194
1.001515
1.002308
1.0026
1.0022520000000001
1.001385
0.999928
0.9976649999999999
0.997922
1.001207
1.003941
1.005542
1.006091
1.005652
1.004264
1.003773
1.00454
1.004823
1.004359
1.003132
1.001106
0.99828
0.9982549999999999
1.001542
1.0044870000000001
1.006578
1.00783
1.0081
1.0071700000000001
1.006795
1.007416
1.007414
1.006633
1.005139
1.00295
0.999978
0.999893
1.0029700000000001
1.005403
1.00696
1.0077450000000001
1.0077180000000001
1.0067629999999999
1.0066680000000001
1.007733
1.0080639999999998
1.007401
1.0058850000000001
1.003533
1.000193
0.999707
1.002307
1.004033
1.004788
1.004816
1.004174
1.00271
1.002182
1.002932
1.00312
1.0024389999999999
1.000873
0.9983690000000001
0.995051
0.9948100000000001
0.997592
0.999411
1.000181
1.000037
0.9989370000000001
0.998568
0.9993569999999999
0.999784
0.999683
0.999116
0.9980680000000001
0.9963860000000001
0.9957870000000001
0.9979549999999999
1.000795
1.002386
1.002923
1.002597
1.001425
1.001104
1.001935
1.002235
1.001801
1.000794
0.999291
0.9971709999999999
0.996692
0.999291
1.002471
1.004631
1.005782
1.0060069999999999
1.005347
1.005552
1.0068620000000001
1.007499
1.007274
1.006307
1.004665
1.0023440000000001
1.0022469999999999
1.0052530000000002
1.008249
1.0102200000000001
1.011257
1.011335
1.010283
1.009774
1.010209
1.010026
1.009087
1.007463
1.005163
1.002059
1.000989
1.002894
1.004826
1.005939
1.006363
1.006086
1.004941
1.004604
1.005333
1.005307
1.004277
1.002385
0.9997950000000001
0.996495
0.995886
0.998499
1.00078
1.002166
1.002738
1.002521
1.001434
1.001248
1.00233
1.002942
1.002841
1.0020149999999999
1.0003540000000002
0.997725
0.997682
1.000712
1.0031290000000002
1.004471
1.004916
1.004512
1.0032020000000001
1.002881
1.004008
1.004774
1.004816
1.004086
1.002502
0.999891
0.999922
1.002847
1.004873
1.005923
1.006199
1.005662
1.004192
1.0036200000000002
1.004285
1.004365
1.003708
1.0024819999999999
1.000709
0.9984
0.9992840000000001
1.003207
1.006075
1.007695
1.0081360000000001
1.0074379999999998
1.005664
1.0047840000000001
1.0052299999999998
1.005225
1.0045190000000002
1.003101
1.000917
0.998079
0.9983790000000001
1.001696
1.004073
1.005447
1.005941
1.005477
1.003881
1.003041
1.003452
1.003299
1.002249
1.000325
0.9975700000000001
0.994303
0.9941760000000001
0.996991
0.999042
1.0002030000000002
1.0005110000000002
0.9999
1.000045
1.0011940000000001
1.001595
1.001012
0.999599
0.9975370000000001
0.994841
0.9935360000000001
0.995225
0.9976459999999999
0.998969
0.999251
0.998711
0.997482
0.99731
0.9984940000000001
0.999331
0.9995229999999999
0.9990290000000001
0.9977450000000001
0.995483
0.9947229999999999
0.9968889999999999
0.9994360000000001
1.001036
1.001824
1.001883
1.00111
1.0012370000000002
1.00263
1.0035610000000001
1.003774
1.0033290000000001
1.002253
1.000416
1.000876
1.004213
1.007098
1.008918
1.009816
1.009724
1.008489
1.007898
1.0083469999999999
1.008159
1.0072459999999999
1.0057719999999999
1.003702
1.000836
1.00041
1.002985
1.00505
1.005966
1.005845
1.004764
1.002739
1.0016120000000002
1.001723
1.001292
1.0000790000000002
0.9980950000000001
0.995333
0.9918030000000001
0.991398
0.9943549999999999
0.9967469999999999
0.998383
0.9993129999999999
0.999381
0.998345
0.9979290000000001
0.99856
0.998634
0.998024
0.9968030000000001
0.994958
0.992337
0.9925860000000001
0.995907
0.998461
1.00009
1.0009350000000001
1.00099
1.0001659999999999
0.9983219999999999
0.995352
0.9911989999999999
0.985849
0.9824139999999999
0.9814510000000001
0.979809
0.9768899999999999
0.972841
0.972823
0.977065
0.9804799999999999
0.9828530000000001
0.984168
0.98421
0.982835
0.9800059999999999
0.9756370000000001
0.972673
0.9715280000000001
0.9692559999999999
0.9657819999999999
0.961564
0.960865
0.964424
0.967717
0.969425
0.969435
0.9678260000000001
0.964664
0.9599120000000001
0.953598
0.948714
0.945888
0.9423889999999999
0.9378879999999999
0.9325549999999999
0.930219
0.9318629999999999
0.9333610000000001
0.933366
0.932084
0.9298549999999999
0.926861
0.9231280000000001
0.9213549999999999
0.921961
0.922193
0.921632
0.9203290000000001
0.920675
0.924431
0.9288280000000001
0.9316620000000001
0.93306
0.933316
0.932616
0.931049
0.928552
0.924976
0.92311
0.9236700000000001
0.9240799999999999
0.923816
0.9226489999999999
0.9245399999999999
0.9295549999999999
0.9329430000000001
0.9341709999999999
0.933593
0.9315200000000001
0.928142
0.923485
0.9174969999999999
0.9132879999999999
0.911442
0.908977
0.905559
0.902175
0.902733
0.906275
0.9085690000000001
0.909479
0.909121
0.90738
0.9039389999999999
0.898436
0.890807
0.8844799999999999
0.8804049999999999
0.875841
0.870524
0.866085
0.8658309999999999
0.8681270000000001
0.869293
0.869108
0.8677090000000001
0.865193
0.8615229999999999
0.8565889999999999
0.853276
0.852159
0.85051
0.848031
0.8452540000000001
0.845743
0.848683
0.849986
0.849716
0.8483700000000001
0.8463200000000001
0.8437100000000001
0.8405
0.836573
0.834729
0.8354299999999999
0.835794
0.835284
0.835003
0.838111
0.843234
0.846759
0.8486229999999999
0.8491489999999999
0.848526
0.8467709999999999
0.8439
0.840017
0.83834
0.8395229999999999
0.840558
0.840834
0.842225
0.847068
0.8529450000000001
0.856922
0.859108
0.859964
0.859706
0.85821
0.855226
0.850576
0.847389
0.846382
0.8445940000000001
0.8415159999999999
0.839268
0.840608
0.8434870000000001
0.845116
0.8454860000000001
0.8447040000000001
0.842669
0.83919
0.8341430000000001
0.8303649999999999
0.8283659999999999
0.8254360000000001
0.821327
0.81719
0.816577
0.818512
0.819293
0.818821
0.817293
0.814804
0.811365
0.806925
0.80143
0.797709
0.796453
0.795026
0.7928270000000001
0.790996
0.792447
0.795718
0.797566
0.798057
0.797553
0.796315
0.7944220000000001
0.7917930000000001
0.7909689999999999
0.792311
0.793076
0.792719
0.7917930000000001
0.7940470000000001
0.798956
0.802607
0.804908
0.806137
0.8065260000000001
0.806187
0.80501
0.802756
0.802046
0.803361
0.804017
0.8035770000000001
0.8033359999999999
0.806293
0.810912
0.81384
0.815208
0.815408
0.814646
0.812959
0.8102699999999999
0.8065439999999999
0.804778
0.805475
0.805647
0.8047479999999999
0.804642
0.80777
0.812008
0.814584
0.815555
0.815192
0.813667
0.810998
0.80701
0.8015220000000001
0.797338
0.795094
0.792266
0.788646
0.785888
0.786956
0.7902939999999999
0.792719
0.7940649999999999
0.7943899999999999
0.793597
0.7914260000000001
0.787601
0.78462
0.7831229999999999
0.7808149999999999
0.7774409999999999
0.7733439999999999
0.772516
0.7749149999999999
0.776621
0.7776310000000001
0.778201
0.778472
0.778407
0.7777569999999999
0.7761600000000001
0.7758510000000001
0.7771020000000001
0.777407
0.776471
0.7751060000000001
0.7767350000000001
0.780558
0.7830090000000001
0.784296
0.784935
0.7851560000000001
0.784884
0.783916
0.782101
0.782048
0.784148
0.7856310000000001
0.78592
0.786361
0.789816
0.7947850000000001
0.798162
0.799949
0.800457
0.799872
0.798201
0.7953479999999999
0.791238
0.78867
0.7882560000000001
0.7873560000000001
0.7854909999999999
0.784382
0.78676
0.790795
0.79351
0.79489
0.795198
0.794456
0.792417
0.7888109999999999
0.783519
0.779401
0.777227
0.774546
0.771055
0.76873
0.770261
0.77376
0.776413
0.778088
0.778778
0.778335
0.7766
0.773509
0.771497
0.771011
0.769742
0.767458
0.764414
0.764746
0.768501
0.771496
0.77356
0.774829
0.775308
0.774881
0.7733399999999999
0.770483
0.7687350000000001
0.7687510000000001
0.76831
0.7670140000000001
0.765401
0.767178
0.7718689999999999
0.775626
0.778321
0.780108
0.781031
0.7810020000000001
0.779826
0.779763
0.7812100000000001
0.7818109999999999
0.781215
0.7795479999999999
0.780784
0.7853720000000001
0.789307
0.792104
0.793937
0.794944
0.795158
0.7944220000000001
0.792462
0.789092
0.786929
0.786555
0.785482
0.7832979999999999
0.7815880000000001
0.783155
0.7863399999999999
0.7882359999999999
0.788963
0.78874
0.7876
0.785428
0.782154
0.780351
0.780505
0.780127
0.778834
0.776917
0.778189
0.782401
0.785485
0.787227
0.787712
0.78701
0.7851600000000001
0.782022
0.7773869999999999
0.77361
0.771397
0.76885
0.765934
0.76283
0.763629
0.768238
0.772113
0.774854
0.776467
0.776895
0.776
0.773729
0.7702140000000001
0.768084
0.76788
0.767267
0.765931
0.7646569999999999
0.7670020000000001
0.772237
0.776584
0.7799520000000001
0.7825850000000001
0.7845479999999999
0.785668
0.785621
0.7864180000000001
0.788347
0.7892279999999999
0.788903
0.787515
0.787984
0.79156
0.795281
0.79786
0.799437
0.800154
0.799998
0.798845
0.796512
0.792894
0.7906449999999999
0.7904260000000001
0.789801
0.788276
0.7868970000000001
0.788825
0.7927649999999999
0.795203
0.796147
0.795891
0.794608
0.792402
0.789297
0.7877350000000001
0.788171
0.788205
0.787445
0.785862
0.786833
0.790875
0.794411
0.796864
0.798347
0.798778
0.7979609999999999
0.7956850000000001
0.791845
0.7887890000000001
0.787235
0.785312
0.7828729999999999
0.78003
0.779784
0.783061
0.786459
0.788567
0.7893819999999999
0.789044
0.787695
0.785363
0.782061
0.780331
0.780726
0.780908
0.780493
0.7794439999999999
0.781682
0.78714
0.791529
0.794743
0.797039
0.798532
0.799143
0.7986270000000001
0.796795
0.796092
0.79705
0.797357
0.796675
0.795033
0.796393
0.801175
0.805264
0.808132
0.80987
0.810488
0.809855
0.8077850000000001
0.804194
0.80165
0.800838
0.799588
0.797584
0.7947609999999999
0.7951199999999999
0.798607
0.800926
0.802091
0.802419
0.802013
0.800824
0.798732
0.795612
0.793883
0.793946
0.793299
0.791492
0.788559
0.788817
0.7924680000000001
0.795171
0.796786
0.797524
0.797469
0.796617
0.794879
0.792184
0.791004
0.7918649999999999
0.792405
0.792134
0.790902
0.792405
0.7968350000000001
0.800087
0.801821
0.802325
0.801763
0.8002060000000001
0.7976409999999999
0.794098
0.792239
0.792626
0.792767
0.7921590000000001
0.790883
0.792884
0.79798
0.80187
0.804333
0.805581
0.805796
0.8049350000000001
0.802758
0.801451
0.801491
0.8008
0.799304
0.797204
0.797243
0.800717
0.804758
0.807824
0.80983
0.8107340000000001
0.810445
0.808823
0.805793
0.803733
0.803232
0.802194
0.800354
0.797723
0.797006
0.799501
0.802295
0.8039729999999999
0.804775
0.804944
0.804499
0.803301
0.801184
0.800388
0.8013279999999999
0.801765
0.801318
0.799872
0.8004479999999999
0.804048
0.807525
0.8099770000000001
0.8116720000000001
0.812712
0.81299
0.812286
0.810394
0.809591
0.810355
0.8104359999999999
0.809451
0.807433
0.807621
0.811096
0.814523
0.816728
0.817855
0.818059
0.817389
0.815743
0.812992
0.81158
0.812021
0.811936
0.810868
0.808737
0.80894
0.8122090000000001
0.815013
0.816701
0.817526
0.817566
0.816747
0.81489
0.811858
0.8101119999999999
0.8102239999999999
0.809925
0.808868
0.807042
0.8077949999999999
0.811866
0.815591
0.81795
0.819084
0.8191970000000001
0.818298
0.816224
0.8128810000000001
0.8107439999999999
0.81047
0.809947
0.808843
0.807052
0.8078489999999999
0.812004
0.815925
0.8186479999999999
0.820283
0.8208719999999999
0.820307
0.818466
0.815344
0.813405
0.8131390000000001
0.8122520000000001
0.810427
0.807755
0.808086
0.812142
0.816084
0.819192
0.8215389999999999
0.8230459999999999
0.8234739999999999
0.8225370000000001
0.8200440000000001
0.818521
0.818666
0.818233
0.8168350000000001
0.8144640000000001
0.814932
0.818859
0.8223729999999999
0.8248549999999999
0.826406
0.8270620000000001
0.826775
0.825418
0.822859
0.8215389999999999
0.821897
0.821451
0.819826
0.817142
0.817314
0.820837
0.8236959999999999
0.825319
0.8259270000000001
0.8257129999999999
0.824679
0.822686
0.81963
0.818017
0.81833
0.818128
0.817008
0.8149390000000001
0.815854
0.820068
0.823415
0.8254360000000001
0.826242
0.8259120000000001
0.8244319999999999
0.8217540000000001
0.8179420000000001
0.815642
0.815429
0.8149270000000001
0.813753
0.8118489999999999
0.813238
0.817986
0.8216049999999999
0.8237700000000001
0.824788
0.8247909999999999
0.8236549999999999
0.8211870000000001
0.817307
0.814693
0.8140609999999999
0.813088
0.811408
0.809139
0.8104819999999999
0.815357
0.8192440000000001
0.821857
0.823274
0.8234739999999999
0.822401
0.8200270000000001
0.8163199999999999
0.813917
0.813439
0.812479
0.810719
0.808635
0.8102090000000001
0.8150390000000001
0.81887
0.8215
0.823051
0.823536
0.8228559999999999
0.820837
0.817343
0.815071
0.814712
0.813818
0.811973
0.809663
0.8107310000000001
0.814728
0.81766
0.8194610000000001
0.820318
0.8202959999999999
0.819314
0.817188
0.813772
0.811681
0.8114140000000001
0.8104680000000001
0.8085829999999999
0.806453
0.807704
0.811619
0.814246
0.81557
0.815937
0.8154899999999999
0.814134
0.811714
0.808177
0.806233
0.806397
0.806031
0.804628
0.80287
0.8043279999999999
0.808317
0.8110609999999999
0.8124359999999999
0.8126800000000001
0.811916
0.81015
0.80737
0.8035770000000001
0.801511
0.80175
0.8016770000000001
0.8007770000000001
0.799936
0.802429
0.807163
0.810543
0.812574
0.813479
0.8132590000000001
0.811822
0.809105
0.805184
0.802995
0.803164
0.80301
0.802046
0.8014640000000001
0.804409
0.8095319999999999
0.813311
0.815565
0.816396
0.8158979999999999
0.8141619999999999
0.811164
0.806858
0.804077
0.803427
0.8023020000000001
0.800363
0.799049
0.801425
0.80605
0.8095829999999999
0.811854
0.812949
0.812863
0.81147
0.808595
0.8042050000000001
0.801226
0.800281
0.798692
0.7960619999999999
0.79391
0.795345
0.799003
0.801697
0.8033279999999999
0.804054
0.80391
0.8027770000000001
0.800458
0.7993600000000001
0.799847
0.7994399999999999
0.7979189999999999
0.7953859999999999
0.795934
0.799622
0.802161
0.8034939999999999
0.803928
0.803612
0.8025399999999999
0.800625
0.797756
0.796399
0.796999
0.7970729999999999
0.796189
0.7945840000000001
0.7961520000000001
0.800604
0.80371
0.805294
0.805654
0.805037
0.803571
0.80129
0.7982
0.79698
0.798124
0.798978
0.799005
0.798888
0.801981
0.807305
0.8110189999999999
0.813087
0.813916
0.813714
0.812407
0.809804
0.805773
0.803036
0.802288
0.801092
0.799079
0.797154
0.798814
0.80314
0.806334
0.808198
0.8088350000000001
0.808311
0.806635
0.803652
0.799167
0.795884
0.794482
0.792573
0.7899229999999999
0.787825
0.789375
0.793289
0.796244
0.798194
0.799291
0.7995180000000001
0.798694
0.79657
0.793045
0.790924
0.790797
0.790063
0.7883220000000001
0.786796
0.7887430000000001
0.793063
0.796431
0.798808
0.800389
0.8011739999999999
0.8009689999999999
0.799538
0.796744
0.7952640000000001
0.795599
0.795168
0.793662
0.792429
0.794583
0.798805
0.80177
0.803497
0.8043060000000001
0.804312
0.8034
0.8013939999999999
0.798182
0.796511
0.7968729999999999
0.796487
0.794823
0.793558
0.7957390000000001
0.7997850000000001
0.802582
0.804037
0.804374
0.803765
0.802217
0.7995770000000001
0.7982560000000001
0.798704
0.798502
0.797341
0.795239
0.7963180000000001
0.8005939999999999
0.803615
0.805191
0.805569
0.804862
0.803049
0.800082
0.795931
0.793155
0.7924100000000001
0.791459
0.790013
0.7882899999999999
0.790185
0.795291
0.799131
0.801454
0.802446
0.802203
0.800769
0.798199
0.794515
0.792325
0.7921520000000001
0.791529
0.790146
0.788884
0.7913100000000001
0.7965760000000001
0.8008310000000001
0.8039390000000001
0.806074
0.807246
0.807242
0.805712
0.802474
0.800276
0.799768
0.7984600000000001
0.795999
0.793399
0.794391
0.7982670000000001
0.8012859999999999
0.8032729999999999
0.8043779999999999
0.8046439999999999
0.803924
0.804244
0.80582
0.8063359999999999
0.805488
0.803474
0.8024279999999999
0.804365
0.807271
0.809072
0.809821
0.809713
0.810525
0.8126770000000001
0.814596
0.815913
0.816578
0.8166359999999999
0.816153
0.818042
0.822659
0.8266969999999999
0.8293219999999999
0.8305600000000001
0.830585
0.829592
0.829217
0.82991
0.8304600000000001
0.830879
0.831364
0.831918
0.832341
0.8355
0.84145
0.8465540000000001
0.850159
0.852411
0.8536469999999999
0.8542280000000001
0.85583
0.8586239999999999
0.860885
0.862224
0.862698
0.8624139999999999
0.8614639999999999
0.863137
0.867308
0.870517
0.8728530000000001
0.8745790000000001
0.8757149999999999
0.8760290000000001
0.8767510000000001
0.877977
0.878158
0.877093
0.874921
0.871821
0.868258
0.867492
0.869273
0.8703649999999999
0.8708319999999999
0.8709120000000001
0.870598
0.8711780000000001
0.8727219999999999
0.873657
0.8737299999999999
0.873109
0.872033
0.8705309999999999
0.8705729999999999
0.8732219999999999
0.8762139999999999
0.878367
0.879964
0.881249
0.88221
0.8840680000000001
0.8869459999999999
0.8894540000000001
0.8914280000000001
0.8929600000000001
0.89402
0.8943629999999999
0.894766
0.897727
0.902381
0.906251
0.909409
0.911983
0.913898
0.916428
0.9199139999999999
0.9231450000000001
0.925934
0.9282520000000001
0.9299379999999999
0.930689
0.9309569999999999
0.9335129999999999
0.937802
0.94115
0.94378
0.945865
0.947264
0.947757
0.9488260000000001
0.9507620000000001
0.952045
0.952498
0.9521219999999999
0.9508120000000001
0.948501
0.948174
0.950982
0.954047
0.9562700000000001
0.957583
0.9579280000000001
0.957142
0.9566950000000001
0.956974
0.956584
0.9553809999999999
0.95349
0.9510360000000001
0.9480299999999999
0.9465459999999999
0.948263
0.951033
0.953001
0.9539639999999999
0.9537889999999999
0.952377
0.951299
0.951118
0.950569
0.9494239999999999
0.947692
0.945362
0.942369
0.9404870000000001
0.9419780000000001
0.945197
0.9479069999999999
0.9499700000000001
0.9513370000000001
0.953217
0.955794
0.9577549999999999
0.958931
0.9594520000000001
0.959361
0.9586040000000001
0.9571440000000001
0.9582149999999999
0.962354
0.966258
0.9694020000000001
0.971866
0.9736
0.974511
0.9761540000000001
0.97885
0.9810180000000001
0.9823290000000001
0.982742
0.9822709999999999
0.98095
0.981189
0.984519
0.9885149999999999
0.991563
0.9936159999999999
0.994718
0.9949110000000001
0.9959110000000001
0.9980530000000001
0.9996870000000001
1.000544
1.000635
0.9999520000000001
0.998441
0.998394
1.001448
1.005224
1.007917
1.009395
1.009639
1.008597
1.007914
1.0081200000000001
1.007863
1.006983
1.005566
1.003675
1.0012299999999998
0.9994360000000001
1.000537
1.003011
1.004329
1.004577
1.003918
1.0023540000000002
1.001496
1.001736
1.001565
1.0007840000000001
0.999556
0.9979600000000001
0.995898
0.994698
0.9966379999999999
1.000207
1.00288
1.004556
1.0052459999999999
1.004937
1.005291
1.0067030000000001
1.007682
1.008035
1.007824
1.0070270000000001
1.0055399999999999
1.004613
1.006716
1.01051
1.013387
1.01528
1.0162069999999999
1.01607
1.016476
1.017849
1.018764
1.0190350000000001
1.01863
1.017484
1.0155020000000001
1.014434
1.0162579999999999
1.019182
1.021218
1.022368
1.022638
1.021968
1.0220870000000002
1.023333
1.023994
1.0238
1.022856
1.021295
1.019073
1.01811
1.020138
1.023008
1.024782
1.025482
1.0252940000000001
1.024319
1.0225360000000001
1.0219260000000001
1.02295
1.023692
1.023728
1.0229270000000001
1.021192
1.018646
1.0191430000000001
1.0225870000000001
1.025003
1.026366
1.02685
1.026459
1.025183
1.0250860000000002
1.026553
1.027535
1.027644
1.0268760000000001
1.025192
1.022483
1.022572
1.025682
1.027911
1.029101
1.029335
1.028607
1.02685
1.025978
1.026434
1.026476
1.025935
1.024843
1.023144
1.020701
1.021177
1.024673
1.027136
1.028361
1.0286790000000001
1.0282209999999998
1.0269
1.0266520000000001
1.0278770000000002
1.02863
1.028599
1.027872
1.026493
1.024317
1.025126
1.029058
1.03207
1.033972
1.034851
1.034668
1.0333729999999999
1.032992
1.033942
1.034306
1.0338370000000001
1.032599
1.030543
1.027571
1.027628
1.030994
1.0336239999999999
1.035284
1.036116
1.036073
1.034961
1.0346360000000001
1.0354219999999998
1.035413
1.034448
1.03264
1.029973
1.026521
1.026144
1.028775
1.030456
1.03125
1.031385
1.030826
1.029412
1.029042
1.029993
1.030197
1.0293139999999998
1.027452
1.02475
1.021509
1.021341
1.023941
1.0254940000000001
1.0259770000000001
1.025592
1.024446
1.022506
1.021707
1.0224030000000002
1.02265
1.022166
1.020936
1.0188409999999999
1.0163
1.016727
1.019665
1.0216049999999999
1.02253
1.022616
1.021855
1.020084
1.0193139999999998
1.020067
1.0204520000000001
1.020197
1.019334
1.0178120000000002
1.016477
1.018263
1.022082
1.024685
1.026106
1.026583
1.026114
1.024525
1.023862
1.024546
1.024538
1.023609
1.02194
1.019592
1.017788
1.019295
1.022774
1.0252379999999999
1.026612
1.02692
1.026116
1.024166
1.023183
1.023536
1.023161
1.021823
1.019627
1.016623
1.01429
1.015361
1.0183309999999999
1.020322
1.021328
1.0214239999999999
1.020491
1.018317
1.016934
1.016846
1.016181
1.014751
1.012607
1.009738
1.0076120000000002
1.0087110000000001
1.01144
1.0132219999999998
1.01416
1.014342
1.013688
1.012029
1.011396
1.012145
1.012158
1.011115
1.009128
1.006326
1.004646
1.006285
1.00925
1.011187
1.012095
1.012074
1.011154
1.0112780000000001
1.012725
1.0135399999999999
1.013488
1.012623
1.010909
1.008359
1.0087629999999999
1.0120850000000001
1.014311
1.015285
1.015158
1.014016
1.01186
1.0106979999999999
1.011021
1.011004
1.010384
1.0092079999999999
1.00745
1.0054809999999998
1.006545
1.009933
1.01195
1.012653
1.012407
1.01135
1.009413
1.0085959999999998
1.00928
1.009456
1.008896
1.007802
1.0062389999999999
1.005124
1.007284
1.011541
1.014694
1.016666
1.017526
1.017182
1.0155049999999999
1.014586
1.014915
1.0145790000000001
1.0133940000000001
1.011474
1.008786
1.006358
1.007189
1.0101870000000002
1.012232
1.0133379999999998
1.013624
1.012977
1.011144
1.0101149999999999
1.010346
1.009929
1.008657
1.006535
1.003499
1.0012219999999998
1.0020790000000002
1.004397
1.005882
1.006667
1.0067840000000001
1.0060950000000002
1.004425
1.0038340000000001
1.0047030000000001
1.0049350000000001
1.0042309999999999
1.002682
1.000359
0.9989020000000001
1.0005870000000001
1.003639
1.005572
1.006389
1.006217
1.005153
1.003197
1.002509
1.0035889999999998
1.004389
1.004501
1.003796
1.00209
1.001026
1.002891
1.005966
1.00797
1.008972
1.009087
1.008246
1.006264
1.005328
1.006003
1.0062209999999998
1.005636
1.004277
1.00213
1.001375
1.003841
1.007121
1.009223
1.010297
1.010422
1.009443
1.007183
1.005863
1.006005
1.005587
1.004456
1.002693
1.000173
0.999064
1.001156
1.004008
1.005616
1.006006
1.005249
1.003382
1.0004549999999999
0.9987360000000001
0.998668
0.998114
0.9967299999999999
0.9944780000000001
0.991341
0.989906
0.991916
0.994756
0.996654
0.997657
0.997741
0.996732
0.996511
0.997375
0.9974149999999999
0.996549
0.994966
0.9927090000000001
0.9903700000000001
0.991232
0.9945780000000001
0.996862
0.998117
0.9985290000000001
0.998102
0.996791
0.996574
0.997763
0.998337
0.997965
0.996627
0.994291
0.991994
0.99269
0.9952799999999999
0.9966940000000001
0.997042
0.9965459999999999
0.995325
0.9934209999999999
0.992901
0.9940709999999999
0.994806
0.994751
0.993869
0.9920559999999999
0.990894
0.992664
0.995675
0.997558
0.998325
0.9980549999999999
0.996727
0.9942209999999999
0.992632
0.9925299999999999
0.992025
0.99087
0.989116
0.9867360000000001
0.985461
0.987318
0.9902350000000001
0.9918299999999999
0.9922120000000001
0.991634
0.9901129999999999
0.9874879999999999
0.9858959999999999
0.9857899999999999
0.985058
0.983466
0.981225
0.978398
0.977441
0.979925
0.9832350000000001
0.985656
0.9872110000000001
0.9878790000000001
0.987476
0.987864
0.989417
0.9902200000000001
0.9900370000000001
0.9890059999999999
0.987187
0.98487
0.985569
0.9890100000000001
0.991505
0.992978
0.9936219999999999
0.993482
0.992451
0.9923200000000001
0.9933559999999999
0.993648
0.9929899999999999
0.991566
0.989373
0.986683
0.986849
0.989381
0.9906799999999999
0.990872
0.9903549999999999
0.9892860000000001
0.987577
0.9871260000000001
0.988233
0.9888520000000001
0.9886030000000001
0.987458
0.9854139999999999
0.9836020000000001
0.984878
0.9880549999999999
0.990137
0.991201
0.991403
0.990718
0.98905
0.988317
0.9888620000000001
0.988786
0.9878969999999999
0.98629
0.983909
0.981714
0.9824579999999999
0.985014
0.986527
0.987085
0.9867969999999999
0.98561
0.9833559999999999
0.982007
0.982037
0.9816159999999999
0.980564
0.978901
0.9765590000000001
0.975358
0.977324
0.980402
0.9823540000000001
0.9832280000000001
0.9831610000000001
0.9821979999999999
0.9821979999999999
0.9834120000000001
0.983972
0.98369
0.982666
0.9809709999999999
0.978625
0.9793270000000001
0.9831620000000001
0.986181
0.9881479999999999
0.9891549999999999
0.9891399999999999
0.9879540000000001
0.987291
0.9875290000000001
0.9871049999999999
0.985952
0.984188
0.9818180000000001
0.97867
0.9784139999999999
0.9811770000000001
0.9831040000000001
0.9841840000000001
0.98465
0.9845309999999999
0.983685
0.983842
0.985234
0.985909
0.985608
0.984483
0.982554
0.9801979999999999
0.980741
0.983769
0.9858899999999999
0.9871979999999999
0.9879450000000001
0.988108
0.9874059999999999
0.987509
0.9887299999999999
0.98925
0.988818
0.9874569999999999
0.9851030000000001
0.9822639999999999
0.982411
0.985073
0.986735
0.9873770000000001
0.987115
0.9858520000000001
0.9834729999999999
0.982066
0.982188
0.981993
0.981224
0.979884
0.977825
0.9760979999999999
0.977289
0.980079
0.981727
0.9824069999999999
0.9822870000000001
0.981289
0.98113
0.982083
0.982369
0.9818180000000001
0.9806360000000001
0.9789200000000001
0.976608
0.976565
0.9796549999999999
0.9827520000000001
0.9847879999999999
0.985773
0.985743
0.984735
0.984448
0.985159
0.9852479999999999
0.9846010000000001
0.983345
0.981497
0.978983
0.9787469999999999
0.981592
0.9843569999999999
0.9861629999999999
0.987168
0.9874129999999999
0.986777
0.9869690000000001
0.98835
0.989252
0.9894430000000001
0.988906
0.9876010000000001
0.985401
0.985886
0.989384
0.9922709999999999
0.994401
0.9959
0.996674
0.9964940000000001
0.996985
0.9983860000000001
0.99889
0.9982770000000001
0.9967299999999999
0.994441
0.991392
0.9911610000000001
0.9940690000000001
0.996296
0.9974139999999999
0.9975149999999999
0.9966430000000001
0.994734
0.9936370000000001
0.9937969999999999
0.993481
0.9924370000000001
0.990642
0.987992
0.984607
0.984248
0.986814
0.98844
0.9890629999999999
0.98887
0.9878709999999999
0.985985
0.9851190000000001
0.9857
0.9858819999999999
0.9853559999999999
0.984151
0.9822350000000001
0.9797239999999999
0.9801799999999999
0.983374
0.985561
0.986791
0.987232
0.986826
0.985466
0.984985
0.985766
0.986066
0.9857450000000001
0.98493
0.9835879999999999
0.9819950000000001
0.983535
0.987722
0.990815
0.9926950000000001
0.9934559999999999
0.993139
0.991783
0.9913790000000001
0.992331
0.992769
0.9924059999999999
0.991241
0.989265
0.98736
0.9886950000000001
0.9924209999999999
0.9952719999999999
0.9971959999999999
0.998231
0.998229
0.9969600000000001
0.9963549999999999
0.9969370000000001
0.996883
0.9959110000000001
0.994082
0.991441
0.9888440000000001
0.989389
0.9922559999999999
0.994237
0.995244
0.995325
0.994442
0.9943049999999999
0.9951969999999999
0.995384
0.994613
0.993
0.9906860000000001
0.987654
0.986137
0.9875430000000001
0.9894229999999999
0.99021
0.990024
0.989107
0.987569
0.9871059999999999
0.988008
0.98859
0.988562
0.9878889999999999
0.986475
0.98413
0.983505
0.985849
0.988417
0.9900209999999999
0.9907860000000001
0.9907870000000001
0.989935
0.9899870000000001
0.9913639999999999
0.992381
0.992785
0.9926209999999999
0.99187
0.990348
0.991295
0.995065
0.998102
1.000025
1.001009
1.000992
0.999825
0.9993190000000001
0.999871
0.9997719999999999
0.998921
0.997482
0.9954299999999999
0.9925870000000001
0.9926
0.995676
0.9978879999999999
0.9989389999999999
0.998928
0.9978870000000001
0.995814
0.994606
0.99464
0.994133
0.992872
0.990898
0.988208
0.9851139999999999
0.9852709999999999
0.98844
0.990869
0.992482
0.9933379999999999
0.993308
0.992181
0.9917299999999999
0.992392
0.9925360000000001
0.9920110000000001
0.990859
0.989036
0.986477
0.9868790000000001
0.990232
0.9926870000000001
0.9942540000000001
0.995084
0.995151
0.9960620000000001
0.9980559999999999
0.9994360000000001
0.999893
0.999473
0.9982709999999999
0.996244
0.994849
0.9961909999999999
0.9987030000000001
1.0002309999999999
1.000881
1.000861
1.00021
0.998765
0.99829
0.99915
0.999527
0.999123
0.997886
0.9956729999999999
0.993084
0.993569
0.9965879999999999
0.9987229999999999
0.9999600000000001
1.000412
0.999977
1.0003600000000001
1.001974
1.003184
1.003745
1.003654
1.002861
1.00122
1.00086
1.0031809999999999
1.0057770000000001
1.0071350000000001
1.007455
1.006851
1.005254
1.004312
1.0043549999999999
1.003776
1.002424
1.000492
0.998049
0.994958
0.9933780000000001
0.994907
0.997168
0.9984120000000001
0.9986219999999999
0.997893
0.996301
0.9956799999999999
0.996331
0.99649
0.99595
0.9947819999999999
0.993001
0.990584
0.990799
0.9942290000000001
0.9974299999999999
0.999741
1.001255
1.0019120000000001
1.001523
1.0017200000000002
1.0028629999999998
1.003379
1.003107
1.002104
1.0003870000000001
0.9978459999999999
0.9972
0.999549
1.0020959999999999
1.003825
1.0048270000000001
1.005082
1.004429
1.004559
1.005751
1.006182
1.005562
1.00399
1.001611
0.9984270000000001
0.9980129999999999
1.000802
1.003095
1.004469
1.005028
1.004804
1.003718
1.003582
1.004732
1.005344
1.005155
1.0041790000000002
1.002351
0.9995860000000001
0.999707
1.002985
1.005442
1.006786
1.007168
1.006609
1.005055
1.004393
1.005092
1.005392
1.004975
1.0038340000000001
1.001911
0.999031
0.998605
1.0010629999999998
1.002828
1.003598
1.003571
1.002738
1.000996
1.000145
1.000515
1.000312
0.999374
0.997857
0.995783
0.9931110000000001
0.9936659999999999
0.9974059999999999
1.0001870000000002
1.0018209999999999
1.002378
1.001876
1.000343
0.999705
1.000359
1.000527
0.9999709999999999
0.998706
0.996706
0.994242
0.994972
0.998604
1.001298
1.0029780000000001
1.0037459999999998
1.00352
1.002124
1.001469
1.002065
1.0021010000000001
1.001255
0.999555
0.99703
0.994186
0.994466
0.9974430000000001
0.999589
1.000802
1.00112
1.000478
1.000572
1.0016559999999999
1.00196
1.001256
0.999717
0.9975430000000001
0.9947590000000001
0.993603
0.995482
0.9978969999999999
0.9991979999999999
0.99945
0.9988600000000001
0.997549
0.997257
0.998292
0.998977
0.9990379999999999
0.998447
0.9971
0.994792
0.993992
0.996099
0.998556
1.000048
1.000728
1.000694
0.999851
0.9999170000000001
1.001265
1.0021870000000002
1.002419
1.002006
1.0009549999999998
0.999129
0.999467
1.00266
1.005511
1.007315
1.008204
1.008101
1.006843
1.00621
1.006606
1.0063799999999998
1.005457
1.004014
1.0020200000000001
0.9992700000000001
0.9990190000000001
1.001786
1.004009
1.005052
1.00501
1.003949
1.001894
1.000721
1.000796
1.0003469999999999
0.999142
0.997193
0.9944850000000001
0.991031
0.9908
0.993908
0.9963290000000001
0.9979690000000001
0.9988870000000001
0.998926
0.997849
0.997402
0.9980129999999999
0.9980610000000001
0.997416
0.9961479999999999
0.994244
0.9915579999999999
0.991841
0.995192
0.997655
0.99918
0.999921
0.999877
0.998967
0.999015
1.000365
1.001144
1.001066
1.00021
0.998518
0.995914
0.996136
0.9992030000000001
1.001263
1.0023440000000001
1.002713
1.002426
1.001318
1.001168
1.00231
1.002851
1.002476
1.0011729999999999
0.9989020000000001
0.99605
0.996302
0.999376
1.001539
1.002702
1.002948
1.002182
1.0002950000000002
0.9993110000000001
0.999792
0.999956
0.9995459999999999
0.9985629999999999
0.9968739999999999
0.994659
0.995287
0.998308
1.000104
1.000785
1.0005899999999999
0.999534
0.999347
1.0003309999999999
1.00074
1.000327
0.9992040000000001
0.9974280000000001
0.994936
0.9937870000000001
0.9956510000000001
0.99831
0.9999299999999999
1.000484
1.000054
0.998708
0.9981549999999999
0.998632
0.99846
0.997516
0.995964
0.9938889999999999
0.991276
0.990676
0.9932270000000001
0.996108
0.9979709999999999
0.9988959999999999
0.9989290000000001
0.9979879999999999
0.997808
0.998785
0.9993
0.9991479999999999
0.998334
0.9968239999999999
0.994474
0.99434
0.997133
0.9997010000000001
1.001485
1.002661
1.003213
1.002944
1.003455
1.004925
1.005478
1.004845
1.0031889999999999
1.00072
0.997467
0.9968229999999999
0.999361
1.001539
1.00274
1.003048
1.002498
1.001007
1.000393
1.001051
1.001221
1.0006709999999999
0.9994
0.997301
0.9943059999999999
0.9942850000000001
0.997267
0.9992139999999999
1.000074
1.000081
0.999291
0.997649
0.9970620000000001
0.9979520000000001
0.9984620000000001
0.99825
0.9973120000000001
0.995589
0.992909
0.9930370000000001
0.9961110000000001
0.9982200000000001
0.999383
0.9997870000000001
0.999367
0.99798
0.997403
0.9979879999999999
0.9979979999999999
0.997317
0.996115
0.994399
0.9920559999999999
0.992884
0.9968379999999999
0.999758
1.001476
1.002084
1.001623
1.000137
0.999582
1.000366
1.000672
1.000216
0.998969
0.9968799999999999
0.9943139999999999
0.994898
0.998324
1.0008920000000001
1.002559
1.0034129999999999
1.003331
1.003878
1.005306
1.0059930000000001
1.005752
1.004613
1.002609
0.9997729999999999
0.998123
0.999481
1.001841
1.003351
1.003974
1.0036969999999998
1.002465
1.001946
1.002438
1.00229
1.0013100000000001
0.999663
0.9974850000000001
0.9946780000000001
0.99335
0.994991
0.9972139999999999
0.998373
0.9985879999999999
0.998101
0.9970209999999999
0.997101
0.9986430000000001
0.999872
1.000425
1.000202
0.9990829999999999
0.996906
0.9965069999999999
0.999086
1.001825
1.003684
1.004765
1.0050459999999999
1.0043229999999999
1.004246
1.005203
1.005559
1.005125
1.004018
1.00229
0.999828
0.999577
1.002282
1.004737
1.00614
1.006593
1.006024
1.004301
1.0032969999999999
1.00346
1.003093
1.0020850000000001
1.0005709999999999
0.99849
0.9956379999999999
0.99567
0.998801
1.001123
1.002377
1.002677
1.002062
1.000537
0.999935
1.0005819999999999
1.0006950000000001
1.000041
0.9986440000000001
0.9965040000000001
0.9936229999999999
0.993743
0.997208
1.000192
1.002318
1.003601
1.003897
1.002999
1.0026540000000002
1.0033379999999998
1.0034969999999999
1.002985
1.001835
1.000006
0.997346
0.9974120000000001
1.000512
1.002923
1.00441
1.005125
1.0050700000000001
1.004147
1.0041639999999998
1.037361
1.110689
1.173807
1.200968
1.2139799999999998
1.244623
1.2955299999999998
1.3455059999999999
1.378874
1.402782
1.433698
1.473531
1.510546
1.536524
1.5557020000000001
1.57676
1.601441
1.624208
1.6407720000000001
1.6528349999999998
1.6645419999999997
1.677086
1.6934369999999999
1.7121990000000002
1.7287080000000001
1.744666
1.7613159999999999
1.7788380000000001
1.800727
1.8254290000000002
1.8486470000000002
1.8710799999999999
1.892369
1.911448
1.9279819999999999
1.942538
1.9556900000000002
1.9676049999999998
1.978221
1.9875369999999999
1.999675
2.01537
2.0305470000000003
2.04441
2.0568299999999997
2.0676189999999997
2.0766169999999997
2.0838810000000003
2.0897
2.0966400000000003
2.106809
2.117827
2.127581
2.136136
2.143352
2.148684
2.1517470000000003
2.152718
2.155514
2.161123
2.166476
2.171487
2.176588
2.181784
2.186623
2.190559
2.193254
2.197244
2.204893
2.213293
2.219966
2.225423
2.230121
2.234108
2.2371209999999997
2.238773
2.238727
2.2412509999999997
2.246901
2.251264
2.254117
2.256007
2.2570509999999997
2.256987
2.25552
2.2543759999999997
2.2565939999999998
2.259646
2.259723
2.257068
2.252147
2.245144
2.236216
2.2256299999999998
2.213556
2.204087
2.197457
2.1891830000000003
2.178897
2.167078
2.153912
2.13939
2.12367
2.108623
2.097925
2.089628
2.079637
2.067975
2.054945
2.040566
2.024699
2.011407
2.001287
1.9903240000000002
1.978332
1.96575
1.952679
1.9390290000000001
1.92478
1.909984
1.898384
1.8899259999999998
1.880125
1.8684900000000002
1.855373
1.8408509999999998
1.824813
1.8107779999999998
1.799462
1.7875729999999999
1.7747939999999998
1.7612310000000002
1.746779
1.7313049999999999
1.7148150000000002
1.699069
1.686632
1.6754930000000001
1.6627599999999998
1.6485830000000001
1.6331360000000001
1.6203969999999999
1.610687
1.599788
1.5874270000000001
1.57397
1.559401
1.543618
1.531358
1.522683
1.512742
1.501471
1.488869
1.474624
1.458505
1.4405540000000001
1.425229
1.413175
1.400113
1.385821
1.3707989999999999
1.355969
1.345285
1.3372540000000002
1.327093
1.315037
1.301415
1.286126
1.269142
1.250803
1.2315459999999998
1.216157
1.204923
1.1927020000000002
1.178855
1.16545
1.1561540000000001
1.148447
1.138096
1.125759
1.112264
1.097753
1.082027
1.065041
1.046912
1.032337
1.021509
1.0091430000000001
0.994876
0.984841
0.9786950000000001
0.970075
0.959038
0.94631
0.932207
0.9166559999999999
0.8995620000000001
0.881023
0.861209
0.8451209999999999
0.8332139999999999
0.8202360000000001
0.8106140000000001
0.805659
0.79979
0.791392
0.780736
0.768157
0.753885
0.738128
0.721123
0.7030810000000001
0.689297
0.68023
0.6727
0.669922
0.669337
0.666489
0.661209
0.65363
0.643879
0.63215
0.6186699999999999
0.603622
0.587124
0.569261
0.555496
0.546433
0.542373
0.543192
0.542565
0.539536
0.534161
0.526317
0.516074
0.503825
0.48998400000000003
0.47471599999999997
0.457984
0.439741
0.425874
0.419683
0.419324
0.420796
0.41947
0.41573699999999997
0.409821
0.401686
0.391584
0.38000700000000004
0.367216
0.353013
0.336989
0.32495100000000005
0.32255700000000004
0.32563400000000003
0.327869
0.327191
0.324241
0.319168
0.31194
0.30283899999999997
0.29227
0.28031100000000003
0.266648
0.250929
0.23925700000000003
0.23950500000000002
0.24551199999999998
0.24879400000000002
0.24925999999999998
0.24758400000000003
0.24361999999999998
0.237157
0.22852600000000003
0.21831199999999998
0.206783
0.19378399999999998
0.18617899999999998
0.191705
0.20278800000000002
0.21097
0.21653499999999998
0.21976700000000002
0.22020399999999998
0.21761
0.212437
0.20534299999999997
0.196615
0.18618800000000002
0.174062
0.16046300000000002
0.15348
0.16008
0.171347
0.17924400000000001
0.184282
0.186995
0.186999
0.18401700000000001
0.178521
0.171289
0.162668
0.15248
0.140488
0.135104
0.14314200000000002
0.155452
0.164464
0.170638
0.174499
0.175809
0.174413
0.170702
0.165223
0.158129
0.14918499999999998
0.138186
0.133806
0.142871
0.156047
0.165873
0.17291199999999998
0.17772000000000002
0.180036
0.17969100000000002
0.177099
0.172835
0.167049
0.15948299999999999
0.14990799999999999
0.146834
0.157339
0.17219
0.18357
0.192001
0.198069
0.201552
0.20231500000000002
0.200827
0.197737
0.19327
0.187197
0.179267
0.169491
0.16588699999999998
0.175706
0.190106
0.200902
0.208758
0.214396
0.21756999999999999
0.218065
0.21634099999999998
0.21311999999999998
0.208673
0.202737
0.19498900000000002
0.19250799999999998
0.203225
0.219367
0.232197
0.242076
0.24959
0.254512
0.256639
0.256357
0.254303
0.250767
0.245617
0.238683
0.23002899999999998
0.22624
0.235632
0.25104499999999996
0.263208
0.27250599999999997
0.279649
0.284357
0.286319
0.28592
0.283884
0.280549
0.275713
0.269079
0.260619
0.25686
0.265398
0.279823
0.291686
0.300744
0.30778099999999997
0.312655
0.315067
0.315285
0.313877
0.31105700000000003
0.30653
0.29992199999999997
0.291161
0.28671399999999997
0.293531
0.306149
0.31704499999999997
0.325314
0.331715
0.33615300000000004
0.338307
0.338348
0.33673800000000004
0.333633
0.328733
0.321669
0.31237800000000004
0.307324
0.313071
0.324665
0.335079
0.342975
0.34911
0.353444
0.355677
0.355951
0.354684
0.351988
0.347511
0.340827
0.331811
0.320602
0.313643
0.317399
0.327073
0.335841
0.342381
0.34738600000000003
0.350681
0.351883
0.351123
0.34879299999999996
0.344915
0.33903099999999997
0.33067199999999997
0.325962
0.33110100000000003
0.341979
0.352216
0.359917
0.36575599999999997
0.36980599999999997
0.37186199999999997
0.372001
0.370473
0.367274
0.362058
0.354461
0.344412
0.33208899999999997
0.32405100000000003
0.326854
0.33589
0.34432399999999996
0.35054
0.355103
0.35777600000000004
0.358167
0.356443
0.353079
0.348215
0.341511
0.33258000000000004
0.321368
0.31442800000000004
0.318488
0.328712
0.337993
0.344857
0.349986
0.353242
0.354199
0.35288600000000003
0.34965100000000005
0.344589
0.337391
0.327731
0.31563800000000003
0.307715
0.31089
0.320423
0.329158
0.335584
0.340213
0.342756
0.342708
0.340098
0.335352
0.328716
0.32006799999999996
0.309255
0.302699
0.30743000000000004
0.318704
0.329281
0.33761399999999997
0.344104
0.348492
0.350381
0.34982800000000003
0.347177
0.342569
0.335839
0.326842
0.315714
0.30911700000000003
0.31393499999999996
0.325276
0.335899
0.34427199999999997
0.350871
0.355365
0.35723
0.356491
0.353564
0.348666
0.341634
0.332289
0.320764
0.307421
0.29895900000000003
0.30238200000000004
0.312221
0.320857
0.32716300000000004
0.33165500000000003
0.333961
0.33360300000000004
0.330756
0.325947
0.319377
0.310787
0.299925
0.29326399999999997
0.29807
0.309246
0.31928
0.326955
0.332807
0.336646
0.338079
0.33711199999999997
0.33400599999999997
0.328832
0.321393
0.311562
0.299527
0.292082
0.296603
0.307663
0.317471
0.324906
0.330446
0.33373
0.334275
0.332227
0.328144
0.322354
0.314758
0.305196
0.293771
0.287213
0.292879
0.304883
0.31508200000000003
0.32252
0.32783
0.330829
0.331191
0.329175
0.325372
0.32005900000000004
0.31301799999999996
0.303944
0.29281599999999997
0.286242
0.291525
0.30296
0.312581
0.31945500000000004
0.32422399999999996
0.32668800000000003
0.326481
0.323807
0.319229
0.31304299999999996
0.30509400000000003
0.295162
0.283308
0.276206
0.281355
0.292761
0.302168
0.308821
0.31335
0.315537
0.315042
0.312125
0.307408
0.301217
0.29340700000000003
0.283742
0.27225
0.26550799999999997
0.271074
0.28281300000000004
0.292392
0.299264
0.304069
0.306564
0.30638200000000004
0.303753
0.299264
0.293207
0.285418
0.275669
0.26400999999999997
0.257019
0.262412
0.273936
0.283113
0.289565
0.293939
0.29598800000000003
0.295349
0.292277
0.287383
0.28097
0.27286
0.262793
0.250782
0.243412
0.24872600000000003
0.26011599999999996
0.268783
0.274766
0.27882199999999996
0.280738
0.28015999999999996
0.277332
0.272807
0.266789
0.25899
0.24907800000000002
0.23704899999999998
0.22952600000000004
0.234913
0.24635
0.254778
0.260606
0.26462800000000003
0.26658899999999996
0.26608899999999996
0.26333
0.258835
0.252778
0.244858
0.23474099999999998
0.228807
0.23553200000000002
0.24828899999999998
0.25808600000000004
0.26517199999999996
0.270235
0.2731
0.273519
0.271753
0.268277
0.263225
0.256329
0.24731399999999998
0.236195
0.22960100000000003
0.23601599999999998
0.24847600000000003
0.257806
0.264462
0.26923800000000003
0.27189
0.27207600000000004
0.270096
0.266556
0.261664
0.255102
0.24648499999999998
0.235754
0.229515
0.23621399999999998
0.24886999999999998
0.258315
0.265023
0.269843
0.27258499999999997
0.27292
0.27111199999999996
0.267714
0.262887
0.256268
0.24744699999999997
0.236364
0.229584
0.235517
0.247398
0.256241
0.26247600000000004
0.266926
0.269362
0.269393
0.267218
0.26335
0.25795300000000004
0.250707
0.241265
0.22962600000000002
0.21603699999999998
0.200659
0.18346099999999999
0.16439600000000001
0.143593
0.121307
0.097756
0.07304
0.047213
0.020367
-0.004573
-0.021202000000000002
-0.027445999999999998
-0.026327999999999997
-0.020752
-0.013222
-0.005861
-0.000171
0.0032619999999999997
0.004686
0.004721
0.003925
0.002695
0.001361
0.000236
-0.00048300000000000003
-0.000793
-0.0008269999999999999
-0.0007160000000000001
-0.00053
-0.000304
-8.499999999999999e-05
7.2e-05
0.00014199999999999998
0.000147
0.000123
0.001511
0.003812
0.004531
0.0035840000000000004
0.0021420000000000002
0.0009
-0.000102
-0.000779
-0.001046
-0.0009519999999999999
-0.000682
-0.00041500000000000006
-0.00021
-4.5e-05
0.00011399999999999999
0.000213
0.000207
0.000145
7.900000000000001e-05
3.7e-05
1.3000000000000001e-05
-8e-06
-2.3e-05
-2.5e-05
-1.9e-05
-1.1e-05
-8e-06
-5e-06
0.0
6e-06
8e-06
5e-06
0.0
-3e-06
-5e-06
-6e-06
-6e-06
-5e-06
-1e-06
5e-06
8e-06
8e-06
7.000000000000001e-06
6e-06
5e-06
1e-06
-5e-06
-1e-05
-1.2e-05
-1.1e-05
-1.1e-05
-1e-05
-7.000000000000001e-06
-2e-06
5e-06
1.3000000000000001e-05
0.000935
0.002403
0.00277
0.0021260000000000003
0.00126
0.000512
-9.6e-05
-0.0005
-0.000647
-0.000575
-0.00040599999999999995
-0.000246
-0.000124
-2.2e-05
0.000359
0.000687
0.000583
0.00038500000000000003
0.00020299999999999997
5.6000000000000006e-05
-5.4000000000000005e-05
-0.00011899999999999999
-0.000134
-0.00011200000000000001
-7.6e-05
-4.6e-05
-2.5e-05
-8e-06
7.000000000000001e-06
1.6e-05
1.7e-05
1.3000000000000001e-05
1.1e-05
1.3000000000000001e-05
1.6e-05
1.4000000000000001e-05
8e-06
1e-06
-3e-06
-5e-06
-6e-06
-8e-06
-8e-06
-6e-06
-4e-06
-3e-06
-2e-06
-0.0
4e-06
1.1e-05
1.6e-05
1.2e-05
3e-06
-4e-06
-5e-06
-2e-06
-1e-06
-3e-06
-5e-06
-6e-06
-7.000000000000001e-06
-9e-06
-1e-05
-8e-06
-4e-06
1e-06
7.000000000000001e-06
1e-05
1e-05
1e-05
1e-05
8e-06
4e-06
-2e-06
-6e-06
-9e-06
-9e-06
-8e-06
-8e-06
-6e-06
-3e-06
0.0
4e-06
1e-05
1.4000000000000001e-05
1.4000000000000001e-05
8e-06
-1e-06
-6e-06
-7.000000000000001e-06
-6e-06
-5e-06
-5e-06
-6e-06
-6e-06
-6e-06
-5e-06
-2e-06
2e-06
1e-05
1.6e-05
1.4000000000000001e-05
5e-06
-0.0
0.0
4e-06
4e-06
-1e-06
-7.000000000000001e-06
-9e-06
-9e-06
-9e-06
-9e-06
-7.000000000000001e-06
-3e-06
3e-06
8e-06
1.1e-05
1e-05
8e-06
7.000000000000001e-06
4e-06
-1e-06
-7.000000000000001e-06
-1e-05
1e-06
1.1e-05
7.000000000000001e-06
2e-06
-2e-06
-3e-06
-0.0
6e-06
1.3000000000000001e-05
1.3000000000000001e-05
7.000000000000001e-06
1e-06
-2e-06
-2e-06
-2e-06
-2e-06
-2e-06
-3e-06
-6e-06
-9e-06
-1e-05
-8e-06
-4e-06
2e-06
8e-06
1.1e-05
1e-05
7.000000000000001e-06
5e-06
5e-06
4e-06
0.0
-4e-06
-9e-06
-1e-05
-9e-06
-8e-06
-6e-06
-5e-06
-2e-06
2e-06
8e-06
0.000161
0.000277
0.0002
0.000122
5.6999999999999996e-05
2e-06
-3.9e-05
-5.9e-05
-5.6999999999999996e-05
-4.2e-05
-2.7000000000000002e-05
-1.8e-05
-1.1e-05
-1e-06
1.1e-05
2.1e-05
2.5e-05
1.9e-05
8e-06
0.0
-2e-06
-1e-06
-1e-06
-4e-06
-6e-06
-7.000000000000001e-06
-8e-06
-1e-05
-1e-05
-7.000000000000001e-06
-2e-06
3e-06
7.000000000000001e-06
1e-05
9e-06
8e-06
8e-06
7.000000000000001e-06
3e-06
-2e-06
-6e-06
-8e-06
-7.000000000000001e-06
-7.000000000000001e-06
-7.000000000000001e-06
-6e-06
-5e-06
-3e-06
1e-06
8e-06
1.4000000000000001e-05
1.4999999999999999e-05
1e-05
2e-06
-3e-06
-5e-06
-4e-06
-4e-06
-5e-06
-7.000000000000001e-06
-8e-06
-8e-06
-7.000000000000001e-06
-4e-06
2e-06
1.1e-05
1.7e-05
1.4999999999999999e-05
6e-06
-1e-06
-1e-06
3e-06
3e-06
-2e-06
-7.000000000000001e-06
-9e-06
-8e-06
-8e-06
-8e-06
-7.000000000000001e-06
-3e-06
2e-06
7.000000000000001e-06
9e-06
9e-06
8e-06
8e-06
6e-06
1e-06
-5e-06
-8e-06
-7.000000000000001e-06
-6e-06
-5e-06
-7.000000000000001e-06
-8e-06
-6e-06
-3e-06
2e-06
9e-06
1.4999999999999999e-05
1.4999999999999999e-05
1e-05
2e-06
-3e-06
-4e-06
-2e-06
-2e-06
-4e-06
-7.000000000000001e-06
-9e-06
8.2e-05
0.000155
0.00011399999999999999
7.6e-05
4.7e-05
2e-05
-7.000000000000001e-06
-2.7000000000000002e-05
-3.3e-05
-2.3e-05
-1.1e-05
-5e-06
-5e-06
-6e-06
-0.0
6e-06
4e-06
-0.0
-3e-06
-3e-06
-0.0
4e-06
7.000000000000001e-06
7.000000000000001e-06
8e-06
8e-06
7.000000000000001e-06
2e-06
-4e-06
-7.000000000000001e-06
-6e-06
-4e-06
-5e-06
-7.000000000000001e-06
-9e-06
-7.000000000000001e-06
-3e-06
3e-06
1e-05
1.4999999999999999e-05
1.4999999999999999e-05
9e-06
2e-06
-4e-06
-4e-06
-3e-06
-2e-06
-5e-06
-8e-06
-1e-05
-9e-06
-6e-06
-2e-06
2e-06
5e-06
9e-06
1.1e-05
1e-05
6e-06
3e-06
3e-06
3e-06
-1e-06
-6e-06
-1e-05
-9e-06
-7.000000000000001e-06
-5e-06
-5e-06
-4e-06
1e-06
9e-06
1.6e-05
1.4999999999999999e-05
8e-06
2e-06
-0.0
-2e-06
-5e-06
-8e-06
-9e-06
-6e-06
-5e-06
-6e-06
-8e-06
-7.000000000000001e-06
-2e-06
4e-06
9e-06
1.1e-05
9e-06
6e-06
5e-06
3e-06
2e-06
-0.0
-2e-06
-4e-06
-7.000000000000001e-06
-1e-05
-1e-05
-8e-06
-4e-06
-0.0
3e-06
8e-06
1.3000000000000001e-05
1.4000000000000001e-05
1e-05
3e-06
-2e-06
6.2e-05
0.00011100000000000001
7.7e-05
4.3e-05
1.6e-05
-5e-06
-1.9e-05
-2.6000000000000002e-05
-2.4e-05
-1.4000000000000001e-05
1e-06
1.2e-05
1.3000000000000001e-05
8e-06
6e-06
8e-06
8e-06
5e-06
-1e-06
-5e-06
-7.000000000000001e-06
-7.000000000000001e-06
-9e-06
-1e-05
-9e-06
-4e-06
2e-06
8e-06
1.1e-05
9e-06
7.000000000000001e-06
7.000000000000001e-06
6e-06
2e-06
-4e-06
-7.000000000000001e-06
-8e-06
-8e-06
-9e-06
-9e-06
-7.000000000000001e-06
-3e-06
1e-06
5e-06
9e-06
1.4000000000000001e-05
1.4000000000000001e-05
1e-05
2e-06
-3e-06
-5e-06
0.001115
0.002937
0.003478
0.002735
0.001639
0.000686
-8.9e-05
-0.000611
-0.000808
-0.000722
-0.000505
-0.000301
-0.000152
0.001466
0.0040950000000000005
0.0051270000000000005
0.004371
0.0028420000000000003
0.001327
8.9e-05
-0.000769
-0.001161
-0.001132
-0.0008640000000000001
-0.000552
-0.000286
-7e-05
0.000103
0.000207
0.00022400000000000002
0.000176
0.00011
5.6000000000000006e-05
1.9e-05
-1.2e-05
-3.7e-05
-4.7e-05
-4.1e-05
-2.8000000000000003e-05
-1.6e-05
-8e-06
-2e-06
6e-06
1.6e-05
2.1e-05
1.8e-05
1e-05
1e-06
-4e-06
-5e-06
-4e-06
-5e-06
0.0016719999999999999
0.004519
0.0056549999999999994
0.004877
0.0032270000000000003
0.001536
0.000138
-0.000839
-0.001285
-0.001254
-0.0009599999999999999
-0.000621
-0.000333
-9.300000000000001e-05
0.0016530000000000002
0.0043950000000000005
0.005437
0.00462
0.00301
0.001419
0.00011399999999999999
-0.000805
-0.001233
-0.001201
-0.000906
-0.0005690000000000001
-0.000295
0.000522
0.001573
0.0017079999999999999
0.0012369999999999998
0.000735
0.00028199999999999997
-7.3e-05
-0.000291
-0.000362
-0.00032599999999999996
-0.000241
-0.000152
-7.2e-05
-2e-06
5.2000000000000004e-05
7.900000000000001e-05
7.5e-05
5.4000000000000005e-05
2.8999999999999997e-05
1.2e-05
1e-06
-7.000000000000001e-06
-1.4000000000000001e-05
-1.7e-05
-1.7e-05
-1.4999999999999999e-05
0.001628
0.00441
0.005508
0.00473
0.0031190000000000002
0.001485
0.000128
-0.0008300000000000001
-0.001268
-0.00123
-0.00093
-0.000595
-0.000321
0.0017690000000000002
0.005164
0.006654
0.005949
0.004076
0.002019
0.000315
-0.000886
-0.0014730000000000001
-0.0014960000000000002
-0.001181
-0.000779
-0.00042199999999999996
0.001819
0.005411
0.007025
0.006353
0.004411
0.002219
0.000389
-0.0009119999999999999
-0.001562
-0.001605
-0.001277
-0.0008470000000000001
-0.00045999999999999996
-0.00014099999999999998
0.00011100000000000001
0.000267
0.000302
0.000245
0.000157
8.6e-05
3.7e-05
-7.000000000000001e-06
-4.6e-05
-6.6e-05
-5.9e-05
-3.6e-05
0.002293
0.006323
0.008173
0.007488
0.00535
0.0028
0.0005780000000000001
-0.0010220000000000001
-0.001832
-0.001907
-0.001537
-0.0010429999999999999
-0.000596
0.0022199999999999998
0.0067989999999999995
0.009023
0.008451
0.006226
0.0034270000000000004
0.000906
-0.0009279999999999999
-0.001913
-0.002095
-0.0017519999999999999
-0.001221
-0.000711
0.002325
0.0072510000000000005
0.009692000000000001
0.009169
0.006873000000000001
0.0038770000000000002
0.001098
-0.000938
-0.002042
-0.0022670000000000004
-0.0019140000000000001
-0.001347
-0.00079
0.002
0.006429000000000001
0.008587000000000001
0.008056
0.0059229999999999994
0.003247
0.000848
-0.0009
-0.001834
-0.002
-0.001668
-0.001161
-0.000671
0.003016
0.009162
0.012334999999999999
0.011897
0.009284
0.005546
0.0018219999999999998
-0.0009570000000000001
-0.002531
-0.00295
-0.0025800000000000003
-0.001877
-0.001143
0.003026
0.009838
0.013451
0.013151
0.010458
0.006476000000000001
0.002374
-0.000791
-0.002628
-0.003186
-0.002859
-0.002134
-0.001338
-0.000607
0.003607
0.010463
0.013978
0.013489
0.01063
0.006537
0.002349
-0.0008880000000000001
-0.002764
-0.00331
-0.002936
-0.002166
-0.001348
0.0033659999999999996
0.011104000000000001
0.015285
0.014994
0.011705
0.00678
0.0020050000000000003
-0.00125
-0.002786
-0.00281
-0.0016510000000000001
-0.00011
0.000942
0.0057469999999999995
0.0137
0.017738999999999998
0.016874
0.012902
0.007426
0.0020829999999999998
-0.001836
-0.00412
-0.005173
-0.005265
-0.004549
-0.0032869999999999996
0.002875
0.013134999999999999
0.01984
0.021263999999999998
0.018884
0.014188999999999998
0.008312
0.002579
-0.0018969999999999998
-0.004755
-0.006
-0.005937
-0.005016
0.001478
0.012153
0.018206
0.018227
0.014634000000000001
0.009840999999999999
0.005371
0.00212
0.000375
-0.000195
-1.1e-05
0.000488
0.000884
0.006834000000000001
0.017013999999999998
0.021651
0.019649
0.013944
0.0070090000000000005
0.000842
-0.003074
-0.004462
-0.004071
-0.002814
-0.001196
0.000616
0.0085
0.020966
0.027687
0.026993
0.021452000000000002
0.013508000000000001
0.0051140000000000005
-0.0018100000000000002
-0.0063
-0.008573
-0.008811
-0.007175
-0.004068
0.0058969999999999995
0.02055
0.028979
0.029387
0.024405
0.016679
0.008395999999999999
0.001347
-0.0035299999999999997
-0.00626
-0.007045
-0.006229999999999999
-0.0044329999999999994
0.0048649999999999995
0.019768
0.02825
0.028667
0.024069
0.017064
0.009656999999999999
0.0032979999999999997
-0.001282
-0.004085
-0.005358
-0.005379
-0.004511
0.004481000000000001
0.019834
0.028707
0.028914
0.023633
0.016086000000000003
0.008729
0.002856
-0.001279
-0.003833
-0.004787
-0.004227000000000001
-0.00267
0.007081999999999999
0.022974
0.031599
0.030864999999999997
0.024365
0.015277
0.006026
-0.001268
-0.005673
-0.00735
-0.006573999999999999
-0.004056000000000001
-0.0008560000000000001
0.002144
0.012537000000000001
0.028366000000000002
0.036032999999999996
0.033956
0.026248
0.016169
0.006013
-0.002171
-0.007278
-0.009387000000000001
-0.009007
-0.006885
-0.003744
0.008119
0.026442
0.036932
0.037455
0.032060000000000005
0.023977000000000002
0.014603
0.005103
-0.0027429999999999998
-0.007884
-0.010158
-0.00974
-0.007381
0.004386999999999999
0.023007
0.034024
0.03538
0.030998
0.023924
0.015531999999999999
0.006951000000000001
-0.000169
-0.004878
-0.007155
-0.007234999999999999
-0.0057350000000000005
0.005519
0.024136
0.034783999999999995
0.035448
0.030725
0.0236
0.015134
0.006647
1.8e-05
-0.003992
-0.005565
-0.005046
-0.003249
0.008197
0.026941000000000003
0.037686000000000004
0.039594
0.037369
0.032764999999999996
0.02613
0.017447
0.006983
-0.002357
-0.007673999999999999
-0.008825
-0.006811
0.006055
0.026817
0.04017
0.045299
0.046508
0.045166000000000005
0.041387
0.035073
0.026014999999999996
0.014187
0.001805
-0.00704
-0.010747
-0.00095
0.019302
0.033418
0.039546
0.042072000000000005
0.042651999999999995
0.041502
0.038357999999999996
0.032697000000000004
0.024163
0.012832
0.0011480000000000001
-0.0070019999999999995
-0.0008439999999999999
0.016565
0.028654000000000002
0.033632999999999996
0.035433
0.035847000000000004
0.035177
0.033068
0.029075999999999998
0.022945
0.014619
0.005094
-0.002594
-0.006657
0.0017399999999999998
0.019681
0.031508
0.036208
0.037529
0.036692
0.033636
0.028252
0.020924
0.012149
0.0036869999999999997
-0.001789
-0.0037600000000000003
0.006344
0.025528
0.039389
0.047476
0.052092999999999993
0.053914
0.053171
0.049736
0.043263
0.033770999999999995
0.022053
0.009303
-0.000923
0.004011
0.021353999999999998
0.035726999999999995
0.045739
0.053359000000000004
0.058986000000000004
0.062401
0.062975
0.059975
0.05319
0.043067
0.030294
0.015507
0.011816
0.02295
0.034999
0.043611000000000004
0.049829000000000005
0.054609000000000005
0.058265
0.060256
0.05969
0.056164
0.049897000000000004
0.04125
0.030424
0.028472000000000004
0.039707
0.051871
0.059391
0.06297
0.064045
0.063835
0.062655
0.060002999999999994
0.055476
0.049141000000000004
0.041317
0.032368
0.022418
0.022713
0.03652
0.050496
0.05959299999999999
0.064701
0.06677000000000001
0.066094
0.062648
0.05664500000000001
0.048456
0.038521
0.027513
0.01614
0.016812
0.032661
0.04954
0.062579
0.072545
0.080113
0.085399
0.087849
0.086436
0.080502
0.070376
0.057253
0.042518
0.037648
0.047389
0.05998
0.069715
0.077049
0.082879
0.087719
0.09137
0.092912
0.091428
0.08661100000000001
0.078654
0.06788200000000001
0.054465
0.04887
0.056088
0.065037
0.070314
0.072991
0.07446
0.075165
0.074617
0.07226
0.068047
0.062272
0.055263
0.047177
0.048193
0.062375
0.07757599999999999
0.087609
0.093152
0.095796
0.096559
0.095459
0.092004
0.08602
0.077971
0.068673
0.05886
0.058948
0.073577
0.09109199999999999
0.105055
0.11561300000000001
0.123424
0.128715
0.13113
0.13003800000000001
0.12526600000000002
0.11725799999999999
0.106813
0.094911
0.08232300000000001
0.079076
0.090348
0.10506900000000001
0.11674000000000001
0.12598800000000002
0.13373
0.139957
0.143825
0.144424
0.141413
0.134981
0.12573299999999998
0.114523
0.110747
0.120399
0.13354100000000002
0.14315999999999998
0.14995799999999998
0.155201
0.159579
0.162965
0.164545
0.163526
0.159746
0.153566
0.14536500000000002
0.135157
0.131158
0.139965
0.15270999999999998
0.162142
0.168802
0.173751
0.17727300000000001
0.178849
0.177928
0.174602
0.169465
0.16314800000000002
0.155979
0.15565199999999998
0.168493
0.185192
0.197434
0.20569899999999997
0.211529
0.21591100000000002
0.21886999999999998
0.21989099999999998
0.21861
0.21513000000000002
0.20988
0.203302
0.195523
0.193251
0.20383800000000002
0.219506
0.23170500000000002
0.240837
0.247646
0.251959
0.25308800000000004
0.250792
0.24561599999999997
0.23842600000000003
0.230066
0.22110900000000003
0.21158000000000002
0.207758
0.217346
0.232971
0.24570799999999998
0.255803
0.263853
0.269592
0.27223
0.27124499999999996
0.26700300000000005
0.260596
0.25296399999999997
0.244233
0.23395700000000003
0.228134
0.23525
0.249284
0.26167199999999996
0.272541
0.282328
0.290558
0.29628899999999997
0.298849
0.298213
0.294677
0.28835500000000003
0.27903
0.266493
0.257355
0.260254
0.270431
0.28014
0.288617
0.295953
0.30173
0.305452
0.30698000000000003
0.306609
0.304655
0.301032
0.29521
0.286482
0.280654
0.28492
0.294354
0.30178499999999997
0.306519
0.309299
0.31040700000000004
0.30999299999999996
0.308369
0.305935
0.30280100000000004
0.298607
0.292757
0.284769
0.28074499999999997
0.287939
0.301154
0.31245500000000004
0.32013
0.324322
0.325234
0.32311
0.318342
0.311581
0.30348600000000003
0.294406
0.28443
0.27361399999999997
0.268362
0.27621999999999997
0.29147199999999995
0.305541
0.316746
0.324996
0.329996
0.331351
0.329027
0.32355
0.315562
0.305408
0.293273
0.279429
0.270573
0.27468000000000004
0.28654
0.298057
0.30799899999999997
0.316601
0.32364499999999996
0.328527
0.330599
0.329408
0.32466799999999996
0.316328
0.304748
0.290518
0.280513
0.282593
0.291821
0.300398
0.30703600000000003
0.312192
0.315945
0.31803200000000004
0.318206
0.316427
0.312704
0.306895
0.298711
0.294023
0.299417
0.310095
0.31895500000000004
0.324652
0.327984
0.329544
0.32958000000000004
0.328036
0.32474899999999995
0.319695
0.31299099999999996
0.304771
0.295087
0.290117
0.29661
0.309162
0.31987899999999997
0.32716100000000004
0.331662
0.333685
0.333016
0.329485
0.32338
0.315275
0.305713
0.295099
0.283656
0.27761399999999997
0.283945
0.29698800000000003
0.308621
0.317393
0.323575
0.32697600000000004
0.327192
0.324228
0.31858400000000003
0.31085
0.30143600000000004
0.290515
0.27806
0.270237
0.274508
0.285618
0.29573
0.303822
0.3103
0.314946
0.317042
0.315942
0.31146599999999997
0.303933
0.293952
0.282052
0.26848
0.25972
0.263793
0.27511199999999997
0.285325
0.293523
0.29998
0.30446100000000004
0.306477
0.30576
0.302454
0.29684699999999997
0.289038
0.278857
0.266129
0.25735
0.260787
0.27097
0.27969
0.28635900000000003
0.291495
0.295042
0.296615
0.295969
0.29319
0.28844899999999996
0.28171799999999997
0.272764
0.26129600000000003
0.25348000000000004
0.257237
0.266839
0.27416399999999996
0.278929
0.281777
0.282776
0.28175300000000003
0.278708
0.273956
0.267871
0.260577
0.251915
0.247844
0.255824
0.26960500000000004
0.280504
0.287718
0.291616
0.29242199999999996
0.29049
0.286188
0.27977199999999997
0.271617
0.262203
0.251836
0.24055500000000002
0.234504
0.241641
0.255496
0.267077
0.27591
0.28225
0.285746
0.285715
0.281713
0.274011
0.263507
0.251118
0.23738800000000002
0.22263000000000002
0.213455
0.218325
0.23045100000000002
0.24066500000000002
0.24893
0.25561500000000004
0.26043499999999997
0.262737
0.262015
0.258208
0.251458
0.24178000000000002
0.22915500000000003
0.213811
0.20278800000000002
0.20478
0.213319
0.219935
0.224983
0.229108
0.23225700000000002
0.23392
0.233632
0.231302
0.227014
0.220667
0.211912
0.20688600000000001
0.213602
0.225444
0.23403000000000002
0.23973000000000003
0.243232
0.244864
0.244785
0.24297
0.23939499999999997
0.234292
0.228003
0.220679
0.21217199999999997
0.20879699999999998
0.218281
0.233089
0.24399899999999997
0.251112
0.255329
0.25701999999999997
0.25601199999999996
0.252266
0.24628000000000003
0.23867800000000003
0.22980100000000003
0.21977
0.20861500000000002
0.203002
0.21090599999999998
0.225057
0.23650700000000002
0.245218
0.251499
0.254973
0.25506
0.251745
0.24565599999999999
0.237467
0.22758899999999999
0.216189
0.209475
0.215554
0.227863
0.237646
0.24508200000000002
0.250807
0.254952
0.25724
0.257101
0.253999
0.247798
0.23881599999999997
0.227658
0.214775
0.206591
0.21122
0.222056
0.23048000000000002
0.236761
0.24151599999999998
0.244635
0.245581
0.243988
0.23998899999999998
0.23392600000000002
0.225975
0.21609899999999999
0.204258
0.19727999999999998
0.20335599999999998
0.215469
0.22494899999999998
0.232093
0.237673
0.24166700000000002
0.243556
0.24300300000000002
0.24018
0.235442
0.228904
0.220348
0.20937600000000003
0.202329
0.20735599999999998
0.217846
0.225625
0.231354
0.23581799999999997
0.239002
0.24047
0.239842
0.23713099999999998
0.232614
0.226467
0.218567
0.214973
0.22371799999999997
0.237985
0.24879
0.256223
0.260821
0.262772
0.262317
0.259704
0.25511999999999996
0.248944
0.24169000000000002
0.23364000000000001
0.224715
0.220854
0.230055
0.245437
0.257789
0.26711399999999996
0.273836
0.27766399999999997
0.277933
0.274256
0.26702600000000004
0.257249
0.245852
0.233285
0.219729
0.211556
0.217115
0.229897
0.24100300000000002
0.25044
0.258504
0.264748
0.268311
0.26853299999999997
0.265316
0.258873
0.249311
0.23667399999999997
0.221248
0.209754
0.211117
0.21951700000000002
0.22653099999999998
0.232456
0.237812
0.24242199999999997
0.24569000000000002
0.247098
0.24651599999999999
0.24395999999999998
0.239215
0.231792
0.22721
0.233053
0.24328400000000003
0.249944
0.253621
0.255394
0.255726
0.254794
0.252585
0.24906599999999998
0.244402
0.238808
0.23228800000000002
0.224584
0.22150999999999998
0.23097399999999998
0.24607600000000002
0.257522
0.265283
0.27011599999999997
0.27221999999999996
0.27123400000000003
0.266964
0.259959
0.25116900000000003
0.24130700000000002
0.230704
0.219457
0.21389899999999998
0.222196
0.237465
0.250506
0.261088
0.269352
0.274807
0.27681
0.27527399999999996
0.27074699999999996
0.263861
0.254992
0.244254
0.23156100000000002
0.223066
0.227368
0.23867600000000003
0.24846100000000002
0.25673
0.263884
0.269615
0.273169
0.273884
0.271555
0.266373
0.25872
0.248861
0.242871
0.248362
0.259874
0.269531
0.276936
0.28267800000000004
0.28683400000000003
0.289154
0.289329
0.287223
0.282976
0.276801
0.26871999999999996
0.258525
0.252103
0.25704099999999996
0.26808699999999996
0.277405
0.28436
0.289501
0.29275999999999996
0.293664
0.291953
0.28786999999999996
0.28186
0.274183
0.264838
0.253671
0.246577
0.25101999999999997
0.261283
0.269321
0.274876
0.278796
0.281147
0.281514
0.27966599999999997
0.275791
0.270223
0.26311100000000004
0.254327
0.24358600000000002
0.23680900000000002
0.24189499999999997
0.253121
0.262087
0.26820900000000003
0.271789
0.272801
0.27124499999999996
0.267383
0.261718
0.254792
0.246921
0.23805700000000002
0.227915
0.22246300000000002
0.229952
0.244049
0.255744
0.264719
0.271171
0.274821
0.27521100000000004
0.272131
0.265931
0.257383
0.247171
0.23562199999999997
0.228954
0.23526100000000003
0.24864699999999998
0.260604
0.27079200000000003
0.279539
0.286635
0.291574
0.293771
0.292784
0.288497
0.280999
0.270376
0.256823
0.24691799999999997
0.248923
0.25761100000000003
0.26503499999999997
0.270787
0.275461
0.27899
0.280889
0.280791
0.27874
0.274939
0.269389
0.261845
0.251929
0.24531599999999998
0.24926399999999999
0.258114
0.264173
0.267429
0.268834
0.268719
0.267045
0.263805
0.259258
0.253752
0.24739099999999997
0.23995
0.231008
0.226217
0.23324699999999998
0.24601599999999998
0.255873
0.262258
0.265543
0.265941
0.2635
0.258317
0.250879
0.241914
0.231954
0.22118400000000002
0.215552
0.222969
0.23717199999999997
0.249389
0.259369
0.267357
0.273092
0.276042
0.275638
0.27164499999999997
0.264489
0.254896
0.24338
0.230227
0.22170900000000002
0.226124
0.23738499999999998
0.24685700000000002
0.254567
0.26101199999999997
0.26597
0.268777
0.268892
0.266223
0.26092600000000005
0.253209
0.24339699999999997
0.231754
0.224352
0.229148
0.24004499999999998
0.248596
0.25490100000000004
0.25962199999999996
0.262783
0.26400300000000004
0.26300999999999997
0.259946
0.255117
0.24858400000000003
0.240063
0.22909899999999997
0.22154899999999997
0.225834
0.236416
0.24499
0.251554
0.256676
0.260248
0.261728
0.26077100000000003
0.257576
0.25256799999999996
0.24596700000000002
0.23769200000000001
0.22748200000000002
0.221191
0.226856
0.238382
0.24719899999999997
0.25340999999999997
0.257748
0.260289
0.260814
0.259316
0.256098
0.251483
0.24553699999999998
0.23803600000000003
0.234555
0.242296
0.255494
0.266111
0.273679
0.27864099999999997
0.280998
0.280644
0.277706
0.2725
0.265415
0.25685
0.247092
0.236217
0.23013499999999998
0.236517
0.24941
0.260337
0.268762
0.274904
0.278397
0.278591
0.27511599999999997
0.26818400000000003
0.258447
0.24673
0.233692
0.21961
0.210563
0.214815
0.226161
0.23578600000000002
0.24368
0.250242
0.255241
0.25806999999999997
0.258245
0.255668
0.250407
0.24236799999999997
0.231267
0.21695799999999998
0.20582399999999998
0.206792
0.214373
0.220373
0.22517199999999998
0.229398
0.23292800000000002
0.23520700000000003
0.235754
0.234456
0.231368
0.22638699999999998
0.21918800000000002
0.215297
0.22232
0.234184
0.242785
0.248561
0.252288
0.254162
0.254263
0.25271
0.249653
0.245375
0.240195
0.23422300000000001
0.22725700000000001
0.22494
0.23474299999999998
0.250159
0.262348
0.270931
0.27638
0.278912
0.278523
0.27526300000000004
0.269596
0.262206
0.25352600000000003
0.24368099999999998
0.23269600000000001
0.226611
0.23329699999999998
0.246775
0.25851399999999997
0.268057
0.275581
0.280612
0.282333
0.280321
0.275011
0.26721300000000003
0.257439
0.245869
0.23256999999999997
0.223543
0.226804
0.23689200000000002
0.24565399999999998
0.252738
0.258495
0.262748
0.264955
0.26465
0.261712
0.256187
0.248126
0.23766199999999998
0.230679
0.234542
0.24408400000000002
0.251862
0.25764699999999996
0.26210500000000003
0.265407
0.267384
0.267708
0.26609299999999997
0.262477
0.256914
0.24937800000000002
0.239695
0.233462
0.23805
0.24821999999999997
0.256398
0.262299
0.266459
0.268857
0.26911199999999996
0.26700799999999997
0.262821
0.25704299999999997
0.24996999999999997
0.241621
0.23763600000000001
0.244921
0.257736
0.268021
0.275148
0.280059
0.283378
0.2851
0.28482199999999996
0.282285
0.27767600000000003
0.271372
0.263598
0.25432899999999997
0.249205
0.25510900000000003
0.266834
0.276854
0.28434899999999996
0.28972
0.29280900000000004
0.293186
0.29077600000000003
0.286034
0.279602
0.272015
0.263573
0.25425
0.249586
0.256306
0.26913000000000004
0.28052699999999997
0.289635
0.296811
0.301843
0.304149
0.303318
0.299435
0.292985
0.284581
0.274631
0.263223
0.25612199999999996
0.26032
0.271301
0.282015
0.29136799999999996
0.299561
0.306188
0.31046799999999997
0.311848
0.310292
0.306008
0.299066
0.289321
0.28231300000000004
0.284321
0.291925
0.299304
0.305078
0.309888
0.313927
0.316963
0.3186
0.31854
0.316731
0.313227
0.307942
0.30054899999999996
0.296274
0.30054000000000003
0.309323
0.31659499999999996
0.320848
0.322949
0.323237
0.32163600000000003
0.318223
0.31343000000000004
0.30778
0.301548
0.29468099999999997
0.286885
0.283452
0.290063
0.302264
0.31332899999999997
0.321301
0.326443
0.328903
0.328625
0.325615
0.320208
0.312992
0.30448600000000003
0.294901
0.289717
0.29449699999999995
0.305617
0.317156
0.32706399999999997
0.33553499999999997
0.342423
0.34719
0.34915
0.347907
0.343667
0.336981
0.328343
0.318023
0.31172300000000003
0.314879
0.324178
0.334032
0.342224
0.349139
0.354709
0.35844299999999996
0.359952
0.35920599999999997
0.356336
0.35135900000000003
0.344246
0.33505
0.329441
0.33247
0.34126799999999996
0.350724
0.358245
0.364228
0.36869
0.371239
0.371582
0.36980599999999997
0.366191
0.360867
0.353671
0.34425700000000004
0.337872
0.33927199999999996
0.346233
0.354215
0.360404
0.36512100000000003
0.368361
0.36977899999999997
0.369155
0.366613
0.36244
0.356783
0.349532
0.340412
0.33475900000000003
0.33732199999999996
0.34538800000000003
0.35386999999999996
0.359802
0.363587
0.365521
0.365663
0.364126
0.361172
0.357069
0.351879
0.345412
0.342767
0.347951
0.358511
0.36989099999999997
0.37878
0.385302
0.389439
0.390912
0.38955700000000004
0.38555900000000004
0.379369
0.371508
0.36238000000000004
0.352192
0.346495
0.34971199999999997
0.35941
0.370768
0.380277
0.387866
0.393256
0.395896
0.395421
0.391887
0.385723
0.37751
0.367699
0.356523
0.349549
0.351238
0.35931199999999996
0.369199
0.37766
0.38492600000000005
0.390971
0.39538
0.39774
0.397859
0.39565700000000004
0.390969
0.38350700000000004
0.37837600000000005
0.37905500000000003
0.384652
0.392229
0.39813200000000004
0.402863
0.406776
0.409758
0.411448
0.41153
0.409897
0.40660599999999997
0.40170700000000004
0.3951
0.391877
0.394888
0.40262
0.41161400000000004
0.417707
0.42133100000000007
0.422897
0.42247299999999993
0.42016899999999996
0.416387
0.411654
0.40631999999999996
0.400441
0.39381
0.391416
0.396021
0.40604
0.417865
0.426989
0.43339700000000003
0.437118
0.438033
0.436188
0.43197299999999994
0.42589799999999994
0.41833100000000006
0.409458
0.399336
0.393278
0.394484
0.402075
0.412832
0.42213199999999995
0.429771
0.435414
0.43841
0.438277
0.43503800000000004
0.429124
0.421023
0.411095
0.40466799999999997
0.404395
0.409814
0.41835900000000004
0.42539
0.431126
0.43582
0.43936800000000004
0.44150600000000007
0.441964
0.44050900000000004
0.436943
0.43107
0.42276
0.417213
0.416987
0.42198199999999997
0.42997299999999994
0.43618900000000005
0.44089799999999996
0.44427
0.446047
0.446014
0.44423500000000005
0.440939
0.436309
0.43034799999999995
0.422886
0.418882
0.420575
0.427565
0.43736800000000003
0.44502299999999995
0.450658
0.45436899999999997
0.45601400000000003
0.455614
0.453433
0.44980200000000004
0.444916
0.43871499999999997
0.43095
0.42659300000000006
0.427806
0.43432
0.443749
0.45098900000000003
0.456313
0.46001899999999996
0.46209399999999995
0.46250699999999995
0.46126999999999996
0.458458
0.454096
0.448065
0.445288
0.44722700000000004
0.45435200000000003
0.465146
0.473901
0.48060200000000003
0.485334
0.487854
0.48798
0.485799
0.481567
0.475707
0.468657
0.46062299999999995
0.45666999999999996
0.458005
0.46512
0.476426
0.48573299999999997
0.49285200000000007
0.49773500000000004
0.500079
0.499701
0.49666499999999997
0.491199
0.483646
0.474357
0.463575
0.45656199999999997
0.45485299999999995
0.459268
0.468487
0.476567
0.483493
0.48926000000000003
0.49346899999999994
0.495705
0.49571099999999996
0.49337600000000004
0.48861400000000005
0.481253
0.47111099999999995
0.463269
0.45930200000000004
0.46065200000000006
0.46664799999999995
0.471545
0.47553599999999996
0.47882700000000006
0.481242
0.482544
0.482592
0.48133400000000004
0.47866000000000003
0.474282
0.47272
0.474275
0.47987799999999997
0.488856
0.49509899999999996
0.49890200000000007
0.500885
0.501383
0.500552
0.49851899999999993
0.49542700000000006
0.49144099999999996
0.486684
0.481129
0.479608
0.482579
0.490967
0.503711
0.514004
0.521516
0.526238
0.528049
0.526968
0.523361
0.517864
0.511055
0.503296
0.49477899999999997
0.490562
0.49130799999999997
0.49799099999999996
0.5099
0.520494
0.529319
0.536243
0.540805
0.542583
0.541484
0.5377430000000001
0.531638
0.523388
0.513184
0.5060859999999999
0.50302
0.5050680000000001
0.5124609999999999
0.519512
0.525575
0.530682
0.534513
0.536678
0.536886
0.534944
0.5306850000000001
0.523984
0.514827
0.508204
0.505087
0.506575
0.512968
0.518637
0.522932
0.5260100000000001
0.527768
0.528138
0.527166
0.5249090000000001
0.521325
0.5162
0.513939
0.514896
0.518933
0.5267470000000001
0.533596
0.538357
0.541451
0.543017
0.5430020000000001
0.54142
0.538307
0.533713
0.5277350000000001
0.520438
0.516598
0.5168520000000001
0.521331
0.530255
0.5381779999999999
0.543783
0.547148
0.548179
0.546922
0.543721
0.538959
0.532942
0.525886
0.517839
0.513608
0.513763
0.5186029999999999
0.528093
0.536535
0.542914
0.547268
0.5495439999999999
0.549817
0.548204
0.544856
0.5399689999999999
0.5335810000000001
0.530207
0.530454
0.533938
0.541864
0.550028
0.5567
0.562029
0.565925
0.568055
0.568055
0.565634
0.560786
0.553829
0.545093
0.539588
0.5383560000000001
0.541139
0.548962
0.557333
0.564293
0.569707
0.5733229999999999
0.57497
0.574675
0.572565
0.5687800000000001
0.5633630000000001
0.556211
0.551951
0.551271
0.5534560000000001
0.559984
0.567091
0.572941
0.577666
0.58123
0.583491
0.584299
0.583535
0.581087
0.576761
0.570303
0.566176
0.565014
0.565817
0.570565
0.575908
0.579486
0.581429
0.5818979999999999
0.580943
0.5786279999999999
0.575141
0.570656
0.565159
0.563017
0.564654
0.5684020000000001
0.576037
0.584172
0.589913
0.5933729999999999
0.5948289999999999
0.5943930000000001
0.592224
0.588641
0.583897
0.578116
0.571375
0.568261
0.569431
0.573396
0.582104
0.592241
0.6007680000000001
0.6073569999999999
0.611618
0.613202
0.612092
0.608571
0.6029770000000001
0.595708
0.58724
0.58241
0.581952
0.5843229999999999
0.591746
0.601046
0.6090220000000001
0.615491
0.620276
0.623169
0.62405
0.622829
0.619399
0.613692
0.605695
0.59996
0.597328
0.596429
0.600286
0.606403
0.611624
0.615997
0.619425
0.621696
0.62264
0.622073
0.619784
0.615527
0.609036
0.6047100000000001
0.603276
0.602974
0.606707
0.612061
0.615834
0.6181399999999999
0.619016
0.618562
0.616992
0.6144470000000001
0.6109760000000001
0.6065119999999999
0.605194
0.607379
0.6100909999999999
0.616417
0.6245310000000001
0.630283
0.6337510000000001
0.635107
0.634441
0.632092
0.628344
0.623293
0.617078
0.609861
0.60605
0.6063390000000001
0.608275
0.614973
0.6243529999999999
0.6321140000000001
0.6378060000000001
0.6412329999999999
0.642383
0.641321
0.638177
0.633318
0.627124
0.619726
0.615609
0.615522
0.617061
0.623326
0.63221
0.639654
0.6454770000000001
0.64959
0.6518609999999999
0.652207
0.650613
0.6471439999999999
0.641741
0.638576
0.638451
0.638067
0.641712
0.648853
0.6547029999999999
0.659276
0.662694
0.66485
0.66561
0.6647930000000001
0.662151
0.657515
0.650833
0.6464810000000001
0.645345
0.644134
0.6471359999999999
0.653795
0.659219
0.663177
0.665661
0.666676
0.6662680000000001
0.6644869999999999
0.6614399999999999
0.6572279999999999
0.651818
0.649329
0.650179
0.650518
0.654547
0.661752
0.667093
0.670519
0.672389
0.672983
0.672437
0.670791
0.668036
0.664068
0.6587
0.655989
0.656497
0.6564
0.6602180000000001
0.667589
0.673093
0.6765140000000001
0.67799
0.677558
0.67532
0.671546
0.666508
0.660335
0.657205
0.657786
0.6579510000000001
0.6624359999999999
0.671221
0.678547
0.6841109999999999
0.687905
0.6897760000000001
0.689737
0.687967
0.6844859999999999
0.679284
0.6725949999999999
0.668837
0.668782
0.668301
0.6722640000000001
0.680964
0.688693
0.694976
0.699696
0.702697
0.703859
0.7030430000000001
0.700171
0.695362
0.6888380000000001
0.684824
0.684041
0.682577
0.685287
0.692678
0.69927
0.704507
0.708422
0.7109810000000001
0.7121810000000001
0.711966
0.710214
0.706754
0.701344
0.697915
0.697086
0.69484
0.695765
0.700806
0.705116
0.7082149999999999
0.710266
0.711349
0.711526
0.710685
0.708626
0.705174
0.704114
0.705875
0.706346
0.708612
0.714309
0.719654
0.723086
0.724711
0.724586
0.722952
0.720124
0.716209
0.711275
0.705476
0.702799
0.703853
0.7046319999999999
0.708168
0.715847
0.723444
0.728899
0.732067
0.733124
0.732254
0.7295520000000001
0.7252810000000001
0.719865
0.713534
0.710248
0.710642
0.710778
0.71406
0.721943
0.730163
0.7369220000000001
0.742027
0.745355
0.746795
0.746268
0.7437819999999999
0.7392989999999999
0.7327779999999999
0.728425
0.727233
0.725395
0.7263350000000001
0.732008
0.738524
0.743941
0.7480939999999999
0.750947
0.752448
0.752416
0.750592
0.746748
0.7446649999999999
0.7450260000000001
0.7440220000000001
0.743711
0.747129
0.752017
0.7556970000000001
0.7582260000000001
0.7597520000000001
0.760321
0.759898
0.758356
0.755541
0.751328
0.749384
0.750225
0.749987
0.750448
0.754729
0.7604270000000001
0.764221
0.766055
0.766288
0.7652100000000001
0.762976
0.75974
0.7556579999999999
0.750795
0.7488859999999999
0.750418
0.751416
0.753429
0.759217
0.7661640000000001
0.7710319999999999
0.7738189999999999
0.774746
0.773982
0.7717430000000001
0.7682439999999999
0.763525
0.757532
0.7540859999999999
0.7538699999999999
0.753103
0.753726
0.758722
0.765541
0.7709550000000001
0.77464
0.776489
0.776511
0.7747569999999999
0.7711319999999999
0.7655109999999999
0.7617229999999999
0.760705
0.759049
0.757993
0.761279
0.767349
0.772415
0.776278
0.778913
0.78022
0.780087
0.778341
0.774903
0.769876
0.766981
0.766778
0.765736
0.765149
0.768877
0.7752600000000001
0.780267
0.783732
0.78584
0.78674
0.786469
0.784961
0.782137
0.7779189999999999
0.775898
0.776662
0.776616
0.7767470000000001
0.7807569999999999
0.7871779999999999
0.792221
0.7957989999999999
0.7980729999999999
0.799249
0.799393
0.79833
0.7958390000000001
0.795305
0.797229
0.798074
0.797272
0.799788
0.8058029999999999
0.810333
0.8132560000000001
0.814681
0.814785
0.813854
0.81196
0.808959
0.804755
0.802828
0.803771
0.804132
0.803437
0.806554
0.8132739999999999
0.8181510000000001
0.8207969999999999
0.8214549999999999
0.8205110000000001
0.818171
0.814437
0.8094640000000001
0.803569
0.8004560000000001
0.8007350000000001
0.800905
0.800563
0.804441
0.812221
0.818576
0.8230790000000001
0.825779
0.826724
0.825839
0.8230120000000001
0.818282
0.811735
0.806928
0.804712
0.802021
0.798671
0.7998529999999999
0.805657
0.8107810000000001
0.814822
0.817782
0.819633
0.8201930000000001
0.81911
0.816072
0.8144060000000001
0.814816
0.81405
0.81162
0.811786
0.815728
0.8194790000000001
0.8221959999999999
0.824044
0.825213
0.825832
0.8258260000000001
0.8249350000000001
0.822894
0.8229049999999999
0.8253870000000001
0.8268559999999999
0.8267610000000001
0.829263
0.8352780000000001
0.8403790000000001
0.8434459999999999
0.844841
0.8449959999999999
0.844123
0.842305
0.839649
0.836242
0.835483
0.837875
0.8399190000000001
0.840894
0.8444879999999999
0.8515440000000001
0.8577899999999999
0.8619549999999999
0.864208
0.864741
0.8636950000000001
0.861152
0.8571719999999999
0.851814
0.848556
0.8480989999999999
0.8471690000000001
0.845269
0.8461719999999999
0.851298
0.856685
0.8605709999999999
0.8628540000000001
0.863635
0.862974
0.8606870000000001
0.8565209999999999
0.85364
0.852793
0.851133
0.848417
0.846938
0.849435
0.853774
0.8571209999999999
0.859367
0.86055
0.8606379999999999
0.859504
0.856933
0.852817
0.8503629999999999
0.8502
0.849297
0.847239
0.846382
0.849413
0.853965
0.8571469999999999
0.858984
0.8597469999999999
0.859561
0.858389
0.8561340000000001
0.8527100000000001
0.851274
0.85239
0.852973
0.852514
0.8536870000000001
0.8584860000000001
0.864024
0.868149
0.8709959999999999
0.872757
0.8735
0.873134
0.87145
0.871361
0.87331
0.874239
0.873699
0.8729469999999999
0.875568
0.880541
0.8842760000000001
0.8866280000000001
0.887775
0.8879299999999999
0.8872030000000001
0.8854540000000001
0.8824719999999999
0.88131
0.882559
0.8832049999999999
0.8827780000000001
0.8826209999999999
0.8860100000000001
0.8913280000000001
0.894769
0.896343
0.896539
0.8956430000000001
0.893677
0.8906200000000001
0.886583
0.884867
0.8860899999999999
0.8871700000000001
0.887574
0.888308
0.892761
0.899567
0.9047280000000001
0.908064
0.9097370000000001
0.909784
0.90817
0.9048870000000001
0.899935
0.896359
0.8948790000000001
0.892861
0.890149
0.887667
0.889476
0.894811
0.899292
0.902646
0.904933
0.9060469999999999
0.9056879999999999
0.903509
0.9022969999999999
0.9027059999999999
0.902028
0.89989
0.896416
0.895957
0.8993040000000001
0.902343
0.904531
0.9060739999999999
0.907143
0.907741
0.9076540000000001
0.906542
0.9069959999999999
0.909351
0.9107
0.910659
0.909359
0.9110159999999999
0.915904
0.91948
0.921336
0.921966
0.921733
0.9207620000000001
0.9190809999999999
0.916697
0.9165459999999999
0.919091
0.92135
0.922743
0.923062
0.9264450000000001
0.9329370000000001
0.9378299999999999
0.940795
0.942117
0.942008
0.9405450000000001
0.9377219999999999
0.9335559999999999
0.9310889999999999
0.930991
0.9305040000000001
0.9292469999999999
0.927256
0.928843
0.9342860000000001
0.9388219999999999
0.9417700000000001
0.943317
0.9436260000000001
0.9425629999999999
0.939793
0.937891
0.937434
0.936017
0.933584
0.930391
0.9288879999999999
0.9311780000000001
0.934801
0.9374680000000001
0.93916
0.939945
0.9397530000000001
0.938391
0.93568
0.934264
0.934682
0.9344030000000001
0.9331209999999999
0.930901
0.9300120000000001
0.932617
0.9362809999999999
0.9386760000000001
0.940001
0.9405209999999999
0.940271
0.9391309999999999
0.936949
0.9363799999999999
0.9379620000000001
0.939149
0.939535
0.938968
0.94009
0.944515
0.949318
0.9527899999999999
0.9551430000000001
0.956527
0.956885
0.956024
0.9537329999999999
0.9527540000000001
0.953642
0.9536950000000001
0.952501
0.9501709999999999
0.9499709999999999
0.953521
0.957522
0.960259
0.9618899999999999
0.962592
0.962342
0.960935
0.9581709999999999
0.9569270000000001
0.957774
0.9578909999999999
0.9568270000000001
0.95457
0.9543020000000001
0.9573780000000001
0.960464
0.9622139999999999
0.962887
0.962615
0.9613700000000001
0.959031
0.9555549999999999
0.953907
0.9547129999999999
0.955219
0.9549540000000001
0.953832
0.9545370000000001
0.9586690000000001
0.963097
0.965777
0.966735
0.9661780000000001
0.9642870000000001
0.9610850000000001
0.9565530000000001
0.9535809999999999
0.952858
0.951873
0.950376
0.948411
0.9486969999999999
0.9529030000000001
0.95794
0.9617129999999999
0.964175
0.965316
0.9649690000000001
0.962894
0.96162
0.9617559999999999
0.9609030000000001
0.9587969999999999
0.9556309999999999
0.952729
0.953456
0.9568200000000001
0.959511
0.9614450000000001
0.962744
0.963359
0.9630790000000001
0.9616
0.961268
0.962406
0.9624159999999999
0.961015
0.958419
0.95625
0.9572950000000001
0.9598260000000001
0.9607889999999999
0.960414
0.959205
0.95742
0.955074
0.9521209999999999
0.9512510000000001
0.952886
0.954234
0.9547110000000001
0.954111
0.95442
0.957676
0.9614729999999999
0.96344
0.963722
0.962616
0.9602430000000001
0.956609
0.9517700000000001
0.9485549999999999
0.9476209999999999
0.9465049999999999
0.9449190000000001
0.9428719999999999
0.9427700000000001
0.946407
0.950868
0.953757
0.955095
0.9550850000000001
0.953692
0.9506879999999999
0.9485
0.947634
0.945808
0.943019
0.9395979999999999
0.936794
0.9377620000000001
0.9412950000000001
0.943994
0.945775
0.9467770000000001
0.946975
0.946284
0.9446030000000001
0.9442870000000001
0.9456110000000001
0.9460620000000001
0.945365
0.943679
0.9423360000000001
0.9443520000000001
0.948276
0.950818
0.952147
0.9526379999999999
0.952411
0.9513799999999999
0.949377
0.948908
0.9505030000000001
0.951765
0.952326
0.9520770000000001
0.9524389999999999
0.955939
0.960728
0.963936
0.965785
0.9665799999999999
0.9663930000000001
0.965081
0.962399
0.9608770000000001
0.961066
0.960492
0.9588139999999999
0.9561360000000001
0.954303
0.9560790000000001
0.9596129999999999
0.961982
0.9632350000000001
0.9635469999999999
0.962937
0.9612059999999999
0.95806
0.9560850000000001
0.9558549999999999
0.9548530000000001
0.952724
0.949466
0.946931
0.947565
0.949434
0.950109
0.9498209999999999
0.9487680000000001
0.946952
0.944234
0.942931
0.9435459999999999
0.9437989999999999
0.9433469999999999
0.942176
0.9402200000000001
0.9413450000000001
0.945366
0.947901
0.9487969999999999
0.9482709999999999
0.9465049999999999
0.9436700000000001
0.939802
0.937233
0.936526
0.9355899999999999
0.934233
0.932592
0.9311450000000001
0.9334049999999999
0.9386059999999999
0.94266
0.945443
0.9470940000000001
0.947586
0.946742
0.944334
0.9428799999999999
0.943058
0.942565
0.941084
0.938699
0.9368479999999999
0.9384709999999999
0.942197
0.9450799999999999
0.947248
0.948894
0.949944
0.950067
0.951207
0.9534879999999999
0.954475
0.953895
0.951993
0.9488629999999999
0.9480940000000001
0.9501950000000001
0.951435
0.9514090000000001
0.9505440000000001
0.9490959999999999
0.947053
0.9442370000000001
0.942843
0.943298
0.9433879999999999
0.942792
0.9414610000000001
0.9392299999999999
0.939983
0.943609
0.9457770000000001
0.94647
0.946047
0.9446889999999999
0.942425
0.939277
0.93771
0.9382790000000001
0.9387709999999999
0.938887
0.938586
0.9379040000000001
0.940507
0.945982
0.950126
0.952946
0.9547899999999999
0.955685
0.955367
0.953536
0.9524
0.9525100000000001
0.951867
0.950356
0.9480860000000001
0.945117
0.945615
0.949549
0.9525469999999999
0.9545170000000001
0.9555809999999999
0.955607
0.9543870000000001
0.951774
0.950184
0.950099
0.9491799999999999
0.9470879999999999
0.943851
0.940416
0.940334
0.9428209999999999
0.9443959999999999
0.94515
0.945277
0.944716
0.9432370000000001
0.9428139999999999
0.9437
0.943768
0.942888
0.941192
0.938624
0.938001
0.940436
0.942865
0.944084
0.944313
0.943666
0.942105
0.9395479999999999
0.938045
0.9380350000000001
0.937577
0.936417
0.934542
0.931874
0.931433
0.9341700000000001
0.936783
0.938191
0.9385979999999999
0.938126
0.9368110000000001
0.9367139999999999
0.9381780000000001
0.939168
0.9393729999999999
0.9388059999999999
0.937399
0.936881
0.93926
0.9426610000000001
0.945047
0.9465979999999999
0.947415
0.9474299999999999
0.946483
0.946399
0.9475180000000001
0.9480200000000001
0.947736
0.946732
0.944974
0.944362
0.946768
0.949991
0.951865
0.952463
0.951993
0.9505979999999999
0.9482360000000001
0.946973
0.9472649999999999
0.947108
0.9462229999999999
0.944709
0.942607
0.942674
0.945974
0.949493
0.9519799999999999
0.953534
0.9541459999999999
0.953626
0.951692
0.950375
0.9502450000000001
0.949428
0.947757
0.945399
0.9423950000000001
0.9413950000000001
0.943815
0.946945
0.949332
0.950996
0.951903
0.9518340000000001
0.950483
0.9498139999999999
0.9502360000000001
0.949722
0.9480540000000001
0.94542
0.9418559999999999
0.940182
0.9416620000000001
0.9434020000000001
0.94421
0.944342
0.944011
0.943156
0.943524
0.94535
0.946667
0.947101
0.9465889999999999
0.945011
0.9431209999999999
0.9438709999999999
0.946507
0.9480459999999999
0.948509
0.9480940000000001
0.94684
0.944659
0.9433809999999999
0.943506
0.943408
0.9429270000000001
0.942147
0.9409790000000001
0.940328
0.942672
0.9466129999999999
0.949149
0.950308
0.950357
0.9493719999999999
0.9472700000000001
0.9460129999999999
0.946055
0.9455520000000001
0.944315
0.94252
0.9401940000000001
0.939117
0.9413100000000001
0.9448139999999999
0.947433
0.9491729999999999
0.9500290000000001
0.9498770000000001
0.948569
0.947966
0.948355
0.947815
0.9461719999999999
0.94358
0.9401450000000001
0.938055
0.939311
0.94173
0.943242
0.9439069999999999
0.943783
0.9427209999999999
0.942385
0.943041
0.942994
0.942192
0.940786
0.938752
0.936356
0.936873
0.9398219999999999
0.941629
0.9423879999999999
0.9423959999999999
0.941732
0.9403549999999999
0.939998
0.9409200000000001
0.9413299999999999
0.941008
0.940034
0.938451
0.936759
0.9381879999999999
0.9421639999999999
0.9452299999999999
0.947341
0.9485889999999999
0.948952
0.948365
0.948616
0.9500549999999999
0.9509610000000001
0.9511430000000001
0.9506479999999999
0.9493969999999999
0.9480219999999999
0.9493889999999999
0.9526819999999999
0.954908
0.9561879999999999
0.9566790000000001
0.956343
0.9549989999999999
0.954365
0.95481
0.9546290000000001
0.9536209999999999
0.95181
0.9491430000000001
0.946572
0.946882
0.949024
0.950074
0.950044
0.9490959999999999
0.947283
0.9462200000000001
0.94614
0.945434
0.94396
0.9418270000000001
0.9390870000000001
0.9357489999999999
0.9347790000000001
0.936881
0.938901
0.939984
0.9401780000000001
0.93945
0.937679
0.936398
0.935981
0.9350799999999999
0.93366
0.93184
0.929615
0.926797
0.92642
0.9289870000000001
0.931217
0.932635
0.933424
0.933616
0.934659
0.93674
0.938284
0.938974
0.9387719999999999
0.937692
0.93578
0.934486
0.935895
0.9385290000000001
0.9402389999999999
0.94111
0.9412739999999999
0.94075
0.9410379999999999
