1.014219
1.013325
1.013639
1.0131629999999998
1.0117610000000001
1.009565
1.006549
1.00404
1.004697
1.0070649999999999
1.008364
1.00872
1.008292
1.007012
1.004743
1.003536
1.0037989999999999
1.003486
1.002278
1.000257
0.9975129999999999
0.9955629999999999
0.996755
0.999394
1.000908
1.001372
1.000949
0.999711
0.997599
0.996655
0.9972709999999999
0.997401
0.996733
0.995237
0.992798
0.9912850000000001
0.992833
0.995532
0.9972469999999999
0.998036
0.9980030000000001
0.9970709999999999
0.9950209999999999
0.9940180000000001
0.994674
0.994985
0.9946459999999999
0.9936719999999999
0.9919819999999999
0.991944
0.995002
0.998402
1.000391
1.001119
1.000826
0.9995370000000001
0.997132
0.9958670000000001
0.996244
0.9960950000000001
0.995138
0.99349
0.9911129999999999
0.990656
0.9934569999999999
0.996589
0.998524
0.9993040000000001
0.9989399999999999
0.997383
0.9966959999999999
0.9972610000000001
0.997059
0.9958440000000001
0.993768
0.9909120000000001
0.987956
0.9882860000000001
0.991267
0.993337
0.994384
0.994549
0.9938299999999999
0.992085
0.9911479999999999
0.9913360000000001
0.9908319999999999
0.9895870000000001
0.987765
0.9853209999999999
0.9829540000000001
0.983658
0.9864809999999999
0.9882120000000001
0.9890680000000001
0.9893559999999999
0.989116
0.9882479999999999
0.9886950000000001
0.990712
0.992145
0.9925889999999999
0.9919969999999999
0.990345
0.9891110000000001
0.9908520000000001
0.9940700000000001
0.996174
0.9972690000000001
0.9974620000000001
0.9967299999999999
0.995
0.994297
0.9950030000000001
0.995149
0.99451
0.9931209999999999
0.9908799999999999
0.989453
0.991001
0.9936879999999999
0.9952139999999999
0.9955719999999999
0.994833
0.992973
0.989885
0.987799
0.9873639999999999
0.986604
0.985195
0.9831280000000001
0.9803440000000001
0.979189
0.981193
0.983748
0.985142
0.985556
0.9852049999999999
0.984043
0.983858
0.9849190000000001
0.9853
0.984735
0.983359
0.981355
0.9789059999999999
0.979664
0.983484
0.986453
0.9884200000000001
0.989458
0.9895200000000001
0.9884799999999999
0.98818
0.989122
0.9896229999999999
0.989484
0.988783
0.987439
0.9854290000000001
0.986316
0.9899700000000001
0.9926219999999999
0.994281
0.995209
0.9954879999999999
0.9949879999999999
0.9955450000000001
0.9974209999999999
0.998641
0.998991
0.998511
0.9970700000000001
0.9954200000000001
0.9966440000000001
0.9999379999999999
1.0022469999999999
1.003763
1.004652
1.004731
1.0036969999999998
1.003387
1.004159
1.0040879999999999
1.0029290000000002
1.000766
0.9976729999999999
0.994501
0.9944780000000001
0.9968020000000001
0.9981399999999999
0.9984620000000001
0.997822
0.996192
0.993585
0.9920969999999999
0.992195
0.991977
0.9911409999999999
0.9895959999999999
0.9871469999999999
0.9848549999999999
0.985418
0.987682
0.989
0.9895129999999999
0.9893379999999999
0.9884229999999999
0.9865959999999999
0.985765
0.986368
0.9865780000000001
0.986168
0.985145
0.9834729999999999
0.982485
0.984726
0.9886860000000001
0.9915200000000001
0.9930889999999999
0.993433
0.992598
0.9905360000000001
0.98931
0.989467
0.9891399999999999
0.988059
0.986282
0.983851
0.9824129999999999
0.984284
0.987714
0.9901979999999999
0.9916959999999999
0.9922190000000001
0.9916450000000001
0.9898600000000001
0.9890479999999999
0.989658
0.989534
0.98831
0.9860709999999999
0.9828870000000001
0.980943
0.9824200000000001
0.9852790000000001
0.9874040000000001
0.988759
0.98934
0.988992
0.9894299999999999
0.990865
0.991374
0.9907809999999999
0.989341
0.9871840000000001
0.9842719999999999
0.9843930000000001
0.9875870000000001
0.9897229999999999
0.9906290000000001
0.9906200000000001
0.989856
0.988318
0.987856
0.988835
0.9894229999999999
0.9893
0.9884370000000001
0.986727
0.984187
0.9845879999999999
0.987827
0.989956
0.990981
0.991138
0.9904729999999999
0.9889469999999999
0.988524
0.989563
0.990132
0.989977
0.9891709999999999
0.987669
0.986085
0.987459
0.991002
0.993503
0.994975
0.9954629999999999
0.994871
0.99306
0.9919120000000001
0.991894
0.99134
0.990137
0.988345
0.985906
0.983615
0.9844129999999999
0.9872790000000001
0.9889709999999999
0.989468
0.9889690000000001
0.9875790000000001
0.98521
0.983816
0.983842
0.9833649999999999
0.982081
0.980065
0.977425
0.975726
0.9773719999999999
0.98077
0.983361
0.985095
0.9859389999999999
0.985715
0.986093
0.9873799999999999
0.9879479999999999
0.987727
0.986869
0.985452
0.983403
0.983757
0.987102
0.9901530000000001
0.9922040000000001
0.993345
0.9936200000000001
0.9929870000000001
0.993149
0.994394
0.9949709999999999
0.994619
0.993419
0.991448
0.988574
0.987979
0.9902690000000001
0.9920700000000001
0.9928540000000001
0.992878
0.992326
0.9911629999999999
0.991131
0.992511
0.9934290000000001
0.993526
0.992749
0.991015
0.988275
0.98846
0.9916719999999999
0.9938819999999999
0.995017
0.995267
0.994616
0.9929309999999999
0.99206
0.992482
0.9924790000000001
0.9918100000000001
0.9905379999999999
0.988612
0.985801
0.9858299999999999
0.9887020000000001
0.990405
0.991008
0.99074
0.989592
0.987468
0.986245
0.986297
0.985844
0.9847809999999999
0.983232
0.98113
0.979042
0.980153
0.983749
0.9864
0.988001
0.9886
0.9881690000000001
0.986684
0.986092
0.98679
0.9869629999999999
0.9864059999999999
0.9851530000000001
0.9831770000000001
0.981295
0.982592
0.986195
0.988866
0.9905719999999999
0.9913649999999999
0.991134
0.989718
0.989093
0.9898309999999999
0.990115
0.989583
0.988186
0.985876
0.9834290000000001
0.983951
0.986735
0.988701
0.989849
0.9902479999999999
0.9898239999999999
0.990244
0.991726
0.99246
0.9921629999999999
0.9909379999999999
0.988951
0.986245
0.98539
0.9876149999999999
0.990225
0.991873
0.992611
0.992575
0.9917870000000001
0.9919180000000001
0.993258
0.994144
0.9943420000000001
0.993849
0.9925709999999999
0.990298
0.989662
0.991928
0.9943690000000001
0.995807
0.9963860000000001
0.996201
0.995181
0.995099
0.996376
0.997286
0.997503
0.9970110000000001
0.995762
0.9935729999999999
0.993575
0.996365
0.9986309999999999
0.9998819999999999
1.000284
0.999758
0.998133
0.997173
0.997267
0.9967520000000001
0.9955430000000001
0.9938049999999999
0.99151
0.988482
0.9882200000000001
0.991066
0.9932209999999999
0.9942049999999999
0.994092
0.992926
0.9907360000000001
0.9894069999999999
0.989346
0.9888319999999999
0.987643
0.98577
0.9831840000000001
0.980118
0.980319
0.9836590000000001
0.9863379999999999
0.988281
0.989534
0.9899399999999999
0.9892549999999999
0.9892139999999999
0.9902139999999999
0.990592
0.990194
0.9890909999999999
0.987296
0.984975
0.985721
0.9893569999999999
0.992158
0.994093
0.99525
0.995577
0.9949540000000001
0.9952129999999999
0.996707
0.99756
0.997517
0.9966969999999999
0.995067
0.9927950000000001
0.9933649999999999
0.996508
0.9985860000000001
0.999624
0.9998809999999999
0.9994219999999999
0.998093
0.997707
0.998635
0.998991
0.998442
0.996966
0.9945149999999999
0.991603
0.9918049999999999
0.994718
0.9967520000000001
0.9978389999999999
0.9980469999999999
0.997246
0.99529
0.9941690000000001
0.9944370000000001
0.994332
0.993619
0.99234
0.990397
0.9880760000000001
0.9886959999999999
0.991733
0.993627
0.9944569999999999
0.9944219999999999
0.9935
0.99339
0.994395
0.9948030000000001
0.994397
0.9933049999999999
0.9915719999999999
0.9891110000000001
0.9881280000000001
0.9901530000000001
0.9928100000000001
0.9944209999999999
0.9949819999999999
0.994582
0.9932979999999999
0.99284
0.9934360000000001
0.9933930000000001
0.992577
0.991139
0.9891540000000001
0.98661
0.986346
0.989233
0.9921479999999999
0.994022
0.994942
0.994927
0.9938819999999999
0.993559
0.9943780000000001
0.99475
0.994503
0.993663
0.992207
0.989973
0.9902559999999999
0.9934649999999999
0.996124
0.997923
0.9990530000000001
0.9995040000000001
0.9990950000000001
0.999448
1.000776
1.001239
1.000574
0.9989309999999999
0.996503
0.993289
0.992843
0.995574
0.997768
0.9989879999999999
0.999341
0.998865
0.997448
0.9968809999999999
0.997567
0.997763
0.997246
0.996022
0.993985
0.991144
0.9912770000000001
0.9943209999999999
0.9963290000000001
0.997239
0.997266
0.9964559999999999
0.994749
0.994082
0.994914
0.9954129999999999
0.995252
0.9944280000000001
0.9928549999999999
0.990352
0.990669
0.9938469999999999
0.995965
0.9971030000000001
0.997445
0.996923
0.9954040000000001
0.994693
0.9951629999999999
0.995079
0.9943290000000001
0.993081
0.991331
0.989082
0.9900200000000001
0.993977
0.996921
0.9986860000000001
0.999339
0.99889
0.9991389999999999
1.0004549999999999
1.001195
1.0011709999999998
1.0004309999999998
0.998927
0.996589
0.995402
0.9972200000000001
1.000019
1.001929
1.003026
1.003361
1.0028290000000002
1.002984
1.0040930000000001
1.004602
1.004337
1.0033040000000002
1.001476
0.998768
0.997344
0.9988549999999999
1.0011430000000001
1.0026190000000001
1.003308
1.0032219999999998
1.0023030000000002
1.002251
1.003365
1.003914
1.003632
1.002608
1.000941
0.9985290000000001
0.9978450000000001
1.000084
1.002536
1.0039129999999998
1.004322
1.003924
1.0027469999999998
1.002502
1.0035290000000001
1.004133
1.004002
1.003077
1.001264
0.998409
0.997283
0.999202
1.001421
1.0027760000000001
1.003341
1.00309
1.001827
1.001277
1.001881
1.0019870000000002
1.001387
1.000156
0.99831
0.99572
0.9956430000000001
0.9985870000000001
1.00108
1.002632
1.003361
1.003179
1.001949
1.001514
1.002297
1.002585
1.002245
1.001396
0.999951
0.9976870000000001
0.9979299999999999
1.0012
1.003925
1.005522
1.006073
1.005636
1.0042520000000001
1.003759
1.004522
1.00481
1.0043600000000001
1.003142
1.001117
0.9982840000000001
0.9982479999999999
1.001526
1.004473
1.006578
1.007845
1.008122
1.007187
1.006797
1.0074
1.00739
1.00661
1.005119
1.0029370000000002
0.99997
0.9998819999999999
1.002956
1.0053940000000001
1.00696
1.007749
1.0077209999999999
1.006764
1.006664
1.0077260000000001
1.008063
1.0074100000000001
1.005903
1.003554
1.000204
0.9996959999999999
1.0022790000000001
1.004
1.004756
1.004792
1.004165
1.00271
1.0021799999999998
1.0029270000000001
1.003119
1.002443
1.000879
0.9983770000000001
0.995057
0.994813
0.9975930000000001
0.999411
1.000186
1.000045
0.9989399999999999
0.998558
0.9993290000000001
0.9997450000000001
0.999642
0.999084
0.9980530000000001
0.996389
0.995798
0.997964
1.000799
1.0023870000000001
1.002926
1.0026030000000001
1.0014319999999999
1.001112
1.00194
1.002232
1.001792
1.0007840000000001
0.999283
0.99716
0.996668
0.9992559999999999
1.002434
1.0046030000000001
1.005771
1.006016
1.005374
1.005584
1.0068840000000001
1.007507
1.007275
1.006307
1.004667
1.00235
1.0022520000000001
1.005249
1.008233
1.010199
1.011239
1.011323
1.010273
1.009759
1.010186
1.0100069999999999
1.009082
1.007475
1.005192
1.002099
1.001019
1.002899
1.004812
1.005919
1.006346
1.006077
1.004942
1.0046030000000001
1.00532
1.005285
1.004254
1.002368
0.9997870000000001
0.99649
0.9958739999999999
0.998482
1.0007700000000002
1.002168
1.002753
1.002548
1.00146
1.001254
1.00231
1.00291
1.002812
1.001999
1.0003520000000001
0.9977280000000001
0.997677
1.0006950000000001
1.003107
1.00445
1.004903
1.004509
1.0032
1.002875
1.004002
1.004775
1.0048270000000001
1.004106
1.002526
0.9999049999999999
0.999914
1.0028190000000001
1.004841
1.005903
1.0061950000000002
1.005667
1.004198
1.0036180000000001
1.0042719999999998
1.004345
1.0036889999999998
1.002474
1.000709
0.998402
0.999286
1.00321
1.006082
1.007708
1.008152
1.007449
1.005663
1.004766
1.005199
1.005197
1.004505
1.003099
1.00092
0.998079
0.9983690000000001
1.001674
1.004048
1.005431
1.005937
1.005486
1.003896
1.0030540000000001
1.003464
1.003312
1.00226
1.000329
0.9975649999999999
0.994288
0.9941459999999999
0.996956
0.999017
1.000192
1.000508
0.9999020000000001
1.000047
1.001188
1.001582
1.001001
0.9995959999999999
0.997548
0.9948629999999999
0.9935579999999999
0.995239
0.9976520000000001
0.998967
0.999238
0.99869
0.997458
0.997283
0.9984629999999999
0.9993049999999999
0.99951
0.999027
0.9977540000000001
0.995498
0.994732
0.9968879999999999
0.9994290000000001
1.0010290000000002
1.001826
1.001898
1.001131
1.001252
1.002632
1.003549
1.003749
1.0032969999999999
1.0022229999999999
1.0003959999999998
1.000861
1.0042010000000001
1.00709
1.00892
1.009831
1.0097479999999999
1.008513
1.007911
1.008345
1.008147
1.007235
1.005773
1.003716
1.000851
1.000412
1.002969
1.005019
1.00593
1.005815
1.004748
1.0027409999999999
1.0016200000000002
1.001727
1.0012969999999999
1.000092
0.998115
0.995352
0.991813
0.991392
0.994332
0.996719
0.998365
0.99931
0.9993879999999999
0.998351
0.997921
0.998532
0.998597
0.997992
0.996785
0.9949600000000001
0.992352
0.9925959999999999
0.995907
0.99846
1.000092
1.0009370000000002
1.000989
1.000159
0.9983040000000001
0.995326
0.9911770000000001
0.9858379999999999
0.982418
0.9814639999999999
0.979814
0.976875
0.9728100000000001
0.972792
0.977045
0.980477
0.9828690000000001
0.984193
0.984225
0.9828389999999999
0.9800059999999999
0.9756379999999999
0.9726739999999999
0.9715239999999999
0.969241
0.965756
0.9615370000000001
0.9608469999999999
0.964424
0.9677309999999999
0.969435
0.969424
0.967802
0.9646440000000001
0.9599049999999999
0.9536040000000001
0.948738
0.9459200000000001
0.942413
0.937895
0.9325479999999999
0.930207
0.9318549999999999
0.9333520000000001
0.9333440000000001
0.93205
0.9298219999999999
0.926845
0.923133
0.921374
0.9219780000000001
0.92219
0.9216120000000001
0.920309
0.920667
0.9244399999999999
0.928852
0.9316909999999999
0.9330799999999999
0.933317
0.932602
0.931033
0.928542
0.9249639999999999
0.923083
0.923631
0.9240440000000001
0.9238
0.92266
0.9245709999999999
0.929587
0.9329569999999999
0.9341659999999999
0.933585
0.931525
0.928167
0.923522
0.91753
0.9133040000000001
0.911434
0.908949
0.905525
0.902148
0.902711
0.9062469999999999
0.9085340000000001
0.90945
0.909113
0.9074049999999999
0.9039940000000001
0.898494
0.890841
0.8844860000000001
0.880396
0.875834
0.8705290000000001
0.8660959999999999
0.865834
0.8681129999999999
0.869257
0.8690530000000001
0.86765
0.865149
0.8615
0.8565729999999999
0.853259
0.852144
0.85051
0.848059
0.84531
0.845799
0.8487100000000001
0.849978
0.849683
0.848331
0.84629
0.843693
0.8404860000000001
0.836548
0.834686
0.8353719999999999
0.835736
0.835247
0.834993
0.8381200000000001
0.843251
0.846777
0.8486459999999999
0.849189
0.8485879999999999
0.846835
0.843934
0.840009
0.838298
0.839468
0.840512
0.840807
0.8422129999999999
0.847059
0.852931
0.8569
0.859085
0.8599610000000001
0.859735
0.8582629999999999
0.8552860000000001
0.850628
0.8474290000000001
0.8464219999999999
0.844642
0.8415600000000001
0.839283
0.8405819999999999
0.843432
0.845051
0.8454299999999999
0.8446739999999999
0.842667
0.839202
0.8341559999999999
0.830369
0.828362
0.8254389999999999
0.8213520000000001
0.817232
0.816621
0.818543
0.819304
0.818822
0.817291
0.8147979999999999
0.811344
0.80688
0.801361
0.797629
0.796384
0.794986
0.79282
0.791007
0.792459
0.795721
0.797559
0.798048
0.797554
0.7963319999999999
0.794447
0.791808
0.790963
0.792289
0.793048
0.792687
0.791752
0.793995
0.7988930000000001
0.802542
0.804856
0.8061119999999999
0.806531
0.806217
0.805048
0.802786
0.80206
0.803366
0.804025
0.803597
0.803365
0.806319
0.810923
0.8138310000000001
0.815186
0.8153819999999999
0.814617
0.812929
0.810236
0.806508
0.804752
0.805469
0.805666
0.80479
0.8046949999999999
0.807816
0.81204
0.814602
0.815567
0.815208
0.8136899999999999
0.811025
0.807024
0.8015100000000001
0.797303
0.795046
0.7922140000000001
0.7885979999999999
0.785845
0.786918
0.79027
0.792715
0.794083
0.794429
0.7936529999999999
0.791484
0.787644
0.7846390000000001
0.783125
0.780812
0.777439
0.773342
0.7725
0.774875
0.776561
0.777559
0.778127
0.778411
0.778367
0.777738
0.776162
0.775874
0.777142
0.77746
0.7765350000000001
0.775172
0.776782
0.780576
0.782997
0.784266
0.7849010000000001
0.785126
0.784853
0.783871
0.782039
0.781979
0.784084
0.785586
0.785906
0.786378
0.789858
0.794846
0.7982319999999999
0.800018
0.800523
0.799934
0.798246
0.795361
0.7912140000000001
0.788617
0.788195
0.787303
0.785449
0.7843399999999999
0.786714
0.790752
0.793479
0.7948770000000001
0.7952170000000001
0.79451
0.792497
0.788899
0.7836
0.779463
0.77727
0.774573
0.771061
0.768706
0.770203
0.77368
0.77633
0.778018
0.77873
0.778305
0.77658
0.7734979999999999
0.771496
0.7710229999999999
0.769775
0.767516
0.764487
0.7648159999999999
0.768552
0.77152
0.7735569999999999
0.774805
0.7752680000000001
0.774825
0.77327
0.770401
0.768651
0.7686850000000001
0.768274
0.767003
0.765405
0.7671899999999999
0.771887
0.77565
0.778355
0.780155
0.781089
0.7810590000000001
0.7798649999999999
0.77977
0.781188
0.781768
0.781159
0.7794840000000001
0.780718
0.785308
0.78925
0.7920659999999999
0.793925
0.794957
0.795191
0.7944680000000001
0.792511
0.789139
0.786975
0.7866029999999999
0.785532
0.783345
0.781619
0.783157
0.786309
0.7881819999999999
0.7888970000000001
0.788675
0.7875439999999999
0.785382
0.782116
0.780329
0.780504
0.780145
0.77887
0.776964
0.7782359999999999
0.7824399999999999
0.785517
0.787255
0.787732
0.787021
0.785161
0.7820050000000001
0.7773399999999999
0.773536
0.771308
0.768764
0.765864
0.76278
0.763596
0.768224
0.7721180000000001
0.774876
0.776505
0.776947
0.776057
0.773776
0.770247
0.7681060000000001
0.767888
0.767259
0.765908
0.7646189999999999
0.766944
0.772162
0.7765
0.779875
0.7825300000000001
0.7845260000000001
0.785679
0.785658
0.7864720000000001
0.788411
0.789296
0.788976
0.787587
0.788039
0.791592
0.795294
0.7978529999999999
0.7994100000000001
0.800113
0.79995
0.798793
0.796456
0.7928350000000001
0.790596
0.790399
0.78981
0.788321
0.786967
0.7889079999999999
0.792845
0.79527
0.7962020000000001
0.7959350000000001
0.794636
0.792408
0.789279
0.787694
0.7881090000000001
0.7881319999999999
0.787374
0.7858
0.7867810000000001
0.7908310000000001
0.794381
0.796858
0.798376
0.7988390000000001
0.798044
0.795775
0.791921
0.7888390000000001
0.787258
0.785315
0.782857
0.779996
0.779732
0.782996
0.786384
0.7884899999999999
0.789313
0.788995
0.787671
0.785357
0.782067
0.780355
0.7807729999999999
0.7809729999999999
0.780571
0.779518
0.781734
0.7871600000000001
0.791519
0.794709
0.796988
0.798474
0.799086
0.79857
0.796734
0.796032
0.797002
0.797327
0.796671
0.795049
0.79642
0.8012130000000001
0.8053140000000001
0.808189
0.809928
0.810542
0.809894
0.807796
0.804171
0.8016
0.800771
0.79952
0.797528
0.794716
0.79508
0.79857
0.800897
0.802078
0.802431
0.8020470000000001
0.800873
0.798788
0.79567
0.793938
0.7939930000000001
0.793337
0.791513
0.788552
0.78878
0.792408
0.795097
0.796713
0.797467
0.79743
0.796596
0.794866
0.792176
0.791006
0.791886
0.792445
0.792188
0.7909609999999999
0.792461
0.79688
0.800114
0.801832
0.802316
0.801732
0.8001560000000001
0.797574
0.7940189999999999
0.792161
0.792565
0.79273
0.792145
0.790886
0.792895
0.7980010000000001
0.801905
0.804381
0.805636
0.805855
0.804995
0.802805
0.801471
0.8014819999999999
0.800764
0.799249
0.797139
0.797172
0.800643
0.8046939999999999
0.8077840000000001
0.809817
0.8107489999999999
0.8104819999999999
0.8088770000000001
0.8058529999999999
0.803797
0.803297
0.802254
0.800408
0.797769
0.797035
0.799502
0.8022630000000001
0.803913
0.8046979999999999
0.804868
0.804435
0.803251
0.8011510000000001
0.800376
0.801339
0.8018
0.801374
0.79994
0.800515
0.8041050000000001
0.807567
0.810002
0.811684
0.812716
0.812982
0.812258
0.810339
0.8095100000000001
0.810263
0.810355
0.809393
0.807397
0.807611
0.81111
0.814554
0.816772
0.81791
0.8181189999999999
0.81745
0.815793
0.8130189999999999
0.811582
0.812006
0.811913
0.81084
0.808699
0.808887
0.812142
0.81494
0.816641
0.817493
0.817562
0.816773
0.81494
0.8119149999999999
0.810168
0.810279
0.809975
0.808912
0.8070729999999999
0.8078029999999999
0.811851
0.815561
0.8179109999999999
0.81904
0.819153
0.818258
0.816179
0.8128310000000001
0.8107
0.810446
0.80995
0.808875
0.8071020000000001
0.807902
0.812049
0.815958
0.81867
0.8202950000000001
0.820875
0.820299
0.818441
0.815303
0.813354
0.813083
0.812198
0.810381
0.807711
0.8080430000000001
0.8121079999999999
0.8160649999999999
0.819196
0.82157
0.823098
0.823535
0.822591
0.8200799999999999
0.8185359999999999
0.818666
0.818225
0.81682
0.814435
0.8148890000000001
0.818808
0.82232
0.824808
0.82637
0.8270379999999999
0.8267639999999999
0.82542
0.822875
0.821573
0.821952
0.821522
0.8198989999999999
0.817204
0.8173520000000001
0.8208479999999999
0.823686
0.8252959999999999
0.825896
0.825675
0.8246399999999999
0.822643
0.8195870000000001
0.8179810000000001
0.818307
0.81812
0.817017
0.814963
0.81589
0.8201139999999999
0.823472
0.825498
0.8262959999999999
0.825952
0.8244520000000001
0.8217459999999999
0.817908
0.815592
0.8153699999999999
0.814867
0.813701
0.811805
0.813204
0.817966
0.821599
0.8237770000000001
0.82481
0.824832
0.8237120000000001
0.821248
0.817364
0.814739
0.814091
0.813099
0.811398
0.809105
0.8104279999999999
0.815293
0.81918
0.8218
0.823233
0.8234530000000001
0.822401
0.8200440000000001
0.816348
0.813949
0.813476
0.812525
0.810772
0.808685
0.810246
0.8150569999999999
0.818867
0.8214790000000001
0.8230139999999999
0.8234879999999999
0.8228040000000001
0.820787
0.817297
0.815032
0.814689
0.813816
0.81199
0.8096939999999999
0.810767
0.814761
0.817688
0.8194870000000001
0.820343
0.820319
0.819332
0.817192
0.813754
0.811645
0.811365
0.810411
0.808531
0.8064140000000001
0.807675
0.811599
0.814238
0.815574
0.8159569999999999
0.815525
0.814177
0.811752
0.8082020000000001
0.806248
0.8064060000000001
0.806038
0.804634
0.8028649999999999
0.804304
0.80828
0.8110149999999999
0.8123859999999999
0.8126369999999999
0.811891
0.8101430000000001
0.8073739999999999
0.803585
0.801524
0.801771
0.80171
0.800817
0.7999689999999999
0.8024479999999999
0.8071699999999999
0.810539
0.812566
0.813471
0.813248
0.811802
0.809072
0.80514
0.802946
0.8031229999999999
0.802986
0.802041
0.8014720000000001
0.804423
0.80955
0.813335
0.815597
0.8164319999999999
0.81593
0.814185
0.811175
0.8068529999999999
0.80406
0.8034060000000001
0.8022779999999999
0.800335
0.799013
0.801381
0.806008
0.809553
0.811844
0.81296
0.812893
0.8115140000000001
0.8086409999999999
0.804247
0.801266
0.800318
0.798718
0.796076
0.7939069999999999
0.795323
0.79897
0.801661
0.803291
0.804018
0.803879
0.8027529999999999
0.800442
0.799358
0.7998609999999999
0.7994680000000001
0.797963
0.795442
0.795986
0.799659
0.802185
0.803505
0.803925
0.803596
0.8025140000000001
0.8005909999999999
0.797715
0.7963560000000001
0.796959
0.797041
0.7961689999999999
0.7945770000000001
0.796157
0.800624
0.80374
0.8053279999999999
0.805692
0.805081
0.803613
0.8013170000000001
0.798204
0.796964
0.798092
0.798937
0.798962
0.7988460000000001
0.801945
0.807277
0.811
0.813074
0.813917
0.8137340000000001
0.8124439999999999
0.80985
0.805818
0.803071
0.8023140000000001
0.801114
0.799096
0.797157
0.798798
0.803108
0.806292
0.808153
0.808794
0.808281
0.806623
0.803656
0.799177
0.7958930000000001
0.794492
0.792592
0.789954
0.78786
0.789403
0.7933
0.79624
0.798181
0.799273
0.7994979999999999
0.798671
0.796539
0.7930050000000001
0.790882
0.7907609999999999
0.790038
0.788316
0.786805
0.788755
0.793072
0.796434
0.7988109999999999
0.800401
0.801195
0.800991
0.799546
0.7967350000000001
0.795244
0.795574
0.795144
0.793642
0.792409
0.794558
0.798778
0.8017479999999999
0.8034819999999999
0.804308
0.8043319999999999
0.803429
0.80142
0.798198
0.7965220000000001
0.796887
0.796509
0.794847
0.793569
0.795733
0.799772
0.802565
0.804016
0.804355
0.803751
0.802208
0.79957
0.798249
0.7986989999999999
0.798508
0.797362
0.79527
0.796346
0.800613
0.8036260000000001
0.805199
0.805579
0.804872
0.8030510000000001
0.800074
0.795913
0.793129
0.792378
0.7914260000000001
0.789985
0.788272
0.790177
0.795288
0.79913
0.801459
0.802462
0.802231
0.8008
0.7982229999999999
0.7945270000000001
0.792324
0.792144
0.791516
0.7901239999999999
0.788856
0.791277
0.7965409999999999
0.800794
0.803904
0.806049
0.807242
0.807261
0.805741
0.802501
0.8003
0.799796
0.798492
0.796029
0.793416
0.794392
0.798254
0.8012640000000001
0.803243
0.804342
0.804612
0.803901
0.804229
0.8058069999999999
0.8063279999999999
0.805489
0.803491
0.802466
0.804412
0.807309
0.809099
0.8098390000000001
0.809725
0.8105289999999999
0.812671
0.814581
0.8158890000000001
0.816547
0.816599
0.816114
0.818013
0.822651
0.8267049999999999
0.829334
0.830572
0.8306
0.829615
0.829256
0.8299559999999999
0.830493
0.83089
0.831358
0.831901
0.832319
0.835477
0.841427
0.8465299999999999
0.850133
0.852382
0.853621
0.8542209999999999
0.855849
0.8586600000000001
0.8609190000000001
0.862245
0.862708
0.862425
0.8614879999999999
0.863166
0.8673219999999999
0.8705069999999999
0.8728229999999999
0.87454
0.8756799999999999
0.876008
0.8767389999999999
0.877966
0.878143
0.877075
0.8749040000000001
0.871822
0.8682840000000001
0.8675299999999999
0.869302
0.8703709999999999
0.870817
0.870893
0.8705930000000001
0.871187
0.872725
0.8736379999999999
0.8736889999999999
0.873057
0.8719899999999999
0.870511
0.8705729999999999
0.873224
0.8762059999999999
0.8783479999999999
0.879942
0.881242
0.88223
0.8841049999999999
0.8869739999999999
0.8894549999999999
0.8914030000000001
0.892928
0.8940049999999999
0.8943690000000001
0.894774
0.897718
0.90235
0.906207
0.909373
0.911975
0.913916
0.9164530000000001
0.919926
0.9231389999999999
0.9259209999999999
0.92825
0.9299629999999999
0.930736
0.931
0.933529
0.937788
0.9411219999999999
0.943766
0.945874
0.947283
0.947767
0.948816
0.950734
0.952018
0.9524950000000001
0.952148
0.95085
0.9485299999999999
0.9481809999999999
0.950975
0.954045
0.9562879999999999
0.957619
0.957967
0.9571629999999999
0.9566870000000001
0.956943
0.9565549999999999
0.95537
0.953492
0.9510370000000001
0.9480200000000001
0.946519
0.9482299999999999
0.9510149999999999
0.95301
0.95399
0.9538120000000001
0.952385
0.951292
0.951109
0.950572
0.9494379999999999
0.947708
0.945367
0.942349
0.940441
0.9419280000000001
0.94516
0.9478840000000001
0.9499540000000001
0.95132
0.953198
0.955775
0.9577450000000001
0.958939
0.959475
0.959385
0.958617
0.957142
0.958205
0.9623459999999999
0.966253
0.969397
0.9718559999999999
0.973575
0.9744719999999999
0.9761139999999999
0.9788209999999999
0.9810059999999999
0.9823290000000001
0.982749
0.9822799999999999
0.980964
0.9812069999999999
0.984542
0.9885430000000001
0.9915889999999999
0.9936309999999999
0.994719
0.994906
0.995908
0.9980479999999999
0.9996799999999999
1.000533
1.000617
0.9999299999999999
0.9984209999999999
0.9983850000000001
1.0014530000000001
1.005241
1.007939
1.009417
1.009663
1.008625
1.007941
1.008141
1.007878
1.0069860000000002
1.005555
1.003659
1.001219
0.9994270000000001
1.000525
1.002994
1.004306
1.0045540000000002
1.0039040000000001
1.0023520000000001
1.001508
1.001757
1.001585
1.000797
0.999566
0.9979709999999999
0.995908
0.9947010000000001
0.9966299999999999
1.000186
1.0028489999999999
1.004524
1.005221
1.004921
1.00528
1.006689
1.007659
1.008009
1.007806
1.007024
1.005551
1.004631
1.00673
1.010513
1.0133809999999999
1.015275
1.016205
1.016069
1.016469
1.01783
1.018735
1.019008
1.0186110000000002
1.017476
1.0155040000000002
1.0144360000000001
1.016249
1.019164
1.021207
1.0223719999999998
1.022656
1.021996
1.0221149999999999
1.023349
1.023996
1.023796
1.022852
1.021297
1.019075
1.018102
1.020119
1.022986
1.024767
1.025476
1.025298
1.024329
1.022541
1.0219209999999999
1.022944
1.0236969999999999
1.023747
1.0229549999999998
1.02122
1.0186629999999999
1.019145
1.022577
1.024986
1.026351
1.02684
1.0264469999999999
1.025166
1.025067
1.026537
1.027525
1.027642
1.026882
1.025201
1.022489
1.0225739999999999
1.025685
1.027923
1.02912
1.02935
1.028616
1.026851
1.025967
1.026409
1.026448
1.025914
1.024826
1.0231290000000002
1.0206899999999999
1.021172
1.024672
1.0271370000000002
1.028365
1.0286870000000001
1.028234
1.026917
1.026666
1.027888
1.02864
1.028602
1.0278690000000001
1.0264870000000001
1.024307
1.025105
1.0290290000000002
1.032045
1.0339559999999999
1.034844
1.034671
1.0333860000000001
1.033009
1.0339559999999999
1.0343129999999998
1.033842
1.032609
1.030558
1.027584
1.027633
1.030991
1.033612
1.035264
1.036096
1.036059
1.03495
1.034621
1.035405
1.0354
1.034445
1.0326469999999999
1.02999
1.026542
1.026159
1.028775
1.0304440000000001
1.031239
1.03138
1.030825
1.029413
1.029038
1.029978
1.030174
1.02929
1.027434
1.024744
1.021511
1.021341
1.023935
1.025488
1.0259790000000002
1.025599
1.024459
1.022521
1.0217100000000001
1.022389
1.022628
1.022149
1.0209290000000002
1.018845
1.016305
1.016721
1.019649
1.021585
1.022512
1.02261
1.0218639999999999
1.020099
1.019319
1.020062
1.0204469999999999
1.020194
1.0193370000000002
1.017822
1.016485
1.018257
1.0220639999999999
1.024666
1.026095
1.026585
1.026126
1.024535
1.02386
1.024533
1.024521
1.023598
1.021943
1.019606
1.017799
1.0192940000000001
1.022765
1.025228
1.026608
1.026924
1.026125
1.0241719999999999
1.02318
1.023526
1.023149
1.0218200000000002
1.019634
1.0166309999999998
1.01429
1.0153510000000001
1.018313
1.020303
1.021318
1.0214290000000001
1.020505
1.0183280000000001
1.0169350000000001
1.016836
1.016173
1.01475
1.01261
1.009743
1.007614
1.0087030000000001
1.011422
1.013204
1.01415
1.014338
1.013687
1.012027
1.011387
1.012131
1.012148
1.011117
1.009139
1.00634
1.0046549999999999
1.0062790000000001
1.009236
1.011174
1.0120850000000001
1.012067
1.011154
1.0112780000000001
1.012714
1.013521
1.0134729999999998
1.012617
1.0109110000000001
1.008366
1.008767
1.012084
1.014309
1.015287
1.015164
1.014026
1.01187
1.0106979999999999
1.011009
1.010987
1.010368
1.009196
1.007447
1.005488
1.006548
1.009927
1.01194
1.012646
1.012408
1.011362
1.0094290000000001
1.008605
1.0092809999999999
1.009451
1.008886
1.007794
1.0062360000000001
1.005119
1.00727
1.01152
1.014672
1.01665
1.017523
1.0171940000000002
1.015523
1.0145959999999998
1.014912
1.0145680000000001
1.0133860000000001
1.011475
1.008795
1.006364
1.007185
1.010171
1.012207
1.013312
1.013608
1.012973
1.0111450000000002
1.01011
1.010333
1.009918
1.008659
1.006551
1.003522
1.001239
1.0020790000000002
1.004377
1.005858
1.006651
1.00678
1.006097
1.004425
1.003824
1.00468
1.00491
1.004214
1.00268
1.00037
0.998915
1.000589
1.003633
1.005572
1.006398
1.0062309999999999
1.005166
1.0032
1.002491
1.003557
1.004362
1.004489
1.003796
1.002097
1.0010299999999999
1.002881
1.005949
1.007957
1.0089709999999998
1.009099
1.008267
1.006281
1.0053299999999998
1.005999
1.0062200000000001
1.0056370000000001
1.0042790000000001
1.002127
1.0013610000000002
1.003816
1.007095
1.009206
1.0102950000000002
1.010435
1.00946
1.007192
1.00586
1.005995
1.005579
1.004458
1.002708
1.000189
0.9990690000000001
1.001149
1.0039959999999999
1.0056049999999999
1.005997
1.005241
1.003372
1.000442
0.99872
0.998653
0.998108
0.9967379999999999
0.994491
0.991348
0.9899030000000001
0.9919030000000001
0.9947379999999999
0.996641
0.997656
0.997749
0.996741
0.9965129999999999
0.997368
0.9974
0.996532
0.9949520000000001
0.9926950000000001
0.9903559999999999
0.9912209999999999
0.9945639999999999
0.996848
0.9981110000000001
0.998531
0.9981030000000001
0.996791
0.9965700000000001
0.9977540000000001
0.9983280000000001
0.997966
0.9966379999999999
0.9943069999999999
0.9920100000000001
0.9926959999999999
0.9952690000000001
0.996674
0.9970209999999999
0.996526
0.9953110000000001
0.993417
0.9929
0.994065
0.9948
0.994751
0.9938739999999999
0.992065
0.9909049999999999
0.992669
0.995675
0.9975620000000001
0.998334
0.9980680000000001
0.996742
0.994231
0.9926219999999999
0.9925
0.9919889999999999
0.9908370000000001
0.989092
0.986727
0.9854639999999999
0.9873209999999999
0.990233
0.991828
0.9922120000000001
0.991642
0.99013
0.987504
0.9859020000000001
0.985791
0.9850559999999999
0.983461
0.9812200000000001
0.9783930000000001
0.9774229999999999
0.9798889999999999
0.98319
0.985614
0.987183
0.987872
0.987491
0.987886
0.989434
0.9902290000000001
0.9900389999999999
0.9890110000000001
0.987201
0.984884
0.985575
0.9890059999999999
0.991491
0.992958
0.9936010000000001
0.993467
0.992439
0.992301
0.993331
0.9936219999999999
0.992975
0.9915729999999999
0.989405
0.986726
0.986884
0.9894
0.9906809999999999
0.990866
0.990353
0.989291
0.987583
0.9871219999999999
0.988216
0.988825
0.988576
0.9874379999999999
0.985403
0.9835959999999999
0.984872
0.9880459999999999
0.990129
0.991207
0.9914290000000001
0.990756
0.989087
0.9883360000000001
0.988856
0.988762
0.9878709999999999
0.986274
0.9839030000000001
0.9817100000000001
0.9824430000000001
0.984984
0.9864930000000001
0.987058
0.9867809999999999
0.9856090000000001
0.9833639999999999
0.9820110000000001
0.982032
0.981614
0.980576
0.978925
0.976584
0.9753709999999999
0.9773129999999999
0.980369
0.9823149999999999
0.983197
0.983143
0.982194
0.982195
0.9833940000000001
0.983942
0.983661
0.982649
0.980967
0.9786360000000001
0.979341
0.983166
0.9861770000000001
0.988151
0.989168
0.98916
0.987972
0.987295
0.9875079999999999
0.9870709999999999
0.9859209999999999
0.9841700000000001
0.981816
0.978678
0.9784129999999999
0.981158
0.9830770000000001
0.984165
0.9846450000000001
0.9845450000000001
0.983712
0.983865
0.985245
0.985914
0.985614
0.9844959999999999
0.9825719999999999
0.980208
0.980728
0.983735
0.98585
0.987165
0.9879290000000001
0.9881110000000001
0.9874149999999999
0.987504
0.9887090000000001
0.9892290000000001
0.9888110000000001
0.9874709999999999
0.9851340000000001
0.982296
0.9824290000000001
0.985075
0.986726
0.987368
0.9871129999999999
0.98585
0.983457
0.98203
0.9821409999999999
0.9819479999999999
0.981196
0.9798790000000001
0.977836
0.976107
0.977284
0.980066
0.981718
0.9824139999999999
0.9823120000000001
0.9813200000000001
0.981153
0.982087
0.982352
0.981791
0.980612
0.978901
0.9765860000000001
0.976534
0.9796159999999999
0.982714
0.984765
0.985772
0.9857600000000001
0.984762
0.9844719999999999
0.9851700000000001
0.98525
0.984607
0.9833620000000001
0.9815209999999999
0.9790040000000001
0.9787520000000001
0.981574
0.9843219999999999
0.986125
0.987139
0.987392
0.986763
0.9869540000000001
0.988331
0.989241
0.989449
0.988927
0.987633
0.9854350000000001
0.985906
0.989383
0.9922610000000001
0.994396
0.9959
0.996677
0.9964930000000001
0.9969690000000001
0.998352
0.998848
0.998242
0.996707
0.994433
0.9913930000000001
0.991159
0.994065
0.9963
0.9974270000000001
0.997534
0.996667
0.9947540000000001
0.9936389999999999
0.9937809999999999
0.993461
0.9924219999999999
0.9906360000000001
0.9879879999999999
0.9845950000000001
0.9842219999999999
0.9867799999999999
0.9884069999999999
0.9890389999999999
0.9888620000000001
0.987877
0.9859959999999999
0.9851270000000001
0.985706
0.985891
0.985366
0.9841639999999999
0.982248
0.979727
0.980167
0.983349
0.985535
0.986773
0.9872200000000001
0.986814
0.98545
0.9849620000000001
0.9857379999999999
0.986041
0.9857299999999999
0.9849319999999999
0.9836
0.982009
0.9835459999999999
0.987728
0.990818
0.992698
0.993459
0.993139
0.991777
0.9913620000000001
0.9923049999999999
0.992743
0.9923879999999999
0.9912270000000001
0.989252
0.987346
0.9886780000000001
0.992402
0.995259
0.9971959999999999
0.998246
0.9982549999999999
0.9969879999999999
0.996375
0.9969469999999999
0.9968889999999999
0.995914
0.99408
0.9914360000000001
0.988833
0.989367
0.9922270000000001
0.9942120000000001
0.9952270000000001
0.9953129999999999
0.9944370000000001
0.9943059999999999
0.9951979999999999
0.9953860000000001
0.9946209999999999
0.9930180000000001
0.990715
0.9876870000000001
0.98616
0.98755
0.989418
0.990196
0.990002
0.989082
0.987547
0.987083
0.98798
0.988562
0.988542
0.987878
0.986476
0.984142
0.983518
0.985858
0.988424
0.990028
0.9907969999999999
0.9908040000000001
0.989949
0.9899879999999999
0.991347
0.99235
0.9927450000000001
0.9925809999999999
0.9918399999999999
0.990331
0.991283
0.995051
0.998088
1.0000209999999998
1.001019
1.001016
0.9998540000000001
0.999343
0.999883
0.9997719999999999
0.998919
0.9974850000000001
0.9954370000000001
0.9925879999999999
0.992585
0.9956450000000001
0.997848
0.998901
0.9989040000000001
0.9978809999999999
0.9958239999999999
0.994618
0.9946450000000001
0.994136
0.992885
0.9909209999999999
0.9882340000000001
0.9851340000000001
0.9852770000000001
0.9884280000000001
0.9908469999999999
0.9924620000000001
0.993326
0.993301
0.9921719999999999
0.991707
0.9923549999999999
0.992499
0.9919870000000001
0.9908520000000001
0.9890469999999999
0.9864959999999999
0.9868899999999999
0.990231
0.992684
0.994258
0.995091
0.995158
0.9960629999999999
0.998043
0.99941
0.999864
0.999451
0.99826
0.996242
0.994843
0.9961709999999999
0.998676
1.000209
1.000872
1.000869
1.000234
0.998791
0.9983040000000001
0.999151
0.999526
0.999125
0.997893
0.9956809999999999
0.993082
0.993552
0.9965639999999999
0.998699
0.9999450000000001
1.00041
0.9999809999999999
1.0003549999999999
1.001957
1.003164
1.003733
1.003657
1.00288
1.001248
1.000881
1.003187
1.0057719999999999
1.007125
1.007449
1.0068489999999999
1.005248
1.004297
1.004332
1.003747
1.002398
1.000478
0.9980469999999999
0.994957
0.993368
0.9948889999999999
0.9971530000000001
0.998408
0.9986309999999999
0.9979110000000001
0.996324
0.9956950000000001
0.9963290000000001
0.9964729999999999
0.9959290000000001
0.994764
0.992983
0.9905649999999999
0.990777
0.994201
0.9974
0.999719
1.001249
1.001917
1.001531
1.001722
1.00286
1.00338
1.003117
1.0021209999999998
1.000408
0.9978670000000001
0.9972049999999999
0.9995299999999999
1.002065
1.003794
1.004801
1.0050629999999998
1.004419
1.004551
1.0057399999999999
1.006175
1.005565
1.004003
1.001632
0.998447
0.998024
1.000804
1.003097
1.004473
1.005034
1.004812
1.0037209999999999
1.003567
1.0047
1.005306
1.005124
1.004162
1.002349
0.999591
0.999712
1.002989
1.005448
1.006795
1.0071809999999999
1.006625
1.005066
1.004394
1.005085
1.005383
1.004967
1.003829
1.0019069999999999
0.999022
0.998584
1.001031
1.002797
1.00358
1.003571
1.00275
1.0010139999999998
1.000162
1.000525
1.000314
0.999373
0.997857
0.995784
0.9931049999999999
0.993654
0.997389
1.000169
1.001806
1.002367
1.001866
1.000332
0.9996870000000001
1.000335
1.000508
0.999966
0.998714
0.9967219999999999
0.994259
0.994981
0.998599
1.001283
1.0029620000000001
1.003734
1.0035129999999999
1.0021200000000001
1.001459
1.002052
1.002089
1.0012459999999999
0.9995459999999999
0.997024
0.994179
0.994451
0.997424
0.9995790000000001
1.000805
1.001132
1.0004950000000001
1.000589
1.0016610000000001
1.001951
1.00124
0.9997010000000001
0.9975350000000001
0.9947600000000001
0.993604
0.9954770000000001
0.9978870000000001
0.999187
0.9994370000000001
0.998848
0.9975430000000001
0.997252
0.9982840000000001
0.99897
0.9990399999999999
0.998459
0.9971209999999999
0.9948170000000001
0.9940049999999999
0.996094
0.9985370000000001
1.000024
1.000709
1.000687
0.9998540000000001
0.9999170000000001
1.001257
1.0021719999999998
1.0024
1.0019879999999999
1.000947
0.999132
0.9994719999999999
1.002661
1.0055120000000002
1.0073219999999998
1.0082200000000001
1.0081229999999999
1.00686
1.00621
1.006586
1.006345
1.005422
1.003994
1.002018
0.999275
0.9990180000000001
1.001774
1.00399
1.0050350000000001
1.005002
1.003955
1.0019129999999998
1.000739
1.000804
1.00035
0.99915
0.9972040000000001
0.994492
0.991025
0.990777
0.9938670000000001
0.9962840000000001
0.9979389999999999
0.998878
0.998935
0.997864
0.997408
0.9980040000000001
0.9980469999999999
0.997408
0.996151
0.9942610000000001
0.9915780000000001
0.991851
0.995186
0.9976440000000001
0.9991709999999999
0.9999100000000001
0.999862
0.9989450000000001
0.998983
1.000328
1.001115
1.0010569999999999
1.0002229999999999
0.9985450000000001
0.9959379999999999
0.996142
0.999194
1.00125
1.0023360000000001
1.002716
1.002441
1.001333
1.0011700000000001
1.002297
1.002834
1.0024600000000001
1.001159
0.9988879999999999
0.996033
0.996283
0.999361
1.001534
1.0027139999999999
1.002974
1.002212
1.000312
0.999309
0.999777
0.9999389999999999
0.9995370000000001
0.998567
0.9968870000000001
0.994668
0.995282
0.998291
1.000081
1.000765
1.000575
0.9995229999999999
0.99934
1.000327
1.000739
1.000332
0.999218
0.9974459999999999
0.9949479999999999
0.993783
0.995633
0.9982850000000001
0.9999100000000001
1.000475
1.000054
0.998714
0.99816
0.998624
0.9984370000000001
0.9974879999999999
0.9959399999999999
0.993872
0.9912690000000001
0.990677
0.9932280000000001
0.996107
0.9979709999999999
0.998901
0.998934
0.9979879999999999
0.997799
0.998765
0.9992790000000001
0.999134
0.9983280000000001
0.996827
0.994483
0.99434
0.997114
0.999669
1.001454
1.0026389999999998
1.003207
1.0029549999999998
1.003472
1.004937
1.005485
1.0048489999999999
1.003192
1.000724
0.997468
0.996814
0.999343
1.0015209999999999
1.0027270000000001
1.003042
1.0025030000000001
1.0010139999999998
1.000386
1.0010270000000001
1.001191
1.00065
0.9993989999999999
0.9973200000000001
0.994334
0.994308
0.9972790000000001
0.999215
1.000066
1.0000719999999998
0.9992850000000001
0.997641
0.9970459999999999
0.9979309999999999
0.9984430000000001
0.998237
0.997309
0.9955950000000001
0.9929129999999999
0.993028
0.9960899999999999
0.998201
0.9993799999999999
0.9998030000000001
0.999395
0.998009
0.9974209999999999
0.997986
0.9979790000000001
0.997291
0.996094
0.994384
0.992041
0.992867
0.996821
0.9997450000000001
1.001472
1.00209
1.001633
1.0001440000000001
0.9995790000000001
1.0003549999999999
1.000667
1.000225
0.9989899999999999
0.9969030000000001
0.9943280000000001
0.994893
0.9982979999999999
1.0008540000000001
1.002525
1.003391
1.0033219999999998
1.0038770000000001
1.005305
1.005991
1.005757
1.004623
1.002621
0.999784
0.998128
0.999473
1.0018280000000002
1.0033450000000002
1.0039799999999999
1.0037049999999998
1.002471
1.001943
1.002418
1.002257
1.001276
0.9996389999999999
0.9974799999999999
0.9946889999999999
0.9933629999999999
0.9949969999999999
0.997217
0.998375
0.9985870000000001
0.998099
0.99702
0.997094
0.998627
0.999857
1.000418
1.0002010000000001
0.999086
0.996907
0.996495
0.9990600000000001
1.001794
1.003658
1.0047549999999998
1.0050569999999999
1.0043440000000001
1.004262
1.005207
1.005555
1.005115
1.004006
1.002283
0.999825
0.9995719999999999
1.002271
1.004725
1.006134
1.006594
1.0060280000000001
1.004301
1.003285
1.0034370000000001
1.003068
1.00207
1.0005760000000001
0.99851
0.995659
0.9956780000000001
0.998793
1.001105
1.002358
1.0026629999999999
1.002057
1.00054
0.9999370000000001
1.000574
1.000685
1.000035
0.9986430000000001
0.996502
0.993614
0.9937239999999999
0.997182
1.000171
1.002314
1.003615
1.0039200000000001
1.003019
1.002658
1.003323
1.003476
1.002969
1.001827
1.000009
0.997353
0.997411
1.000499
1.002907
1.004398
1.005116
1.0050620000000001
1.004139
1.004154
1.011041
1.0613110000000001
1.143786
1.216782
1.272205
1.2861719999999999
1.279368
1.2882559999999998
1.320624
1.3837899999999999
1.453802
1.50424
1.528347
1.525528
1.520365
1.533342
1.567556
1.61646
1.656798
1.673598
1.667946
1.6512919999999998
1.649576
1.673471
1.7129299999999998
1.753148
1.777178
1.782302
1.782098
1.789398
1.811262
1.8472790000000001
1.8871919999999998
1.917591
1.930043
1.9283400000000002
1.9240490000000001
1.928814
1.947159
1.9728709999999998
1.998759
2.016353
2.0204009999999997
2.018158
2.020276
2.0331099999999998
2.054529
2.075533
2.087088
2.088673
2.086622
2.087181
2.0953720000000002
2.111675
2.130134
2.142462
2.1438189999999997
2.1357720000000002
2.1283790000000002
2.1295040000000003
2.138923
2.1533290000000003
2.1663930000000002
2.172732
2.171435
2.1663639999999997
2.1632029999999998
2.168755
2.183541
2.199116
2.208645
2.210744
2.208334
2.206404
2.208622
2.214881
2.2258240000000002
2.237246
2.241955
2.2404669999999998
2.237146
2.236478
2.240063
2.245782
2.2497830000000003
2.252988
2.25405
2.250348
2.245476
2.2422459999999997
2.240596
2.2379
2.231073
2.218759
2.2022209999999998
2.188702
2.18138
2.176313
2.170888
2.162417
2.149418
2.1326
2.114479
2.10127
2.095583
2.092207
2.08662
2.077045
2.063564
2.047789
2.031773
2.020836
2.01488
2.007834
1.9976669999999999
1.9845130000000002
1.969914
1.955656
1.9426970000000001
1.930777
1.9222
1.9147470000000002
1.903214
1.888227
1.8717599999999999
1.8554979999999999
1.843243
1.8344200000000002
1.823861
1.810034
1.79348
1.775839
1.7586650000000001
1.742478
1.7265139999999999
1.713265
1.7016099999999998
1.6871459999999998
1.6706299999999998
1.653721
1.6374309999999999
1.625543
1.6173170000000001
1.607145
1.593834
1.578355
1.562517
1.547684
1.538576
1.5339209999999999
1.52708
1.516961
1.504138
1.490003
1.475749
1.461614
1.451021
1.443063
1.4323700000000001
1.4185969999999999
1.403269
1.388052
1.378541
1.373793
1.366678
1.355691
1.3410959999999998
1.324236
1.306663
1.2893
1.2718450000000001
1.2577260000000001
1.246249
1.232069
1.2151459999999998
1.198238
1.187014
1.1798870000000001
1.170793
1.158592
1.143324
1.125961
1.1078290000000002
1.089891
1.0721379999999998
1.058469
1.048147
1.035215
1.019208
1.007256
1.0003389999999999
0.992424
0.982865
0.9712219999999999
0.9572450000000001
0.9411280000000001
0.923532
0.9051870000000001
0.8864
0.8717299999999999
0.861073
0.848736
0.8374299999999999
0.829893
0.8228770000000001
0.814192
0.803958
0.792139
0.778447
0.762774
0.745379
0.72678
0.7075560000000001
0.693038
0.683541
0.675283
0.670926
0.667934
0.662225
0.654395
0.645239
0.635037
0.623484
0.610135
0.594715
0.577401
0.564195
0.556178
0.5533600000000001
0.555325
0.5554560000000001
0.552369
0.5465869999999999
0.538922
0.529917
0.519569
0.507468
0.493043
0.476125
0.457107
0.442402
0.43536400000000003
0.434725
0.436408
0.43465600000000004
0.429716
0.42248199999999997
0.413729
0.40378200000000003
0.392466
0.379297
0.363846
0.34615999999999997
0.332829
0.329998
0.333588
0.336597
0.335951
0.33225
0.3264
0.31912199999999996
0.310748
0.301122
0.28979699999999997
0.276378
0.260818
0.24955300000000002
0.250307
0.257079
0.261058
0.261208
0.25851199999999996
0.253922
0.24795100000000003
0.24068299999999998
0.231787
0.22084
0.20771599999999998
0.192683
0.183232
0.187352
0.19715
0.203262
0.20536300000000002
0.204495
0.20165999999999998
0.197382
0.191718
0.184275
0.17462
0.16274
0.149079
0.142421
0.149963
0.162474
0.171246
0.175931
0.17752300000000001
0.177011
0.174949
0.17142000000000002
0.165999
0.158189
0.147886
0.135478
0.13014900000000001
0.138907
0.152219
0.161767
0.16733599999999998
0.169955
0.170559
0.169621
0.167141
0.162626
0.15554300000000001
0.145768
0.133685
0.12879000000000002
0.138156
0.15200999999999998
0.16206900000000002
0.168203
0.17151
0.172941
0.17294500000000002
0.171489
0.168068
0.162173
0.153722
0.143127
0.139709
0.150673
0.166284
0.177927
0.185419
0.189915
0.192478
0.193666
0.193519
0.191551
0.187237
0.18046700000000002
0.17163
0.161404
0.15822
0.169008
0.18421400000000002
0.19480999999999998
0.200935
0.204265
0.20624099999999998
0.20747
0.207679
0.20598200000000003
0.20160699999999998
0.194499
0.185358
0.175173
0.17203800000000002
0.182972
0.198573
0.209331
0.215329
0.21845599999999998
0.220462
0.222117
0.22306399999999998
0.22213899999999998
0.218273
0.21130100000000002
0.202047
0.198634
0.20973000000000003
0.227381
0.24134099999999997
0.250689
0.256309
0.259558
0.261567
0.26282300000000003
0.262861
0.2607
0.255651
0.24779
0.237946
0.23349499999999998
0.243015
0.259196
0.271748
0.279864
0.28471199999999997
0.28767
0.289654
0.290839
0.290576
0.28791700000000003
0.28236
0.27419
0.26429400000000003
0.259873
0.268633
0.283688
0.29544699999999996
0.302771
0.307089
0.30998600000000004
0.312374
0.314211
0.314564
0.312281
0.306802
0.298491
0.28835700000000003
0.283547
0.291077
0.304728
0.315655
0.322194
0.325833
0.328284
0.33052
0.332425
0.332903
0.330635
0.324965
0.316289
0.305726
0.300533
0.307463
0.32066100000000003
0.33157
0.33808299999999997
0.341646
0.344048
0.34637199999999996
0.348564
0.349506
0.34777800000000003
0.342595
0.334268
0.323916
0.318858
0.325613
0.33874499999999996
0.350009
0.35682600000000003
0.36054
0.362944
0.365198
0.367325
0.368234
0.36646599999999996
0.361147
0.35252100000000003
0.34170100000000003
0.336079
0.341983
0.354423
0.365471
0.372081
0.375447
0.377313
0.378877
0.380253
0.38043699999999997
0.37800500000000004
0.372055
0.36279
0.351315
0.338796
0.332047
0.33684400000000003
0.34744899999999995
0.35588000000000003
0.360052
0.36185900000000004
0.363159
0.364603
0.365477
0.3642
0.35937800000000003
0.350727
0.339219
0.3264
0.319583
0.324979
0.336696
0.34621399999999997
0.351088
0.352979
0.353881
0.35481399999999996
0.355371
0.354003
0.34907699999999997
0.339982
0.327543
0.313473
0.305485
0.310504
0.322513
0.332449
0.337708
0.339572
0.339906
0.339912
0.339532
0.337506
0.332268
0.32306799999999997
0.31052199999999996
0.302518
0.307256
0.32009499999999996
0.33255500000000005
0.341473
0.346841
0.34943
0.350249
0.35002300000000003
0.348648
0.345279
0.338969
0.329362
0.31700100000000003
0.30295700000000003
0.294593
0.299296
0.31091599999999997
0.320394
0.325775
0.328189
0.32898
0.328874
0.327731
0.32463800000000004
0.31855500000000003
0.3091
0.296849
0.28936799999999996
0.294689
0.307363
0.318591
0.326065
0.330349
0.332451
0.33318600000000004
0.332852
0.33098
0.326666
0.319226
0.308678
0.29578499999999996
0.287936
0.29288800000000004
0.304883
0.31507199999999996
0.321536
0.32514499999999996
0.326943
0.32753000000000004
0.326883
0.324362
0.319175
0.310996
0.300242
0.287871
0.281197
0.28776999999999997
0.301059
0.3117
0.318064
0.321391
0.32308400000000004
0.323913
0.323787
0.321863
0.317175
0.30937
0.298964
0.28702
0.280778
0.287543
0.300709
0.310917
0.316546
0.31901199999999996
0.319936
0.320206
0.319678
0.317327
0.312012
0.303327
0.291907
0.27902899999999997
0.27215100000000003
0.278862
0.292172
0.30225100000000005
0.30755
0.30950700000000003
0.309868
0.309675
0.308879
0.306448
0.301156
0.292523
0.281165
0.268411
0.261751
0.268901
0.28266399999999997
0.292993
0.298456
0.30049000000000003
0.30089099999999996
0.300773
0.30014
0.297942
0.29286799999999996
0.28433800000000004
0.272911
0.25993099999999997
0.25290999999999997
0.259751
0.273231
0.283202
0.288315
0.289954
0.289891
0.289272
0.288163
0.285555
0.280141
0.271306
0.259558
0.246211
0.238804
0.245596
0.25905300000000003
0.268694
0.273519
0.274974
0.27484699999999995
0.274291
0.273375
0.271071
0.266022
0.25754299999999997
0.246063
0.232832
0.225386
0.23231
0.24584899999999998
0.255297
0.260017
0.2615
0.261506
0.26111999999999996
0.260345
0.25811
0.253037
0.24444899999999997
0.23278000000000001
0.22564099999999998
0.232469
0.246561
0.257725
0.264885
0.268624
0.269952
0.269816
0.268783
0.266639
0.262581
0.255874
0.246319
0.234411
0.22738000000000003
0.23416700000000001
0.24763600000000002
0.2576
0.26357600000000003
0.266678
0.268045
0.268358
0.267714
0.26556599999999997
0.26114
0.25403200000000004
0.244448
0.23306999999999997
0.22693200000000002
0.234521
0.24830100000000002
0.258008
0.263432
0.266123
0.267547
0.268388
0.268443
0.266766
0.262339
0.254802
0.244635
0.23281100000000002
0.22641999999999998
0.233756
0.24716999999999997
0.256343
0.261036
0.262974
0.263844
0.264433
0.26442899999999997
0.262639
0.257825
0.249581
0.238554
0.22599
0.21282199999999998
0.199024
0.18373599999999998
0.165916
0.14514100000000002
0.121938
0.097451
0.072754
0.048213
0.023349
-0.001021
-0.019223
-0.027683999999999997
-0.02837
-0.023615999999999998
-0.015847
-0.007389
-0.00024300000000000002
0.004321
0.006021
0.005485
0.0038619999999999995
0.002222
0.001139
0.000603
0.000264
-0.000188
-0.000778
-0.001257
-0.001327
-0.000895
-0.000165
0.000482
0.000727
0.000512
5.4000000000000005e-05
0.001083
0.0033229999999999996
0.004279
0.003633
0.002358
0.001159
0.000136
-0.000641
-0.0010949999999999998
-0.00119
-0.000962
-0.000545
-0.000124
0.000153
0.00024900000000000004
0.000194
8e-05
2.1e-05
4.7e-05
0.00011
0.00013700000000000002
9e-05
-1.1e-05
-0.00010400000000000001
-0.000133
-8.4e-05
6e-06
7.8e-05
8.9e-05
3.8e-05
-3.3e-05
-7.7e-05
-6.7e-05
-1.6e-05
3.7e-05
5.6999999999999996e-05
3.3e-05
-1.3000000000000001e-05
-4.8e-05
-4.6e-05
-8e-06
3.8e-05
6.2e-05
4.7e-05
5e-06
-3.6e-05
-5.1e-05
-3.3e-05
1e-06
2.8000000000000003e-05
2.9999999999999997e-05
7.000000000000001e-06
-2.3e-05
-3.8e-05
-2.6000000000000002e-05
7.000000000000001e-06
0.0009689999999999999
0.002475
0.002826
0.002094
0.0011560000000000001
0.00047300000000000006
4.5e-05
-0.000236
-0.000453
-0.000615
-0.0006580000000000001
-0.000535
-0.000271
3.2e-05
0.000542
0.000874
0.000664
0.000322
7.099999999999999e-05
-2.3e-05
-6e-06
2.7000000000000002e-05
1e-06
-8.7e-05
-0.000177
-0.0002
-0.00013000000000000002
-3e-06
0.000105
0.000136
8.1e-05
-1.2e-05
-7.8e-05
-7.5e-05
-1.3000000000000001e-05
6.1e-05
9.2e-05
6.1e-05
-8e-06
-6.9e-05
-8.2e-05
-4.3e-05
1.6e-05
5.5e-05
5e-05
8e-06
-4e-05
-5.9e-05
-3.7e-05
1.2e-05
5.5e-05
6.6e-05
3.9e-05
-7.000000000000001e-06
-4.1e-05
-4.4e-05
-1.8e-05
1.6e-05
3.3e-05
2.3e-05
-6e-06
-3.4e-05
-4.3e-05
-2.6000000000000002e-05
3e-06
2.6000000000000002e-05
3.3e-05
2.2e-05
4e-06
-9e-06
-1e-05
-1e-06
1e-05
1.2e-05
4e-06
-9e-06
-1.9e-05
-2.1e-05
-1.3000000000000001e-05
-2e-06
5e-06
7.000000000000001e-06
4e-06
2e-06
5e-06
1.1e-05
1.6e-05
1.3000000000000001e-05
5e-06
-5e-06
-1.3000000000000001e-05
-1.4000000000000001e-05
-9e-06
-4e-06
-1e-06
-3e-06
-7.000000000000001e-06
-8e-06
-3e-06
8e-06
1.9e-05
2.3e-05
1.8e-05
5e-06
-7.000000000000001e-06
-1.3000000000000001e-05
-1.1e-05
-3e-06
2e-06
2e-06
-4e-06
-1.2e-05
-1.7e-05
-1.4000000000000001e-05
-7.000000000000001e-06
3e-06
1.2e-05
1.7e-05
1.8e-05
1.4000000000000001e-05
7.000000000000001e-06
-0.0
-5e-06
-6e-06
-5e-06
3e-06
8e-06
2e-06
-4e-06
-8e-06
-6e-06
1e-06
1.1e-05
1.9e-05
1.8e-05
1e-05
-1e-06
-9e-06
-1e-05
-5e-06
1e-06
3e-06
-0.0
-7.000000000000001e-06
-1.4000000000000001e-05
-1.6e-05
-1.2e-05
-5e-06
1e-06
7.000000000000001e-06
1.3000000000000001e-05
1.7e-05
1.8e-05
1.4000000000000001e-05
6e-06
-2e-06
-8e-06
-9e-06
-7.000000000000001e-06
-5e-06
-5e-06
-7.000000000000001e-06
-9e-06
-9e-06
-5e-06
2e-06
1.1e-05
0.000168
0.000285
0.000202
0.000113
4.4e-05
4e-06
-1.8e-05
-3.4e-05
-4.7e-05
-5.7999999999999994e-05
-5.6000000000000006e-05
-4.1e-05
-1.6e-05
9e-06
2.4e-05
2.8999999999999997e-05
2.5e-05
1.6e-05
9e-06
5e-06
3e-06
2e-06
-1e-06
-6e-06
-1e-05
-1.3000000000000001e-05
-1.2e-05
-9e-06
-6e-06
-4e-06
-3e-06
-2e-06
2e-06
9e-06
1.4999999999999999e-05
1.7e-05
1.2e-05
4e-06
-5e-06
-9e-06
-8e-06
-4e-06
-1e-06
-2e-06
-6e-06
-1.1e-05
-1.4000000000000001e-05
-1e-05
-1e-06
1.1e-05
2.1e-05
2.3e-05
1.6e-05
4e-06
-6e-06
-1.1e-05
-9e-06
-4e-06
-1e-06
-2e-06
-7.000000000000001e-06
-1.2e-05
-1.3000000000000001e-05
-8e-06
2e-06
1.4000000000000001e-05
2.1e-05
2.1e-05
1.2e-05
1e-06
-7.000000000000001e-06
-8e-06
-4e-06
1e-06
3e-06
-1e-06
-8e-06
-1.4000000000000001e-05
-1.6e-05
-1.3000000000000001e-05
-6e-06
1e-06
8e-06
1.4999999999999999e-05
1.8e-05
1.6e-05
1.1e-05
3e-06
-4e-06
-8e-06
-8e-06
-6e-06
-4e-06
-5e-06
-7.000000000000001e-06
-9e-06
-8e-06
-4e-06
2e-06
1e-05
1.6e-05
1.6e-05
1.2e-05
4e-06
-3e-06
-7.000000000000001e-06
-6e-06
-3e-06
-2e-06
-4e-06
-8e-06
8.3e-05
0.000156
0.00011200000000000001
7.099999999999999e-05
4.4e-05
2.8999999999999997e-05
1.4999999999999999e-05
-4e-06
-2.5e-05
-4e-05
-4e-05
-2.6000000000000002e-05
-4e-06
1.2e-05
1.6e-05
7.000000000000001e-06
-8e-06
-1.8e-05
-1.7e-05
-7.000000000000001e-06
6e-06
1.4999999999999999e-05
1.7e-05
1.4000000000000001e-05
8e-06
2e-06
-1e-06
-1e-06
0.0
-0.0
-3e-06
-7.000000000000001e-06
-1.1e-05
-1.2e-05
-1.1e-05
-6e-06
-1e-06
5e-06
1e-05
1.4000000000000001e-05
1.4999999999999999e-05
1.2e-05
6e-06
-1e-06
-6e-06
-8e-06
-6e-06
-5e-06
-4e-06
-6e-06
-8e-06
-9e-06
-8e-06
-3e-06
3e-06
1e-05
1.6e-05
1.8e-05
1.4000000000000001e-05
7.000000000000001e-06
-2e-06
-7.000000000000001e-06
-8e-06
-6e-06
-4e-06
-4e-06
-7.000000000000001e-06
-1e-05
-1.1e-05
-7.000000000000001e-06
2e-06
1.3000000000000001e-05
2.2e-05
2.1e-05
1.3000000000000001e-05
-0.0
-1e-05
-1.2e-05
-7.000000000000001e-06
-1e-06
3e-06
-0.0
-7.000000000000001e-06
-1.3000000000000001e-05
-1.4999999999999999e-05
-1.1e-05
-3e-06
4e-06
9e-06
1.4000000000000001e-05
1.6e-05
1.4999999999999999e-05
1e-05
4e-06
-3e-06
-7.000000000000001e-06
-8e-06
-7.000000000000001e-06
-6e-06
-7.000000000000001e-06
-8e-06
-9e-06
-7.000000000000001e-06
-2e-06
5e-06
1.2e-05
1.6e-05
1.4999999999999999e-05
9e-06
1e-06
-6e-06
5.9999999999999995e-05
0.00011499999999999999
8.3e-05
4.9e-05
1.9e-05
-2e-06
-1.7e-05
-2.5e-05
-2.8000000000000003e-05
-2.4e-05
-1e-05
7.000000000000001e-06
2.1e-05
2.4e-05
1.7e-05
5e-06
-7.000000000000001e-06
-1.1e-05
-8e-06
-2e-06
0.0
-3e-06
-1e-05
-1.4999999999999999e-05
-1.4999999999999999e-05
-8e-06
3e-06
1.2e-05
1.8e-05
1.8e-05
1.2e-05
4e-06
-3e-06
-6e-06
-5e-06
-2e-06
-1e-06
-3e-06
-8e-06
-1.1e-05
-1.2e-05
-9e-06
-2e-06
6e-06
1.3000000000000001e-05
1.7e-05
1.7e-05
1.1e-05
3e-06
-4e-06
-7.000000000000001e-06
0.001115
0.0029460000000000003
0.0034729999999999995
0.002664
0.001518
0.000656
8.9e-05
-0.000294
-0.000579
-0.000769
-0.000798
-0.000625
-0.000298
0.0015480000000000001
0.004305
0.005293
0.004324000000000001
0.00259
0.001131
0.000215
-0.000323
-0.000698
-0.001006
-0.0011710000000000002
-0.00107
-0.000681
-0.000127
0.00035299999999999996
0.000563
0.00045700000000000005
0.000162
-0.00011
-0.000202
-9.7e-05
9.1e-05
0.000204
0.00015800000000000002
-1.2e-05
-0.000185
-0.000242
-0.000149
2.7000000000000002e-05
0.00016999999999999999
0.000193
9.499999999999999e-05
-4.8e-05
-0.000139
-0.000123
-2.4e-05
8.499999999999999e-05
0.000127
7.8e-05
0.0016589999999999999
0.004427
0.0055130000000000005
0.004678
0.0030329999999999997
0.001538
0.00045700000000000005
-0.000336
-0.000936
-0.0013310000000000002
-0.0014119999999999998
-0.001127
-0.000572
2.9999999999999997e-05
0.0019879999999999997
0.0047009999999999994
0.0055130000000000005
0.004359
0.0025629999999999997
0.001174
0.000356
-0.000165
-0.000641
-0.0011070000000000001
-0.0013779999999999999
-0.001263
-0.0007469999999999999
0.000546
0.001975
0.00217
0.0014269999999999999
0.0005610000000000001
-5.9999999999999995e-05
-0.000292
-0.000225
-7.6e-05
-3.9e-05
-0.000152
-0.00031099999999999997
-0.000368
-0.00024300000000000002
1.1e-05
0.000248
0.000332
0.000226
1.3000000000000001e-05
-0.000165
-0.000204
-9.9e-05
6.1e-05
0.00015900000000000002
0.000134
1.1e-05
0.001523
0.004252000000000001
0.005372
0.004609
0.003022
0.0015400000000000001
0.00043
-0.000389
-0.000982
-0.001332
-0.0013599999999999999
-0.001049
-0.000512
0.0018969999999999998
0.00545
0.006856
0.005845
0.003698
0.001725
0.00045999999999999996
-0.000296
-0.000828
-0.001275
-0.0015400000000000001
-0.0014550000000000001
-0.0009720000000000001
0.001685
0.005685
0.007456
0.00656
0.004211
0.001875
0.000343
-0.000488
-0.000933
-0.0012519999999999999
-0.001462
-0.0014320000000000001
-0.0010630000000000001
-0.000414
0.000262
0.000682
0.000701
0.000388
-1e-05
-0.00024700000000000004
-0.000218
-3e-06
0.000204
0.00024300000000000002
8.8e-05
-0.000144
0.002019
0.006072999999999999
0.008065000000000001
0.007451999999999999
0.005303
0.002856
0.0008990000000000001
-0.0004980000000000001
-0.001426
-0.001939
-0.002003
-0.0016239999999999998
-0.0009310000000000001
0.002258
0.0070810000000000005
0.009285
0.008401
0.005815
0.003052
0.001038
-0.000236
-0.001098
-0.0017579999999999998
-0.00214
-0.002058
-0.00145
0.00207
0.007509
0.010186
0.009422
0.00662
0.003428
0.001021
-0.000408
-0.001218
-0.00176
-0.002092
-0.002076
-0.001596
0.001549
0.0064849999999999994
0.008997
0.008404
0.005886
0.0029739999999999996
0.000771
-0.00054
-0.001225
-0.001599
-0.001773
-0.001697
-0.001295
0.002637
0.009165999999999999
0.012609
0.012074
0.009112
0.0052829999999999995
0.0019510000000000003
-0.000283
-0.00168
-0.002536
-0.002912
-0.002729
-0.0019809999999999997
0.00263
0.009979
0.013891999999999998
0.013392
0.010196
0.006028
0.002375
-7.8e-05
-0.001615
-0.002611
-0.0031420000000000003
-0.0030800000000000003
-0.00235
-0.001115
0.003766
0.011067
0.014569
0.013511000000000002
0.009932
0.0057090000000000005
0.0022670000000000004
6.1e-05
-0.001426
-0.002592
-0.003372
-0.0034439999999999996
-0.0026260000000000003
0.002775
0.011371
0.016059999999999998
0.015600999999999999
0.011909000000000001
0.006940999999999999
0.002234
-0.001167
-0.0029649999999999998
-0.0032340000000000003
-0.00224
-0.000688
0.000657
0.005884
0.014135
0.01823
0.017208
0.013049000000000002
0.007513
0.0022370000000000003
-0.001585
-0.0038200000000000005
-0.004939
-0.005291
-0.004861
-0.003628
0.002699
0.013068999999999999
0.019735
0.02103
0.01853
0.013822
0.008111
0.0026739999999999997
-0.001562
-0.004378
-0.00575
-0.005849
-0.005004
0.001544
0.012346
0.018494
0.018494999999999998
0.014736
0.009736
0.005187
0.0019920000000000003
0.000294
-0.000315
-0.00022400000000000002
0.000213
0.000644
0.0067269999999999995
0.017088
0.021879
0.019919
0.014145
0.0071010000000000005
0.0008699999999999999
-0.003034
-0.004365
-0.0039369999999999995
-0.002724
-0.0012259999999999999
0.00047300000000000006
0.008333
0.020855000000000002
0.027625
0.026913
0.021297
0.013286000000000001
0.004919
-0.00187
-0.006201
-0.008374
-0.008611
-0.007049
-0.004019
0.005943
0.020666
0.029176999999999998
0.029623000000000003
0.024594
0.016745
0.008334000000000001
0.001228
-0.0036409999999999997
-0.006352
-0.007136
-0.006342
-0.004557
0.004759
0.019716
0.028276999999999997
0.028758999999999996
0.024177
0.017136000000000002
0.0097
0.003341
-0.001228
-0.004024
-0.005297
-0.00535
-0.004541
0.004413
0.019778999999999998
0.028685000000000002
0.028906
0.023601
0.016011
0.008634999999999999
0.002792
-0.001296
-0.0038130000000000004
-0.004736
-0.0041670000000000006
-0.002627
0.007129000000000001
0.023062
0.031721
0.031002
0.02451
0.015390000000000001
0.006077
-0.001268
-0.0057079999999999995
-0.007405
-0.006634
-0.004124
-0.0009339999999999999
0.002084
0.012526
0.028391000000000003
0.036066
0.033984
0.026268
0.016188
0.0060409999999999995
-0.00214
-0.007259000000000001
-0.009386
-0.009018
-0.006905
-0.0037630000000000003
0.00813
0.026483
0.036969999999999996
0.037476999999999996
0.032072
0.023981
0.014616
0.005143
-0.002703
-0.007879
-0.010187
-0.009774
-0.007391
0.004413
0.023052
0.034058
0.035398
0.031012
0.023944
0.015565
0.007006999999999999
-0.00011899999999999999
-0.004877
-0.007204
-0.0073019999999999995
-0.005792
0.005497
0.024162
0.034832999999999996
0.035482
0.030735000000000002
0.023597
0.01515
0.006706
8.3e-05
-0.003975
-0.0055899999999999995
-0.005078
-0.0032689999999999998
0.0082
0.026978
0.037752
0.03966
0.037411
0.032785
0.026154000000000004
0.017505
0.007065999999999999
-0.002302
-0.007683
-0.008876
-0.006866
0.006031
0.02685
0.040253
0.045393
0.046587
0.045241
0.041481
0.035206
0.026182999999999998
0.014365000000000001
0.001923
-0.007026999999999999
-0.010801999999999999
-0.001016
0.019275999999999998
0.033442
0.039583999999999994
0.042087
0.042645999999999996
0.041504
0.038401
0.032789
0.024288
0.012957
0.001222
-0.006991
-0.00085
0.016572999999999997
0.028679000000000003
0.033658
0.035438
0.035835000000000006
0.035164999999999995
0.033075
0.029117
0.023018
0.014698
0.0051329999999999995
-0.0026
-0.006663
0.0017640000000000002
0.019727
0.031553
0.036239999999999994
0.037547000000000004
0.036716000000000006
0.033689
0.028329000000000003
0.021011000000000002
0.012221
0.0037119999999999996
-0.001802
-0.003766
0.006367
0.025577000000000003
0.039452
0.047538
0.052136
0.053943
0.053223
0.049841
0.043401999999999996
0.033897000000000004
0.02214
0.009356999999999999
-0.000884
0.004046
0.021383000000000003
0.035746
0.045737
0.053329999999999995
0.058946000000000005
0.062394000000000005
0.063029
0.060069000000000004
0.053287
0.043149
0.030352999999999998
0.015552000000000002
0.011864
0.023017
0.03508
0.043661
0.049817
0.054562
0.058245000000000005
0.060292
0.059748
0.056202999999999996
0.049908
0.041241
0.030418
0.028502999999999997
0.039795
0.051990999999999996
0.059498
0.06303099999999999
0.064059
0.06384
0.06269
0.060063
0.055529999999999996
0.049152999999999995
0.041264999999999996
0.032284
0.022372
0.022744
0.036597000000000005
0.050566
0.059628999999999995
0.064714
0.066798
0.066173
0.062779
0.056791999999999995
0.048569
0.038557
0.027472000000000003
0.016077
0.016789
0.032685000000000006
0.049569
0.06257599999999999
0.072502
0.080062
0.085413
0.087979
0.086645
0.080702
0.07051
0.057323
0.042573
0.037731
0.047497000000000004
0.060079999999999995
0.069763
0.077013
0.08277000000000001
0.08761000000000001
0.09134099999999999
0.09297000000000001
0.091516
0.08667799999999999
0.078688
0.067913
0.054554
0.049048
0.056316
0.065235
0.07041499999999999
0.072991
0.074428
0.075177
0.074677
0.07232000000000001
0.068062
0.062222
0.055166999999999994
0.047106
0.048226
0.062519
0.077766
0.087771
0.09325499999999999
0.095875
0.096683
0.095664
0.09224299999999999
0.086201
0.07803099999999999
0.068618
0.058766
0.05890599999999999
0.07361000000000001
0.091153
0.10509
0.1156
0.123385
0.128724
0.13125799999999999
0.130275
0.125532
0.117469
0.106929
0.094965
0.08239199999999999
0.079206
0.090503
0.10516600000000001
0.116722
0.125869
0.133598
0.139914
0.143894
0.144546
0.141518
0.135033
0.125744
0.11456400000000001
0.110884
0.120618
0.133762
0.14330199999999998
0.14998699999999998
0.15515199999999998
0.15954300000000002
0.163011
0.164649
0.16359400000000002
0.159711
0.15344100000000002
0.14523599999999998
0.13511700000000001
0.13122799999999998
0.14009100000000002
0.15282
0.162189
0.16879
0.173754
0.177374
0.17904
0.178121
0.174708
0.169455
0.16306099999999998
0.155904
0.155665
0.16858299999999998
0.185273
0.197428
0.205605
0.211425
0.215898
0.218984
0.22007800000000002
0.218781
0.21522800000000003
0.209909
0.203329
0.195628
0.193439
0.20403
0.219613
0.231694
0.24075100000000002
0.24758000000000002
0.251994
0.253213
0.250917
0.24565900000000002
0.238373
0.22998400000000002
0.221097
0.211689
0.207941
0.21751500000000001
0.23306100000000002
0.24572
0.2558
0.263918
0.269755
0.272425
0.271364
0.266991
0.260495
0.252877
0.244245
0.234058
0.22824
0.235277
0.249214
0.261565
0.272492
0.282402
0.29074
0.296493
0.298985
0.29826199999999997
0.294694
0.28842199999999996
0.27918200000000004
0.266677
0.257467
0.260227
0.270296
0.280004
0.288569
0.296005
0.301823
0.305506
0.30695500000000003
0.306541
0.304632
0.301124
0.295416
0.28672800000000004
0.280846
0.285009
0.29437199999999997
0.301813
0.306604
0.30941
0.310469
0.309947
0.308224
0.305774
0.302715
0.298626
0.29284
0.284846
0.280769
0.28792199999999996
0.301164
0.31256
0.320334
0.32456399999999996
0.325439
0.323226
0.318369
0.311569
0.303487
0.29441999999999996
0.28441
0.273515
0.268189
0.27604
0.29136799999999996
0.30554899999999996
0.316841
0.325123
0.33011399999999996
0.331453
0.32913600000000004
0.323709
0.31578
0.305638
0.29345
0.279506
0.270545
0.274584
0.28643
0.297958
0.307897
0.316475
0.323511
0.328433
0.33059299999999997
0.329514
0.32486
0.316552
0.30495900000000004
0.290699
0.280665
0.28273000000000004
0.291954
0.300508
0.307082
0.31215
0.31582899999999997
0.31788
0.31805500000000003
0.316303
0.312608
0.306823
0.298676
0.294049
0.299519
0.310273
0.31918
0.324874
0.32816100000000004
0.32966599999999996
0.32966100000000004
0.328092
0.324779
0.319687
0.312929
0.304652
0.29493400000000003
0.28996500000000003
0.29648800000000003
0.309085
0.319843
0.32715900000000003
0.331708
0.333803
0.333203
0.32971
0.32360300000000003
0.31545700000000004
0.305827
0.295145
0.283659
0.277596
0.283906
0.296919
0.308516
0.317263
0.323452
0.326898
0.327171
0.324251
0.318635
0.31092
0.301533
0.290661
0.278252
0.270438
0.274667
0.28570300000000004
0.295734
0.303762
0.310216
0.314875
0.31699
0.31588299999999997
0.311381
0.30382800000000004
0.29386100000000004
0.282011
0.268497
0.259769
0.263846
0.27515700000000004
0.28537399999999996
0.2936
0.300095
0.304598
0.306593
0.30580999999999997
0.30242399999999997
0.29675999999999997
0.288939
0.278785
0.266086
0.257309
0.260723
0.270879
0.279602
0.286314
0.291515
0.295117
0.296713
0.296061
0.293274
0.288545
0.281843
0.272908
0.261423
0.253544
0.257214
0.266743
0.274046
0.27883800000000003
0.28172800000000003
0.282756
0.28173400000000004
0.278671
0.273915
0.267862
0.260629
0.252027
0.24798699999999999
0.255956
0.26970900000000003
0.280595
0.287815
0.291717
0.292501
0.290523
0.286155
0.279669
0.271477
0.26207800000000003
0.251758
0.24052199999999999
0.23449099999999998
0.241623
0.255472
0.267074
0.27596
0.282364
0.285911
0.28589200000000003
0.281856
0.274104
0.263567
0.251159
0.23739899999999997
0.222595
0.213364
0.218176
0.230267
0.24049299999999998
0.24881599999999998
0.255576
0.260464
0.262803
0.262088
0.258289
0.251573
0.241941
0.22934899999999997
0.21400300000000003
0.202927
0.20483400000000002
0.213299
0.21986799999999998
0.224886
0.228988
0.232125
0.23378000000000002
0.23348400000000002
0.23117600000000002
0.22695
0.220691
0.212022
0.207042
0.213752
0.22557
0.234152
0.239864
0.24336799999999997
0.24497800000000003
0.244854
0.24296900000000002
0.239312
0.23414699999999997
0.227834
0.22051500000000002
0.212035
0.208695
0.21820599999999998
0.233044
0.244009
0.251195
0.255492
0.257245
0.25624
0.252443
0.246402
0.238769
0.22986700000000002
0.219802
0.20860599999999999
0.20294
0.21078000000000002
0.224881
0.236321
0.24506799999999998
0.251421
0.25497800000000004
0.255123
0.251837
0.24577399999999996
0.237621
0.22778299999999999
0.21641300000000002
0.209681
0.21568400000000001
0.22790500000000002
0.237623
0.24502100000000002
0.250722
0.254853
0.257137
0.256986
0.253863
0.247658
0.238711
0.227627
0.21483400000000002
0.20670700000000003
0.21134099999999997
0.222162
0.230575
0.23685900000000001
0.241625
0.24474200000000002
0.245642
0.24396700000000002
0.239892
0.233789
0.22583000000000003
0.21596500000000002
0.20414300000000002
0.197181
0.20326
0.215373
0.224872
0.232071
0.237736
0.241806
0.24371700000000002
0.243133
0.24026799999999998
0.235506
0.228967
0.220414
0.20941700000000002
0.202307
0.207258
0.21769499999999997
0.22546300000000002
0.23121599999999998
0.235721
0.23895
0.24045
0.239829
0.237121
0.23263699999999998
0.226557
0.21872800000000003
0.21515700000000001
0.22386599999999998
0.23806999999999998
0.24882600000000002
0.256241
0.260836
0.26276900000000003
0.262277
0.25961300000000004
0.254973
0.248768
0.241531
0.233533
0.22467199999999998
0.220862
0.230082
0.24546500000000002
0.257833
0.267206
0.273994
0.277868
0.278124
0.27437399999999995
0.26705500000000004
0.257222
0.245802
0.23321599999999998
0.219631
0.21142399999999997
0.216942
0.229698
0.240825
0.25033
0.258492
0.264832
0.268452
0.26868200000000003
0.265459
0.259033
0.249505
0.236887
0.22143000000000002
0.20984499999999998
0.211088
0.21939299999999998
0.226363
0.232277
0.237637
0.24226199999999998
0.245542
0.24695799999999998
0.24641
0.24393099999999998
0.239294
0.23197600000000002
0.22745700000000002
0.233291
0.24346700000000002
0.25008400000000003
0.253744
0.255497
0.255781
0.254772
0.25246599999999997
0.248856
0.24414499999999997
0.238558
0.23208299999999998
0.224442
0.22142699999999998
0.23093400000000003
0.24607800000000002
0.25758600000000004
0.265427
0.270345
0.27251
0.271516
0.26716
0.26005
0.251189
0.241279
0.230629
0.219327
0.21371199999999999
0.221955
0.23720100000000002
0.250273
0.260934
0.269306
0.274868
0.27694
0.275434
0.27093
0.26407600000000003
0.255244
0.24453000000000003
0.231808
0.22320900000000002
0.22736900000000002
0.23856799999999997
0.248295
0.256536
0.263681
0.269419
0.272981
0.27371
0.271421
0.266318
0.25877100000000003
0.249018
0.243089
0.248577
0.260056
0.269687
0.27708
0.28281
0.286928
0.289169
0.289236
0.287028
0.282724
0.276543
0.268493
0.258348
0.25196999999999997
0.256943
0.26803
0.277404
0.284438
0.289667
0.292989
0.29389499999999996
0.29213
0.287981
0.28192399999999995
0.27421599999999996
0.264836
0.25361300000000003
0.246442
0.250809
0.26102800000000004
0.269069
0.274674
0.27867800000000004
0.281114
0.28154
0.27972600000000003
0.275882
0.270359
0.263304
0.254562
0.243815
0.236972
0.241961
0.253107
0.26202600000000004
0.268119
0.271669
0.272646
0.271054
0.267164
0.2615
0.254623
0.24683899999999998
0.23806999999999998
0.22799699999999998
0.22257
0.23006
0.24416300000000002
0.25588
0.264874
0.27131700000000003
0.27492
0.275233
0.272068
0.2658
0.257214
0.24698699999999998
0.23542800000000003
0.22874699999999998
0.23504699999999998
0.248446
0.260449
0.27072199999999996
0.279571
0.28675100000000003
0.29174
0.293952
0.292956
0.28865799999999997
0.281152
0.27050599999999997
0.25690100000000005
0.246917
0.248833
0.257441
0.264818
0.27056199999999997
0.275258
0.278827
0.280763
0.280697
0.27869499999999997
0.274974
0.269521
0.26205900000000004
0.252192
0.24558400000000002
0.249487
0.258269
0.26427
0.26747600000000005
0.268823
0.268644
0.266904
0.263596
0.25900300000000004
0.253498
0.247185
0.23981799999999998
0.23095
0.226214
0.233291
0.24611799999999998
0.25604499999999997
0.262489
0.26579899999999995
0.26619
0.2637
0.258422
0.250879
0.24183200000000002
0.23181100000000002
0.220996
0.21532600000000002
0.222714
0.23690300000000003
0.249146
0.25919899999999996
0.267291
0.273133
0.276174
0.27583
0.271866
0.264728
0.255146
0.24361999999999998
0.23042600000000002
0.221833
0.226134
0.23726999999999998
0.24665
0.254315
0.260759
0.26574699999999996
0.26858899999999997
0.268731
0.26610500000000004
0.260886
0.253265
0.243549
0.231988
0.224625
0.229398
0.24024099999999998
0.24874200000000002
0.254998
0.259667
0.26277
0.263912
0.26282
0.259676
0.254821
0.24832100000000001
0.239873
0.22898400000000002
0.22148099999999998
0.225804
0.23643899999999998
0.24507600000000002
0.251704
0.256883
0.260488
0.261946
0.260912
0.257627
0.25254899999999997
0.2459
0.23758800000000002
0.227334
0.220982
0.22659899999999997
0.238118
0.24698
0.253278
0.257715
0.260332
0.260903
0.25943
0.256238
0.251652
0.245736
0.23825100000000002
0.234742
0.24239699999999997
0.25548699999999996
0.266023
0.273546
0.278492
0.28084000000000003
0.280471
0.277518
0.272314
0.26526500000000003
0.25677300000000003
0.24710700000000002
0.23630900000000002
0.23026799999999997
0.23665300000000003
0.249534
0.260457
0.268888
0.275037
0.278517
0.278652
0.275079
0.268052
0.258255
0.24652
0.23348899999999997
0.21941599999999997
0.21037600000000004
0.21464
0.22601500000000002
0.23570100000000002
0.24367800000000003
0.250325
0.255389
0.258242
0.258398
0.25579
0.25051
0.242463
0.231344
0.216977
0.205746
0.20661300000000002
0.21412399999999998
0.220102
0.224923
0.22919499999999998
0.23278000000000001
0.23511100000000001
0.23570300000000002
0.234461
0.23144699999999999
0.22654699999999997
0.21941100000000002
0.21554099999999998
0.22252399999999997
0.234314
0.242853
0.24859299999999998
0.25229
0.25411
0.25413600000000003
0.252508
0.24939299999999998
0.245098
0.239954
0.23405700000000002
0.22718200000000002
0.224946
0.234805
0.250265
0.26250300000000004
0.27113699999999996
0.276623
0.279167
0.27874
0.275385
0.26961399999999996
0.262152
0.253429
0.243542
0.232508
0.22637800000000002
0.23304
0.24652800000000002
0.25832
0.267961
0.275606
0.280754
0.28255
0.280559
0.27524899999999997
0.267453
0.257675
0.24608200000000002
0.232724
0.22359
0.226726
0.236722
0.245442
0.252511
0.258269
0.26254099999999997
0.264779
0.26450999999999997
0.261633
0.256203
0.248252
0.23789000000000002
0.23096599999999998
0.23481100000000002
0.24428899999999998
0.25200700000000004
0.25774400000000003
0.262153
0.265392
0.267293
0.267531
0.265846
0.2622
0.25664899999999996
0.24915500000000002
0.239535
0.23336500000000002
0.23800300000000002
0.248223
0.256467
0.262443
0.266673
0.26911399999999996
0.26935
0.267162
0.262875
0.257019
0.24989
0.24149600000000002
0.23746799999999998
0.244713
0.257498
0.267773
0.274925
0.27989899999999995
0.28330900000000003
0.285128
0.28491500000000003
0.282405
0.277818
0.271547
0.263809
0.25455900000000004
0.249404
0.255215
0.26682100000000003
0.276748
0.28419
0.289545
0.292643
0.293025
0.290607
0.28586100000000003
0.279451
0.271918
0.263563
0.254335
0.249732
0.256458
0.26926100000000003
0.280648
0.28976
0.296941
0.30195700000000003
0.304198
0.303263
0.299279
0.292767
0.284354
0.274434
0.263056
0.25596599999999997
0.26016500000000004
0.271163
0.281923
0.29135500000000003
0.299646
0.30635300000000004
0.310659
0.312012
0.31041599999999997
0.306108
0.299157
0.289394
0.282327
0.284238
0.29174
0.299053
0.30482
0.30967100000000003
0.313773
0.316863
0.31853400000000004
0.318499
0.31673
0.313297
0.308103
0.30078699999999997
0.296535
0.300757
0.30946
0.31666300000000003
0.320873
0.322944
0.323191
0.32151799999999997
0.318015
0.313159
0.307504
0.301324
0.294542
0.286831
0.283458
0.290104
0.302334
0.313446
0.32148000000000004
0.326673
0.32914899999999997
0.328829
0.325726
0.32021
0.31291199999999997
0.304359
0.294743
0.289516
0.294244
0.305331
0.31688299999999997
0.326863
0.335441
0.342443
0.34730700000000003
0.349323
0.348095
0.343861
0.33719
0.32856399999999997
0.318231
0.311872
0.314919
0.32409299999999996
0.33385
0.341997
0.348911
0.354497
0.358241
0.35975799999999997
0.359045
0.35625300000000004
0.351383
0.344379
0.335269
0.32969899999999996
0.33270500000000003
0.341451
0.350864
0.35835300000000003
0.36430500000000005
0.36872
0.37119
0.37143200000000004
0.369569
0.36591999999999997
0.360619
0.353479
0.344119
0.33776999999999996
0.339206
0.346224
0.354284
0.360553
0.365333
0.36859899999999995
0.36999099999999996
0.369298
0.366678
0.362446
0.356752
0.34946900000000003
0.340301
0.33458000000000004
0.337084
0.34513499999999997
0.353652
0.359655
0.363518
0.365516
0.36570199999999997
0.364203
0.36129
0.35723
0.352075
0.345616
0.342935
0.348039
0.358506
0.369816
0.37866700000000003
0.385173
0.389298
0.39074899999999996
0.389369
0.385365
0.379205
0.371406
0.362352
0.35222600000000004
0.346569
0.34980300000000003
0.359508
0.37087600000000004
0.380394
0.38798499999999997
0.393354
0.395938
0.395385
0.391775
0.38556399999999996
0.377335
0.367526
0.356352
0.34937399999999996
0.351065
0.359161
0.369096
0.37762399999999996
0.384959
0.39106199999999997
0.395502
0.39786900000000003
0.39797899999999997
0.39576500000000003
0.391067
0.38358200000000003
0.3784
0.379002
0.384519
0.39204
0.397925
0.40266799999999997
0.406611
0.409629
0.411351
0.41146400000000005
0.40987399999999996
0.406643
0.40181
0.395262
0.392071
0.395074
0.402767
0.411717
0.417771
0.42135900000000004
0.422883
0.42239899999999997
0.420023
0.416185
0.41143199999999996
0.406119
0.400289
0.39371999999999996
0.391382
0.396029
0.406084
0.41795
0.427123
0.43357700000000005
0.437325
0.43822799999999995
0.43633
0.43204
0.42589399999999994
0.418271
0.409354
0.399188
0.393079
0.39424899999999996
0.401839
0.41263299999999997
0.422005
0.42973599999999995
0.435468
0.43853000000000003
0.438432
0.435208
0.429307
0.421217
0.411287
0.404828
0.404479
0.40979799999999994
0.418256
0.42522600000000005
0.43093100000000006
0.43561400000000006
0.439163
0.44131099999999995
0.44179700000000005
0.44039700000000004
0.436913
0.43113500000000005
0.422912
0.41741999999999996
0.417199
0.422163
0.430119
0.436301
0.44098100000000007
0.44431800000000005
0.44603400000000004
0.44591800000000004
0.44405900000000004
0.440713
0.436071
0.43013199999999996
0.42271000000000003
0.418749
0.42048900000000006
0.42753500000000005
0.43740500000000004
0.445133
0.450837
0.454589
0.456226
0.45577700000000004
0.453529
0.449834
0.444903
0.43867
0.430864
0.426451
0.42761000000000005
0.434096
0.44353000000000004
0.45081000000000004
0.456201
0.45997899999999997
0.462117
0.462581
0.461388
0.458617
0.454291
0.448276
0.445474
0.447346
0.454383
0.46510200000000007
0.47380600000000006
0.480483
0.485203
0.48770600000000003
0.48781
0.485621
0.481401
0.475579
0.46859399999999996
0.460632
0.456739
0.45811199999999996
0.465246
0.47656000000000004
0.48587299999999994
0.49299
0.49785
0.5001399999999999
0.49968900000000005
0.49657799999999996
0.49105600000000005
0.48347799999999996
0.47418699999999997
0.46340600000000004
0.456391
0.454687
0.45911899999999994
0.46837
0.476508
0.48351000000000005
0.48934799999999995
0.49360600000000004
0.49586199999999997
0.495863
0.49350900000000003
0.488727
0.481337
0.471142
0.463226
0.459183
0.46047299999999997
0.466438
0.47133800000000003
0.47535200000000005
0.47867299999999996
0.48112200000000005
0.482459
0.482547
0.481343
0.47874099999999997
0.474433
0.472918
0.474484
0.480038
0.48876899999999995
0.49443000000000004
0.497335
0.49814899999999995
0.497316
0.495199
0.49204499999999995
0.48801000000000005
0.483253
0.477879
0.471833
0.469916
0.47275900000000004
0.48109399999999997
0.49366499999999996
0.503868
0.51137
0.516121
0.5179600000000001
0.5168510000000001
0.513065
0.507155
0.49971099999999996
0.49116899999999997
0.481843
0.47693500000000005
0.47730200000000006
0.484044
0.49613199999999996
0.506871
0.515961
0.52323
0.528169
0.5303260000000001
0.529605
0.526257
0.520562
0.512722
0.502897
0.496126
0.493274
0.49565699999999996
0.50325
0.510119
0.516013
0.521104
0.525137
0.527724
0.528529
0.527309
0.523845
0.517954
0.5095689999999999
0.503687
0.501269
0.50359
0.5107649999999999
0.516921
0.521582
0.524884
0.526679
0.526881
0.525569
0.522884
0.5189020000000001
0.513509
0.511177
0.512246
0.516605
0.524798
0.531924
0.536922
0.5401859999999999
0.541813
0.5417310000000001
0.5399729999999999
0.536596
0.531666
0.525297
0.517543
0.513141
0.512722
0.5164989999999999
0.524756
0.532276
0.538024
0.542061
0.544203
0.5443819999999999
0.542687
0.539297
0.534464
0.528393
0.521116
0.517416
0.517884
0.522727
0.532071
0.540397
0.5465800000000001
0.5506439999999999
0.552551
0.552433
0.550509
0.5471050000000001
0.5425840000000001
0.536977
0.534688
0.536157
0.540695
0.549416
0.558144
0.565087
0.570429
0.57412
0.575874
0.575385
0.5724060000000001
0.5669649999999999
0.5594060000000001
0.550059
0.543941
0.542139
0.5444140000000001
0.5519689999999999
0.56047
0.567882
0.5739390000000001
0.578205
0.580333
0.580212
0.57792
0.573637
0.56748
0.559413
0.5541050000000001
0.552312
0.553316
0.558729
0.564924
0.569995
0.5740689999999999
0.577137
0.579105
0.579887
0.5794100000000001
0.577542
0.573973
0.5682729999999999
0.564723
0.5638489999999999
0.564613
0.569067
0.573993
0.577104
0.578592
0.578684
0.5774739999999999
0.575056
0.5716359999999999
0.567389
0.562283
0.560679
0.5630109999999999
0.5676770000000001
0.57639
0.585657
0.5925159999999999
0.596784
0.59846
0.597654
0.594568
0.589557
0.5831529999999999
0.5757720000000001
0.567606
0.563303
0.5635479999999999
0.56702
0.575508
0.58549
0.594064
0.600881
0.605518
0.607597
0.607064
0.60414
0.599035
0.591943
0.5831689999999999
0.577522
0.575818
0.576785
0.582777
0.590741
0.597724
0.603576
0.608083
0.61098
0.6120899999999999
0.611272
0.608378
0.603298
0.595978
0.590935
0.588976
0.588855
0.593322
0.59958
0.6045689999999999
0.608354
0.610925
0.612228
0.612301
0.611162
0.6087199999999999
0.604741
0.60331
0.60477
0.606537
0.6119
0.6190640000000001
0.624265
0.627799
0.629933
0.6306229999999999
0.629922
0.627913
0.62457
0.619907
0.613981
0.611154
0.612017
0.613858
0.619843
0.6280359999999999
0.634182
0.638115
0.6397390000000001
0.6390859999999999
0.636582
0.632614
0.627433
0.6212840000000001
0.614274
0.610719
0.611163
0.6129680000000001
0.6191810000000001
0.6277520000000001
0.634512
0.639229
0.641926
0.642768
0.641879
0.639305
0.635233
0.6297689999999999
0.6227779999999999
0.618568
0.617939
0.618491
0.623678
0.63178
0.638638
0.643999
0.6476529999999999
0.649365
0.648977
0.64647
0.642008
0.635681
0.631857
0.631495
0.631592
0.6361640000000001
0.644281
0.6511979999999999
0.65675
0.660927
0.663613
0.664756
0.664287
0.662058
0.65795
0.65189
0.648179
0.64764
0.6468550000000001
0.650187
0.657226
0.663096
0.667619
0.670824
0.672722
0.673304
0.672515
0.670341
0.666766
0.661669
0.659151
0.6597109999999999
0.659423
0.662784
0.669528
0.674379
0.677232
0.678442
0.67832
0.6770520000000001
0.6747529999999999
0.6714979999999999
0.667233
0.661774
0.659171
0.65991
0.660011
0.6639229999999999
0.671249
0.676523
0.679571
0.680617
0.67979
0.677249
0.6732739999999999
0.668103
0.66181
0.658499
0.658845
0.658763
0.662937
0.671597
0.6791510000000001
0.68515
0.6895
0.69193
0.692331
0.690792
0.6872699999999999
0.681754
0.674549
0.670151
0.669441
0.6684060000000001
0.671859
0.680172
0.687697
0.693826
0.698418
0.701336
0.702498
0.701796
0.699168
0.694729
0.688654
0.6851079999999999
0.684725
0.683504
0.686384
0.6937979999999999
0.7002109999999999
0.705238
0.7089949999999999
0.711504
0.712785
0.712761
0.711271
0.708104
0.702987
0.699869
0.699392
0.697538
0.6989
0.704382
0.709082
0.712463
0.714622
0.715612
0.7155050000000001
0.71421
0.711591
0.70757
0.706014
0.7074
0.707627
0.709762
0.715408
0.720758
0.724236
0.725946
0.7259369999999999
0.724463
0.721835
0.718119
0.713353
0.707657
0.704968
0.7058810000000001
0.7064159999999999
0.709573
0.71687
0.724236
0.729576
0.732607
0.733364
0.732116
0.729032
0.72425
0.7181420000000001
0.711088
0.707155
0.7070029999999999
0.706711
0.7096060000000001
0.717101
0.724931
0.731258
0.7358680000000001
0.738663
0.739574
0.738572
0.735721
0.730992
0.724256
0.719615
0.718073
0.715873
0.7165729999999999
0.721939
0.7279869999999999
0.73305
0.737007
0.739793
0.741312
0.741321
0.739518
0.7356550000000001
0.73353
0.733865
0.73287
0.7329869999999999
0.736977
0.742217
0.7462810000000001
0.749174
0.751016
0.751865
0.751675
0.750304
0.747656
0.74369
0.742162
0.74358
0.743985
0.745397
0.75061
0.7568630000000001
0.761109
0.763323
0.763892
0.763133
0.761212
0.758285
0.7544810000000001
0.749817
0.748053
0.749694
0.750733
0.752881
0.758803
0.765772
0.7707109999999999
0.7736109999999999
0.774648
0.773946
0.771698
0.768112
0.763234
0.760614
0.760877
0.760528
0.7602260000000001
0.763954
0.770609
0.776051
0.780018
0.782415
0.783099
0.782043
0.779275
0.774706
0.7682720000000001
0.763786
0.762243
0.760304
0.7590399999999999
0.76222
0.768284
0.773184
0.776625
0.778675
0.779412
0.778799
0.776712
0.773175
0.768347
0.765917
0.766306
0.7658159999999999
0.765831
0.7700670000000001
0.776746
0.782072
0.7859659999999999
0.7886340000000001
0.790185
0.790564
0.789563
0.7869430000000001
0.782517
0.779883
0.779751
0.778671
0.777705
0.7807390000000001
0.786467
0.791063
0.794351
0.796392
0.797326
0.797176
0.795752
0.792868
0.792046
0.793833
0.794609
0.794172
0.797111
0.803133
0.8075680000000001
0.810343
0.8116180000000001
0.8116270000000001
0.8106979999999999
0.808958
0.806321
0.802715
0.8015760000000001
0.803413
0.804728
0.8049149999999999
0.808848
0.816418
0.822118
0.825493
0.8267549999999999
0.8262780000000001
0.824248
0.8206690000000001
0.815738
0.809832
0.8066439999999999
0.806823
0.8069649999999999
0.806479
0.810172
0.818016
0.8245709999999999
0.829262
0.8321280000000001
0.833241
0.8325309999999999
0.8298690000000001
0.8252719999999999
0.8187840000000001
0.813928
0.81153
0.808502
0.8045720000000001
0.805098
0.810385
0.815113
0.818923
0.82184
0.8238219999999999
0.824636
0.8238540000000001
0.821082
0.819566
0.8199879999999999
0.81914
0.816569
0.816283
0.819734
0.823242
0.8256680000000001
0.8271120000000001
0.8277479999999999
0.8277129999999999
0.8269700000000001
0.825325
0.8225959999999999
0.822023
0.8240559999999999
0.825248
0.825026
0.82744
0.8333879999999999
0.8384450000000001
0.841406
0.8426299999999999
0.842566
0.8414459999999999
0.8393729999999999
0.836465
0.8328059999999999
0.8318
0.8339639999999999
0.835817
0.83667
0.840449
0.8478620000000001
0.854439
0.859082
0.8619399999999999
0.8631639999999999
0.862834
0.8609629999999999
0.8575649999999999
0.852677
0.8497950000000001
0.849649
0.8489700000000001
0.8472649999999999
0.8483629999999999
0.8536469999999999
0.859102
0.863014
0.8653190000000001
0.86616
0.8656280000000001
0.863541
0.859641
0.857095
0.8566219999999999
0.8553120000000001
0.85288
0.8515799999999999
0.854137
0.8584299999999999
0.8616510000000001
0.863725
0.864711
0.8645930000000001
0.863244
0.860441
0.85608
0.8533870000000001
0.853023
0.8519950000000001
0.849925
0.849087
0.852234
0.8570540000000001
0.8605219999999999
0.862608
0.863541
0.863409
0.862159
0.859713
0.856031
0.854281
0.8550559999999999
0.8553379999999999
0.8546299999999999
0.855366
0.859726
0.8650610000000001
0.869034
0.871775
0.8734930000000001
0.874266
0.8739879999999999
0.8724190000000001
0.8724200000000001
0.8744059999999999
0.875309
0.874658
0.873617
0.875865
0.8805200000000001
0.8839469999999999
0.886021
0.886942
0.886942
0.886127
0.884343
0.881373
0.880288
0.88169
0.88256
0.882418
0.882656
0.886447
0.8920549999999999
0.8957
0.897379
0.897584
0.896602
0.894468
0.8912
0.886951
0.8850680000000001
0.8861979999999999
0.8872620000000001
0.887727
0.888639
0.8933110000000001
0.900302
0.9056620000000001
0.9092100000000001
0.9110950000000001
0.911331
0.9098510000000001
0.906623
0.901631
0.89794
0.896293
0.8940670000000001
0.891128
0.8884540000000001
0.8901209999999999
0.8953610000000001
0.899819
0.903222
0.9056290000000001
0.906918
0.906767
0.904792
0.903651
0.9038719999999999
0.9028459999999999
0.900349
0.8965049999999999
0.895496
0.8980239999999999
0.9000950000000001
0.9013100000000001
0.9019729999999999
0.902286
0.9022680000000001
0.9017209999999999
0.900307
0.900597
0.902909
0.904328
0.904435
0.903316
0.905119
0.909993
0.913317
0.914752
0.914898
0.914162
0.912626
0.910257
0.907112
0.906241
0.9082049999999999
0.910071
0.911249
0.911508
0.9151610000000001
0.922012
0.9271159999999999
0.9303370000000001
0.931955
0.93216
0.93099
0.928384
0.927082
0.927667
0.927638
0.92679
0.925233
0.9256479999999999
0.929768
0.9347340000000001
0.938517
0.941052
0.9424549999999999
0.9428049999999999
0.941909
0.939384
0.937774
0.9376899999999999
0.9367840000000001
0.934976
0.9324319999999999
0.931843
0.934873
0.938559
0.940995
0.942385
0.942911
0.9425110000000001
0.941001
0.938316
0.937316
0.9385110000000001
0.9391219999999999
0.938687
0.937174
0.9371520000000001
0.940466
0.9443729999999999
0.946959
0.948492
0.9491940000000001
0.9489790000000001
0.9475629999999999
0.9446899999999999
0.943005
0.9431809999999999
0.9428549999999999
0.9417129999999999
0.9396760000000001
0.9392469999999999
0.9424309999999999
0.946622
0.9497639999999999
0.951926
0.953131
0.9532309999999999
0.951987
0.94921
0.947732
0.948169
0.9478120000000001
0.9462200000000001
0.9434549999999999
0.942916
0.9461299999999999
0.9497549999999999
0.9523219999999999
0.954024
0.9550280000000001
0.9553440000000001
0.954802
0.9531870000000001
0.953255
0.9554590000000001
0.9569110000000001
0.9570790000000001
0.955889
0.956317
0.959918
0.963584
0.965794
0.9667819999999999
0.966674
0.965468
0.9631040000000001
0.959627
0.958068
0.9590770000000001
0.959881
0.959975
0.959248
0.960391
0.9649479999999999
0.9696959999999999
0.972562
0.973557
0.972885
0.9707459999999999
0.9671719999999999
0.962145
0.958608
0.957252
0.955521
0.953211
0.950458
0.950242
0.954197
0.9590850000000001
0.962908
0.965568
0.9669909999999999
0.9669409999999999
0.9651
0.96391
0.9639540000000001
0.9628629999999999
0.960413
0.956852
0.9532799999999999
0.9533200000000001
0.9562639999999999
0.958535
0.9600110000000001
0.960837
0.961015
0.9604
0.9587479999999999
0.9584030000000001
0.959672
0.9599559999999999
0.958918
0.956715
0.9547379999999999
0.95585
0.9584600000000001
0.9593799999999999
0.958849
0.957419
0.955398
0.952837
0.9497059999999999
0.9487059999999999
0.9502729999999999
0.9516319999999999
0.952239
0.9519290000000001
0.952842
0.956874
0.9614229999999999
0.9641770000000001
0.9652229999999999
0.964799
0.9629700000000001
0.959693
0.955001
0.9517530000000001
0.9506540000000001
0.9493
0.9474600000000001
0.945183
0.9449549999999999
0.948527
0.9529120000000001
0.9557760000000001
0.9571649999999999
0.957299
0.956125
0.953369
0.951433
0.9507760000000001
0.949051
0.9462290000000001
0.942631
0.9395399999999999
0.940097
0.9431
0.9452229999999999
0.9464459999999999
0.946958
0.946744
0.9456100000000001
0.94334
0.9423729999999999
0.9431450000000001
0.9432149999999999
0.942306
0.940465
0.938894
0.9405889999999999
0.9441450000000001
0.94631
0.9472360000000001
0.9472870000000001
0.9465899999999999
0.9450780000000001
0.942617
0.9417209999999999
0.9429690000000001
0.9440280000000001
0.9445120000000001
0.944208
0.9444459999999999
0.947736
0.952298
0.9553379999999999
0.9570879999999999
0.957801
0.957471
0.955936
0.95299
0.9511940000000001
0.9511040000000001
0.950248
0.948274
0.9452889999999999
0.9434239999999999
0.945233
0.948625
0.9509709999999999
0.9523299999999999
0.952825
0.9524290000000001
0.9509280000000001
0.950573
0.951752
0.9520959999999999
0.95131
0.949433
0.94683
0.947183
0.950039
0.951508
0.951758
0.9511639999999999
0.949837
0.9477770000000001
0.9448780000000001
0.94347
0.944111
0.944601
0.944592
0.9440059999999999
0.942958
0.9449860000000001
0.949483
0.952275
0.953317
0.952868
0.951131
0.948292
0.9444
0.9419620000000001
0.941601
0.941058
0.940039
0.938644
0.937684
0.940357
0.9455979999999999
0.949737
0.9527059999999999
0.9546030000000001
0.9553020000000001
0.9544860000000001
0.951807
0.9497059999999999
0.948908
0.947217
0.9443860000000001
0.940576
0.9370069999999999
0.9370120000000001
0.9396260000000001
0.941628
0.943084
0.944127
0.944627
0.944213
0.944858
0.946743
0.9474440000000001
0.9466690000000001
0.944633
0.941384
0.940679
0.9428190000000001
0.943902
0.9438030000000001
0.942989
0.9417270000000001
0.9400290000000001
0.937745
0.937066
0.9384030000000001
0.939525
0.940069
0.9399290000000001
0.9388139999999999
0.9405629999999999
0.9451709999999999
0.9483020000000001
0.949845
0.9501290000000001
0.9493159999999999
0.947426
0.9445100000000001
0.9430780000000001
0.943752
0.9443739999999999
0.9446319999999999
0.944459
0.943836
0.9465
0.952076
0.956283
0.959132
0.9609770000000001
0.961841
0.961449
0.959483
0.9581790000000001
0.9580620000000001
0.95705
0.9550139999999999
0.952083
0.9485180000000001
0.948451
0.951773
0.9542879999999999
0.9559280000000001
0.956791
0.9567100000000001
0.9554389999999999
0.952799
0.951158
0.950989
0.94999
0.947836
0.9445520000000001
0.9408040000000001
0.9403590000000001
0.942693
0.944053
0.9444950000000001
0.9442200000000001
0.943197
0.941256
0.940401
0.940939
0.940823
0.939925
0.9383379999999999
0.9359639999999999
0.935364
0.937816
0.94047
0.9419139999999999
0.942342
0.941858
0.9404170000000001
0.937933
0.9364469999999999
0.9363969999999999
0.9358540000000001
0.934594
0.932642
0.929969
0.929787
0.932941
0.9359719999999999
0.9379059999999999
0.938908
0.9390299999999999
0.938262
0.938641
0.940491
0.9417559999999999
0.942133
0.941643
0.9402299999999999
0.939718
0.9420430000000001
0.9452370000000001
0.94737
0.948667
0.949259
0.9491129999999999
0.948083
0.947995
0.9491729999999999
0.9497709999999999
0.9495870000000001
0.948643
0.946875
0.946255
0.948577
0.951564
0.9531569999999999
0.9534549999999999
0.9526819999999999
0.95099
0.9483299999999999
0.9467610000000001
0.946768
0.946391
0.945382
0.943865
0.941883
0.942139
0.945673
0.949473
0.9522430000000001
0.954044
0.954842
0.9544389999999999
0.9525459999999999
0.9511799999999999
0.950942
0.9500129999999999
0.9482379999999999
0.945787
0.9426899999999999
0.9414309999999999
0.943585
0.946642
0.9490290000000001
0.9507680000000001
0.9518280000000001
0.951968
0.950838
0.9503739999999999
0.9509700000000001
0.9505819999999999
0.948974
0.946326
0.9426709999999999
0.9408219999999999
0.9421
0.943665
0.94431
0.9442950000000001
0.943836
0.942874
0.9431700000000001
0.9449860000000001
0.946377
0.946981
0.9467270000000001
0.945464
0.943944
0.945026
0.947874
0.9495319999999999
0.9500120000000001
0.9495120000000001
0.948084
0.9456559999999999
0.944097
0.943952
0.943625
0.9429770000000001
0.9421
0.9409
0.940283
0.9427040000000001
0.9467610000000001
0.9494600000000001
0.950809
0.951046
0.950202
0.948155
0.9468610000000001
0.946782
0.946084
0.9446030000000001
0.9425459999999999
0.9399620000000001
0.938659
0.940675
0.9440649999999999
0.9466549999999999
0.9484520000000001
0.949422
0.949318
0.947875
0.947024
0.947185
0.9464670000000001
0.9446700000000001
0.941901
0.938158
0.935542
0.936109
0.937815
0.938686
0.938817
0.938275
0.936917
0.93639
0.9369540000000001
0.9369209999999999
0.9362229999999999
0.934959
0.9330040000000001
0.930624
0.9310309999999999
0.933743
0.935314
0.9358299999999999
0.9355600000000001
0.93453
0.932659
0.931708
0.932039
0.9319559999999999
0.93127
0.930059
0.9283440000000001
0.9268489999999999
0.9285479999999999
0.932599
0.935787
0.938061
0.9394540000000001
0.939911
0.9410870000000001
0.9432969999999999
0.944931
0.945799
0.945996
0.945507
0.944198
0.944458
0.9473530000000001
0.950293
0.9522579999999999
0.953491
0.954084
0.953982
0.9529780000000001
0.9527559999999999
0.953676
0.9540370000000001
0.953608
0.9523520000000001
0.950126
0.9481959999999999
0.9490700000000001
0.9513739999999999
0.9525370000000001
0.952608
0.9517530000000001
0.9500290000000001
0.949154
0.949428
0.949204
0.9482870000000001
0.9467059999999999
0.9444620000000001
0.941542
0.9412659999999999
0.943975
0.9461430000000001
0.947291
0.9474549999999999
0.9465290000000001
0.944334
0.942363
0.9410219999999999
0.939049
0.93647
0.933457
0.930069
0.9261799999999999
0.9246690000000001
0.9263040000000001
0.9280229999999999
0.9290729999999999
0.9295459999999999
0.9294209999999999
0.9301149999999999
0.9317989999999999
0.932909
0.933164
0.932531
0.931017
0.9286709999999999
0.9271440000000001
0.928373
0.9307469999999999
0.9323540000000001
0.933299
0.93371
0.9336110000000001
0.934493
