1.014203
1.013308
1.0137479999999999
1.0136459999999998
1.0127700000000002
1.011091
1.008534
1.006402
1.007388
1.010153
1.012001
1.012991
1.01314
1.012329
1.010428
1.009506
1.0099870000000002
1.009835
1.008743
1.0067959999999998
1.004094
1.002086
1.003295
1.006212
1.008129
1.009001
1.008942
1.008043
1.006251
1.0056459999999998
1.006677
1.007269
1.007013
1.0058200000000002
1.00358
1.001973
1.003365
1.006101
1.007847
1.008636
1.008578
1.0076100000000001
1.005542
1.0045520000000001
1.005224
1.0055049999999999
1.0050430000000001
1.0038639999999999
1.0019120000000001
1.001228
1.003633
1.006749
1.008409
1.0086870000000001
1.007826
1.0058850000000001
1.0027760000000001
1.000756
1.000358
0.9994709999999999
0.9978370000000001
0.995597
0.9927379999999999
0.9916200000000001
0.993843
0.996757
0.998505
0.9991049999999999
0.998591
0.996943
0.994158
0.99246
0.992238
0.9913299999999999
0.9895
0.986858
0.9834579999999999
0.9821139999999999
0.9843299999999999
0.987203
0.9891270000000001
0.990183
0.990399
0.98961
0.989663
0.990812
0.99111
0.9904629999999999
0.989038
0.98685
0.9846940000000001
0.985627
0.9886809999999999
0.9905719999999999
0.9914569999999999
0.991626
0.991123
0.9898969999999999
0.9898969999999999
0.991381
0.9922780000000001
0.992274
0.9913879999999999
0.989606
0.988217
0.989834
0.993014
0.9949620000000001
0.995785
0.995663
0.994692
0.9929030000000001
0.992366
0.9934299999999999
0.9940620000000001
0.994002
0.993252
0.9916860000000001
0.990956
0.9931260000000001
0.996323
0.9983290000000001
0.999188
0.998999
0.9977309999999999
0.995216
0.993533
0.9932840000000001
0.992575
0.991122
0.988959
0.986065
0.9842049999999999
0.9854139999999999
0.987683
0.988758
0.9887940000000001
0.988043
0.9864620000000001
0.983801
0.98215
0.981978
0.981202
0.9795959999999999
0.97736
0.974514
0.97344
0.9757379999999999
0.9788479999999999
0.981036
0.982319
0.9826889999999999
0.9819760000000001
0.982043
0.9833299999999999
0.984016
0.9839
0.983109
0.981632
0.9797020000000001
0.9807319999999999
0.9844129999999999
0.987124
0.9888030000000001
0.9896379999999999
0.9896520000000001
0.9887090000000001
0.988605
0.989634
0.9898889999999999
0.9891790000000001
0.987717
0.98551
0.983042
0.9835020000000001
0.986225
0.9878299999999999
0.9884440000000001
0.9884069999999999
0.9877870000000001
0.986427
0.986237
0.9875440000000001
0.988302
0.9881489999999999
0.9870479999999999
0.984977
0.9832420000000001
0.9845290000000001
0.987467
0.9892719999999999
0.990075
0.9900479999999999
0.989165
0.98734
0.9865219999999999
0.98708
0.987102
0.9863569999999999
0.984873
0.9825280000000001
0.9803290000000001
0.9809629999999999
0.9832799999999999
0.9845520000000001
0.9848879999999999
0.9843870000000001
0.982994
0.9805309999999999
0.97896
0.9787899999999999
0.978248
0.9771620000000001
0.9755379999999999
0.973301
0.972253
0.9744219999999999
0.977772
0.9800479999999999
0.981243
0.9814370000000001
0.980651
0.980721
0.9819120000000001
0.9824219999999999
0.98209
0.9810110000000001
0.979247
0.9768209999999999
0.9774149999999999
0.981146
0.98413
0.9861469999999999
0.987273
0.9874299999999999
0.986467
0.9861629999999999
0.9869870000000001
0.987266
0.986748
0.9854719999999999
0.983433
0.9804729999999999
0.9804120000000001
0.983475
0.985749
0.987173
0.987917
0.9880200000000001
0.987341
0.9876219999999999
0.989131
0.9899450000000001
0.989807
0.988866
0.9871469999999999
0.985057
0.9859690000000001
0.989426
0.991914
0.993469
0.9943639999999999
0.9946020000000001
0.993942
0.994137
0.995539
0.9962799999999999
0.99605
0.9948620000000001
0.992655
0.989783
0.9898870000000001
0.9926860000000001
0.994516
0.995343
0.995273
0.9942030000000001
0.992008
0.9907239999999999
0.9908379999999999
0.9904850000000001
0.9894299999999999
0.98772
0.9852540000000001
0.9828180000000001
0.98334
0.985927
0.9876020000000001
0.988398
0.988331
0.987291
0.985166
0.983908
0.9840129999999999
0.983769
0.9830059999999999
0.9817049999999999
0.9797610000000001
0.978137
0.979683
0.983259
0.9857530000000001
0.987087
0.987382
0.986714
0.985022
0.984243
0.984877
0.985092
0.984548
0.983248
0.981258
0.979765
0.98157
0.985492
0.988575
0.990713
0.991878
0.991928
0.9925510000000001
0.994081
0.994893
0.9948379999999999
0.9939790000000001
0.9923639999999999
0.9899680000000001
0.989886
0.992878
0.995766
0.997776
0.998941
0.999259
0.998657
0.996967
0.996129
0.99654
0.9962190000000001
0.9949319999999999
0.9928440000000001
0.9899110000000001
0.987764
0.9887379999999999
0.991058
0.9922979999999999
0.9925450000000001
0.992023
0.990732
0.9904700000000001
0.9915809999999999
0.992207
0.9919819999999999
0.990843
0.9887309999999999
0.9856469999999999
0.9852559999999999
0.987916
0.989821
0.990542
0.9902350000000001
0.9889120000000001
0.986497
0.984816
0.984325
0.9833790000000001
0.9818020000000001
0.979743
0.977217
0.9740219999999999
0.973668
0.9763200000000001
0.9781200000000001
0.978879
0.9788129999999999
0.9779760000000001
0.9763440000000001
0.975822
0.9767370000000001
0.977234
0.9771770000000001
0.9766790000000001
0.975672
0.9750409999999999
0.9775719999999999
0.982136
0.9856459999999999
0.98808
0.9895309999999999
0.9899969999999999
0.989442
0.98974
0.991223
0.9920530000000001
0.992016
0.991173
0.989532
0.987792
0.9891190000000001
0.9927299999999999
0.995258
0.9966809999999999
0.997077
0.996339
0.9942790000000001
0.9929110000000001
0.9928520000000001
0.992302
0.99095
0.9887969999999999
0.985821
0.983146
0.9835020000000001
0.9857670000000001
0.9871989999999999
0.9878290000000001
0.9877360000000001
0.98685
0.986835
0.987873
0.988135
0.9873870000000001
0.985786
0.9835200000000001
0.980605
0.9796290000000001
0.981707
0.9840780000000001
0.985509
0.986085
0.985966
0.985166
0.9852719999999999
0.9865780000000001
0.987511
0.9878520000000001
0.9875790000000001
0.986563
0.9845229999999999
0.983815
0.985876
0.988237
0.9895860000000001
0.9901040000000001
0.9899190000000001
0.988958
0.989014
0.990532
0.991785
0.9924370000000001
0.992449
0.991727
0.9900370000000001
0.9908239999999999
0.994375
0.9970479999999999
0.998698
0.999508
0.999359
0.9980399999999999
0.997347
0.9976889999999999
0.9973850000000001
0.9963860000000001
0.994877
0.992823
0.990027
0.990208
0.9934879999999999
0.99582
0.996943
0.996925
0.9957739999999999
0.993503
0.9920260000000001
0.9917879999999999
0.9910889999999999
0.989711
0.987626
0.984773
0.981369
0.9811610000000001
0.9840559999999999
0.986294
0.9878309999999999
0.988721
0.988807
0.98785
0.987583
0.988416
0.988691
0.988226
0.9870469999999999
0.985136
0.9825790000000001
0.983033
0.9864350000000001
0.9890530000000001
0.9908520000000001
0.9919049999999999
0.9921639999999999
0.9932479999999999
0.9954059999999999
0.9969680000000001
0.997664
0.9975430000000001
0.9966809999999999
0.995
0.994008
0.995685
0.998361
0.9999790000000001
1.00064
1.0005600000000001
0.9998049999999999
0.998231
0.997626
0.998383
0.998668
0.9981459999999999
0.9967600000000001
0.9943790000000001
0.991662
0.992072
0.995077
0.99729
0.998674
0.999295
0.99898
0.999387
1.0009219999999999
1.001963
1.002284
1.001914
1.000848
0.9989790000000001
0.998525
1.000845
1.00346
1.004897
1.005343
1.004888
1.003444
1.0026549999999999
1.002853
1.002433
1.0012379999999999
0.999439
0.9970680000000001
0.9939479999999999
0.9922280000000001
0.99356
0.995632
0.9967090000000001
0.9967950000000001
0.9959969999999999
0.994394
0.993783
0.994442
0.994606
0.994073
0.9929049999999999
0.991115
0.9887
0.988993
0.9925219999999999
0.995776
0.998135
0.999664
1.000268
0.9997510000000001
0.999757
1.000687
1.001023
1.000632
0.999584
0.997901
0.995453
0.995042
0.9976290000000001
1.000285
1.00211
1.003198
1.003533
1.0029549999999998
1.003132
1.004342
1.00478
1.00415
1.002536
1.000084
0.996801
0.996347
0.999129
1.001399
1.002794
1.003417
1.0032809999999999
1.0022719999999998
1.002168
1.003327
1.003955
1.00381
1.002909
1.0011809999999999
0.99851
0.99877
1.002163
1.004628
1.005924
1.00621
1.005519
1.003809
1.003001
1.003608
1.003894
1.0035399999999999
1.002527
1.000766
0.9980399999999999
0.997778
1.000376
1.002227
1.003075
1.003103
1.0022739999999999
1.000478
0.999509
0.999711
0.999318
0.9981979999999999
0.996533
0.9943569999999999
0.991657
0.992246
0.9960549999999999
0.998957
1.0007409999999999
1.001436
1.001026
0.9995280000000001
0.998868
0.999473
0.9996
0.999014
0.997714
0.9956649999999999
0.993187
0.9938739999999999
0.9973860000000001
0.9999709999999999
1.001579
1.002316
1.002106
1.002553
1.003949
1.004713
1.0046469999999998
1.003727
1.0019360000000002
0.999275
0.997801
0.9992479999999999
1.001576
1.0030459999999999
1.003652
1.0033889999999999
1.002208
1.001781
1.002373
1.002308
1.0014129999999999
0.999876
0.9978670000000001
0.995293
0.994441
0.9965959999999999
0.999137
1.000566
1.00098
1.000613
0.9995799999999999
0.99965
1.001164
1.002405
1.003033
1.0029430000000001
1.001994
0.999976
0.999653
1.002206
1.004842
1.006561
1.007515
1.0077129999999999
1.00694
1.006834
1.007785
1.008147
1.0077
1.00654
1.004718
1.002108
1.001547
1.003914
1.00616
1.007401
1.007724
1.0070350000000001
1.005177
1.004014
1.004025
1.003559
1.002546
1.001121
0.999181
0.9964649999999999
0.996492
0.999551
1.0018340000000001
1.002999
1.003167
1.002401
1.000736
1.0000200000000001
1.0006059999999999
1.000742
1.000175
0.9988819999999999
0.996812
0.9939459999999999
0.9939469999999999
0.997265
1.000214
1.002365
1.003707
1.004066
1.003211
1.002881
1.003555
1.003688
1.0031370000000002
1.001933
1.000051
0.997343
0.99739
1.0004950000000001
1.002924
1.00445
1.005199
1.005168
1.0042719999999998
1.004349
1.005724
1.006469
1.006261
1.0051780000000001
1.00319
1.0002719999999998
1.000209
1.003059
1.004991
1.005998
1.006318
1.005982
1.004793
1.004501
1.005455
1.005809
1.005255
1.003789
1.001371
0.998143
0.9979899999999999
1.000853
1.002751
1.003579
1.003442
1.002275
1.000009
0.998697
0.9989299999999999
0.998941
0.998448
0.997426
0.995712
0.9933639999999999
0.9938469999999999
0.9968379999999999
0.99864
0.999365
0.9992549999999999
0.9983190000000001
0.99828
0.999408
0.999935
0.999618
0.9985809999999999
0.9969
0.9945309999999999
0.993614
0.995785
0.998755
1.0007270000000001
1.001654
1.001591
1.000592
1.0003540000000002
1.001097
1.0011450000000002
1.0003959999999998
0.9990180000000001
0.997086
0.994582
0.9940459999999999
0.996603
0.9994430000000001
1.001249
1.002124
1.002122
1.001166
1.000992
1.0019850000000001
1.002518
1.0023790000000001
1.001562
1.000042
0.997668
0.9974639999999999
1.000154
1.002625
1.004317
1.0053940000000001
1.005835
1.0054319999999999
1.005759
1.0070059999999998
1.0073530000000002
1.006565
1.0048190000000001
1.002332
0.999102
0.998368
1.000809
1.00301
1.00423
1.0045469999999999
1.004002
1.002491
1.001792
1.002321
1.002376
1.0017280000000002
1.000368
0.9981700000000001
0.9949790000000001
0.994641
0.9973870000000001
0.999251
1.000099
1.000163
0.9994770000000001
0.9979379999999999
0.997426
0.998367
0.9989120000000001
0.9987219999999999
0.9977959999999999
0.9960709999999999
0.993359
0.9934139999999999
0.9964270000000001
0.998531
0.9997219999999999
1.00016
0.999763
0.9983879999999999
0.997827
0.998453
0.9985459999999999
0.9979979999999999
0.996966
0.9954200000000001
0.993257
0.994231
0.9982559999999999
1.0012159999999999
1.0029620000000001
1.0036889999999998
1.003539
1.002465
1.0022950000000002
1.003427
1.004068
1.003937
1.003047
1.001434
0.9994069999999999
1.000516
1.004432
1.007423
1.00945
1.010583
1.010689
1.0095399999999999
1.009019
1.009652
1.009658
1.008804
1.007203
1.004872
1.002092
1.002421
1.005625
1.008039
1.009528
1.01015
1.009841
1.008417
1.007716
1.008135
1.007832
1.006623
1.004693
1.002049
0.9989379999999999
0.998885
1.0015379999999998
1.003166
1.0037479999999999
1.003517
1.0025190000000002
1.002441
1.003576
1.004225
1.0040950000000002
1.00315
1.001334
0.998626
0.997187
0.9987530000000001
1.001103
1.002418
1.002777
1.002257
1.000851
1.00034
1.001107
1.0014809999999998
1.001242
1.000486
0.9992139999999999
0.9972340000000001
0.996956
0.999524
1.002248
1.003951
1.004789
1.004824
1.004034
1.0042
1.0056100000000001
1.006507
1.006772
1.006533
1.005754
1.0042719999999998
1.0052860000000001
1.009277
1.0127110000000001
1.014942
1.016065
1.016125
1.015118
1.01485
1.0156459999999998
1.015762
1.014995
1.013412
1.011051
1.0078989999999999
1.0074450000000001
1.010161
1.012425
1.013743
1.0141790000000002
1.0136379999999998
1.011896
1.010679
1.010412
1.0094809999999999
1.00777
1.005355
1.002249
0.9983299999999999
0.997366
0.999524
1.000926
1.001547
1.0015479999999999
1.000898
0.999433
0.9969389999999999
0.99331
0.98854
0.9826819999999999
0.978851
0.9776030000000001
0.975792
0.972767
0.9686549999999999
0.9683299999999999
0.9722139999999999
0.975504
0.9777870000000001
0.9790620000000001
0.9791489999999999
0.9779709999999999
0.975535
0.9717450000000001
0.9694520000000001
0.968966
0.967275
0.964274
0.9604469999999999
0.959952
0.9637399999999999
0.967492
0.969716
0.970252
0.969189
0.966583
0.9623440000000001
0.956469
0.952016
0.94963
0.946543
0.942469
0.937631
0.936112
0.9386690000000001
0.9408280000000001
0.9413520000000001
0.9404450000000001
0.938477
0.9356760000000001
0.932085
0.9276719999999999
0.925325
0.925474
0.9251969999999999
0.924059
0.921999
0.923269
0.927976
0.9313629999999999
0.933125
0.933668
0.9332799999999999
0.932067
0.9299069999999999
0.92655
0.924691
0.924984
0.9248629999999999
0.923908
0.922016
0.922761
0.926737
0.9297139999999999
0.9306260000000001
0.9297350000000001
0.9273600000000001
0.923693
0.9186790000000001
0.912214
0.9073620000000001
0.9048280000000001
0.901867
0.8982100000000001
0.894486
0.8947219999999999
0.8981629999999999
0.900266
0.900898
0.900264
0.898373
0.895042
0.889991
0.886033
0.883898
0.8810450000000001
0.8773139999999999
0.872915
0.872243
0.8753219999999999
0.877452
0.8783030000000001
0.8779889999999999
0.8766120000000001
0.8742139999999999
0.870664
0.865751
0.862226
0.8607440000000001
0.858821
0.856245
0.853367
0.8539399999999999
0.8571639999999999
0.8584809999999999
0.8579459999999999
0.856203
0.8537239999999999
0.850619
0.8467969999999999
0.842225
0.8399540000000001
0.840467
0.8406809999999999
0.8399540000000001
0.8397870000000001
0.842867
0.847355
0.8502129999999999
0.8515780000000001
0.851878
0.8512930000000001
0.8496879999999999
0.846836
0.8426370000000001
0.840258
0.840456
0.84036
0.8394440000000001
0.839575
0.843267
0.848311
0.851748
0.8536090000000001
0.8542489999999999
0.853736
0.8518309999999999
0.8482959999999999
0.843068
0.83944
0.838268
0.8366290000000001
0.833945
0.8323530000000001
0.8342860000000001
0.837471
0.839359
0.840036
0.8396549999999999
0.838123
0.835282
0.831073
0.828342
0.827551
0.8259200000000001
0.8230799999999999
0.8199559999999999
0.820169
0.822925
0.8245319999999999
0.8249620000000001
0.8244309999999999
0.822982
0.820516
0.816879
0.8119810000000001
0.808665
0.8076949999999999
0.806502
0.80447
0.802485
0.803751
0.807085
0.8089729999999999
0.8094520000000001
0.808864
0.807438
0.805254
0.802267
0.798417
0.7965270000000001
0.7969729999999999
0.796696
0.795086
0.794321
0.7968970000000001
0.8006479999999999
0.803096
0.804417
0.8049390000000001
0.804794
0.803841
0.801795
0.801248
0.802596
0.803048
0.802177
0.801057
0.803007
0.807001
0.809629
0.810932
0.811091
0.810129
0.808024
0.804685
0.800093
0.797219
0.79672
0.795899
0.794319
0.79356
0.796237
0.80043
0.802986
0.803829
0.803194
0.801305
0.7983210000000001
0.7942359999999999
0.7890229999999999
0.785569
0.7843979999999999
0.7827850000000001
0.780415
0.779241
0.781805
0.786148
0.789501
0.791806
0.793181
0.7935479999999999
0.7926
0.78997
0.7880510000000001
0.787424
0.7857770000000001
0.782864
0.779004
0.7783640000000001
0.7810600000000001
0.783085
0.784353
0.785039
0.785254
0.784942
0.783831
0.781574
0.780512
0.78099
0.780502
0.778774
0.776879
0.7779699999999999
0.780943
0.7824909999999999
0.782904
0.782746
0.782285
0.781461
0.7800560000000001
0.777895
0.777565
0.779391
0.78055
0.780496
0.780723
0.783988
0.788712
0.791954
0.793717
0.794287
0.793794
0.7921779999999999
0.7893100000000001
0.78515
0.7824939999999999
0.782022
0.781216
0.7796
0.7786489999999999
0.78118
0.7854899999999999
0.788366
0.789755
0.789971
0.789094
0.786935
0.783291
0.780633
0.7795380000000001
0.7777689999999999
0.775125
0.7720739999999999
0.7724409999999999
0.775965
0.7787569999999999
0.7807109999999999
0.781943
0.7823899999999999
0.781837
0.780068
0.776964
0.7749050000000001
0.77437
0.773148
0.771038
0.768504
0.7695
0.773702
0.776948
0.779111
0.7804180000000001
0.780908
0.780436
0.778803
0.775918
0.7743939999999999
0.774887
0.774992
0.774173
0.773008
0.775034
0.779641
0.783181
0.7856390000000001
0.7872399999999999
0.788028
0.787842
0.786362
0.783321
0.781275
0.7807729999999999
0.779341
0.776708
0.774369
0.775699
0.779562
0.782648
0.784838
0.78623
0.786791
0.786291
0.7844260000000001
0.783523
0.7840689999999999
0.7837609999999999
0.782335
0.77987
0.780393
0.7840060000000001
0.7865439999999999
0.787937
0.788412
0.788022
0.78676
0.784547
0.7813100000000001
0.779485
0.779615
0.7794439999999999
0.778612
0.777039
0.778618
0.783334
0.78677
0.7886029999999999
0.789032
0.7882560000000001
0.786399
0.783411
0.779262
0.776483
0.77568
0.774671
0.773245
0.771717
0.7739
0.779435
0.784043
0.7874479999999999
0.789742
0.790892
0.79069
0.788921
0.785574
0.783187
0.7823220000000001
0.7807529999999999
0.778245
0.7753369999999999
0.776105
0.78033
0.78388
0.786556
0.788519
0.789754
0.790004
0.7889
0.786169
0.784284
0.783852
0.7826420000000001
0.780379
0.77787
0.778692
0.78215
0.784606
0.7860659999999999
0.7867649999999999
0.786748
0.785939
0.7841739999999999
0.7836989999999999
0.7849430000000001
0.7856529999999999
0.785509
0.784457
0.785604
0.789808
0.793669
0.7960729999999999
0.797078
0.796786
0.7952859999999999
0.7926989999999999
0.789075
0.786752
0.786371
0.785935
0.785151
0.783937
0.785287
0.7897930000000001
0.793896
0.796637
0.798198
0.7986270000000001
0.797841
0.795758
0.792428
0.790403
0.7902859999999999
0.789821
0.788658
0.7868310000000001
0.7879510000000001
0.792442
0.796419
0.799247
0.801079
0.802033
0.802106
0.801056
0.798619
0.797154
0.7972239999999999
0.7966489999999999
0.795192
0.792917
0.79346
0.797405
0.800918
0.803268
0.804556
0.8048420000000001
0.8040189999999999
0.8018609999999999
0.7983020000000001
0.796007
0.795636
0.794863
0.793303
0.790864
0.791561
0.795605
0.7987350000000001
0.800682
0.8016260000000001
0.8016399999999999
0.800654
0.798517
0.795112
0.792892
0.792462
0.791674
0.790223
0.787974
0.788938
0.793218
0.7965300000000001
0.798769
0.8001590000000001
0.800701
0.8002739999999999
0.798755
0.796092
0.794732
0.795146
0.794938
0.7936380000000001
0.791223
0.7918109999999999
0.795668
0.798562
0.800266
0.801057
0.801074
0.8003600000000001
0.798845
0.796443
0.795651
0.796912
0.797669
0.7973640000000001
0.795892
0.797377
0.8018529999999999
0.804977
0.806746
0.807449
0.807176
0.805913
0.803547
0.8000550000000001
0.798137
0.798425
0.7984829999999999
0.797867
0.796567
0.798618
0.803895
0.807872
0.810214
0.811077
0.810674
0.809049
0.806063
0.801665
0.798505
0.797289
0.79581
0.793762
0.791193
0.792129
0.796501
0.799945
0.8022020000000001
0.803358
0.803396
0.802177
0.799574
0.797929
0.797715
0.796711
0.7946810000000001
0.791747
0.790622
0.7928430000000001
0.7957770000000001
0.797921
0.799353
0.8001739999999999
0.8003140000000001
0.799584
0.7977449999999999
0.79694
0.797565
0.797479
0.796492
0.794643
0.7948149999999999
0.798021
0.801044
0.80271
0.803384
0.803392
0.802791
0.801506
0.799445
0.79894
0.800375
0.801308
0.801225
0.8000619999999999
0.801344
0.805702
0.809355
0.8115319999999999
0.812525
0.812609
0.8118770000000001
0.81017
0.80724
0.805427
0.805309
0.804693
0.80324
0.800916
0.80123
0.804759
0.8077529999999999
0.809561
0.8103819999999999
0.8102699999999999
0.809144
0.8067989999999999
0.8031050000000001
0.800621
0.8000149999999999
0.7990520000000001
0.7974100000000001
0.795034
0.795626
0.799496
0.802611
0.804524
0.805527
0.805864
0.805505
0.8041659999999999
0.801628
0.800309
0.8008029999999999
0.800925
0.800342
0.798936
0.800315
0.804988
0.80908
0.81198
0.813826
0.81462
0.814189
0.812383
0.809276
0.807463
0.807528
0.8072050000000001
0.806111
0.8042050000000001
0.805372
0.810066
0.814213
0.817276
0.81939
0.820521
0.8204739999999999
0.819014
0.816006
0.813942
0.8134319999999999
0.812268
0.810139
0.8070430000000001
0.807052
0.810599
0.8135680000000001
0.815649
0.817042
0.8177180000000001
0.817498
0.816135
0.813433
0.811823
0.811776
0.810858
0.808728
0.8055479999999999
0.805407
0.80862
0.8109810000000001
0.812103
0.812272
0.811705
0.810413
0.808229
0.805036
0.803363
0.803722
0.803638
0.802605
0.800489
0.80143
0.8055220000000001
0.808412
0.8099649999999999
0.810361
0.809725
0.808056
0.805289
0.8014760000000001
0.7992859999999999
0.799301
0.799138
0.7984060000000001
0.797397
0.799895
0.805441
0.809772
0.812689
0.814439
0.815079
0.8144359999999999
0.8123100000000001
0.808674
0.8063100000000001
0.8059810000000001
0.80534
0.804006
0.802506
0.804631
0.809832
0.8140029999999999
0.8169109999999999
0.8186439999999999
0.819152
0.818343
0.816176
0.812613
0.810303
0.809836
0.808739
0.806682
0.804387
0.805693
0.8100350000000001
0.813431
0.815729
0.817046
0.8173600000000001
0.8165359999999999
0.8143779999999999
0.810754
0.808368
0.807926
0.806978
0.805086
0.8028029999999999
0.803886
0.807805
0.810643
0.812308
0.812967
0.8126899999999999
0.811426
0.809025
0.805389
0.80314
0.80277
0.80179
0.799926
0.79788
0.799211
0.803183
0.80592
0.807399
0.807934
0.807632
0.806373
0.803984
0.800409
0.798363
0.798369
0.797819
0.796243
0.794586
0.796245
0.800321
0.803239
0.804852
0.805366
0.804879
0.803369
0.800806
0.7997029999999999
0.8005680000000001
0.801025
0.800711
0.799556
0.8012279999999999
0.805999
0.8097949999999999
0.81212
0.813242
0.813319
0.812314
0.810138
0.806756
0.804768
0.804872
0.80481
0.8042050000000001
0.802978
0.805087
0.810526
0.814779
0.8174600000000001
0.818743
0.818713
0.8174140000000001
0.814932
0.811337
0.8092550000000001
0.809249
0.808891
0.80784
0.80624
0.808172
0.8134779999999999
0.817734
0.82078
0.82281
0.8238610000000001
0.823784
0.8222889999999999
0.819146
0.8169270000000001
0.81633
0.8150310000000001
0.812657
0.8092550000000001
0.809021
0.812264
0.8147949999999999
0.816396
0.817263
0.817454
0.816823
0.815082
0.812014
0.810161
0.809992
0.809046
0.807055
0.804286
0.804664
0.807971
0.810082
0.811059
0.8113020000000001
0.810972
0.809986
0.808167
0.805419
0.804342
0.805392
0.805951
0.805477
0.804167
0.805908
0.810493
0.813823
0.815757
0.816547
0.8163100000000001
0.815044
0.812742
0.8094359999999999
0.8078310000000001
0.808505
0.808912
0.808528
0.8077
0.81016
0.8153630000000001
0.819149
0.8214049999999999
0.822464
0.822441
0.821234
0.818713
0.814807
0.8122739999999999
0.811817
0.810947
0.80923
0.807379
0.8091149999999999
0.813765
0.817397
0.819818
0.821111
0.821314
0.82044
0.818337
0.814796
0.8124180000000001
0.811802
0.8105479999999999
0.8084100000000001
0.806056
0.807239
0.811379
0.8145060000000001
0.816491
0.817461
0.817407
0.8162010000000001
0.813649
0.809713
0.807184
0.806645
0.8055220000000001
0.8034220000000001
0.80107
0.802189
0.806189
0.80921
0.811133
0.8121619999999999
0.8123319999999999
0.811488
0.809404
0.805951
0.803806
0.803474
0.8024180000000001
0.800391
0.798563
0.800295
0.804505
0.8075829999999999
0.809447
0.810383
0.810485
0.809617
0.8075869999999999
0.804277
0.802419
0.802543
0.801963
0.800183
0.798608
0.800512
0.804565
0.807349
0.808735
0.8089770000000001
0.808279
0.806689
0.8040729999999999
0.800269
0.798037
0.79797
0.797401
0.79585
0.794879
0.797287
0.8013239999999999
0.8039310000000001
0.805175
0.8052819999999999
0.804284
0.802136
0.798758
0.7967420000000001
0.796708
0.7963020000000001
0.795257
0.793852
0.796006
0.801419
0.8057300000000001
0.8086300000000001
0.810172
0.81035
0.809174
0.806688
0.802848
0.800172
0.799289
0.7979510000000001
0.79596
0.793818
0.795457
0.8003939999999999
0.804287
0.806933
0.808533
0.8091659999999999
0.808708
0.8069149999999999
0.803709
0.801871
0.801975
0.8014100000000001
0.799737
0.797775
0.799245
0.8034859999999999
0.8066800000000001
0.808735
0.80992
0.8103779999999999
0.809991
0.810666
0.812549
0.8133779999999999
0.812843
0.811131
0.809766
0.811298
0.814339
0.816236
0.816952
0.816657
0.8155319999999999
0.815416
0.816634
0.8174170000000001
0.817437
0.8167939999999999
0.81563
0.815499
0.818341
0.82229
0.824844
0.825958
0.8258770000000001
0.8248209999999999
0.8245399999999999
0.8254739999999999
0.82625
0.8268040000000001
0.827283
0.827693
0.828047
0.8314799999999999
0.837599
0.8425290000000001
0.8459270000000001
0.8479459999999999
0.8489260000000001
0.8492639999999999
0.8505959999999999
0.853018
0.854823
0.855723
0.8559
0.8555510000000001
0.854621
0.856397
0.860823
0.86425
0.866656
0.86831
0.869325
0.8695950000000001
0.870445
0.8720129999999999
0.8727440000000001
0.872418
0.871139
0.86906
0.866849
0.867337
0.869885
0.871591
0.872656
0.8734290000000001
0.873967
0.873985
0.874818
0.876597
0.8776139999999999
0.8777290000000001
0.8772139999999999
0.876144
0.874978
0.876388
0.879719
0.882167
0.8839670000000001
0.885439
0.886544
0.888451
0.891225
0.89345
0.8950020000000001
0.896022
0.896523
0.8962959999999999
0.89602
0.898175
0.90194
0.90481
0.906904
0.9083969999999999
0.909248
0.910731
0.913162
0.9153700000000001
0.9172620000000001
0.9188940000000001
0.92011
0.920525
0.9203100000000001
0.9223389999999999
0.9262540000000001
0.929278
0.9316690000000001
0.933628
0.935024
0.935643
0.936948
0.9392469999999999
0.941077
0.942263
0.942745
0.9423299999999999
0.9408559999999999
0.941214
0.9446110000000001
0.9482940000000001
0.9511799999999999
0.9531850000000001
0.9542229999999999
0.954105
0.954284
0.955159
0.955357
0.9546959999999999
0.953233
0.95105
0.948142
0.946666
0.9483520000000001
0.9510870000000001
0.953075
0.954082
0.9539209999999999
0.952449
0.951306
0.951089
0.9504530000000001
0.949132
0.9471280000000001
0.944443
0.9410459999999999
0.939257
0.940943
0.94395
0.946469
0.948351
0.949501
0.951154
0.953512
0.955253
0.956232
0.9565889999999999
0.9563510000000001
0.9554440000000001
0.9538280000000001
0.954773
0.958786
0.962533
0.9655219999999999
0.96783
0.969408
0.971535
0.974542
0.9771770000000001
0.979107
0.980211
0.9803930000000001
0.979627
0.9779700000000001
0.97872
0.982489
0.985994
0.988627
0.9904
0.99135
0.9915290000000001
0.992584
0.9947969999999999
0.996532
0.997502
0.9977
0.997092
0.99561
0.9958530000000001
0.999345
1.003474
1.006623
1.008664
1.009563
1.009221
1.009279
1.010243
1.010681
1.0103719999999998
1.009391
1.00784
1.005672
1.004436
1.006099
1.008797
1.010277
1.010604
1.009881
1.0080770000000001
1.00681
1.006485
1.005611
1.0040360000000002
1.001998
0.999617
0.9968049999999999
0.9949479999999999
0.996315
0.999309
1.0013889999999999
1.002457
1.0025309999999998
1.001603
1.001375
1.002269
1.002793
1.002774
1.002277
1.0012729999999999
0.999663
0.99897
1.001399
1.005323
1.008422
1.0106600000000001
1.012031
1.012417
1.0133459999999999
1.015202
1.0166
1.0173649999999999
1.017457
1.016809
1.015323
1.014441
1.0164090000000001
1.019766
1.022246
1.02381
1.024456
1.02411
1.024462
1.0258610000000001
1.0266629999999999
1.026619
1.025827
1.024424
1.022355
1.0214809999999999
1.023598
1.0266170000000001
1.0285229999999999
1.029306
1.029132
1.028091
1.026152
1.025342
1.0261639999999999
1.0267110000000002
1.026583
1.025669
1.02388
1.0214729999999999
1.022168
1.025686
1.028135
1.02947
1.0298370000000001
1.0292290000000002
1.027663
1.0272270000000001
1.028337
1.028982
1.0287959999999998
1.027776
1.025862
1.022921
1.022633
1.02532
1.027218
1.028066
1.027945
1.026878
1.0248190000000001
1.023671
1.0238909999999999
1.0237690000000002
1.023115
1.021924
1.020133
1.017608
1.0180069999999999
1.021423
1.0238200000000002
1.025016
1.02535
1.02495
1.023719
1.023592
1.024991
1.025973
1.026211
1.025794
1.024765
1.022995
1.024262
1.028591
1.03191
1.0340850000000001
1.035196
1.03521
1.034081
1.033859
1.0349760000000001
1.035517
1.03525
1.03424
1.032409
1.0296290000000001
1.029892
1.033418
1.036094
1.037757
1.038571
1.0384950000000002
1.0373290000000002
1.036959
1.0377299999999998
1.03772
1.0367620000000002
1.0349540000000002
1.03226
1.0287979999999999
1.028355
1.0308030000000001
1.0322770000000001
1.032882
1.032851
1.032153
1.030635
1.030196
1.031109
1.031309
1.03044
1.028585
1.0258610000000001
1.0224600000000001
1.022044
1.024416
1.025742
1.026018
1.025457
1.024182
1.022153
1.0212709999999998
1.021899
1.022124
1.021651
1.020438
1.018349
1.015641
1.01585
1.018704
1.0205899999999999
1.0214860000000001
1.021572
1.020835
1.019089
1.018333
1.019115
1.019558
1.019379
1.018602
1.017169
1.015883
1.017695
1.02157
1.0242639999999998
1.025803
1.026419
1.026098
1.0246469999999999
1.024118
1.0249409999999999
1.0250629999999998
1.024249
1.022672
1.020374
1.0185790000000001
1.020059
1.023492
1.0259260000000001
1.027295
1.027619
1.0268389999999998
1.024916
1.023967
1.024363
1.024026
1.022718
1.020522
1.01747
1.015048
1.0160049999999998
1.01885
1.020729
1.021655
1.0217
1.02073
1.018522
1.017103
1.016984
1.016303
1.014856
1.012677
1.009759
1.007534
1.008526
1.0112139999999998
1.013007
1.014
1.0142579999999999
1.0136889999999998
1.012103
1.011501
1.012242
1.012246
1.011309
1.009655
1.00732
1.005983
1.007915
1.0112809999999999
1.0136459999999998
1.0150700000000001
1.0157370000000001
1.015593
1.014364
1.014116
1.015328
1.015914
1.015547
1.014211
1.011816
1.0105950000000001
1.012583
1.015491
1.017291
1.0180870000000002
1.017958
1.016769
1.0144090000000001
1.013264
1.0139
1.014141
1.013679
1.012513
1.010477
1.0099639999999999
1.012464
1.015215
1.016572
1.016789
1.0160129999999998
1.014161
1.0132139999999998
1.013549
1.01322
1.0120879999999999
1.010397
1.00821
1.005845
1.006767
1.01047
1.013091
1.0144600000000001
1.014632
1.013517
1.011045
1.009283
1.008718
1.007551
1.005674
1.003239
1.000218
0.9972110000000001
0.997553
1.000538
1.002652
1.003898
1.004425
1.004178
1.002972
1.0027270000000001
1.003847
1.004459
1.004306
1.003312
1.001357
0.99976
1.0011290000000002
1.004108
1.006157
1.007433
1.0080040000000001
1.0077530000000001
1.006489
1.006209
1.007277
1.007625
1.006946
1.0053370000000001
1.002901
1.001354
1.002903
1.005695
1.00729
1.007663
1.006933
1.00521
1.002456
1.000902
1.001113
1.001026
1.000292
0.9988469999999999
0.996542
0.9957159999999999
0.997949
1.000751
1.002497
1.003275
1.003175
1.002103
0.999842
0.998605
0.999007
0.998992
0.9982469999999999
0.996828
0.9946879999999999
0.9940209999999999
0.9965129999999999
0.999685
1.001687
1.0027110000000001
1.002856
1.001949
0.9997950000000001
0.998609
0.998943
0.998792
0.997976
0.996527
0.9942620000000001
0.9933040000000001
0.9954729999999999
0.998408
1.000161
1.000801
1.000406
0.998977
0.998598
0.999677
1.000238
1.0000120000000001
0.99902
0.9971610000000001
0.99485
0.9956719999999999
0.9992610000000001
1.001976
1.0037639999999999
1.004735
1.004777
1.003692
1.003327
1.004001
1.003888
1.002966
1.001434
0.9992770000000001
0.997035
0.997899
1.0010940000000002
1.003174
1.004262
1.0045549999999999
1.004041
1.002666
1.0024680000000001
1.003796
1.004558
1.004345
1.00304
1.0005629999999999
0.998183
0.998682
1.000802
1.001781
1.001776
1.0009629999999998
0.9993850000000001
0.9970040000000001
0.995807
0.996135
0.9959870000000001
0.995049
0.9932850000000001
0.9905940000000001
0.9883629999999999
0.989109
0.991405
0.992667
0.992834
0.9919540000000001
0.9900129999999999
0.9869110000000001
0.984814
0.984376
0.983726
0.9825809999999999
0.980936
0.97872
0.977927
0.980317
0.983576
0.985651
0.9866469999999999
0.9867889999999999
0.9860639999999999
0.98631
0.987827
0.9886809999999999
0.9885709999999999
0.987613
0.9860059999999999
0.983986
0.985187
0.989459
0.9929459999999999
0.995517
0.997229
0.9979950000000001
0.997627
0.9979520000000001
0.9994120000000001
1.000227
1.000182
0.999397
0.9978629999999999
0.995668
0.9963770000000001
0.9998049999999999
1.002203
1.003574
1.004186
1.004127
1.003267
1.0013670000000001
1.00058
1.001291
1.001284
1.0002879999999998
0.998303
0.995167
0.993834
0.995632
0.9975569999999999
0.9984790000000001
0.9986700000000001
0.9981690000000001
0.996715
0.9961129999999999
0.9966719999999999
0.996411
0.995033
0.992597
0.9891989999999999
0.985513
0.985044
0.987241
0.9884569999999999
0.98861
0.987784
0.985933
0.983028
0.9810059999999999
0.9802629999999999
0.9790260000000001
0.9771629999999999
0.974769
0.9717399999999999
0.968881
0.9690479999999999
0.971261
0.9725870000000001
0.9731209999999999
0.9730120000000001
0.9723040000000001
0.972841
0.974827
0.976377
0.977351
0.977858
0.977833
0.977144
0.979195
0.984159
0.988231
0.991025
0.992693
0.993331
0.993014
0.9916659999999999
0.991223
0.9921770000000001
0.9926959999999999
0.992519
0.9916809999999999
0.9901209999999999
0.989562
0.992122
0.995849
0.998439
0.9999110000000001
1.000299
0.9994280000000001
0.997014
0.995301
0.9949600000000001
0.993927
0.991871
0.988876
0.9849829999999999
0.9829110000000001
0.9841979999999999
0.986218
0.9875649999999999
0.988273
0.988236
0.9871409999999999
0.9865959999999999
0.9867870000000001
0.985836
0.983668
0.9806469999999999
0.97695
0.9725
0.971035
0.9727530000000001
0.973726
0.97377
0.9731049999999999
0.9717879999999999
0.9697
0.9685940000000001
0.968893
0.968929
0.96846
0.9674299999999999
0.965642
0.963259
0.9637680000000001
0.9668559999999999
0.968917
0.970031
0.97044
0.970152
0.97091
0.9731270000000001
0.975158
0.976727
0.977833
0.9784139999999999
0.978274
0.979865
0.98416
0.988309
0.991185
0.9930329999999999
0.993943
0.993798
0.9924360000000001
0.991732
0.992124
0.9918969999999999
0.990976
0.989466
0.987242
0.985758
0.987447
0.990642
0.992732
0.9937159999999999
0.99371
0.99272
0.9905649999999999
0.98929
0.9893350000000001
0.98864
0.9869030000000001
0.984203
0.980667
0.978519
0.979664
0.9819110000000001
0.9833290000000001
0.9839450000000001
0.9836790000000001
0.9822799999999999
0.981355
0.981251
0.9804350000000001
0.978866
0.976693
0.973984
0.9706540000000001
0.969527
0.971424
0.973324
0.974319
0.9744520000000001
0.973765
0.9722350000000001
0.9715809999999999
0.9721620000000001
0.972355
0.97195
0.9710120000000001
0.969569
0.9674389999999999
0.968052
0.971715
0.974733
0.9768
0.97811
0.9787889999999999
0.9787950000000001
0.9799030000000001
0.982424
0.9844860000000001
0.985727
0.986088
0.9854790000000001
0.984108
0.985678
0.990032
0.9933870000000001
0.99566
0.996985
0.9973069999999999
0.9964790000000001
0.996408
0.997568
0.9981389999999999
0.997822
0.996655
0.994605
0.9919030000000001
0.991978
0.9944370000000001
0.99566
0.9957739999999999
0.9950049999999999
0.9933280000000001
0.9906440000000001
0.988891
0.988453
0.987476
0.9858319999999999
0.983663
0.9809379999999999
0.978453
0.9791860000000001
0.982181
0.9841799999999999
0.985073
0.984901
0.983658
0.9831190000000001
0.9836280000000001
0.983556
0.982798
0.981497
0.979665
0.9772549999999999
0.976302
0.978448
0.981485
0.983606
0.984849
0.985244
0.984708
0.9847739999999999
0.985675
0.985873
0.9853040000000001
0.984079
0.9821469999999999
0.979369
0.9780399999999999
0.979577
0.981611
0.9828530000000001
0.983533
0.983758
0.9834379999999999
0.9842129999999999
0.986267
0.987721
0.988226
0.987833
0.9866459999999999
0.9845870000000001
0.984931
0.9881209999999999
0.9906889999999999
0.992224
0.9928870000000001
0.9927530000000001
0.9917729999999999
0.9916440000000001
0.992677
0.993182
0.9929709999999999
0.992088
0.9904459999999999
0.987807
0.98749
0.990107
0.9921770000000001
0.993174
0.993244
0.9923850000000001
0.9904069999999999
0.9891059999999999
0.9890399999999999
0.9886159999999999
0.987634
0.986133
0.984073
0.9812629999999999
0.9814290000000001
0.9846299999999999
0.986951
0.9884790000000001
0.9893780000000001
0.98949
0.9885780000000001
0.988416
0.989401
0.989836
0.989617
0.9888610000000001
0.987459
0.9851780000000001
0.985706
0.9893350000000001
0.992192
0.993986
0.9947819999999999
0.9945940000000001
0.993431
0.993125
0.9940950000000001
0.994664
0.994552
0.993654
0.991859
0.989131
0.989324
0.9927229999999999
0.995476
0.997374
0.998439
0.998508
0.997375
0.996843
0.9973850000000001
0.9973639999999999
0.9965930000000001
0.995108
0.992927
0.990152
0.99051
0.9939450000000001
0.996617
0.9984209999999999
0.999376
0.999387
1.000065
1.0016559999999999
1.0024819999999999
1.002294
1.001187
0.999302
0.9966459999999999
0.9947860000000001
0.995778
0.997957
0.999166
0.9994639999999999
0.9990629999999999
0.998025
0.9979180000000001
0.998959
0.9995290000000001
0.9993790000000001
0.9984799999999999
0.996733
0.9939629999999999
0.9920760000000001
0.993091
0.9951129999999999
0.996232
0.9965440000000001
0.9961639999999999
0.995025
0.994809
0.995959
0.996917
0.997439
0.997525
0.9971059999999999
0.9959399999999999
0.996333
0.99946
1.002643
1.0045870000000001
1.005514
1.00553
1.00454
1.004243
1.005007
1.005162
1.004515
1.003228
1.001386
0.998886
0.9983860000000001
1.001059
1.004049
1.006051
1.007024
1.006946
1.005766
1.00524
1.005665
1.005317
1.0040639999999998
1.002062
0.999397
0.9961129999999999
0.9955360000000001
0.998295
1.000926
1.002712
1.003711
1.003847
1.0029290000000002
1.002653
1.0034370000000001
1.0037120000000002
1.003314
1.002264
1.000525
0.997933
0.99746
0.9999180000000001
1.002241
1.003745
1.004573
1.0047409999999999
1.004129
1.004389
1.005794
1.006574
1.0064229999999998
1.0054040000000002
1.003622
1.001017
1.000679
1.003449
1.006102
1.007772
1.008514
1.008366
1.007254
1.006952
1.007868
1.008299
1.007995
1.0069489999999999
1.005079
1.002291
1.002209
1.005311
1.007847
1.009319
1.0098530000000001
1.009447
1.008006
1.007436
1.008211
1.008525
1.008041
1.006759
1.004643
1.001542
1.001072
1.003556
1.0052590000000001
1.00601
1.005986
1.005149
1.003399
1.00255
1.002944
1.002805
1.00199
1.000642
0.9987370000000001
0.996123
0.996607
1.000202
1.002721
1.003947
1.0039799999999999
1.002901
1.0008110000000001
0.9996959999999999
1.000009
1.000005
0.999425
0.998231
0.996348
0.9939709999999999
0.9947469999999999
0.998416
1.001132
1.002825
1.003592
1.003349
1.0037040000000002
1.004944
1.005496
1.005187
1.004038
1.002084
0.999368
0.997898
0.999467
1.0020950000000002
1.003963
1.0050379999999999
1.005287
1.00463
1.0047059999999999
1.00575
1.006057
1.005427
1.004032
1.002042
0.999383
0.998195
0.9999549999999999
1.002271
1.003536
1.003867
1.003517
1.0025979999999999
1.002869
1.004638
1.006137
1.006999
1.007103
1.006299
1.004368
1.004006
1.006453
1.008981
1.010521
1.0112219999999998
1.011109
1.009996
1.009552
1.010199
1.0103209999999998
1.009716
1.0084899999999999
1.006686
1.004154
1.003639
1.006047
1.0083739999999999
1.009671
1.0100209999999998
1.009334
1.007451
1.006211
1.006075
1.0053969999999999
1.0041
1.002328
1.000003
0.9969049999999999
0.9964629999999999
0.999135
1.001283
1.0024520000000001
1.002749
1.0022149999999999
1.000843
1.000427
1.001277
1.0016200000000002
1.001188
0.9999459999999999
0.9978440000000001
0.994872
0.99466
0.9977389999999999
1.0004979999999999
1.0024790000000001
1.003694
1.003999
1.003185
1.003003
1.003925
1.004392
1.004233
1.003444
1.001963
0.999604
0.9999030000000001
1.003179
1.005714
1.007256
1.007941
1.007778
1.006701
1.0065680000000001
1.007728
1.008276
1.007922
1.0067709999999999
1.0048059999999999
1.001951
1.002037
1.00515
1.0073590000000001
1.008609
1.009102
1.008845
1.0076379999999998
1.0072290000000002
1.007978
1.008061
1.007201
1.005417
1.0026950000000001
0.999116
0.998667
1.0013889999999999
1.003228
1.004078
1.0040440000000002
1.0030459999999999
1.000992
0.999892
1.0003
1.0004309999999998
0.9999819999999999
0.9989239999999999
0.9971049999999999
0.994491
0.994675
0.9974729999999999
0.999102
0.9996809999999999
0.9994540000000001
0.998434
0.998338
0.9994370000000001
0.999977
0.9997219999999999
0.998799
0.9972799999999999
0.9951129999999999
0.994368
0.9966950000000001
0.9998379999999999
1.0019280000000002
1.002899
1.002805
1.00171
1.001326
1.001893
1.0017610000000001
1.0008489999999999
0.999343
0.9973350000000001
0.9948170000000001
0.994367
0.99708
1.0001
1.002124
1.003239
1.003474
1.002722
1.0026950000000001
1.0037559999999999
1.004269
1.004025
1.003034
1.001296
0.9986889999999999
0.9982840000000001
1.000808
1.003134
1.004728
1.005763
1.006222
1.005892
1.006337
1.007736
1.008271
1.007795
1.006575
1.004704
1.002008
1.001651
1.004337
1.006699
1.008059
1.008618
1.00843
1.0072969999999999
1.006945
1.0078
1.008177
1.007855
1.00682
1.004941
1.00205
1.001865
1.0047469999999998
1.006913
1.0081579999999999
1.0086469999999998
1.008305
1.006996
1.006635
1.00768
1.008338
1.00835
1.007735
1.006366
1.003994
1.004129
1.0071940000000001
1.0095690000000002
1.011011
1.011655
1.011406
1.010119
1.009586
1.010213
1.010314
1.009747
1.008597
1.0068030000000001
1.004212
1.0043819999999999
1.007652
1.01021
1.0116040000000002
1.011963
1.0113860000000001
1.009818
1.00908
1.009591
1.009603
1.008851
1.007354
1.00516
1.002271
1.0025620000000002
1.006066
1.0087139999999999
1.010391
1.0111450000000002
1.010859
1.0093530000000002
1.008535
1.008965
1.008899
1.008074
1.0065600000000001
1.004353
1.001528
1.001822
1.005209
1.007837
1.0095610000000002
1.010442
1.010421
1.009328
1.008999
1.009807
1.00987
1.008976
1.007312
1.004921
1.002104
1.002398
1.005427
1.007433
1.008357
1.008418
1.007672
1.006017
1.005401
1.0062389999999999
1.006569
1.006022
1.004553
1.002057
0.999185
0.999317
1.001827
1.003305
1.003747
1.0032969999999999
1.001906
1.001316
1.001914
1.00205
1.001514
1.00037
0.998632
0.996201
0.9954149999999999
0.997482
0.999811
1.001097
1.001444
1.000841
0.9992200000000001
0.9983350000000001
0.9985450000000001
0.998224
0.997309
0.996006
0.9943040000000001
0.9919899999999999
0.991806
0.9946520000000001
0.9974459999999999
0.9991270000000001
0.9997790000000001
0.9995280000000001
0.99846
0.9984120000000001
0.999693
1.000518
1.00062
0.999967
0.998525
0.996283
0.996941
1.000744
1.003866
1.0060719999999999
1.007465
1.007931
1.007225
1.007058
1.00783
1.00791
1.00716
1.00566
1.0034379999999998
1.000357
1.000133
1.002912
1.00478
1.0056459999999998
1.005655
1.0048030000000001
1.002967
1.00197
1.002168
1.006371
1.054675
1.1370360000000002
1.211446
1.281724
1.347408
1.4007450000000001
1.413617
1.401337
1.396361
1.3949610000000001
1.399728
1.422679
1.479623
1.548096
1.6028950000000002
1.6472330000000002
1.677329
1.6824759999999999
1.6567580000000002
1.624051
1.608525
1.608373
1.622692
1.658637
1.7148240000000001
1.7700310000000001
1.8144099999999999
1.8486080000000003
1.8647470000000002
1.858482
1.836989
1.821375
1.8211950000000001
1.8337759999999999
1.861304
1.904337
1.952549
1.987902
2.008828
2.018793
2.012628
1.992227
1.969757
1.960325
1.967077
1.986722
2.018192
2.059507
2.099005
2.121642
2.1258619999999997
2.115624
2.093713
2.067279
2.048237
2.0448630000000003
2.059153
2.087278
2.121775
2.15406
2.173643
2.175198
2.162011
2.1397180000000002
2.1139189999999997
2.098088
2.100435
2.1175509999999997
2.144404
2.174976
2.203207
2.221549
2.224121
2.2111490000000003
2.192309
2.174573
2.160248
2.1555590000000002
2.164348
2.184221
2.208504
2.2305040000000003
2.245572
2.251888
2.246054
2.227979
2.204569
2.182464
2.167294
2.163014
2.1692099999999996
2.180519
2.194457
2.2056240000000003
2.204754
2.189245
2.161742
2.128781
2.097658
2.07397
2.063094
2.068015
2.082084
2.094938
2.100068
2.093534
2.074176
2.0441689999999997
2.008944
1.979084
1.960477
1.951864
1.9524970000000001
1.959124
1.965929
1.9668869999999998
1.958115
1.940877
1.918979
1.893975
1.868975
1.848899
1.8363200000000002
1.831102
1.8345740000000001
1.8426220000000002
1.8458259999999997
1.8396139999999999
1.82295
1.797451
1.76688
1.736415
1.7119099999999998
1.6990580000000002
1.696359
1.697746
1.698925
1.695211
1.68301
1.665312
1.6440419999999998
1.618157
1.591348
1.568096
1.551294
1.541302
1.540092
1.544841
1.547016
1.541941
1.528041
1.5060959999999999
1.478899
1.450431
1.428732
1.4169559999999999
1.4113950000000002
1.409853
1.409235
1.4063290000000002
1.40252
1.395332
1.379999
1.358663
1.3350090000000001
1.3127229999999999
1.294509
1.281312
1.27196
1.268377
1.2676100000000001
1.261469
1.24729
1.225722
1.203747
1.183877
1.164275
1.1476870000000001
1.13557
1.127385
1.1209930000000001
1.113299
1.1010719999999998
1.087124
1.071568
1.0504959999999999
1.02583
1.0062209999999998
0.99487
0.9873780000000001
0.982764
0.979447
0.974858
0.966513
0.952749
0.933025
0.908209
0.885207
0.86726
0.8516299999999999
0.842052
0.8409459999999999
0.843
0.8427540000000001
0.837973
0.827362
0.81088
0.789912
0.766725
0.7436619999999999
0.722522
0.709209
0.703939
0.701549
0.703433
0.705391
0.700916
0.6897340000000001
0.6733279999999999
0.654072
0.6347
0.617464
0.6032609999999999
0.591493
0.5859439999999999
0.584973
0.585897
0.5875020000000001
0.5837
0.5738880000000001
0.560341
0.545776
0.532569
0.52213
0.514285
0.507423
0.49918900000000005
0.487284
0.475943
0.46680600000000005
0.46002200000000004
0.454517
0.446406
0.43774700000000005
0.430277
0.424638
0.42026499999999994
0.415655
0.408775
0.39777399999999996
0.381585
0.366225
0.357498
0.353875
0.351627
0.348605
0.345752
0.343317
0.34079
0.337092
0.330832
0.320853
0.3067
0.288665
0.27371799999999996
0.26997
0.273434
0.277062
0.279273
0.279878
0.278391
0.274422
0.26769899999999996
0.258058
0.24573299999999998
0.23136199999999998
0.21563000000000002
0.205469
0.209416
0.22044
0.228696
0.23313899999999999
0.233539
0.23003400000000002
0.22342800000000002
0.214783
0.20497800000000002
0.194744
0.1845
0.174036
0.170095
0.179232
0.192504
0.200729
0.203528
0.201791
0.196936
0.19074100000000002
0.184592
0.179032
0.17388699999999999
0.168344
0.161045
0.158527
0.167152
0.178129
0.183597
0.184476
0.18265699999999999
0.179948
0.177802
0.17669200000000002
0.175947
0.174241
0.17005
0.161964
0.157343
0.163624
0.17287
0.17802
0.180421
0.181789
0.18324100000000001
0.185264
0.187389
0.18831900000000001
0.18663
0.181241
0.17156
0.157708
0.14891300000000002
0.153673
0.164046
0.172441
0.179147
0.184424
0.187899
0.189295
0.188426
0.18496500000000002
0.178771
0.17016199999999998
0.159659
0.155601
0.165405
0.180567
0.192698
0.201266
0.20631100000000002
0.20817399999999997
0.207644
0.205389
0.201792
0.197243
0.191975
0.185703
0.177833
0.175576
0.186187
0.200928
0.210892
0.216286
0.21821
0.217666
0.21595
0.21423000000000003
0.21278899999999998
0.21113
0.20848000000000003
0.20393
0.203406
0.214298
0.229028
0.238934
0.24461999999999998
0.247494
0.249016
0.250544
0.25256300000000004
0.25450500000000004
0.25540799999999997
0.254225
0.249811
0.24137199999999998
0.235479
0.241188
0.252753
0.261808
0.268756
0.274564
0.27934200000000003
0.282994
0.285366
0.28584499999999996
0.283648
0.278437
0.270386
0.259831
0.25363600000000003
0.260225
0.273882
0.285867
0.294989
0.301408
0.305213
0.306674
0.306218
0.304166
0.300722
0.29597399999999996
0.28983200000000003
0.282063
0.27873400000000004
0.28671399999999997
0.300167
0.310922
0.317659
0.321153
0.322272
0.322092
0.32156
0.32093299999999997
0.319864
0.31769899999999995
0.313575
0.30656
0.302402
0.307769
0.317972
0.326052
0.330888
0.33376300000000003
0.33569499999999997
0.33739
0.33913000000000004
0.340507
0.340584
0.338323
0.332889
0.323819
0.31750900000000004
0.320974
0.330344
0.33915700000000004
0.345723
0.350733
0.354548
0.357324
0.359011
0.359205
0.35734
0.352988
0.345925
0.33612
0.323841
0.31597600000000003
0.319598
0.329982
0.33961399999999997
0.346229
0.349946
0.350933
0.349788
0.347277
0.34375
0.33917800000000004
0.333435
0.326196
0.323113
0.329875
0.341794
0.351848
0.35769
0.360043
0.360108
0.35917899999999997
0.358075
0.356928
0.35538400000000003
0.352689
0.347735
0.339515
0.327656
0.318769
0.32000300000000004
0.327262
0.333963
0.33857600000000004
0.341622
0.34331300000000003
0.343942
0.34358299999999997
0.34170900000000004
0.33763699999999996
0.331031
0.32174400000000003
0.309678
0.30148800000000003
0.304743
0.314871
0.324243
0.330924
0.335283
0.337455
0.337552
0.33582399999999996
0.332384
0.32709299999999997
0.319769
0.31035799999999997
0.30507399999999996
0.310475
0.321851
0.331946
0.33869699999999997
0.34242100000000003
0.343643
0.343146
0.341534
0.338879
0.334976
0.329546
0.322101
0.312069
0.305683
0.310066
0.320263
0.328701
0.333907
0.336821
0.338154
0.338523
0.338375
0.337561
0.335382
0.33103899999999997
0.323913
0.313601
0.30012
0.29049200000000003
0.292741
0.301926
0.31027899999999997
0.316427
0.32064699999999996
0.322839
0.323047
0.321413
0.317769
0.311814
0.30351300000000003
0.293018
0.28675500000000004
0.291914
0.303319
0.31312
0.31958400000000003
0.322981
0.32384
0.322903
0.32066
0.317182
0.31241599999999997
0.306206
0.298115
0.287646
0.28115300000000004
0.28623200000000004
0.297087
0.30535999999999996
0.310075
0.312145
0.312264
0.311218
0.309717
0.307783
0.304838
0.300208
0.293294
0.283526
0.277154
0.282023
0.292716
0.30115
0.30649
0.309662
0.31133
0.311954
0.311702
0.310268
0.307064
0.301491
0.293107
0.281758
0.274091
0.27810300000000004
0.28846
0.297046
0.302748
0.306014
0.30707199999999996
0.306255
0.30390500000000004
0.29999899999999996
0.294336
0.28681
0.27735
0.26584
0.258762
0.264178
0.275907
0.284986
0.29047399999999995
0.292962
0.292984
0.291248
0.288457
0.28484899999999996
0.28026999999999996
0.27439600000000003
0.26679
0.256946
0.250967
0.256743
0.268081
0.276287
0.280909
0.28288
0.282948
0.281854
0.28012
0.277648
0.273917
0.26832
0.260278
0.249333
0.241777
0.245969
0.255948
0.263131
0.267325
0.269383
0.269804
0.269027
0.26732399999999995
0.264443
0.259848
0.253076
0.24380300000000002
0.238236
0.24456999999999998
0.256587
0.265559
0.271287
0.274539
0.276018
0.276469
0.276212
0.274934
0.27214099999999997
0.267379
0.26012399999999997
0.249944
0.24337199999999998
0.24901199999999998
0.26066
0.269411
0.275065
0.27845
0.279977
0.280107
0.27928400000000003
0.277415
0.27400599999999997
0.26861199999999996
0.260922
0.250635
0.244104
0.24971500000000002
0.261286
0.269916
0.27522399999999997
0.27802
0.278922
0.278535
0.277302
0.275173
0.271762
0.26658200000000004
0.259137
0.249029
0.24257399999999998
0.248099
0.259404
0.26769
0.27271799999999996
0.275318
0.276073
0.27562
0.274442
0.272426
0.2691
0.263982
0.25659699999999996
0.246495
0.23994200000000002
0.245365
0.25659299999999996
0.264768
0.26969099999999996
0.272248
0.27305
0.272685
0.27158899999999997
0.269648
0.266364
0.261181
0.25359299999999996
0.243202
0.229936
0.214178
0.196469
0.177311
0.157186
0.136499
0.115335
0.093405
0.070329
0.045814
0.019636
-0.005371
-0.02244
-0.028931000000000002
-0.027694999999999997
-0.021991
-0.014662
-0.007691
-0.002091
0.0018809999999999999
0.004352
0.005587
0.005866
0.005406
0.004337
0.0027890000000000002
0.000981
-0.000795
-0.0022440000000000003
-0.0031149999999999997
-0.003244
-0.002635
-0.001482
-0.000102
0.0011619999999999998
0.0020109999999999998
0.003657
0.005614
0.005542
0.0035210000000000003
0.0010279999999999998
-0.0008359999999999999
-0.00175
-0.0017100000000000001
-0.001048
-0.00021099999999999998
0.00047599999999999997
0.000824
0.000746
0.000303
-0.000242
-0.000678
-0.000904
-0.0008439999999999999
-0.0005
2.3e-05
0.000522
0.000833
0.0009019999999999999
0.00073
0.00035099999999999997
-0.00011999999999999999
-0.000518
-0.000729
-0.000733
-0.000544
-0.000207
0.000173
0.000462
0.000586
0.000545
0.00036
7.5e-05
-0.000218
-0.00041500000000000006
-0.000471
-0.000395
-0.000215
2.4e-05
0.00024300000000000002
0.000368
0.000376
0.000286
0.000124
-6.9e-05
-0.00023199999999999997
-0.00031099999999999997
-0.000297
-0.00020899999999999998
-7.2e-05
7.900000000000001e-05
0.000199
0.001067
0.0023350000000000003
0.002512
0.0017530000000000002
0.000833
0.00011399999999999999
-0.000299
-0.000405
-0.000328
-0.00021
-0.00011999999999999999
-8e-05
-0.000109
-0.00018899999999999999
1.4999999999999999e-05
0.00024300000000000002
0.00020299999999999997
0.000188
0.00021600000000000002
0.000268
0.000294
0.000258
0.000156
9e-06
-0.000149
-0.00028
-0.000339
-0.000309
-0.000202
-5.2000000000000004e-05
0.000101
0.000217
0.000265
0.00023999999999999998
0.000157
4.1e-05
-7.5e-05
-0.00015900000000000002
-0.00019099999999999998
-0.000167
-0.000101
-1.3000000000000001e-05
6.9e-05
0.000122
0.000133
0.000106
5e-05
-1.8e-05
-7.7e-05
-0.000105
-9.499999999999999e-05
-5.7999999999999994e-05
-6e-06
4.7e-05
8.6e-05
9.499999999999999e-05
7.5e-05
3.7e-05
-1e-05
-5.5e-05
-8.499999999999999e-05
-9e-05
-7e-05
-3.8e-05
-2e-06
3.4e-05
6.2e-05
7.4e-05
6.6e-05
4.6e-05
1.8e-05
-1.3000000000000001e-05
-4e-05
-5.1e-05
-4.7e-05
-3.2e-05
-1.3000000000000001e-05
8e-06
2.4e-05
2.8999999999999997e-05
2.1e-05
4e-06
-1.1e-05
-1.9e-05
-1.8e-05
-8e-06
8e-06
2.2e-05
2.8999999999999997e-05
2.6000000000000002e-05
1.4999999999999999e-05
-0.0
-1.7e-05
-3.1e-05
-3.6e-05
-3.1e-05
-1.9e-05
-6e-06
8e-06
2.1e-05
3.2e-05
3.5e-05
3.1e-05
2.3e-05
1.1e-05
-5e-06
-1.8e-05
-2.5e-05
-2.6000000000000002e-05
-2.4e-05
-2e-05
-1.2e-05
-3e-06
2e-06
3e-06
3e-06
8e-06
1.3000000000000001e-05
1.6e-05
1.9e-05
2e-05
1.6e-05
6e-06
-3e-06
-1e-05
-1.4999999999999999e-05
-1.9e-05
-2e-05
-1.4999999999999999e-05
-9e-06
-6e-06
-3e-06
6e-06
1.4999999999999999e-05
2.1e-05
2.4e-05
2.3e-05
1.8e-05
5e-06
-1e-05
-2e-05
-2.4e-05
-2.6000000000000002e-05
-2.2e-05
-1.3000000000000001e-05
-3e-06
2e-06
1e-06
2e-06
5e-06
1.1e-05
1.6e-05
2.2e-05
2.6000000000000002e-05
2.3e-05
1.3000000000000001e-05
1e-06
-1.1e-05
-2.2e-05
-2.8999999999999997e-05
-2.8000000000000003e-05
-2e-05
-9e-06
-2e-06
2e-06
5e-06
9e-06
0.00011499999999999999
0.000197
0.000147
9.2e-05
4.2e-05
3e-06
-1.9e-05
-2.7000000000000002e-05
-2.9999999999999997e-05
-3.4e-05
-3.4e-05
-2.9999999999999997e-05
-2.5e-05
-2.1e-05
-1.3000000000000001e-05
4e-06
2.2e-05
3.5e-05
4.1e-05
4.2e-05
3.2e-05
1.2e-05
-9e-06
-2.4e-05
-3.4e-05
-3.9e-05
-3.5e-05
-2.3e-05
-8e-06
2e-06
8e-06
1.2e-05
1.6e-05
1.9e-05
2.1e-05
2.1e-05
1.8e-05
1.1e-05
1e-06
-7.000000000000001e-06
-1.3000000000000001e-05
-1.6e-05
-1.7e-05
-1.4000000000000001e-05
-9e-06
-4e-06
-3e-06
-6e-06
-7.000000000000001e-06
-3e-06
6e-06
1.4999999999999999e-05
2.4e-05
2.7000000000000002e-05
2.3e-05
1.2e-05
-2e-06
-1.6e-05
-2.7000000000000002e-05
-3.2e-05
-2.8999999999999997e-05
-1.8e-05
-4e-06
6e-06
1.2e-05
1.9e-05
2.3e-05
2.2e-05
1.8e-05
1.4000000000000001e-05
9e-06
0.0
-8e-06
-1.2e-05
-1.4999999999999999e-05
-1.9e-05
-2e-05
-1.7e-05
-1.1e-05
-8e-06
-6e-06
-2e-06
7.000000000000001e-06
1.6e-05
2.2e-05
2.6000000000000002e-05
2.6000000000000002e-05
2e-05
8e-06
-4e-06
-1.3000000000000001e-05
-1.9e-05
-2.3e-05
-2.1e-05
-1.4000000000000001e-05
-7.000000000000001e-06
-4e-06
-3e-06
-1e-06
4e-06
1.2e-05
1.9e-05
2.4e-05
2.3e-05
1.7e-05
5e-06
-8e-06
-1.9e-05
-2.5e-05
-2.7000000000000002e-05
-2.2e-05
4.9e-05
0.00010700000000000001
8.3e-05
5.4000000000000005e-05
2.9999999999999997e-05
1.4999999999999999e-05
9e-06
8e-06
1e-05
7.000000000000001e-06
-2e-06
-1.2e-05
-2.2e-05
-2.8999999999999997e-05
-3.2e-05
-2.8999999999999997e-05
-1.9e-05
-6e-06
4e-06
1e-05
1.3000000000000001e-05
1.4999999999999999e-05
1.7e-05
1.7e-05
1.4999999999999999e-05
1.3000000000000001e-05
9e-06
3e-06
-3e-06
-7.000000000000001e-06
-1e-05
-1.3000000000000001e-05
-1.4000000000000001e-05
-1.2e-05
-9e-06
-9e-06
-9e-06
-7.000000000000001e-06
1e-06
1.1e-05
2e-05
2.7000000000000002e-05
2.7000000000000002e-05
2e-05
7.000000000000001e-06
-7.000000000000001e-06
-1.9e-05
-2.7000000000000002e-05
-2.9999999999999997e-05
-2.5e-05
-1.4000000000000001e-05
-2e-06
6e-06
9e-06
9e-06
1.1e-05
1.4000000000000001e-05
1.7e-05
1.9e-05
1.8e-05
1.3000000000000001e-05
4e-06
-6e-06
-1.4999999999999999e-05
-2.2e-05
-2.7000000000000002e-05
-2.6000000000000002e-05
-1.7e-05
-6e-06
3e-06
9e-06
1.6e-05
2.2e-05
2.2e-05
1.9e-05
1.4000000000000001e-05
7.000000000000001e-06
-2e-06
-1e-05
-1.3000000000000001e-05
-1.4000000000000001e-05
-1.4999999999999999e-05
-1.6e-05
-1.4000000000000001e-05
-1e-05
-8e-06
-7.000000000000001e-06
-3e-06
6e-06
1.7e-05
2.5e-05
2.8999999999999997e-05
2.8000000000000003e-05
2e-05
4e-06
-1e-05
-2e-05
-2.5e-05
-2.6000000000000002e-05
-2.1e-05
-1.1e-05
-2e-06
3e-06
3e-06
3e-06
5e-06
1e-05
1.6e-05
2e-05
2.1e-05
1.6e-05
5e-05
7.2e-05
4e-05
8e-06
-1.4999999999999999e-05
-2.5e-05
-2.1e-05
-9e-06
1e-06
6e-06
1.1e-05
1.4000000000000001e-05
1.2e-05
8e-06
7.000000000000001e-06
6e-06
3e-06
-2e-06
-4e-06
-6e-06
-1.1e-05
-1.7e-05
-1.8e-05
-1.6e-05
-1.4000000000000001e-05
-1.2e-05
-5e-06
7.000000000000001e-06
1.9e-05
2.7000000000000002e-05
3.1e-05
2.9999999999999997e-05
2.1e-05
6e-06
-9e-06
-1.8e-05
-2.4e-05
-2.7000000000000002e-05
-2.3e-05
-1.4000000000000001e-05
-5e-06
1e-06
3e-06
5e-06
9e-06
1.4000000000000001e-05
1.8e-05
2e-05
1.9e-05
1.1e-05
0.0
0.0010949999999999998
0.002886
0.003389
0.002578
0.0014060000000000001
0.00047000000000000004
-0.000106
-0.000321
-0.000319
-0.000273
-0.000259
-0.000281
-0.000341
0.00105
0.00349
0.0044670000000000005
0.0037630000000000003
0.0023899999999999998
0.001182
0.000411
4.5e-05
-0.000117
-0.000265
-0.000463
-0.000687
-0.000893
-0.001001
-0.000906
-0.000585
-0.000127
0.000349
0.00074
0.000947
0.000897
0.000608
0.00018700000000000002
-0.000246
-0.000593
-0.0007639999999999999
-0.000709
-0.000462
-0.000122
0.000218
0.000482
0.000599
0.000534
0.000325
5.4000000000000005e-05
-0.00020800000000000001
-0.000398
-0.00046399999999999995
-0.000386
0.0014320000000000001
0.0044280000000000005
0.005705
0.004961999999999999
0.003214
0.001441
0.000165
-0.000503
-0.000728
-0.000758
-0.000723
-0.000665
-0.0006309999999999999
-0.0006320000000000001
0.0009609999999999999
0.003737
0.004979
0.0043939999999999995
0.0029920000000000003
0.0016469999999999998
0.000666
6.1e-05
-0.000286
-0.000537
-0.000772
-0.000968
-0.001065
-0.000478
0.00049
0.000857
0.0008789999999999999
0.000908
0.0009019999999999999
0.00084
0.0006799999999999999
0.000373
-4.7e-05
-0.000458
-0.000752
-0.0008810000000000001
-0.000808
-0.000524
-0.00010700000000000001
0.0003
0.000592
0.000722
0.000659
0.000412
6.6e-05
-0.000258
-0.000481
-0.000567
-0.000495
0.0013160000000000001
0.0043
0.005586
0.004876
0.003193
0.001485
0.000226
-0.000471
-0.00073
-0.000788
-0.000781
-0.000735
-0.000679
0.00123
0.0045119999999999995
0.006018
0.005414
0.003704
0.001946
0.000749
0.000123
-0.000181
-0.000411
-0.0006580000000000001
-0.0009199999999999999
-0.0011710000000000002
0.000604
0.003987
0.00571
0.005376
0.003945000000000001
0.002419
0.00134
0.000671
0.00019099999999999998
-0.000293
-0.000822
-0.001322
-0.00168
-0.001777
-0.00151
-0.000895
-8.7e-05
0.0007059999999999999
0.001297
0.0015480000000000001
0.001387
0.000868
0.000166
-0.000519
-0.001016
-0.00121
0.001178
0.005493
0.007794
0.007513
0.005613
0.003208
0.00121
-9e-05
-0.000814
-0.001213
-0.001428
-0.0014939999999999999
-0.0014449999999999999
0.001094
0.005565
0.007942
0.007686
0.005826
0.003513
0.001684
0.0005549999999999999
-0.000129
-0.000648
-0.001105
-0.001509
-0.00183
0.0006219999999999999
0.005342
0.007992
0.007959
0.006319
0.004159
0.002349
0.0011300000000000001
0.000264
-0.000496
-0.00123
-0.001883
-0.002346
-0.000323
0.003722
0.006115
0.0063289999999999996
0.005217
0.003699
0.0024170000000000003
0.001429
0.000553
-0.000354
-0.001256
-0.0020050000000000003
-0.002451
0.000651
0.0066430000000000005
0.010243
0.010598999999999999
0.008879999999999999
0.006083
0.003336
0.001342
-6.2e-05
-0.001147
-0.0020050000000000003
-0.0026089999999999998
-0.0029230000000000003
0.000493
0.006981
0.010907
0.011375
0.009651999999999999
0.006827
0.004007
0.0018920000000000002
0.000361
-0.0008789999999999999
-0.001924
-0.002742
-0.003264
-0.003355
0.000531
0.007620999999999999
0.012047
0.012787
0.01108
0.007963
0.0045049999999999995
0.00165
-0.000405
-0.001875
-0.002876
-0.003389
-0.003423
0.000766
0.008346
0.012959
0.013569999999999999
0.011545999999999999
0.007925
0.0038880000000000004
0.0005780000000000001
-0.001771
-0.0030440000000000003
-0.002895
-0.001594
2.5e-05
0.005643
0.014195
0.01853
0.017636000000000002
0.013517
0.008006000000000001
0.002564
-0.001835
-0.004841
-0.00634
-0.006313
-0.005045
-0.003118
0.003478
0.013794999999999998
0.020135
0.020867
0.017863
0.013013999999999998
0.0075569999999999995
0.002605
-0.001161
-0.003715
-0.005059
-0.005281
-0.004612
0.0016820000000000001
0.012031
0.017592
0.017202000000000002
0.013556
0.009111
0.0052
0.002411
0.000817
4.7e-05
-0.000202
-6.8e-05
0.000314
0.00662
0.017325999999999998
0.022405
0.020577
0.014775
0.007608
0.001199
-0.002938
-0.004579
-0.0045049999999999995
-0.0034939999999999997
-0.001865
0.00025499999999999996
0.008498
0.021156
0.027885000000000004
0.027005
0.021138
0.012907
0.004514
-0.0020870000000000003
-0.006167
-0.00815
-0.008317
-0.006779
-0.0038009999999999997
0.006123
0.020784
0.029133
0.029325999999999998
0.024085
0.016231
0.008069
0.001318
-0.003319
-0.006018
-0.006956
-0.006379999999999999
-0.004768
0.004525
0.019606000000000002
0.028337
0.028954
0.024431
0.017381999999999998
0.009922
0.003527
-0.001134
-0.004084
-0.005536999999999999
-0.005707
-0.0048590000000000005
0.004256
0.019806
0.028843
0.029074000000000003
0.023669
0.015931999999999998
0.008454000000000001
0.002616
-0.001387
-0.003805
-0.004647999999999999
-0.00404
-0.002499
0.0072510000000000005
0.023180000000000003
0.031797000000000006
0.030973
0.024332
0.015088999999999998
0.005768
-0.00143
-0.005665
-0.007241
-0.006469
-0.00405
-0.000974
0.001991
0.012464
0.028398000000000003
0.036132
0.034099000000000004
0.026424
0.016359000000000002
0.00621
-0.002002
-0.007203
-0.009445
-0.00919
-0.007137999999999999
-0.003961999999999999
0.008045
0.026514999999999997
0.037062
0.037555
0.032077999999999995
0.023897
0.014496
0.005072
-0.002711
-0.007868
-0.010173
-0.009751000000000001
-0.007347
0.004494
0.023150999999999998
0.034124
0.03539
0.030917
0.02377
0.015378
0.006914
-9e-05
-0.004795000000000001
-0.007142
-0.007292
-0.005826
0.0054600000000000004
0.024161000000000002
0.034855000000000004
0.035475
0.030669
0.023484
0.015038
0.006661
9.7e-05
-0.003971
-0.00563
-0.005152
-0.0033490000000000004
0.008158
0.027017000000000003
0.037868
0.039797000000000006
0.037518
0.032842
0.026168
0.017505
0.007067
-0.0023190000000000003
-0.007737000000000001
-0.00895
-0.00692
0.006031
0.026922
0.040375
0.045501
0.046639
0.045231
0.041432
0.035155
0.026161
0.014369999999999999
0.001924
-0.007062000000000001
-0.010868000000000001
-0.001083
0.019247999999999998
0.03345
0.039577999999999995
0.042027999999999996
0.042538
0.041388999999999995
0.038326
0.032775
0.024317
0.012975
0.001188
-0.007062000000000001
-0.000916
0.016544999999999997
0.028687999999999998
0.033666
0.035418
0.035778
0.03508
0.03298
0.029033999999999997
0.022951
0.014624000000000002
0.0050490000000000005
-0.0026620000000000003
-0.006666
0.001831
0.019835
0.031662
0.036316
0.037567
0.036697
0.033661
0.028301999999999997
0.020985
0.012186
0.0036609999999999998
-0.001848
-0.003782
0.006389
0.025623000000000003
0.039505
0.047576
0.052141
0.053925
0.053225
0.049897000000000004
0.043493000000000004
0.033973
0.022162
0.009326000000000001
-0.000924
0.004032
0.021383000000000003
0.035738
0.045712
0.053284000000000005
0.058896000000000004
0.062376
0.063066
0.060139
0.05335499999999999
0.043188
0.03035
0.015525
0.011853
0.023044
0.035125
0.043673000000000003
0.049758
0.054452999999999994
0.05815
0.060249000000000004
0.059738
0.05619
0.049878
0.041195999999999997
0.03038
0.028506999999999998
0.039856
0.052076
0.05956
0.063041
0.064015
0.06379
0.062687
0.060111000000000005
0.055590999999999995
0.049172
0.041208999999999996
0.032178
0.02229
0.022738
0.036646
0.05061
0.059641
0.064699
0.06679700000000001
0.066235
0.062908
0.056947000000000005
0.048693
0.038605
0.027443000000000002
0.016028
0.016791
0.032748
0.049643
0.062606
0.072464
0.079992
0.085401
0.088088
0.086842
0.080902
0.070655
0.057409
0.04265
0.03785
0.047661
0.060244000000000006
0.069868
0.077017
0.082686
0.087521
0.091339
0.093064
0.091641
0.086766
0.07871
0.067905
0.054599
0.049198
0.05653300000000001
0.065432
0.07052
0.072997
0.074408
0.075214
0.074779
0.07242799999999999
0.068111
0.062176
0.055048
0.047001
0.048227
0.062637
0.077926
0.087886
0.093288
0.09586900000000001
0.096733
0.09583
0.09247799999999999
0.086399
0.078111
0.068574
0.058678999999999995
0.058878
0.073666
0.09123400000000001
0.10512200000000001
0.115548
0.123278
0.128659
0.13133
0.13048099999999999
0.125781
0.117658
0.10700599999999999
0.094968
0.082424
0.079332
0.090685
0.10530199999999999
0.11673299999999999
0.12575899999999998
0.133464
0.139877
0.143984
0.14469400000000002
0.14163199999999998
0.135061
0.125704
0.114549
0.11098599999999999
0.120833
0.133996
0.14345
0.150001
0.155079
0.159499
0.16308699999999998
0.16481500000000002
0.163735
0.159736
0.153349
0.145119
0.13509100000000002
0.131326
0.140247
0.152937
0.162208
0.168725
0.173702
0.17744200000000002
0.17923499999999998
0.178341
0.174841
0.169453
0.16297
0.15583699999999998
0.15571600000000002
0.168736
0.185415
0.197459
0.205512
0.2113
0.21586799999999998
0.219099
0.220273
0.21894499999999997
0.21528699999999998
0.209871
0.20328800000000002
0.195694
0.19363
0.204253
0.21975300000000003
0.23169800000000002
0.24066300000000002
0.247518
0.252064
0.2534
0.251105
0.245736
0.23831599999999997
0.229871
0.22105500000000003
0.21178400000000003
0.20812199999999997
0.21766999999999997
0.233111
0.24566999999999997
0.255741
0.263964
0.269946
0.27268000000000003
0.271544
0.267018
0.26040599999999997
0.252795
0.244277
0.2342
0.228384
0.23531
0.249108
0.261397
0.27239
0.282448
0.290916
0.29669
0.299094
0.298261
0.29466
0.288466
0.279353
0.266906
0.257619
0.260213
0.27014699999999997
0.279846
0.288517
0.296075
0.30193600000000004
0.305555
0.30688899999999997
0.306411
0.304552
0.301182
0.295608
0.286957
0.280999
0.285038
0.29433200000000004
0.301816
0.30671
0.309577
0.310589
0.309936
0.308086
0.305608
0.302635
0.298666
0.29294499999999996
0.284921
0.28075300000000003
0.28784299999999996
0.301118
0.312634
0.320533
0.324809
0.32563200000000003
0.323313
0.318371
0.311564
0.303543
0.294522
0.284478
0.273477
0.268042
0.275866
0.291273
0.305578
0.31695500000000004
0.32524200000000003
0.330187
0.331485
0.329179
0.323827
0.31598699999999996
0.305875
0.29363
0.279579
0.270518
0.274517
0.286391
0.297958
0.307886
0.31640300000000005
0.323385
0.328312
0.330548
0.329581
0.325011
0.316716
0.305088
0.29078699999999996
0.28074099999999996
0.282833
0.292098
0.300655
0.307167
0.312136
0.315737
0.317764
0.31796399999999997
0.316249
0.312567
0.306763
0.298601
0.294003
0.299545
0.31038699999999997
0.319355
0.325048
0.328286
0.329739
0.329716
0.32815700000000003
0.324856
0.31974600000000003
0.31293000000000004
0.304578
0.294813
0.28984699999999997
0.296412
0.309057
0.319838
0.32715
0.331703
0.333843
0.333314
0.32988
0.323794
0.315619
0.305923
0.295182
0.283674
0.277621
0.283939
0.296933
0.308481
0.317175
0.323347
0.32683
0.327164
0.32429
0.318688
0.310961
0.301571
0.290732
0.278378
0.27060100000000004
0.27481700000000003
0.28579499999999997
0.29575100000000004
0.303719
0.310161
0.314855
0.317004
0.315893
0.311348
0.303748
0.293772
0.281967
0.268515
0.259826
0.263897
0.275177
0.28537199999999996
0.293614
0.300158
0.304709
0.306711
0.305881
0.302421
0.296703
0.28888
0.278769
0.266112
0.257333
0.2607
0.2708
0.279501
0.286247
0.291512
0.295171
0.296784
0.296109
0.293297
0.288579
0.281923
0.273039
0.261567
0.253643
0.257227
0.266681
0.273964
0.278787
0.28171999999999997
0.28276799999999996
0.281727
0.278616
0.273833
0.267807
0.260641
0.252107
0.24809699999999998
0.25604699999999997
0.269762
0.280634
0.287876
0.291811
0.292603
0.290595
0.286163
0.279602
0.27137
0.261986
0.25171
0.24050900000000003
0.234479
0.24157800000000001
0.255399
0.267016
0.27596
0.282438
0.286042
0.286032
0.28196
0.27416399999999996
0.263614
0.251215
0.23745300000000003
0.22261999999999998
0.213331
0.21807100000000001
0.23011199999999998
0.240342
0.248712
0.255535
0.260474
0.26283
0.26210500000000003
0.258309
0.251633
0.242062
0.229514
0.214171
0.203044
0.204873
0.21328200000000003
0.21982800000000002
0.22483699999999998
0.228927
0.23204899999999998
0.23368000000000003
0.233359
0.23105599999999998
0.22688200000000003
0.22069699999999998
0.212096
0.207144
0.213835
0.22562600000000002
0.23421199999999998
0.23995300000000003
0.243481
0.245087
0.24493
0.24298499999999998
0.239262
0.234058
0.227735
0.220423
0.211957
0.208628
0.218135
0.232977
0.24397800000000003
0.251226
0.255592
0.257398
0.256397
0.252558
0.24648299999999998
0.238844
0.22994099999999998
0.21986399999999998
0.20863800000000002
0.202923
0.21070100000000003
0.224757
0.236188
0.24495799999999998
0.25136
0.254974
0.255151
0.25187
0.245821
0.23770100000000002
0.227908
0.21657600000000002
0.209837
0.215781
0.22793400000000003
0.23761100000000002
0.24499200000000002
0.250684
0.254812
0.257092
0.256921
0.253767
0.247548
0.238618
0.227586
0.214863
0.206777
0.211404
0.222205
0.23061199999999998
0.23691199999999998
0.241706
0.24484099999999998
0.24571500000000002
0.24397600000000003
0.23984299999999997
0.23371199999999998
0.225748
0.21589299999999997
0.204083
0.197121
0.203185
0.21528000000000003
0.22478299999999998
0.23202399999999998
0.237761
0.2419
0.243831
0.24321900000000002
0.240319
0.23554899999999998
0.22902600000000004
0.220492
0.20948200000000003
0.202317
0.20720100000000002
0.217592
0.225348
0.23111900000000002
0.235658
0.23892199999999997
0.24043699999999998
0.239804
0.23708400000000002
0.232621
0.2266
0.21883899999999998
0.215295
0.22397199999999998
0.23812199999999997
0.248842
0.256256
0.260866
0.262801
0.262284
0.259575
0.25488099999999997
0.248644
0.24141500000000002
0.233456
0.22464299999999998
0.220865
0.23008499999999998
0.24545
0.257824
0.26724499999999995
0.27410500000000004
0.278033
0.27828600000000003
0.274475
0.267086
0.257216
0.24579299999999998
0.233204
0.21960100000000002
0.211358
0.216827
0.229544
0.240675
0.250231
0.258471
0.264889
0.268549
0.268769
0.265532
0.259125
0.249646
0.237064
0.221597
0.20993699999999998
0.211079
0.219311
0.22625399999999998
0.23216799999999999
0.237535
0.242166
0.24544000000000002
0.24684
0.246299
0.243875
0.239328
0.23210100000000003
0.227633
0.23345100000000002
0.243575
0.250164
0.253831
0.255596
0.255862
0.254798
0.252407
0.24871300000000002
0.24395999999999998
0.23838
0.23194
0.224346
0.221367
0.23088699999999998
0.24604499999999999
0.25759299999999996
0.265505
0.270505
0.27273200000000003
0.27173400000000003
0.267305
0.260112
0.251207
0.241281
0.23060999999999998
0.21927199999999997
0.213601
0.22178499999999998
0.236999
0.250091
0.260812
0.269268
0.274912
0.277028
0.275529
0.271032
0.264207
0.255421
0.244745
0.23200900000000002
0.22332399999999997
0.227368
0.238485
0.248183
0.256418
0.263563
0.269302
0.272855
0.273574
0.271304
0.266257
0.258795
0.24912800000000002
0.24324400000000002
0.248718
0.26016100000000003
0.26977399999999996
0.277171
0.282915
0.287021
0.289204
0.289181
0.286892
0.28255
0.276372
0.26835
0.258241
0.251884
0.256863
0.267962
0.277373
0.28447100000000003
0.289777
0.293155
0.29406
0.292246
0.288043
0.281961
0.27425
0.264863
0.253605
0.24636799999999998
0.250665
0.260845
0.268885
0.274529
0.278595
0.28109
0.281548
0.27974099999999996
0.275909
0.270422
0.263425
0.254732
0.243986
0.23708800000000002
0.242
0.253089
0.261986
0.26807
0.27160500000000004
0.272552
0.27092
0.266997
0.261326
0.254483
0.24676700000000001
0.23807199999999998
0.228043
0.22262300000000002
0.230102
0.244211
0.255959
0.26498499999999997
0.271433
0.275001
0.275253
0.272023
0.265708
0.257103
0.24687199999999998
0.23530399999999999
0.228604
0.234886
0.248279
0.260309
0.270649
0.279579
0.28682399999999997
0.291848
0.294067
0.293062
0.288763
0.281267
0.270617
0.256977
0.24693299999999999
0.24877600000000002
0.25732
0.264664
0.270404
0.27511599999999997
0.27871
0.28066599999999997
0.280612
0.27863699999999997
0.274976
0.269602
0.262209
0.25238
0.245772
0.249639
0.258371
0.264338
0.267516
0.268826
0.26860500000000004
0.266815
0.263449
0.258816
0.253309
0.24703000000000003
0.23971900000000002
0.23090100000000002
0.226196
0.23329699999999998
0.246164
0.25614699999999996
0.26264
0.26597800000000005
0.266369
0.263845
0.258499
0.250882
0.241781
0.23172199999999998
0.220877
0.215179
0.222534
0.23669899999999996
0.24895
0.25905500000000004
0.267225
0.273149
0.27625700000000003
0.275953
0.272007
0.264885
0.25532
0.24379499999999998
0.230582
0.22194099999999997
0.22615500000000002
0.23719200000000001
0.2465
0.254132
0.26057800000000003
0.26559299999999997
0.268457
0.268606
0.265999
0.260831
0.253283
0.24364699999999997
0.232152
0.22482
0.22957199999999997
0.240371
0.248838
0.255064
0.259705
0.262779
0.263867
0.262692
0.25947800000000004
0.254601
0.248127
0.23973899999999998
0.22890500000000003
0.22142699999999998
0.22576300000000002
0.236427
0.24511100000000002
0.251794
0.257029
0.26066999999999996
0.26211100000000004
0.261015
0.25766
0.252533
0.245858
0.23753400000000002
0.22725399999999998
0.22084600000000001
0.22640700000000002
0.23790999999999998
0.246802
0.253171
0.257687
0.260362
0.26095799999999997
0.259497
0.256319
0.251761
0.245881
0.238421
0.234895
0.24247800000000003
0.25547800000000004
0.265949
0.273445
0.27839400000000003
0.28074499999999997
0.28036300000000003
0.277384
0.272167
0.265139
0.256705
0.247114
0.236377
0.23036199999999998
0.236738
0.24960300000000002
0.260524
0.268971
0.275142
0.27862600000000004
0.27871599999999996
0.27505999999999997
0.267953
0.25811300000000004
0.24637399999999998
0.233357
0.21929
0.210242
0.214496
0.22588000000000003
0.235609
0.243655
0.250375
0.25549299999999997
0.258364
0.25850100000000004
0.255868
0.25058
0.242542
0.231422
0.217013
0.205698
0.206475
0.213929
0.21989499999999998
0.22474
0.229048
0.23266900000000001
0.23502699999999999
0.235641
0.234435
0.231483
0.226656
0.21957800000000002
0.21572600000000003
0.22267399999999998
0.2344
0.242892
0.24861599999999998
0.252304
0.25409
0.25405700000000003
0.25236
0.249191
0.24488000000000001
0.23976799999999998
0.233931
0.22712399999999996
0.22494299999999998
0.23483400000000001
0.250317
0.26259299999999997
0.271277
0.276808
0.27937199999999995
0.278917
0.275484
0.26962800000000003
0.26211599999999996
0.25337
0.243457
0.232384
0.22621
0.23284000000000002
0.246327
0.25816100000000003
0.267881
0.275621
0.280859
0.28271
0.28072600000000003
0.27541
0.267623
0.257856
0.24625999999999998
0.23285999999999998
0.223637
0.226665
0.23658800000000002
0.24528000000000003
0.252344
0.25810500000000003
0.26239
0.26464299999999996
0.264391
0.261556
0.25619899999999995
0.248336
0.238056
0.231177
0.235002
0.24442399999999997
0.2521
0.257811
0.262196
0.265399
0.26724000000000003
0.267403
0.265656
0.261986
0.256446
0.24898499999999998
0.23941199999999999
0.233287
0.23795300000000003
0.24820100000000003
0.25649299999999997
0.262533
0.266826
0.269311
0.269532
0.267275
0.262909
0.256999
0.249838
0.24141999999999997
0.23736100000000002
0.244567
0.257314
0.267572
0.27474
0.279762
0.283249
0.285148
0.284983
0.282484
0.277906
0.271661
0.263959
0.254737
0.249567
0.255301
0.266809
0.276663
0.28407
0.28941999999999996
0.292531
0.29291500000000004
0.29048
0.285717
0.279314
0.271823
0.263544
0.2544
0.24984499999999998
0.25656599999999996
0.269342
0.280717
0.28984
0.297043
0.302062
0.30425399999999997
0.303228
0.299155
0.292594
0.28418000000000004
0.274291
0.262941
0.25585
0.260036
0.271032
0.28182399999999996
0.29132600000000003
0.299709
0.30648800000000004
0.31081
0.31213
0.310494
0.306171
0.299228
0.289468
0.28236100000000003
0.28418499999999997
0.291594
0.298848
0.304612
0.309506
0.313664
0.316795
0.318481
0.318449
0.316703
0.31333
0.308222
0.300979
0.296747
0.30092199999999997
0.30955
0.316697
0.320885
0.322952
0.323178
0.321445
0.317859
0.31294099999999997
0.307277
0.301145
0.29443800000000003
0.28679499999999997
0.283462
0.290118
0.302358
0.31350700000000004
0.321602
0.326851
0.329349
0.328992
0.325804
0.320198
0.312842
0.304268
0.29464
0.289379
0.294054
0.305097
0.316651
0.32668800000000003
0.33536
0.342459
0.34739699999999996
0.349446
0.34821799999999997
0.343985
0.337335
0.328735
0.31840599999999997
0.312004
0.31495500000000004
0.324017
0.33369699999999997
0.341817
0.348742
0.354348
0.358094
0.359601
0.358901
0.356166
0.35138800000000003
0.344479
0.335441
0.329897
0.332874
0.341573
0.350957
0.358435
0.364377
0.368763
0.371166
0.371314
0.36937600000000004
0.365703
0.360431
0.353342
0.344023
0.33768899999999996
0.33913699999999997
0.346194
0.35431999999999997
0.360661
0.3655
0.368789
0.370155
0.3694
0.366718
0.36244699999999996
0.35673699999999997
0.349439
0.340233
0.334444
0.336889
0.344923
0.35347399999999995
0.359539
0.363466
0.36550900000000003
0.365719
0.364243
0.36136399999999996
0.35734699999999997
0.352229
0.345781
0.34307
0.348102
0.358489
0.369747
0.378579
0.385081
0.389198
0.390625
0.38921300000000003
0.38519899999999996
0.379065
0.371322
0.36233000000000004
0.352252
0.346619
0.34986
0.359569
0.370948
0.38048200000000004
0.38808000000000004
0.393435
0.395972
0.395352
0.391681
0.385437
0.377204
0.367399
0.356224
0.349233
0.350916
0.359028
0.369003
0.37758800000000003
0.38498000000000004
0.39112800000000003
0.395593
0.397962
0.398066
0.395848
0.391148
0.383648
0.378424
0.37895999999999996
0.38440799999999997
0.391884
0.39776
0.402516
0.406483
0.409526
0.411267
0.411401
0.40984499999999996
0.40666399999999997
0.401889
0.39539
0.39222399999999996
0.395219
0.402877
0.41179
0.41781599999999997
0.42138000000000003
0.42287299999999994
0.422343
0.419908
0.41602100000000003
0.411253
0.405958
0.40016999999999997
0.39364899999999997
0.391351
0.396027
0.40610599999999997
0.418004
0.42721800000000004
0.43371400000000004
0.437487
0.43838299999999997
0.43643999999999994
0.43208599999999997
0.42588400000000004
0.418221
0.409275
0.399077
0.392926
0.394061
0.401644
0.41246700000000003
0.42189899999999997
0.429704
0.435508
0.43861999999999995
0.43854399999999993
0.435329
0.42944
0.421364
0.41144200000000003
0.399804
0.39186
0.391127
0.396716
0.405342
0.41266499999999995
0.418754
0.423598
0.426899
0.42841899999999994
0.42805
0.425676
0.421044
0.413876
0.409229
0.409684
0.415074
0.42319799999999996
0.429494
0.434312
0.43797700000000006
0.440396
0.441342
0.44066700000000003
0.438321
0.43431099999999995
0.42863500000000004
0.421188
0.417
0.41846099999999997
0.42526099999999994
0.434925
0.44249099999999997
0.44798599999999994
0.45138
0.452455
0.45126099999999997
0.44818199999999997
0.443698
0.438163
0.43166800000000005
0.424062
0.420338
0.422666
0.430313
0.440474
0.44813500000000006
0.45361599999999996
0.45728100000000005
0.45921000000000006
0.459458
0.45808999999999994
0.455205
0.450809
0.44470200000000004
0.44167
0.44312700000000005
0.44963100000000006
0.459797
0.46804300000000004
0.474434
0.47909799999999997
0.48174799999999995
0.482063
0.47996300000000003
0.47558100000000003
0.469329
0.461696
0.45293100000000003
0.448167
0.44888599999999995
0.455433
0.46603199999999995
0.47471
0.48129099999999997
0.4857
0.48763100000000004
0.48693800000000004
0.483735
0.47830100000000003
0.47102200000000005
0.462246
0.45214099999999996
0.44588900000000004
0.445162
0.45037200000000005
0.45991400000000004
0.46819799999999995
0.475303
0.48125500000000004
0.48565
0.488059
0.488217
0.48603
0.481425
0.47422
0.46421899999999994
0.45653900000000003
0.452966
0.45481800000000006
0.461276
0.466732
0.47129899999999997
0.475049
0.477681
0.478891
0.47858199999999995
0.47683100000000006
0.47366099999999994
0.468842
0.46693900000000005
0.468408
0.47402
0.482888
0.489018
0.492751
0.494708
0.49523900000000004
0.49452799999999997
0.492733
0.490017
0.486546
0.482379
0.477365
0.47622
0.479394
0.487738
0.50022
0.5102399999999999
0.517556
0.522171
0.523938
0.522841
0.519243
0.513813
0.507131
0.499541
0.491216
0.487175
0.48807399999999995
0.49489799999999995
0.50693
0.517626
0.526483
0.5332819999999999
0.537504
0.53874
0.536991
0.532632
0.526039
0.51745
0.5070279999999999
0.499771
0.49658599999999997
0.498721
0.5062989999999999
0.513484
0.5197510000000001
0.525112
0.529205
0.53162
0.532053
0.530297
0.526154
0.519447
0.510127
0.5031979999999999
0.49971400000000005
0.5010359999999999
0.507412
0.513071
0.517463
0.520682
0.522574
0.523076
0.522251
0.520162
0.516771
0.511836
0.509734
0.51078
0.51494
0.522796
0.529461
0.533925
0.5366310000000001
0.53773
0.537233
0.535258
0.531907
0.527242
0.5213409999999999
0.5142
0.5105529999999999
0.511012
0.5158739999999999
0.525216
0.533555
0.539918
0.544313
0.5465439999999999
0.546599
0.5446439999999999
0.540917
0.535716
0.5292939999999999
0.5217310000000001
0.517891
0.5184270000000001
0.5236069999999999
0.5334939999999999
0.542458
0.549363
0.554177
0.556808
0.557349
0.555949
0.552874
0.548458
0.54271
0.540034
0.540932
0.54468
0.552601
0.560729
0.567194
0.5722109999999999
0.575754
0.577553
0.5772970000000001
0.5746979999999999
0.569738
0.562711
0.5538770000000001
0.548165
0.546619
0.548798
0.556036
0.564208
0.57114
0.5765819999999999
0.580163
0.581623
0.580925
0.578202
0.5736720000000001
0.5674710000000001
0.559549
0.55452
0.553109
0.554478
0.5602560000000001
0.56688
0.5723229999999999
0.576651
0.579824
0.5817319999999999
0.582277
0.5814020000000001
0.579016
0.574853
0.568534
0.5644060000000001
0.56306
0.563529
0.567883
0.5728880000000001
0.57624
0.578079
0.578585
0.577795
0.575742
0.572595
0.568501
0.563397
0.561647
0.5636899999999999
0.567974
0.576228
0.584969
0.591325
0.5953189999999999
0.597151
0.596874
0.5946560000000001
0.590907
0.58599
0.580098
0.573332
0.570328
0.571733
0.5760460000000001
0.585162
0.5956819999999999
0.604578
0.611495
0.616025
0.6178279999999999
0.616907
0.6135649999999999
0.60811
0.600881
0.5923229999999999
0.58725
0.586407
0.588258
0.595224
0.604283
0.612174
0.618699
0.623633
0.626718
0.627795
0.6267560000000001
0.623484
0.617898
0.609978
0.604229
0.601499
0.600306
0.603823
0.609719
0.61468
0.618731
0.6217739999999999
0.623664
0.624325
0.623625
0.621374
0.617308
0.611099
0.6070399999999999
0.605809
0.60553
0.609216
0.614614
0.618425
0.620736
0.621562
0.621045
0.619414
0.616775
0.613176
0.608553
0.607032
0.60901
0.611546
0.617821
0.6260560000000001
0.632033
0.635779
0.6373800000000001
0.636861
0.63457
0.6308010000000001
0.625641
0.619269
0.6118600000000001
0.607823
0.607873
0.609591
0.616085
0.625251
0.6328
0.6382800000000001
0.6415
0.642509
0.641402
0.638288
0.6335310000000001
0.627492
0.6202340000000001
0.61619
0.616117
0.617639
0.623847
0.632638
0.639992
0.645725
0.6497350000000001
0.651911
0.652172
0.6504949999999999
0.646979
0.641571
0.638433
0.638407
0.638211
0.642098
0.649524
0.655688
0.660561
0.664204
0.6664899999999999
0.6673140000000001
0.66651
0.663853
0.659213
0.65255
0.648221
0.6471279999999999
0.645911
0.6489
0.655633
0.661187
0.6653100000000001
0.6679970000000001
0.669269
0.669149
0.6676489999999999
0.664864
0.660881
0.655621
0.653174
0.653975
0.654104
0.657882
0.6649470000000001
0.670184
0.673519
0.675313
0.6758430000000001
0.6752279999999999
0.673513
0.670718
0.66674
0.661381
0.658698
0.6592319999999999
0.6590630000000001
0.662763
0.670048
0.675412
0.678618
0.679817
0.679071
0.676513
0.67245
0.667185
0.660837
0.657572
0.658051
0.658117
0.662515
0.671261
0.6785869999999999
0.684188
0.688044
0.689967
0.6899529999999999
0.688189
0.684678
0.679395
0.6725869999999999
0.668683
0.668469
0.667833
0.671682
0.680331
0.688071
0.6944170000000001
0.699228
0.702338
0.703626
0.702942
0.700212
0.69557
0.689238
0.685399
0.684742
0.683358
0.6861079999999999
0.693485
0.7000270000000001
0.705212
0.709073
0.711592
0.7127979999999999
0.7126399999999999
0.711004
0.7077180000000001
0.7025100000000001
0.699287
0.698659
0.696597
0.697659
0.702814
0.7072579999999999
0.710471
0.7125630000000001
0.713627
0.713752
0.712811
0.7106210000000001
0.707052
0.701936
0.699282
0.699645
0.6987479999999999
0.700859
0.7068409999999999
0.711737
0.7146710000000001
0.715644
0.714938
0.712942
0.709831
0.705713
0.7006939999999999
0.698647
0.70008
0.700979
0.704328
0.7116359999999999
0.718931
0.724284
0.727527
0.7286229999999999
0.727738
0.7249869999999999
0.720368
0.714113
0.706588
0.7018939999999999
0.7008260000000001
0.699661
0.701893
0.708942
0.716479
0.7226239999999999
0.727063
0.729637
0.730272
0.728973
0.725903
0.721182
0.714783
0.7108369999999999
0.710268
0.709166
0.711164
0.717622
0.724217
0.729545
0.733592
0.7364310000000001
0.738082
0.738366
0.7369939999999999
0.733672
0.7320409999999999
0.7327359999999999
0.731978
0.7319869999999999
0.735721
0.740838
0.7448020000000001
0.747614
0.749371
0.750092
0.749664
0.747865
0.744564
0.739742
0.73724
0.737663
0.737118
0.737967
0.7427819999999999
0.748491
0.7522979999999999
0.754192
0.754545
0.7536470000000001
0.751656
0.74873
0.744988
0.7404270000000001
0.73882
0.740639
0.74179
0.7442310000000001
0.750364
0.757213
0.7620399999999999
0.764898
0.7659729999999999
0.7653760000000001
0.7632800000000001
0.759875
0.755196
0.749207
0.7457590000000001
0.745566
0.7448779999999999
0.7457090000000001
0.7509020000000001
0.757756
0.76308
0.7665109999999999
0.767933
0.7673909999999999
0.765015
0.7608199999999999
0.754783
0.750785
0.749749
0.7481949999999999
0.747505
0.751138
0.757274
0.762375
0.766312
0.769092
0.770642
0.770861
0.769537
0.766524
0.7618699999999999
0.7592439999999999
0.7591600000000001
0.758099
0.757624
0.7614810000000001
0.767872
0.7730100000000001
0.7767430000000001
0.779207
0.780485
0.7805529999999999
0.779308
0.776672
0.7725850000000001
0.770648
0.771454
0.771417
0.771654
0.77568
0.781868
0.786597
0.789759
0.7915220000000001
0.7921779999999999
0.791851
0.790393
0.787614
0.786936
0.788825
0.789658
0.7891130000000001
0.791855
0.797764
0.802176
0.8049930000000001
0.80629
0.806251
0.805167
0.803071
0.7998069999999999
0.79532
0.793112
0.793792
0.793967
0.793442
0.796858
0.803754
0.8088930000000001
0.811839
0.812775
0.8120689999999999
0.8098989999999999
0.8062600000000001
0.8013680000000001
0.795586
0.79259
0.792968
0.793227
0.793099
0.797126
0.804851
0.81115
0.815627
0.818375
0.819508
0.819074
0.817053
0.8133319999999999
0.807767
0.803924
0.802782
0.8012100000000001
0.79897
0.801087
0.807591
0.813335
0.817913
0.821327
0.823551
0.8243729999999999
0.8234309999999999
0.8204299999999999
0.818753
0.819167
0.818472
0.816271
0.816891
0.82147
0.8258850000000001
0.829199
0.8316030000000001
0.8332780000000001
0.834257
0.8344
0.833471
0.8312649999999999
0.831011
0.833148
0.8342219999999999
0.8336950000000001
0.8355319999999999
0.84086
0.8454860000000001
0.848116
0.849146
0.849068
0.8481129999999999
0.8463069999999999
0.8436610000000001
0.840197
0.8392709999999999
0.841383
0.843031
0.843458
0.846133
0.8521559999999999
0.857543
0.860851
0.8622559999999999
0.861992
0.860237
0.8570979999999999
0.8526440000000001
0.846942
0.8434659999999999
0.842949
0.842143
0.8404870000000001
0.8416030000000001
0.846884
0.8524120000000001
0.856391
0.8587040000000001
0.85945
0.8587090000000001
0.8563209999999999
0.8520559999999999
0.8490979999999999
0.8482190000000001
0.8466040000000001
0.844036
0.842932
0.8459129999999999
0.850714
0.85462
0.857525
0.859434
0.8602549999999999
0.859791
0.8578870000000001
0.8545459999999999
0.8529209999999999
0.853485
0.853173
0.851743
0.851824
0.85587
0.861208
0.865058
0.8674959999999999
0.868827
0.8691780000000001
0.8684940000000001
0.866667
0.8636309999999999
0.8625860000000001
0.864093
0.865017
0.8648290000000001
0.866133
0.871115
0.876971
0.881324
0.884272
0.8861129999999999
0.8870040000000001
0.886798
0.8851870000000001
0.881978
0.8804420000000001
0.881201
0.881024
0.8793610000000001
0.878814
0.882141
0.8868450000000001
0.8901129999999999
0.891934
0.8926059999999999
0.892324
0.89099
0.888373
0.887452
0.888718
0.889142
0.888342
0.8871549999999999
0.8893
0.8938790000000001
0.89681
0.898057
0.8980020000000001
0.8968379999999999
0.8945569999999999
0.8911110000000001
0.8865350000000001
0.883966
0.884078
0.884066
0.883551
0.883133
0.886599
0.8929959999999999
0.8977709999999999
0.9006569999999999
0.901848
0.9014340000000001
0.899451
0.896015
0.891259
0.8883049999999999
0.887825
0.887041
0.885684
0.884783
0.8880459999999999
0.894367
0.8995709999999999
0.90348
0.90628
0.9079729999999999
0.9082899999999999
0.906817
0.906243
0.9071940000000001
0.906982
0.905224
0.9020219999999999
0.901651
0.905083
0.9083200000000001
0.910647
0.912223
0.913207
0.913582
0.9130860000000001
0.9113379999999999
0.9110020000000001
0.9124959999999999
0.912941
0.9120209999999999
0.909909
0.911159
0.915682
0.9185610000000001
0.919773
0.9198770000000001
0.9192319999999999
0.917956
0.91607
0.913566
0.9133760000000001
0.9159200000000001
0.91817
0.919559
0.9198780000000001
0.923276
0.929731
0.934533
0.9374540000000001
0.9388059999999999
0.9387969999999999
0.93745
0.934708
0.9306139999999999
0.9282239999999999
0.928263
0.928059
0.927216
0.925723
0.927509
0.9330620000000001
0.937902
0.941047
0.942692
0.943049
0.942002
0.939225
0.934584
0.9312040000000001
0.929941
0.9281870000000001
0.92561
0.9222469999999999
0.922574
0.926956
0.930752
0.933522
0.935416
0.936401
0.93624
0.934658
0.934291
0.935565
0.9357709999999999
0.934614
0.9322309999999999
0.9309930000000001
0.9331889999999999
0.9365629999999999
0.9388639999999999
0.9401799999999999
0.940651
0.940242
0.9388110000000001
0.936159
0.9348540000000001
0.9355209999999999
0.935826
0.9354549999999999
0.934255
0.9345389999999999
0.938091
0.9421809999999999
0.944794
0.9461370000000001
0.9464379999999999
0.945768
0.944117
0.94145
0.9405959999999999
0.942051
0.9429620000000001
0.942782
0.941508
0.942494
0.947069
0.951728
0.9550489999999999
0.9572870000000001
0.958656
0.959132
0.9584600000000001
0.9563799999999999
0.955659
0.956852
0.9572299999999999
0.9563790000000001
0.9543299999999999
0.954026
0.9571139999999999
0.960525
0.962576
0.9634520000000001
0.963255
0.961933
0.9593290000000001
0.9554010000000001
0.953218
0.953464
0.953354
0.9524040000000001
0.950518
0.950727
0.9543719999999999
0.9580290000000001
0.9600350000000001
0.9604809999999999
0.959586
0.9575319999999999
0.95429
0.94975
0.9468059999999999
0.9461120000000001
0.945097
0.943541
0.9415040000000001
0.9420139999999999
0.9465020000000001
0.951577
0.9554020000000001
0.9579049999999999
0.959025
0.958571
0.956313
0.9548110000000001
0.954767
0.953874
0.9518969999999999
0.9490270000000001
0.94647
0.9475100000000001
0.951132
0.95396
0.9559139999999999
0.9571639999999999
0.9577110000000001
0.9573709999999999
0.955865
0.955565
0.956788
0.956886
0.955522
0.95289
0.9508409999999999
0.952002
0.9545020000000001
0.9555879999999999
0.955551
0.9549049999999999
0.953845
0.952277
0.9500430000000001
0.949774
0.951865
0.953516
0.954176
0.953673
0.9541729999999999
0.9576100000000001
0.9614440000000001
0.9634440000000001
0.9637620000000001
0.962692
0.9603440000000001
0.9567209999999999
0.9519040000000001
0.9487469999999999
0.947916
0.946951
0.9455180000000001
0.94355
0.943349
0.9467260000000001
0.95083
0.9533879999999999
0.954592
0.9545879999999999
0.953191
0.9501290000000001
0.9452790000000001
0.9416
0.9399709999999999
0.9379620000000001
0.935265
0.931947
0.931174
0.934425
0.938364
0.941317
0.94334
0.94442
0.9444450000000001
0.943299
0.943409
0.945133
0.9459850000000001
0.9456690000000001
0.9442860000000001
0.943032
0.9451139999999999
0.9493940000000001
0.9525389999999999
0.954566
0.9556600000000001
0.9558459999999999
0.955052
0.953117
0.952435
0.953558
0.954262
0.954259
0.953461
0.9528709999999999
0.9554219999999999
0.959723
0.962508
0.963952
0.964326
0.963731
0.962124
0.9593860000000001
0.958145
0.9589049999999999
0.9590290000000001
0.95805
0.956016
0.95478
0.956983
0.960693
0.9631040000000001
0.9643299999999999
0.9646030000000001
0.9640059999999999
0.9623450000000001
0.959298
0.9573799999999999
0.9571620000000001
0.956177
0.9540549999999999
0.950808
0.947934
0.948257
0.950225
0.950974
0.9506379999999999
0.949391
0.9472389999999999
0.944011
0.942003
0.941781
0.9411379999999999
0.9397709999999999
0.937723
0.9352280000000001
0.935933
0.939406
0.941541
0.942214
0.9416100000000001
0.9398860000000001
0.937207
0.9335600000000001
0.931267
0.930833
0.93006
0.928767
0.9271510000000001
0.926133
0.928808
0.9339770000000001
0.937998
0.9408
0.942528
0.943147
0.942475
0.940399
0.939579
0.940631
0.941102
0.9406120000000001
0.9392229999999999
0.9383819999999999
0.9410229999999999
0.9456610000000001
0.949205
0.95175
0.953564
0.954649
0.954709
0.9533440000000001
0.952923
0.9538610000000001
0.953702
0.952234
0.9495549999999999
0.947206
0.948116
0.95076
0.952225
0.9527530000000001
0.952681
0.952017
0.950536
0.950411
0.951941
0.9527399999999999
0.952491
0.9512290000000001
0.948836
0.949118
0.9524020000000001
0.954634
0.9554860000000001
0.9552139999999999
0.953932
0.9516680000000001
0.948473
0.9466479999999999
0.9466559999999999
0.946436
0.945807
0.9447959999999999
0.9431950000000001
0.944258
0.948254
0.951262
0.952729
0.953047
0.952375
0.950615
0.9476389999999999
0.9457469999999999
0.945499
0.9448629999999999
0.943642
0.9418639999999999
0.939492
0.940579
0.9450120000000001
0.948392
0.950677
0.952053
0.9524299999999999
0.9515889999999999
0.9493229999999999
0.9478979999999999
0.947792
0.946818
0.9447120000000001
0.941542
0.937975
0.9378709999999999
0.940752
0.942792
0.944019
0.944592
0.944421
0.943217
0.942909
0.943732
0.943565
0.94232
0.94015
0.9370040000000001
0.9361950000000001
0.938398
0.940082
0.940616
0.94035
0.939421
0.937795
0.9353629999999999
0.9342020000000001
0.934685
0.9347200000000001
0.9340450000000001
0.932759
0.930882
0.9318270000000001
0.9358120000000001
0.938932
0.940702
0.941436
0.941335
0.940442
0.938623
0.938042
0.939206
0.9400379999999999
0.940208
0.939644
0.9381649999999999
0.9394020000000001
0.94363
0.9470040000000001
0.949317
0.950816
0.951551
0.9513010000000001
0.9497040000000001
0.94896
0.949701
0.9498639999999999
0.949161
0.9476209999999999
0.945155
0.9456379999999999
0.949297
0.9520129999999999
0.9535170000000001
0.954041
0.953707
0.952362
0.9518790000000001
0.952609
0.952575
0.9515899999999999
0.949857
0.9474670000000001
0.9464379999999999
0.948515
0.95149
0.953425
0.954354
0.9542950000000001
0.9531200000000001
0.950608
0.948724
0.94805
0.946851
0.9449870000000001
0.9425959999999999
0.939622
0.938048
0.9396530000000001
0.942264
0.9440040000000001
0.9449639999999999
0.9452200000000001
0.9446319999999999
0.9429569999999999
0.942155
0.9426379999999999
0.942401
0.9411940000000001
0.939163
0.936282
0.935126
0.937061
0.939377
0.940742
0.941408
0.941573
0.9411129999999999
0.9416770000000001
0.943485
0.944649
0.944857
0.9440850000000001
0.942225
0.9400809999999999
0.9405950000000001
0.942989
0.944318
0.9446190000000001
0.9440959999999999
0.9427629999999999
0.940466
0.939084
0.939126
0.9388639999999999
0.938125
0.9370059999999999
0.935419
0.934941
0.937425
0.9408299999999999
0.943001
0.944163
0.944477
0.94383
0.9420620000000001
0.941182
0.941672
0.941742
0.941326
0.94053
0.939211
0.939235
0.9423799999999999
0.946473
0.949526
0.951565
0.9525819999999999
0.952449
0.951046
0.950311
0.9506950000000001
0.950425
0.9492889999999999
0.947284
0.9444040000000001
0.9426190000000001
0.9441139999999999
0.9469870000000001
0.949102
0.950506
0.9511569999999999
0.950818
0.951097
0.9522379999999999
0.95255
0.951983
0.9506680000000001
0.948556
0.9457270000000001
0.9457559999999999
0.9485239999999999
0.95037
0.951399
0.9518129999999999
0.951574
0.950585
0.9505239999999999
0.951644
0.952204
0.95196
0.9509040000000001
0.948997
0.9463
0.9464670000000001
0.9494360000000001
0.951421
0.952398
0.9524870000000001
0.9517200000000001
0.9501069999999999
0.9494469999999999
0.9501370000000001
0.950516
0.9503209999999999
0.949492
0.947896
0.945887
0.9465969999999999
0.9495299999999999
0.9514540000000001
0.95242
0.9525290000000001
0.951741
0.9498989999999999
0.948723
0.948643
0.948049
0.9467760000000001
0.944873
0.9423159999999999
0.940055
0.940874
0.9437040000000001
0.9455379999999999
0.9462809999999999
0.946033
0.944843
0.9443440000000001
0.944773
0.944534
0.943472
0.9416540000000001
0.939118
0.935893
0.9351510000000001
0.9374889999999999
0.9396209999999999
0.940895
0.941391
0.941084
0.939842
0.9392020000000001
0.9394889999999999
0.9392530000000001
0.93839
0.9369780000000001
0.9350299999999999
0.9323819999999999
0.9322809999999999
0.935067
0.9372659999999999
0.9385889999999999
0.9392229999999999
0.939206
0.938442
0.938536
0.9397770000000001
0.940477
0.940342
0.939419
0.9377780000000001
0.935423
0.935895
0.9391649999999999
0.9414879999999999
0.9428219999999999
0.943314
0.942982
0.943315
