1.013617
1.012734
1.0130860000000002
1.012664
1.0113159999999999
1.009172
1.006211
1.003781
1.00451
1.006913
1.008227
1.008581
1.008152
1.006886
1.004649
1.003492
1.0038049999999998
1.003519
1.002312
1.000276
0.997503
0.9955370000000001
0.9967309999999999
0.9993709999999999
1.000875
1.001321
1.000884
0.9996379999999999
0.9975280000000001
0.996611
0.9972610000000001
0.9974120000000001
0.996749
0.995251
0.9928049999999999
0.991268
0.9927879999999999
0.995447
0.9970959999999999
0.997807
0.9976889999999999
0.9966799999999999
0.9945930000000001
0.9936020000000001
0.9942799999999999
0.994607
0.9942799999999999
0.993311
0.991619
0.9915649999999999
0.994617
0.998025
1.00001
1.000726
1.0004110000000002
0.9991
0.9966860000000001
0.9954129999999999
0.995766
0.9955799999999999
0.994583
0.9928969999999999
0.99051
0.990079
0.9929319999999999
0.9961270000000001
0.998114
0.998934
0.998599
0.997066
0.9964069999999999
0.997001
0.996817
0.995598
0.9934959999999999
0.990605
0.9876309999999999
0.9879530000000001
0.990924
0.992994
0.9940479999999999
0.9942280000000001
0.9935350000000001
0.991836
0.9909690000000001
0.991232
0.9907799999999999
0.9895430000000001
0.9876950000000001
0.98521
0.982817
0.98351
0.9863270000000001
0.988058
0.988906
0.989185
0.988942
0.9880760000000001
0.988535
0.990569
0.9920110000000001
0.992447
0.9918370000000001
0.9901690000000001
0.9889399999999999
0.990706
0.993944
0.9960479999999999
0.9971209999999999
0.997289
0.996539
0.9948040000000001
0.9941209999999999
0.9948600000000001
0.995017
0.994358
0.9929290000000001
0.99064
0.9891770000000001
0.9907159999999999
0.9934040000000001
0.994926
0.9952850000000001
0.994556
0.992712
0.989658
0.987625
0.9872219999999999
0.9864569999999999
0.9850209999999999
0.982922
0.980108
0.978943
0.980964
0.9835379999999999
0.9849319999999999
0.985326
0.9849399999999999
0.98375
0.983563
0.984643
0.9850450000000001
0.984497
0.98314
0.98115
0.978719
0.979514
0.9833729999999999
0.986355
0.9883059999999999
0.9893139999999999
0.9893379999999999
0.988267
0.9879620000000001
0.988907
0.989402
0.989242
0.988505
0.9871260000000001
0.985117
0.986051
0.989765
0.9924709999999999
0.994174
0.995124
0.9954
0.994886
0.9954299999999999
0.9972850000000001
0.9984649999999999
0.998757
0.998216
0.9967379999999999
0.9950950000000001
0.9963629999999999
0.999706
1.002055
1.003584
1.004465
1.004538
1.00352
1.003243
1.0040440000000002
1.003982
1.002807
1.000612
0.9974860000000001
0.994301
0.994287
0.996625
0.997966
0.9982790000000001
0.9976360000000001
0.996022
0.9934440000000001
0.991994
0.992122
0.991899
0.991028
0.9894440000000001
0.986981
0.984718
0.9853350000000001
0.98764
0.988974
0.9894799999999999
0.989288
0.98835
0.986507
0.985682
0.986293
0.986491
0.9860629999999999
0.985034
0.983369
0.9824149999999999
0.9846940000000001
0.9886590000000001
0.991468
0.9930040000000001
0.993331
0.9924930000000001
0.990451
0.9892610000000001
0.989439
0.9891049999999999
0.988
0.986194
0.9837379999999999
0.982308
0.9842040000000001
0.987635
0.990101
0.9915790000000001
0.992086
0.991502
0.989717
0.9889040000000001
0.989502
0.989366
0.988144
0.9859209999999999
0.982766
0.980875
0.982395
0.9852540000000001
0.987348
0.988658
0.98919
0.988799
0.989217
0.9906530000000001
0.991173
0.9905950000000001
0.9891700000000001
0.9870329999999999
0.9841469999999999
0.984297
0.9875079999999999
0.9896510000000001
0.9905649999999999
0.990557
0.9897879999999999
0.988246
0.987783
0.988756
0.989325
0.9891780000000001
0.988294
0.986574
0.9840479999999999
0.984485
0.987765
0.9899319999999999
0.990975
0.991131
0.990452
0.988906
0.9884649999999999
0.989504
0.990087
0.9899459999999999
0.9891479999999999
0.987649
0.9860690000000001
0.987452
0.991
0.9934879999999999
0.994934
0.995397
0.99479
0.992976
0.99185
0.991873
0.991343
0.990138
0.988331
0.985872
0.983568
0.9843709999999999
0.9872549999999999
0.9889629999999999
0.9894649999999999
0.988957
0.9875440000000001
0.9851549999999999
0.983762
0.983791
0.9833
0.982001
0.979978
0.9773370000000001
0.975657
0.977342
0.980765
0.983353
0.9850629999999999
0.985875
0.9856229999999999
0.9859969999999999
0.987318
0.987927
0.9877309999999999
0.986877
0.985439
0.983358
0.9836969999999999
0.987042
0.990079
0.9921120000000001
0.993242
0.9935149999999999
0.9928879999999999
0.993081
0.9943690000000001
0.994974
0.994625
0.993409
0.991408
0.9885139999999999
0.9879379999999999
0.9902610000000001
0.992073
0.9928469999999999
0.992842
0.9922469999999999
0.9910530000000001
0.991024
0.9924290000000001
0.9933719999999999
0.993489
0.992725
0.991
0.988275
0.9884780000000001
0.991698
0.9938959999999999
0.9950030000000001
0.9952129999999999
0.9945280000000001
0.9928440000000001
0.9920100000000001
0.9924729999999999
0.9924940000000001
0.991826
0.990532
0.9885729999999999
0.9857459999999999
0.9857819999999999
0.9886729999999999
0.990394
0.9909979999999999
0.9907239999999999
0.9895700000000001
0.987442
0.986224
0.986287
0.9858370000000001
0.9847600000000001
0.983191
0.981088
0.979016
0.9801540000000001
0.983773
0.9864209999999999
0.987994
0.988556
0.9880979999999999
0.986604
0.986034
0.986769
0.9869620000000001
0.986402
0.985139
0.98315
0.9812540000000001
0.9825520000000001
0.9861690000000001
0.9888440000000001
0.99054
0.9913270000000001
0.9911030000000001
0.989707
0.989107
0.989848
0.9901040000000001
0.9895299999999999
0.9880969999999999
0.985766
0.983323
0.98388
0.9867020000000001
0.988684
0.989834
0.990231
0.9898030000000001
0.990225
0.991721
0.9924639999999999
0.992159
0.9909180000000001
0.9889120000000001
0.986194
0.985341
0.987567
0.9901620000000001
0.99179
0.992518
0.992484
0.991713
0.9918809999999999
0.993268
0.994182
0.994375
0.993856
0.99254
0.9902350000000001
0.9895950000000001
0.991869
0.9943129999999999
0.9957540000000001
0.996331
0.996143
0.9951270000000001
0.995058
0.996343
0.99725
0.9974620000000001
0.996965
0.995708
0.9935200000000001
0.9935440000000001
0.996361
0.998633
0.999864
1.000232
0.9996809999999999
0.9980540000000001
0.9971120000000001
0.997233
0.996741
0.995539
0.9937889999999999
0.991477
0.98844
0.988181
0.9910329999999999
0.99319
0.9941709999999999
0.9940559999999999
0.9928899999999999
0.9907030000000001
0.989392
0.989351
0.988833
0.9876159999999999
0.985717
0.983124
0.9800709999999999
0.9803040000000001
0.9836809999999999
0.9863790000000001
0.9883120000000001
0.989539
0.989916
0.989208
0.9891620000000001
0.9901709999999999
0.9905520000000001
0.990152
0.98905
0.987258
0.9849459999999999
0.985717
0.989376
0.9921760000000001
0.994094
0.9952409999999999
0.9955639999999999
0.994943
0.9952139999999999
0.996714
0.9975510000000001
0.9974770000000001
0.996619
0.994957
0.992684
0.993287
0.996469
0.998575
0.999632
0.9998959999999999
0.9994299999999999
0.998094
0.997713
0.9986360000000001
0.998969
0.998395
0.9969020000000001
0.9944459999999999
0.99155
0.991772
0.9946969999999999
0.9967309999999999
0.997801
0.997986
0.9971760000000001
0.9970030000000001
0.9978540000000001
0.998186
0.9978389999999999
0.996906
0.9954149999999999
0.9932610000000001
0.9922280000000001
0.994002
0.996483
0.997782
0.998079
0.997548
0.996185
0.995655
0.996274
0.9963930000000001
0.9958100000000001
0.9946659999999999
0.992993
0.9906290000000001
0.9898049999999999
0.9919879999999999
0.994726
0.996432
0.997149
0.996991
0.9960209999999999
0.9959959999999999
0.997158
0.9977309999999999
0.997497
0.9965510000000001
0.9949479999999999
0.992683
0.992873
0.996207
0.9993360000000001
1.001427
1.002556
1.002674
1.001608
1.001053
1.0014290000000001
1.001183
1.000197
0.9985620000000001
0.996295
0.9932780000000001
0.992718
0.9951969999999999
0.997344
0.9986379999999999
0.999233
0.999115
0.998122
0.9979709999999999
0.9989239999999999
0.9991059999999999
0.998246
0.9964770000000001
0.993958
0.990691
0.990507
0.99356
0.9958629999999999
0.997259
0.997877
0.997741
0.99677
0.9967530000000001
0.998044
0.9988610000000001
0.998958
0.998333
0.9968809999999999
0.994467
0.9948469999999999
0.9982639999999999
1.0007709999999999
1.0021120000000001
1.002477
1.001926
1.000434
0.999927
1.000884
1.001516
1.001482
1.000745
0.999216
0.9967090000000001
0.996877
0.999922
1.0020229999999999
1.003115
1.003399
1.002832
1.001282
1.0005680000000001
1.0010290000000002
1.000859
0.999923
0.998411
0.996373
0.993878
0.99464
0.9984860000000001
1.0013610000000002
1.003064
1.003638
1.00309
1.001448
1.0006629999999999
1.001153
1.0011290000000002
1.000346
0.9988100000000001
0.9964879999999999
0.9936290000000001
0.9939129999999999
0.997093
0.999341
1.00061
1.0010290000000002
1.000528
1.000717
1.001896
1.0024600000000001
1.00219
1.0010700000000001
0.9990879999999999
0.996239
0.994547
0.995817
0.9980389999999999
0.9994059999999999
0.999928
0.9996219999999999
0.998448
0.998077
0.998782
0.998866
0.9981190000000001
0.996705
0.994775
0.992251
0.991434
0.9936280000000001
0.9962290000000001
0.9977379999999999
0.9982690000000001
0.9980459999999999
0.99718
0.9974629999999999
0.9992110000000001
1.00064
1.001391
1.0013729999999998
1.0004620000000002
0.9984780000000001
0.998316
1.0010729999999999
1.003841
1.005678
1.006721
1.006975
1.006259
1.006245
1.0073
1.007739
1.007348
1.006225
1.004422
1.001841
1.001473
1.004048
1.006337
1.007574
1.0078719999999999
1.007168
1.0053290000000001
1.0042229999999999
1.004297
1.003862
1.002815
1.001295
0.999235
0.996418
0.9963629999999999
0.999353
1.001581
1.002692
1.0028110000000001
1.0020069999999999
1.000314
0.9995719999999999
1.000109
1.000145
0.999432
0.997984
0.9957870000000001
0.9928379999999999
0.992728
0.995956
0.9988790000000001
1.000988
1.002291
1.00264
1.00181
1.001528
1.0022440000000001
1.0023819999999999
1.001802
1.000556
0.998626
0.9958879999999999
0.9959319999999999
0.9990629999999999
1.001539
1.003121
1.003957
1.004034
1.0032459999999999
1.003418
1.00484
1.005564
1.005293
1.004135
1.0020950000000002
0.9992200000000001
0.999266
1.002209
1.004211
1.005269
1.005609
1.00526
1.004048
1.003745
1.004679
1.004988
1.004389
1.002895
1.000469
0.99734
0.9973
1.000175
1.002052
1.002838
1.0026540000000002
1.001463
0.9992059999999999
0.997919
0.9981610000000001
0.9981530000000001
0.997617
0.9965350000000001
0.994769
0.992469
0.993042
0.9960700000000001
0.9979020000000001
0.998647
0.998551
0.9976209999999999
0.997561
0.998649
0.999131
0.99876
0.9976709999999999
0.995966
0.9936209999999999
0.9927790000000001
0.9950389999999999
0.998075
1.000081
1.001012
1.0009379999999999
0.999916
0.999657
1.000405
1.000478
0.9997459999999999
0.9983790000000001
0.996461
0.993972
0.9934799999999999
0.996107
0.9990110000000001
1.000867
1.0017770000000001
1.001803
1.000865
1.000709
1.001716
1.0022360000000001
1.002061
1.001211
0.999661
0.9972780000000001
0.99715
0.9999620000000001
1.002514
1.0042360000000001
1.005296
1.005672
1.005174
1.005423
1.006622
1.006931
1.006109
1.004342
1.001836
0.998604
0.9979399999999999
1.000442
1.002618
1.00378
1.004016
1.003375
1.0017909999999999
1.0010780000000001
1.0016260000000001
1.001678
1.000997
0.9995790000000001
0.9973209999999999
0.994102
0.993826
0.9966510000000001
0.9985350000000001
0.9993860000000001
0.9994280000000001
0.998707
0.997149
0.9966389999999999
0.997583
0.998123
0.997926
0.996994
0.9952790000000001
0.9926219999999999
0.9928040000000001
0.9959290000000001
0.9980559999999999
0.999209
0.999589
0.9991459999999999
0.997757
0.99723
0.9979299999999999
0.9981030000000001
0.997616
0.996624
0.995116
0.993029
0.994075
0.9981180000000001
1.001066
1.002767
1.003328
1.002807
1.001257
1.000657
1.0014129999999999
1.001692
1.001214
0.9999629999999999
0.9978940000000001
0.995401
0.996077
0.9995649999999999
1.002175
1.003854
1.004687
1.004553
1.003236
1.002625
1.003207
1.003159
1.002186
1.000335
0.9976510000000001
0.9946299999999999
0.9947520000000001
0.997609
0.9996379999999999
1.000725
1.000909
1.000132
1.0000879999999999
1.001058
1.001308
1.000592
0.999044
0.996818
0.9939100000000001
0.9923420000000001
0.9937229999999999
0.995812
0.9968100000000001
0.9968
0.996008
0.9945579999999999
0.9941760000000001
0.9951540000000001
0.995792
0.99579
0.995115
0.9936719999999999
0.9912850000000001
0.990458
0.9926149999999999
0.9951909999999999
0.9968379999999999
0.9976659999999999
0.9977469999999999
0.996983
0.9971120000000001
0.998518
0.999501
0.999812
0.9995040000000001
0.998577
0.9968889999999999
0.997506
1.000988
1.003984
1.0059
1.006891
1.0068979999999998
1.005779
1.005326
1.005925
1.0058690000000001
1.0050459999999999
1.003614
1.001555
0.9986940000000001
0.998423
1.0011940000000001
1.003354
1.00437
1.004338
1.0033100000000001
1.001292
1.000159
1.00026
0.9998
0.998551
0.996555
0.99382
0.990434
0.9903069999999999
0.993466
0.9959129999999999
0.9975459999999999
0.9984270000000001
0.9984209999999999
0.997309
0.996842
0.997449
0.9975069999999999
0.9968790000000001
0.9956299999999999
0.9937370000000001
0.991057
0.991293
0.994598
0.997086
0.998661
0.9994790000000001
0.999527
0.9987020000000001
0.996849
0.9938440000000001
0.9896209999999999
0.9869319999999999
0.986409
0.9853879999999999
0.9832700000000001
0.979979
0.9783139999999999
0.9804879999999999
0.983843
0.986295
0.9878809999999999
0.9885010000000001
0.987893
0.985906
0.982512
0.977651
0.9742780000000001
0.9728700000000001
0.970541
0.9671569999999999
0.9630700000000001
0.9626889999999999
0.966458
0.9696110000000001
0.971176
0.971152
0.969616
0.9666170000000001
0.9621719999999999
0.956341
0.9521229999999999
0.9500379999999999
0.9471870000000001
0.943184
0.9382030000000001
0.936298
0.938362
0.94016
0.940549
0.9397049999999999
0.9378569999999999
0.9350430000000001
0.931176
0.928919
0.928768
0.9280879999999999
0.926523
0.9241809999999999
0.923435
0.926266
0.9300430000000001
0.9323799999999999
0.933321
0.933098
0.9318629999999999
0.929707
0.92661
0.9250860000000001
0.925675
0.926056
0.925939
0.925235
0.9260510000000001
0.9301229999999999
0.934634
0.937159
0.937781
0.936803
0.934502
0.9310959999999999
0.926636
0.921061
0.9173709999999999
0.9161469999999999
0.9144770000000001
0.911953
0.909327
0.910568
0.9147569999999999
0.917479
0.9186780000000001
0.9185530000000001
0.9170209999999999
0.9138129999999999
0.908682
0.901644
0.896108
0.8928959999999999
0.8890969999999999
0.884374
0.8802770000000001
0.880237
0.882767
0.884178
0.8842979999999999
0.8832450000000001
0.881028
0.8774780000000001
0.872352
0.868474
0.8664379999999999
0.863584
0.8597100000000001
0.8552780000000001
0.8542780000000001
0.8562790000000001
0.8569709999999999
0.856309
0.8546549999999999
0.852258
0.849189
0.8453930000000001
0.840784
0.838241
0.838298
0.8381069999999999
0.837151
0.836464
0.8392059999999999
0.844008
0.8471989999999999
0.848719
0.8489
0.847985
0.8460850000000001
0.843302
0.83978
0.8386459999999999
0.840467
0.842211
0.8432149999999999
0.8449690000000001
0.850086
0.856506
0.860985
0.863599
0.864807
0.8648290000000001
0.863561
0.860778
0.856324
0.8533069999999999
0.852449
0.8508459999999999
0.848036
0.846032
0.847721
0.851146
0.853326
0.8542059999999999
0.8538819999999999
0.852259
0.849146
0.8444010000000001
0.8379459999999999
0.832917
0.8299719999999999
0.8261790000000001
0.821205
0.817773
0.818174
0.8197559999999999
0.82015
0.819419
0.8177449999999999
0.815167
0.811593
0.806886
0.803837
0.8030189999999999
0.801675
0.799259
0.796709
0.7972859999999999
0.800009
0.801497
0.801721
0.800878
0.799135
0.796579
0.793164
0.7913279999999999
0.791456
0.791041
0.7897069999999999
0.787655
0.789036
0.79372
0.797243
0.799316
0.800121
0.799891
0.798833
0.797007
0.7943640000000001
0.793654
0.795374
0.796754
0.7972560000000001
0.798216
0.802426
0.808135
0.812058
0.814333
0.815415
0.815581
0.8149109999999999
0.813303
0.8106439999999999
0.809775
0.811129
0.811755
0.811129
0.810856
0.81375
0.8180689999999999
0.8207270000000001
0.8217200000000001
0.8212889999999999
0.819599
0.816669
0.8123229999999999
0.806365
0.8016439999999999
0.7988350000000001
0.7953979999999999
0.791134
0.787988
0.788668
0.791289
0.7929229999999999
0.793469
0.793029
0.791554
0.7888189999999999
0.784554
0.778675
0.774142
0.7716270000000001
0.768487
0.7643840000000001
0.761541
0.762459
0.765139
0.7671819999999999
0.768641
0.769691
0.770293
0.7701819999999999
0.768993
0.768991
0.7704449999999999
0.770844
0.769949
0.7684439999999999
0.769896
0.773778
0.776449
0.778007
0.778833
0.779109
0.778802
0.7777569999999999
0.7758010000000001
0.775461
0.7771710000000001
0.778293
0.778289
0.778478
0.781722
0.786511
0.789695
0.7912779999999999
0.791609
0.790957
0.789432
0.787031
0.783716
0.78228
0.783223
0.783736
0.783266
0.783752
0.787575
0.792543
0.795949
0.797856
0.798585
0.798212
0.796533
0.7932819999999999
0.788339
0.784502
0.78251
0.7799470000000001
0.776518
0.773899
0.775048
0.778369
0.780708
0.781883
0.781899
0.780633
0.777929
0.773725
0.770506
0.768767
0.766209
0.7626470000000001
0.7586390000000001
0.7581319999999999
0.760929
0.763096
0.7645
0.765273
0.765413
0.76479
0.763165
0.7625529999999999
0.7633
0.763358
0.76255
0.760933
0.761476
0.7652329999999999
0.7691560000000001
0.7721319999999999
0.774231
0.775523
0.7760130000000001
0.775619
0.7741819999999999
0.7739229999999999
0.7753
0.776105
0.775982
0.774964
0.7769510000000001
0.782197
0.786484
0.789341
0.791065
0.79193
0.7920470000000001
0.79132
0.789562
0.789139
0.790445
0.7910010000000001
0.79038
0.788864
0.79037
0.7946270000000001
0.797571
0.7993020000000001
0.800184
0.800312
0.799546
0.797589
0.7942140000000001
0.7919
0.79123
0.789922
0.787704
0.784885
0.785455
0.789183
0.791779
0.793011
0.79301
0.791864
0.7895949999999999
0.786086
0.7812359999999999
0.7775529999999999
0.775695
0.773537
0.770885
0.7679819999999999
0.768708
0.772844
0.776162
0.778442
0.7797930000000001
0.7801859999999999
0.779455
0.777453
0.774193
0.772142
0.771814
0.770976
0.769349
0.767324
0.768966
0.774109
0.778543
0.782039
0.784721
0.786559
0.787349
0.786822
0.787077
0.7885260000000001
0.7891020000000001
0.788669
0.787352
0.7880020000000001
0.7918189999999999
0.795809
0.798655
0.8005260000000001
0.801593
0.801876
0.8012819999999999
0.799643
0.796805
0.79533
0.795767
0.795611
0.794365
0.7929930000000001
0.794912
0.799082
0.801884
0.803298
0.803566
0.802794
0.801018
0.798222
0.794378
0.7921520000000001
0.7920729999999999
0.791566
0.790181
0.78869
0.790475
0.79471
0.79779
0.799579
0.8000970000000001
0.799254
0.796924
0.7930619999999999
0.790093
0.788666
0.786742
0.784125
0.78096
0.780181
0.782933
0.7861100000000001
0.7882170000000001
0.789132
0.788894
0.787593
0.785212
0.781659
0.7792939999999999
0.778712
0.777844
0.776502
0.774741
0.776243
0.781271
0.785734
0.789049
0.791337
0.792691
0.793099
0.792466
0.7907489999999999
0.790449
0.7920689999999999
0.793222
0.793488
0.792808
0.795099
0.8005869999999999
0.805068
0.808192
0.810183
0.8111659999999999
0.811074
0.809715
0.806912
0.805081
0.80481
0.8039149999999999
0.802108
0.7993439999999999
0.799704
0.803301
0.805817
0.807129
0.807499
0.806984
0.805487
0.802846
0.798948
0.796333
0.7955220000000001
0.794075
0.7915989999999999
0.7883979999999999
0.78854
0.7918689999999999
0.794191
0.795378
0.795654
0.795151
0.793909
0.791851
0.788886
0.787478
0.788131
0.788443
0.787929
0.7864439999999999
0.787809
0.792131
0.795222
0.796886
0.797416
0.796948
0.795507
0.793057
0.79188
0.792572
0.793084
0.7930659999999999
0.792461
0.793455
0.797538
0.802165
0.805424
0.807271
0.807864
0.8073819999999999
0.805844
0.803095
0.7990470000000001
0.796359
0.795759
0.794994
0.7937109999999999
0.792509
0.794866
0.799982
0.80399
0.806787
0.808525
0.8091729999999999
0.808573
0.8066300000000001
0.80582
0.806606
0.80658
0.805392
0.803108
0.8027270000000001
0.8055329999999999
0.808624
0.81083
0.8122739999999999
0.813029
0.812971
0.811817
0.809262
0.8074439999999999
0.806926
0.805764
0.80375
0.80086
0.799762
0.80183
0.804257
0.805636
0.806133
0.805875
0.804871
0.803086
0.800499
0.799532
0.800609
0.801281
0.8010229999999999
0.799741
0.800879
0.805111
0.808802
0.811242
0.812706
0.813415
0.8134600000000001
0.812751
0.811109
0.8107810000000001
0.81218
0.81299
0.812779
0.8114979999999999
0.8120689999999999
0.815671
0.819242
0.821565
0.822799
0.8230069999999999
0.822106
0.819944
0.816454
0.81419
0.813787
0.812973
0.811381
0.8089930000000001
0.809304
0.812928
0.816071
0.817901
0.818631
0.818504
0.8175359999999999
0.8155220000000001
0.812265
0.810196
0.809897
0.809159
0.8076909999999999
0.805476
0.8061619999999999
0.810354
0.814204
0.816974
0.818725
0.8194309999999999
0.8189420000000001
0.817124
0.8139930000000001
0.812016
0.811735
0.810945
0.80934
0.806964
0.8073060000000001
0.811187
0.8149529999999999
0.817649
0.819385
0.82019
0.819945
0.818465
0.8156220000000001
0.813932
0.814037
0.813619
0.812236
0.8098489999999999
0.8103600000000001
0.8143520000000001
0.81793
0.8206120000000001
0.822528
0.8236870000000001
0.823968
0.823149
0.8210139999999999
0.8199700000000001
0.820473
0.8200959999999999
0.818547
0.816024
0.8166180000000001
0.8207120000000001
0.8241149999999999
0.8263219999999999
0.827514
0.827838
0.827277
0.8256879999999999
0.822974
0.8216469999999999
0.8221879999999999
0.822139
0.8210620000000001
0.8188949999999999
0.819441
0.8231370000000001
0.825989
0.8275030000000001
0.8278459999999999
0.827139
0.825377
0.8225040000000001
0.818551
0.816128
0.815773
0.8150850000000001
0.813693
0.811565
0.812796
0.817435
0.820941
0.822994
0.8238620000000001
0.823651
0.82224
0.8194629999999999
0.815285
0.8124170000000001
0.811617
0.810604
0.8090109999999999
0.806918
0.808476
0.8135560000000001
0.817609
0.8203360000000001
0.8218290000000001
0.8220879999999999
0.821075
0.818769
0.815128
0.812742
0.812193
0.811075
0.809085
0.806686
0.807955
0.812601
0.816369
0.81907
0.82081
0.821559
0.8211620000000001
0.819412
0.816245
0.814454
0.814659
0.814289
0.812917
0.811164
0.812897
0.817631
0.8213370000000001
0.823808
0.8251879999999999
0.825565
0.8249
0.8230569999999999
0.8199209999999999
0.818142
0.818221
0.817621
0.816052
0.814144
0.815645
0.8199420000000001
0.822984
0.82468
0.8253309999999999
0.8250850000000001
0.823903
0.821677
0.818318
0.8164560000000001
0.8165789999999999
0.816082
0.814523
0.812413
0.813581
0.817578
0.820371
0.821782
0.822008
0.8211579999999999
0.819259
0.816331
0.81238
0.810099
0.810036
0.809607
0.808348
0.806888
0.808754
0.813106
0.81604
0.8175479999999999
0.8178989999999999
0.817149
0.815237
0.812112
0.807841
0.805291
0.805064
0.804521
0.803207
0.802103
0.804563
0.809475
0.813084
0.815185
0.8158979999999999
0.815337
0.813585
0.8105939999999999
0.806294
0.803501
0.802848
0.801775
0.799975
0.798862
0.801503
0.806446
0.810285
0.812836
0.81419
0.814362
0.813241
0.810649
0.806537
0.803847
0.803215
0.8019390000000001
0.799603
0.797813
0.7995720000000001
0.8033859999999999
0.8061699999999999
0.807866
0.808656
0.8085939999999999
0.807561
0.805343
0.804361
0.804974
0.8046760000000001
0.803249
0.800818
0.801491
0.805269
0.807823
0.8091079999999999
0.809448
0.808999
0.807759
0.805642
0.802551
0.800975
0.801384
0.8013170000000001
0.800345
0.7985399999999999
0.799904
0.804281
0.807291
0.808755
0.80898
0.8082199999999999
0.806613
0.8042090000000001
0.801017
0.7996880000000001
0.800711
0.801462
0.801405
0.800986
0.8037569999999999
0.809004
0.812706
0.814819
0.815751
0.8156979999999999
0.814577
0.81218
0.808365
0.805834
0.805271
0.80425
0.802407
0.800474
0.802096
0.806531
0.809822
0.811758
0.812443
0.811945
0.81028
0.807309
0.802852
0.799624
0.798287
0.796426
0.793792
0.791639
0.793104
0.796936
0.799768
0.801554
0.802458
0.802474
0.801434
0.7990970000000001
0.795363
0.79304
0.79272
0.791792
0.78986
0.7881729999999999
0.7899930000000001
0.794205
0.797487
0.799794
0.8013140000000001
0.8020470000000001
0.8018069999999999
0.800358
0.797557
0.796068
0.796387
0.7959390000000001
0.794411
0.793107
0.795188
0.7993859999999999
0.802339
0.8040689999999999
0.804908
0.804986
0.804199
0.8023710000000001
0.799373
0.7979189999999999
0.798475
0.798253
0.796728
0.795501
0.797691
0.80181
0.804683
0.806222
0.806658
0.8061619999999999
0.804747
0.802257
0.7985329999999999
0.796327
0.796221
0.795569
0.79392
0.792821
0.7951189999999999
0.7991159999999999
0.801693
0.802871
0.802856
0.801682
0.799309
0.795693
0.793424
0.793094
0.792345
0.790879
0.7888569999999999
0.790308
0.795081
0.798771
0.801089
0.802104
0.801826
0.800287
0.797531
0.793517
0.790728
0.7897310000000001
0.788261
0.786133
0.784035
0.7857569999999999
0.790667
0.794603
0.797339
0.79902
0.7996939999999999
0.799247
0.79748
0.79433
0.792572
0.7927890000000001
0.792384
0.790929
0.789501
0.7915770000000001
0.796208
0.799797
0.802243
0.803779
0.804516
0.804335
0.8052020000000001
0.807266
0.8082
0.807666
0.805852
0.804607
0.806305
0.8093130000000001
0.811253
0.81212
0.812079
0.8112729999999999
0.811525
0.813118
0.8142159999999999
0.814467
0.8139529999999999
0.812808
0.812865
0.8158449999999999
0.8196680000000001
0.822152
0.823253
0.8231809999999999
0.8221299999999999
0.821833
0.8227639999999999
0.8235959999999999
0.8242459999999999
0.8248409999999999
0.825371
0.8258120000000001
0.8292700000000001
0.835364
0.8402430000000001
0.8435729999999999
0.84551
0.8463780000000001
0.8465459999999999
0.8476450000000001
0.8498399999999999
0.8514879999999999
0.8522770000000001
0.852334
0.851807
0.85064
0.8521110000000001
0.856326
0.8597309999999999
0.862195
0.863952
0.8650680000000001
0.865397
0.866267
0.8678239999999999
0.868506
0.868091
0.8666739999999999
0.864382
0.861952
0.862308
0.864843
0.866643
0.867836
0.8686950000000001
0.869242
0.870768
0.873301
0.875183
0.876072
0.876081
0.8754290000000001
0.8741680000000001
0.8742030000000001
0.876741
0.879642
0.881625
0.8829790000000001
0.88395
0.8845200000000001
0.885925
0.8883110000000001
0.8902909999999999
0.891704
0.892655
0.893125
0.892892
0.892962
0.895595
0.899653
0.902857
0.9052969999999999
0.907125
0.9083049999999999
0.9101899999999999
0.913119
0.9158270000000001
0.918134
0.920034
0.921391
0.9219209999999999
0.9222959999999999
0.92505
0.929377
0.932809
0.9355540000000001
0.9377610000000001
0.939276
0.9398610000000001
0.9409549999999999
0.942853
0.944092
0.944524
0.944174
0.942953
0.9407770000000001
0.94055
0.9434450000000001
0.946642
0.949023
0.9505399999999999
0.951148
0.9506819999999999
0.950631
0.951356
0.9513959999999999
0.950567
0.948967
0.946707
0.94381
0.9427200000000001
0.944837
0.9476959999999999
0.9498059999999999
0.951011
0.951156
0.950102
0.94942
0.949636
0.949426
0.948565
0.9470799999999999
0.944976
0.942203
0.9408200000000001
0.942787
0.946124
0.948867
0.9508969999999999
0.9521540000000001
0.953865
0.956233
0.9579700000000001
0.958933
0.959269
0.959025
0.9581370000000001
0.956543
0.957465
0.961419
0.9651059999999999
0.968037
0.970304
0.971859
0.973972
0.97693
0.979427
0.98115
0.9820209999999999
0.9819889999999999
0.981057
0.9792780000000001
0.980108
0.983973
0.987382
0.9898819999999999
0.9915139999999999
0.992301
0.9922780000000001
0.993108
0.995117
0.996708
0.997613
0.997818
0.9972489999999999
0.9957799999999999
0.9958299999999999
0.9990049999999999
1.002843
1.0056530000000001
1.0073370000000001
1.007882
1.00722
1.0070290000000002
1.0078280000000002
1.008189
1.007901
1.007017
1.005584
1.003534
1.002416
1.004198
1.00702
1.00862
1.0090379999999999
1.008367
1.00658
1.005319
1.005015
1.004206
1.002757
1.000885
0.998705
0.996143
0.9946510000000001
0.996391
0.999677
1.002039
1.003352
1.003622
1.00286
1.0027979999999999
1.003873
1.004561
1.004649
1.00419
1.003163
1.0014889999999999
1.000732
1.003101
1.0069709999999998
1.0100280000000001
1.012227
1.01357
1.013942
1.014893
1.016809
1.018255
1.019028
1.01909
1.0183790000000001
1.016805
1.015836
1.017711
1.020928
1.023219
1.0245739999999999
1.0250219999999999
1.024521
1.0247899999999999
1.0261879999999999
1.027037
1.027047
1.026294
1.024892
1.022794
1.021814
1.023795
1.02671
1.028511
1.029215
1.028999
1.027959
1.0260690000000001
1.025313
1.026138
1.026624
1.026384
1.0253370000000002
1.023424
1.0208549999999998
1.0214239999999999
1.024925
1.027391
1.0287600000000001
1.029185
1.028674
1.027234
1.02692
1.02813
1.028849
1.028701
1.027682
1.025743
1.0227540000000002
1.02243
1.025073
1.026894
1.027692
1.027586
1.026599
1.024676
1.023719
1.024148
1.024195
1.023654
1.022541
1.020793
1.018268
1.018657
1.022057
1.0243959999999999
1.025399
1.025309
1.024345
1.022569
1.021965
1.022937
1.023541
1.023423
1.022577
1.021015
1.018757
1.01965
1.0236530000000001
1.02668
1.028604
1.029511
1.029357
1.028096
1.027763
1.0287600000000001
1.029101
1.028486
1.0270110000000001
1.024716
1.021549
1.021563
1.024897
1.027354
1.028779
1.029303
1.0289190000000001
1.027493
1.026918
1.0275040000000002
1.027312
1.026173
1.0242040000000001
1.021399
1.0180870000000002
1.017871
1.020378
1.021885
1.022506
1.022525
1.0219530000000001
1.020633
1.020468
1.0217129999999999
1.022242
1.021693
1.0201850000000001
1.017884
1.015377
1.015993
1.019109
1.0211709999999998
1.022174
1.022306
1.021652
1.0201559999999998
1.019759
1.0207979999999999
1.021304
1.021026
1.0199850000000001
1.018073
1.015858
1.016591
1.0196290000000001
1.021607
1.022533
1.0225959999999998
1.021791
1.0199559999999999
1.019131
1.019831
1.0201209999999998
1.019708
1.018623
1.016815
1.015268
1.016815
1.020251
1.0224870000000001
1.0235969999999999
1.023829
1.0231729999999999
1.02144
1.0206389999999999
1.0211729999999999
1.021009
1.019926
1.018101
1.0156020000000001
1.013615
1.01494
1.018276
1.0205950000000001
1.0218180000000001
1.02197
1.021013
1.018918
1.0177969999999998
1.018032
1.017586
1.0162209999999998
1.014025
1.011033
1.00873
1.00983
1.01282
1.014844
1.0159049999999998
1.016084
1.015269
1.0132459999999999
1.012046
1.012147
1.0116479999999999
1.0103520000000001
1.008317
1.0055399999999999
1.00373
1.005197
1.008126
1.010138
1.011331
1.011765
1.011336
1.011881
1.0136290000000001
1.014574
1.014429
1.013371
1.0116049999999999
1.00915
1.0096450000000001
1.013218
1.015902
1.017417
1.0179799999999999
1.017747
1.016713
1.016714
1.018025
1.018757
1.018702
1.017926
1.016358
1.013975
1.014512
1.017886
1.0201559999999998
1.021307
1.021593
1.021082
1.019672
1.017257
1.016226
1.01714
1.017782
1.017794
1.017125
1.015559
1.015823
1.019131
1.0224030000000002
1.024354
1.02524
1.0251350000000001
1.023851
1.021202
1.0195049999999999
1.01929
1.018427
1.016746
1.0143790000000001
1.011309
1.010227
1.012616
1.0155459999999998
1.0172649999999999
1.017688
1.016685
1.014111
1.012091
1.011147
1.009395
1.00671
1.003265
0.999114
0.9951620000000001
0.99469
0.9968799999999999
0.9983489999999999
0.998992
0.998891
0.9979819999999999
0.996134
0.9953
0.9958940000000001
0.996075
0.9956370000000001
0.994553
0.9927040000000001
0.991165
0.9926860000000001
0.996044
0.998416
0.9999309999999999
1.000751
1.00089
1.000306
1.001047
1.003443
1.005355
1.006357
1.006438
1.0056180000000001
1.005303
1.007945
1.0119479999999998
1.0146110000000002
1.015966
1.0162069999999999
1.015463
1.013708
1.01308
1.0140209999999998
1.014429
1.013951
1.012566
1.0102
1.008872
1.010622
1.013341
1.014923
1.015411
1.014879
1.013242
1.01031
1.008324
1.007867
1.0068540000000001
1.0050270000000001
1.0024950000000001
0.999273
0.997732
0.999426
1.00168
1.002728
1.0027760000000001
1.00195
1.0001360000000001
0.9971760000000001
0.995251
0.994865
0.9940329999999999
0.992612
0.990676
0.988073
0.986743
0.988563
0.9912719999999999
0.9927549999999999
0.993064
0.99231
0.990542
0.9898319999999999
0.990619
0.9910030000000001
0.9907309999999999
0.9898370000000001
0.988243
0.986239
0.9874200000000001
0.991467
0.994624
0.99682
0.998202
0.998713
0.998173
0.998446
0.999821
1.0003879999999998
1.000069
0.999067
0.997397
0.995999
0.997763
1.0015479999999999
1.00426
1.006037
1.007097
1.007417
1.006868
1.00747
1.009517
1.010818
1.0109700000000001
1.0099200000000002
1.0076379999999998
1.005609
1.006451
1.008677
1.009675
1.0096100000000001
1.008679
1.006928
1.004332
1.002928
1.003059
1.002679
1.0014809999999998
0.999451
0.9964719999999999
0.9937809999999999
0.994001
0.995807
0.996497
0.996057
0.9945879999999999
0.9920889999999999
0.9884930000000001
0.9859600000000001
0.9851059999999999
0.984059
0.982542
0.9805530000000001
0.9780139999999999
0.9766729999999999
0.9785510000000001
0.98159
0.9834719999999999
0.984302
0.9843069999999999
0.9834879999999999
0.98365
0.985074
0.9858549999999999
0.985706
0.98475
0.983157
0.9809700000000001
0.9819829999999999
0.986274
0.989819
0.992431
0.994187
0.995015
0.9947590000000001
0.995276
0.996984
0.998059
0.998259
0.9976790000000001
0.996308
0.99436
0.995339
0.998942
1.001487
1.002993
1.00371
1.003717
1.002908
1.0031860000000001
1.004809
1.005668
1.005459
1.004316
1.002253
1.0000719999999998
1.00078
1.003454
1.004934
1.005334
1.004951
1.003817
1.001745
1.000556
1.00058
0.999901
0.9982620000000001
0.9957360000000001
0.9923930000000001
0.9888959999999999
0.988607
0.990858
0.9920950000000001
0.992297
0.991607
0.990015
0.987468
0.985941
0.9858180000000001
0.985186
0.983806
0.981728
0.978878
0.9762379999999999
0.9766100000000001
0.9789479999999999
0.980469
0.98129
0.981519
0.981082
0.9797739999999999
0.9794639999999999
0.980527
0.981102
0.9810049999999999
0.9802770000000001
0.97887
0.9783290000000001
0.980966
0.98501
0.9878790000000001
0.989554
0.990158
0.9897530000000001
0.990207
0.991835
0.99285
0.9930540000000001
0.992517
0.991258
0.989259
0.990073
0.993942
0.997043
0.9989879999999999
0.999899
0.999757
0.998433
0.995743
0.9937809999999999
0.9931409999999999
0.9919459999999999
0.9899700000000001
0.987281
0.9838120000000001
0.9818819999999999
0.983283
0.9856520000000001
0.9872549999999999
0.988173
0.9884149999999999
0.987799
0.9880620000000001
0.9894219999999999
0.989909
0.989296
0.987775
0.9854280000000001
0.982311
0.982117
0.984798
0.9865079999999999
0.98724
0.9872479999999999
0.986557
0.984986
0.9841790000000001
0.9844579999999999
0.9841260000000001
0.982966
0.9810139999999999
0.978202
0.974419
0.9736549999999999
0.97604
0.977459
0.9778530000000001
0.9774010000000001
0.9760969999999999
0.973901
0.972917
0.9736610000000001
0.974233
0.97435
0.974009
0.9730790000000001
0.972784
0.975483
0.979599
0.9825209999999999
0.9844040000000001
0.985408
0.985459
0.984409
0.984158
0.9850760000000001
0.985325
0.9847940000000001
0.98364
0.9818520000000001
0.980535
0.982409
0.986152
0.988722
0.99003
0.990181
0.9892129999999999
0.988901
0.989516
0.989298
0.98808
0.9859979999999999
0.983146
0.979593
0.978699
0.9809450000000001
0.9827959999999999
0.9836870000000001
0.9837879999999999
0.983126
0.981582
0.9808469999999999
0.981239
0.981109
0.9803219999999999
0.978981
0.9770989999999999
0.9745309999999999
0.974677
0.977852
0.980466
0.982258
0.983398
0.9839030000000001
0.983664
0.9843370000000001
0.9861770000000001
0.987402
0.9877450000000001
0.9873059999999999
0.986174
0.984243
0.984856
0.988395
0.99124
0.9929530000000001
0.9937090000000001
0.9935930000000001
0.9925309999999999
0.992289
0.993233
0.993597
0.993107
0.991749
0.98945
0.986287
0.9861200000000001
0.988927
0.990757
0.9915360000000001
0.991433
0.9904350000000001
0.9884379999999999
0.9874059999999999
0.987784
0.98769
0.986843
0.9852989999999999
0.983028
0.9806159999999999
0.9811639999999999
0.9839120000000001
0.985569
0.9862489999999999
0.9861489999999999
0.9852350000000001
0.9834069999999999
0.9825360000000001
0.9829979999999999
0.983002
0.9824139999999999
0.98136
0.979785
0.978035
0.9793700000000001
0.9832049999999999
0.985915
0.987392
0.9877389999999999
0.986999
0.9869889999999999
0.9881120000000001
0.988733
0.988658
0.987949
0.9865809999999999
0.98449
0.9838540000000001
0.9862879999999999
0.989511
0.991825
0.9932860000000001
0.993925
0.993624
0.993967
0.995253
0.9959129999999999
0.9957809999999999
0.9948940000000001
0.993236
0.9907299999999999
0.9899450000000001
0.992167
0.994815
0.99669
0.99787
0.998358
0.9980559999999999
0.9986430000000001
1.000365
1.0014020000000001
1.001439
1.0005600000000001
0.998875
0.996326
0.995626
0.997833
1.000076
1.001272
1.001556
1.001077
0.99984
0.999554
1.000541
1.0010809999999999
1.0008700000000001
0.999863
0.9979620000000001
0.995
0.993886
0.995751
0.997661
0.9986
0.9986649999999999
0.997864
0.9960629999999999
0.995044
0.995275
0.995101
0.994301
0.992934
0.9909899999999999
0.988324
0.9883569999999999
0.9914200000000001
0.9938540000000001
0.995341
0.996022
0.9958100000000001
0.994556
0.994065
0.994734
0.994858
0.9943049999999999
0.9932049999999999
0.991516
0.9890610000000001
0.989348
0.9927530000000001
0.9955350000000001
0.997245
0.997964
0.997733
0.996575
0.996337
0.997375
0.9979180000000001
0.9976870000000001
0.996658
0.9947870000000001
0.9920610000000001
0.9923620000000001
0.9959520000000001
0.9988950000000001
1.0009629999999998
1.002217
1.00254
1.00173
1.001576
1.002504
1.002841
1.0024110000000002
1.001269
0.999417
0.996827
0.997297
1.000826
1.003442
1.005098
1.005903
1.00581
1.004709
1.004428
1.0052940000000001
1.005433
1.0046190000000002
1.003021
1.0006700000000002
0.997459
0.997231
1.000048
1.001888
1.002717
1.002773
1.002099
1.000541
0.999864
1.000415
1.000358
0.9993920000000001
0.9975129999999999
0.994685
0.991094
0.990612
0.993173
0.9948530000000001
0.995577
0.9954709999999999
0.994476
0.994245
0.9951690000000001
0.9957010000000001
0.99565
0.995072
0.9939530000000001
0.992157
0.991466
0.993539
0.99625
0.9977309999999999
0.9981780000000001
0.997785
0.996566
0.996223
0.9970700000000001
0.9974350000000001
0.997115
0.996268
0.994957
0.9930450000000001
0.992915
0.995842
0.9991540000000001
1.001384
1.002553
1.00275
1.002025
1.002157
1.003407
1.003989
1.003709
1.002697
1.001031
0.998717
0.9989020000000001
1.002248
1.00538
1.00749
1.008673
1.008883
1.007934
1.007503
1.0079799999999999
1.007781
1.0067760000000001
1.005048
1.002617
0.999373
0.998346
1.00032
1.002154
1.003172
1.003526
1.0032159999999999
1.002082
1.001809
1.002652
1.002769
1.001887
1.0001280000000001
0.9976309999999999
0.994373
0.993816
0.996424
0.998576
0.999799
1.000205
0.999842
0.9986450000000001
0.998397
0.9994620000000001
1.0001
1.000062
0.999337
0.997816
0.995361
0.9955430000000001
0.9987940000000001
1.001374
1.0028299999999999
1.003327
1.0029059999999999
1.001522
1.001089
1.002078
1.002699
1.002615
1.001801
1.0001879999999999
0.997607
0.997764
1.000846
1.002995
1.004159
1.0045389999999998
1.0040870000000002
1.002678
1.002147
1.0028270000000001
1.002881
1.0021520000000002
1.000812
0.998898
0.9965120000000001
0.997325
1.001112
1.003865
1.0054049999999999
1.005806
1.005106
1.003356
1.002532
1.003052
1.003111
1.002451
1.001066
0.9989020000000001
0.9961629999999999
0.9965430000000001
0.999813
1.002108
1.003375
1.0037479999999999
1.003163
1.00146
1.00055
1.000931
1.000782
0.9997739999999999
0.997925
0.9952629999999999
0.992187
0.992253
0.9951610000000001
0.997282
0.998502
0.9988600000000001
0.998286
0.998452
0.999609
0.9999959999999999
0.999374
0.9979020000000001
0.9957719999999999
0.993016
0.9917540000000001
0.9935229999999999
0.99598
0.9973700000000001
0.997755
0.997338
0.996238
0.996193
0.9974959999999999
0.9984270000000001
0.9986799999999999
0.9982129999999999
0.996921
0.994618
0.9938440000000001
0.995978
0.9984209999999999
0.9999049999999999
1.000583
1.000553
0.9997309999999999
0.999863
1.001316
1.002345
1.002678
1.0023549999999999
1.001376
0.999602
1.000118
1.003475
1.006306
1.00803
1.008805
1.0085790000000001
1.007213
1.0065030000000001
1.006851
1.0065870000000001
1.005623
1.004127
1.00207
0.9992540000000001
0.9989399999999999
1.0016450000000001
1.003811
1.004807
1.004734
1.003662
1.001609
1.000433
1.0004790000000001
0.999965
0.998656
0.9965799999999999
0.9937440000000001
0.990166
0.989766
0.992756
0.995174
0.9968520000000001
0.997841
0.9979870000000001
0.997044
0.9967370000000001
0.9974729999999999
0.9976209999999999
0.997044
0.995818
0.993933
0.9912549999999999
0.991482
0.9947860000000001
0.997288
0.998871
0.9996889999999999
0.9997360000000001
0.998921
0.9990610000000001
1.000481
1.0013
1.001239
1.0003879999999998
0.998706
0.996109
0.996366
0.999505
1.00163
1.002757
1.0031430000000001
1.0028350000000001
1.001672
1.0014450000000001
1.0024870000000001
1.002908
1.002409
1.000998
0.998642
0.9957739999999999
0.9960450000000001
0.999125
1.0012969999999999
1.0024680000000001
1.002721
1.001965
1.000086
0.9990969999999999
0.999541
0.9996309999999999
0.999115
0.9980020000000001
0.9961780000000001
0.993873
0.9944459999999999
0.997418
0.999195
0.9998870000000001
0.999732
0.998734
0.998598
0.999616
1.0000440000000002
0.999632
0.9984940000000001
0.9967030000000001
0.994208
0.9930690000000001
0.9949549999999999
0.9976360000000001
0.9992709999999999
0.999834
0.9994120000000001
0.998072
0.997526
0.9980209999999999
0.997883
0.9969819999999999
0.9954870000000001
0.993483
0.99095
0.9904639999999999
0.9931399999999999
0.996124
0.998074
0.999067
0.9991479999999999
0.998232
0.9980559999999999
0.999015
0.999491
0.999292
0.998439
0.996908
0.9945620000000001
0.9944959999999999
0.997393
1.000048
1.001901
1.003119
1.003679
1.003385
1.00385
1.00526
1.0057479999999999
1.005049
1.003335
1.000816
0.9975229999999999
0.996868
0.999394
1.0015290000000001
1.002672
1.002915
1.002299
1.000751
1.0001
1.000737
1.00089
1.00032
0.99903
0.996916
0.993925
0.993917
0.996899
0.9988389999999999
0.9996799999999999
0.9996510000000001
0.9988100000000001
0.99711
0.9964649999999999
0.9972989999999999
0.997764
0.997531
0.9966010000000001
0.994919
0.992316
0.9925579999999999
0.995743
0.997925
0.9991260000000001
0.999539
0.9991049999999999
0.997691
0.997088
0.997658
0.997662
0.9969809999999999
0.9957870000000001
0.994092
0.991816
0.99272
0.996715
0.9996719999999999
1.001423
1.002065
1.001639
1.000186
0.9996709999999999
1.0004950000000001
1.0008219999999999
1.000371
0.999124
0.997036
0.994509
0.995132
0.998553
1.001097
1.002725
1.0035319999999999
1.003401
1.002118
1.0015690000000002
1.002233
1.002277
1.0013969999999999
0.999635
0.99703
0.994115
0.9943299999999999
0.997225
0.999267
1.0003389999999999
1.000475
0.999618
0.999474
1.0003360000000001
1.000478
0.999674
0.998067
0.995821
0.9929319999999999
0.991498
0.9930370000000001
0.995199
0.996253
0.9962840000000001
0.995517
0.994074
0.9936889999999999
0.994657
0.9952719999999999
0.995237
0.9945149999999999
0.9930120000000001
0.990553
0.989706
0.99185
0.9943719999999999
0.9959870000000001
0.996817
0.996934
0.9962340000000001
0.99644
0.9979290000000001
0.9989899999999999
0.999367
0.999108
0.9982129999999999
0.9965360000000001
0.997143
1.0005950000000001
1.003543
1.005398
1.00632
1.006258
1.0050780000000001
1.0045819999999999
1.005166
1.005134
1.0043739999999999
1.003039
1.001097
0.998359
0.9982040000000001
1.001068
1.0032889999999999
1.0043360000000001
1.004305
1.00325
1.001185
0.9999899999999999
1.000026
0.999501
0.9981969999999999
0.9961610000000001
0.993409
0.9900399999999999
0.9899549999999999
0.9931709999999999
0.995692
0.9974049999999999
0.99836
0.998408
0.9973219999999999
0.9968540000000001
0.997434
0.997441
0.9967459999999999
0.995418
0.993442
0.9906790000000001
0.990848
0.994094
0.996519
0.998043
0.9988290000000001
0.998866
0.99805
0.998175
1.030091
1.102267
1.167497
1.197897
1.210668
1.237325
1.285735
1.337965
1.375107
1.399145
1.426413
1.463584
1.502051
1.531261
1.55119
1.5698940000000001
1.592429
1.615844
1.634577
1.6473360000000001
1.65752
1.6734779999999998
1.6955349999999998
1.7159369999999998
1.732936
1.7483229999999998
1.7642080000000002
1.7864759999999997
1.813252
1.837243
1.859121
1.8802259999999997
1.9005
1.9188919999999998
1.934761
1.948453
1.960739
1.9721330000000001
1.9826419999999998
1.992025
2.00434
2.020323
2.035843
2.050125
2.062982
2.074183
2.083644
2.091566
2.098313
2.107924
2.121064
2.13361
2.144724
2.154497
2.1626540000000003
2.16866
2.172283
2.173853
2.173943
2.1766970000000003
2.182946
2.189143
2.194934
2.200444
2.205333
2.208971
2.210943
2.211405
2.21582
2.224154
2.23097
2.236427
2.241032
2.244797
2.247267
2.24789
2.2463740000000003
2.247134
2.2509490000000003
2.253619
2.254983
2.255591
2.255544
2.254498
2.251998
2.2483049999999998
2.2476
2.248866
2.2472540000000003
2.2430790000000003
2.2370259999999997
2.229422
2.2203779999999997
2.209957
2.198117
2.188691
2.18186
2.173285
2.162675
2.150663
2.1376630000000003
2.123823
2.1092869999999997
2.094825
2.084853
2.078288
2.069946
2.059679
2.047831
2.0345169999999997
2.019699
2.007529
1.9986720000000002
1.989118
1.9786099999999998
1.96747
1.9556779999999998
1.943038
1.929482
1.915099
1.9039560000000002
1.8959759999999999
1.8864880000000002
1.875111
1.862166
1.8476860000000002
1.831509
1.8172099999999998
1.805495
1.7929849999999998
1.779432
1.7650569999999999
1.7498369999999999
1.7336479999999999
1.716473
1.70108
1.6890209999999999
1.677186
1.663688
1.648712
1.632395
1.6188719999999999
1.6085399999999999
1.5970739999999999
1.584149
1.570151
1.555146
1.539295
1.527031
1.51813
1.508009
1.49664
1.484012
1.469783
1.453686
1.435759
1.420399
1.408288
1.395259
1.381059
1.366147
1.351006
1.339999
1.332074
1.321968
1.30987
1.296227
1.281059
1.264341
1.246338
1.2274399999999999
1.212436
1.201616
1.1897719999999998
1.176145
1.162784
1.153451
1.14575
1.135499
1.12334
1.110126
1.096057
1.080914
1.064526
1.046874
1.032665
1.022149
1.010027
0.996123
0.9864360000000001
0.9804940000000001
0.9721489999999999
0.9614360000000001
0.9489989999999999
0.9351209999999999
0.9197299999999999
0.902718
0.884158
0.864242
0.848066
0.836134
0.823139
0.813526
0.808546
0.802555
0.793971
0.783027
0.77005
0.755315
0.7390909999999999
0.721655
0.7032390000000001
0.689148
0.6798420000000001
0.672087
0.669064
0.66822
0.665098
0.65955
0.651717
0.64172
0.6297520000000001
0.61606
0.600849
0.584257
0.566366
0.552586
0.543509
0.539417
0.540197
0.5395770000000001
0.536586
0.531293
0.5235810000000001
0.513496
0.501394
0.48768199999999995
0.472554
0.455995
0.443774
0.43867700000000004
0.43944300000000003
0.44268199999999996
0.443221
0.44126000000000004
0.436968
0.430303
0.42148500000000005
0.410997
0.399183
0.38600100000000004
0.371169
0.354451
0.341895
0.338986
0.341704
0.343854
0.34307
0.340073
0.33505799999999997
0.327927
0.318898
0.308431
0.296738
0.283573
0.26850599999999997
0.25754699999999997
0.25816999999999996
0.264459
0.268205
0.268945
0.267394
0.263542
0.257265
0.248901
0.239021
0.22789299999999998
0.21532600000000002
0.201009
0.191646
0.195138
0.204047
0.209657
0.212342
0.212721
0.2106
0.205761
0.198554
0.189629
0.179366
0.167707
0.15446400000000002
0.147513
0.153868
0.16492300000000001
0.172871
0.178072
0.180977
0.181264
0.178677
0.173561
0.166549
0.157986
0.14781
0.135883
0.130696
0.13894700000000001
0.151444
0.160743
0.167291
0.171565
0.173261
0.172131
0.16851
0.162983
0.15582000000000001
0.146878
0.135959
0.131759
0.141041
0.154397
0.164366
0.171478
0.176304
0.178626
0.178268
0.17561300000000002
0.171253
0.165413
0.157877
0.14836400000000002
0.145351
0.155865
0.17063299999999998
0.181869
0.190101
0.195956
0.199266
0.19989300000000002
0.19827
0.195045
0.19049100000000002
0.184402
0.176473
0.166641
0.162996
0.172781
0.187075
0.197695
0.20527800000000002
0.21062199999999998
0.213585
0.213957
0.212125
0.20878899999999997
0.204293
0.19843
0.190828
0.188527
0.19931300000000002
0.215367
0.228079
0.23782399999999998
0.245214
0.250067
0.252189
0.251934
0.249926
0.24648499999999998
0.241497
0.23475300000000002
0.22624699999999998
0.222539
0.23204499999999997
0.24760300000000002
0.259865
0.269242
0.276479
0.281353
0.283517
0.28325100000000003
0.281231
0.277871
0.273068
0.266531
0.258169
0.25447800000000004
0.263158
0.27779299999999996
0.289829
0.29899000000000003
0.30606700000000003
0.31098400000000004
0.313446
0.313658
0.31216
0.309235
0.304678
0.298112
0.28938800000000003
0.28492
0.29173899999999997
0.304385
0.315262
0.32346199999999997
0.329776
0.334179
0.336358
0.336411
0.33475
0.33156599999999997
0.32661799999999996
0.319529
0.31017100000000003
0.304979
0.31062
0.32214699999999996
0.332466
0.34025500000000003
0.3463
0.35062
0.352908
0.35323000000000004
0.351946
0.3492
0.344702
0.33802600000000005
0.328986
0.31769200000000003
0.310621
0.314345
0.32402600000000004
0.33274000000000004
0.33919499999999997
0.34416199999999997
0.347541
0.348911
0.34828400000000004
0.345994
0.342123
0.33629499999999996
0.328025
0.323356
0.32851199999999997
0.339384
0.349594
0.35731
0.363199
0.367334
0.369498
0.369739
0.368289
0.365165
0.360046
0.352555
0.34258099999999997
0.330282
0.322257
0.325162
0.33431500000000003
0.34275
0.34889499999999996
0.35339699999999996
0.356097
0.356576
0.354908
0.351535
0.346659
0.340007
0.33116100000000004
0.31997600000000004
0.31298400000000004
0.317033
0.327284
0.336541
0.343328
0.348358
0.351569
0.352544
0.351238
0.347947
0.342805
0.335577
0.325938
0.31385599999999997
0.305899
0.309085
0.318668
0.327408
0.333793
0.338351
0.340854
0.340804
0.338169
0.33334
0.326612
0.31794
0.30717300000000003
0.300671
0.305456
0.316766
0.327347
0.335692
0.342206
0.34663299999999997
0.348553
0.347986
0.34527399999999997
0.340609
0.33387100000000003
0.324903
0.3138
0.307207
0.312082
0.323524
0.33421799999999996
0.342627
0.34925100000000003
0.353815
0.355779
0.355091
0.352126
0.347157
0.340105
0.330793
0.319294
0.305935
0.29746
0.300967
0.31093899999999997
0.319637
0.32592899999999997
0.330408
0.33278
0.33253
0.329718
0.324836
0.318166
0.30954699999999996
0.298715
0.292064
0.29685500000000004
0.308003
0.31800700000000004
0.325679
0.331547
0.335423
0.336898
0.335944
0.332808
0.32759299999999997
0.32013800000000003
0.31030399999999997
0.298245
0.290748
0.295261
0.306339
0.316123
0.323492
0.328968
0.332256
0.332858
0.330837
0.326716
0.320876
0.313295
0.303799
0.292414
0.285837
0.291498
0.30352399999999996
0.313709
0.32108200000000003
0.326312
0.329289
0.329694
0.32771100000000003
0.323889
0.31855
0.31155
0.302575
0.291528
0.284974
0.29028699999999996
0.301771
0.311398
0.31822399999999995
0.322922
0.325363
0.325189
0.322536
0.317929
0.311713
0.303805
0.29398
0.282222
0.275158
0.280354
0.291824
0.301255
0.307869
0.312328
0.314488
0.314013
0.31109499999999995
0.306321
0.30007399999999995
0.292283
0.28270700000000004
0.271296
0.264581
0.270176
0.281969
0.291572
0.29840900000000004
0.303147
0.305615
0.305448
0.302807
0.298243
0.292105
0.28431
0.274624
0.26302600000000004
0.256044
0.261446
0.273007
0.282206
0.288627
0.29294499999999996
0.294982
0.294377
0.291308
0.28634899999999996
0.279858
0.271739
0.261729
0.24976900000000002
0.242394
0.247698
0.259108
0.267789
0.273746
0.277762
0.279694
0.279185
0.27639400000000003
0.271831
0.265757
0.257963
0.24811100000000003
0.236123
0.22858
0.23394099999999998
0.245387
0.253822
0.259621
0.26360900000000004
0.26560300000000003
0.26519499999999996
0.262499
0.25798899999999997
0.251895
0.24399400000000002
0.23394299999999998
0.22804699999999997
0.234758
0.24746500000000002
0.257201
0.26424200000000003
0.26929000000000003
0.27218600000000004
0.27265900000000004
0.270922
0.267443
0.2624
0.25555900000000004
0.24661599999999997
0.235526
0.228906
0.23530399999999999
0.24776900000000002
0.257069
0.26364
0.268331
0.270984
0.271242
0.269309
0.265745
0.260826
0.254309
0.24578899999999998
0.235118
0.228856
0.23552399999999998
0.24818
0.25760700000000003
0.264241
0.268971
0.27169099999999996
0.272074
0.2703
0.266873
0.26200999999999997
0.255425
0.24669899999999997
0.235683
0.228898
0.234816
0.246712
0.25555100000000003
0.26173
0.26610500000000004
0.26852600000000004
0.268604
0.266458
0.26255300000000004
0.25711
0.24989099999999997
0.240537
0.22896599999999998
0.215379
0.199978
0.18279600000000001
0.16378800000000002
0.143026
0.120735
0.09715900000000001
0.072448
0.046665
0.019868
-0.004934
-0.021355000000000002
-0.02744
-0.026226
-0.020631
-0.01314
-0.005811
-0.000117
0.0033280000000000002
0.004729
0.004715
0.003892
0.002677
0.001372
0.000248
-0.000495
-0.00082
-0.00084
-0.0007059999999999999
-0.000515
-0.000303
-9.6e-05
6.6e-05
0.000149
0.00015800000000000002
0.000125
0.0015019999999999999
0.003803
0.004524
0.0035759999999999998
0.002133
0.0009
-8.6e-05
-0.0007610000000000001
-0.001045
-0.000968
-0.000696
-0.000411
-0.000199
-4.4e-05
0.000103
0.000204
0.00021099999999999998
0.000156
8.4e-05
3.3e-05
7.000000000000001e-06
-7.000000000000001e-06
-1.8e-05
-2.4e-05
-2.3e-05
-1.6e-05
-8e-06
-1e-06
3e-06
5e-06
6e-06
5e-06
2e-06
-3e-06
-7.000000000000001e-06
-8e-06
-7.000000000000001e-06
-5e-06
-1e-06
5e-06
9e-06
1e-05
8e-06
7.000000000000001e-06
4e-06
-1e-06
-6e-06
-1e-05
-1.2e-05
-1.1e-05
-1e-05
-9e-06
-6e-06
-1e-06
5e-06
1.3000000000000001e-05
0.000936
0.002408
0.002774
0.002125
0.001258
0.000517
-8.2e-05
-0.00049
-0.000651
-0.000589
-0.000414
-0.00024300000000000002
-0.000118
-2.4e-05
0.000349
0.000677
0.000583
0.000388
0.000204
5.4000000000000005e-05
-5.3e-05
-0.00011499999999999999
-0.000131
-0.000113
-8e-05
-4.8e-05
-2.4e-05
-6e-06
7.000000000000001e-06
1.4999999999999999e-05
1.7e-05
1.4999999999999999e-05
1.2e-05
1.3000000000000001e-05
1.6e-05
1.4000000000000001e-05
8e-06
0.0
-5e-06
-6e-06
-6e-06
-6e-06
-6e-06
-5e-06
-4e-06
-3e-06
-2e-06
-0.0
4e-06
1e-05
1.4999999999999999e-05
1.2e-05
4e-06
-4e-06
-5e-06
-1e-06
0.0
-2e-06
-6e-06
-8e-06
-9e-06
-9e-06
-9e-06
-7.000000000000001e-06
-4e-06
1e-06
7.000000000000001e-06
1.1e-05
1.1e-05
1.1e-05
1e-05
7.000000000000001e-06
3e-06
-2e-06
-7.000000000000001e-06
-8e-06
-8e-06
-7.000000000000001e-06
-6e-06
-5e-06
-3e-06
-0.0
4e-06
1e-05
1.4000000000000001e-05
1.3000000000000001e-05
7.000000000000001e-06
-1e-06
-6e-06
-7.000000000000001e-06
-5e-06
-4e-06
-5e-06
-7.000000000000001e-06
-8e-06
-7.000000000000001e-06
-5e-06
-2e-06
3e-06
1e-05
1.6e-05
1.4000000000000001e-05
6e-06
0.0
1e-06
4e-06
4e-06
-1e-06
-7.000000000000001e-06
-1e-05
-9e-06
-8e-06
-7.000000000000001e-06
-6e-06
-3e-06
2e-06
8e-06
1.1e-05
1.1e-05
8e-06
6e-06
3e-06
-2e-06
-7.000000000000001e-06
-9e-06
2e-06
1.3000000000000001e-05
8e-06
2e-06
-2e-06
-4e-06
-1e-06
6e-06
1.3000000000000001e-05
1.3000000000000001e-05
8e-06
1e-06
-2e-06
-2e-06
-1e-06
-1e-06
-2e-06
-5e-06
-7.000000000000001e-06
-9e-06
-9e-06
-7.000000000000001e-06
-3e-06
2e-06
7.000000000000001e-06
1e-05
1e-05
7.000000000000001e-06
5e-06
5e-06
3e-06
-0.0
-5e-06
-9e-06
-1e-05
-8e-06
-7.000000000000001e-06
-6e-06
-5e-06
-3e-06
1e-06
8e-06
0.00016
0.000275
0.000199
0.000121
5.6000000000000006e-05
3e-06
-3.7e-05
-5.7999999999999994e-05
-5.6999999999999996e-05
-4.3e-05
-2.8000000000000003e-05
-1.8e-05
-1.1e-05
-2e-06
1e-05
2.2e-05
2.6000000000000002e-05
1.9e-05
8e-06
-1e-06
-2e-06
-0.0
-1e-06
-4e-06
-7.000000000000001e-06
-9e-06
-9e-06
-9e-06
-8e-06
-6e-06
-3e-06
2e-06
6e-06
9e-06
1e-05
9e-06
8e-06
7.000000000000001e-06
3e-06
-3e-06
-6e-06
-8e-06
-7.000000000000001e-06
-6e-06
-6e-06
-7.000000000000001e-06
-6e-06
-4e-06
2e-06
9e-06
1.4999999999999999e-05
1.4999999999999999e-05
1e-05
2e-06
-4e-06
-5e-06
-3e-06
-3e-06
-5e-06
-7.000000000000001e-06
-8e-06
-8e-06
-7.000000000000001e-06
-3e-06
3e-06
1.1e-05
1.7e-05
1.4000000000000001e-05
6e-06
-1e-06
-0.0
3e-06
3e-06
-2e-06
-7.000000000000001e-06
-1e-05
-9e-06
-7.000000000000001e-06
-7.000000000000001e-06
-6e-06
-4e-06
0.0
6e-06
1e-05
1e-05
9e-06
8e-06
6e-06
1e-06
-5e-06
-8e-06
-7.000000000000001e-06
-6e-06
-5e-06
-7.000000000000001e-06
-8e-06
-7.000000000000001e-06
-3e-06
3e-06
1e-05
1.4999999999999999e-05
1.4999999999999999e-05
9e-06
1e-06
-3e-06
-3e-06
-1e-06
-2e-06
-5e-06
-8e-06
-1e-05
8.1e-05
0.000154
0.00011399999999999999
7.5e-05
4.6e-05
2e-05
-6e-06
-2.7000000000000002e-05
-3.2e-05
-2.3e-05
-1.1e-05
-5e-06
-6e-06
-7.000000000000001e-06
-1e-06
6e-06
5e-06
0.0
-4e-06
-4e-06
-1e-06
4e-06
8e-06
9e-06
8e-06
8e-06
5e-06
1e-06
-4e-06
-6e-06
-5e-06
-4e-06
-5e-06
-8e-06
-9e-06
-7.000000000000001e-06
-3e-06
3e-06
1e-05
1.4999999999999999e-05
1.4000000000000001e-05
9e-06
1e-06
-3e-06
-3e-06
-2e-06
-3e-06
-6e-06
-9e-06
-1e-05
-8e-06
-5e-06
-1e-06
1e-06
4e-06
8e-06
1.1e-05
1.1e-05
7.000000000000001e-06
4e-06
3e-06
2e-06
-2e-06
-6e-06
-9e-06
-8e-06
-7.000000000000001e-06
-6e-06
-5e-06
-4e-06
1e-06
9e-06
1.7e-05
1.6e-05
9e-06
1e-06
-2e-06
-3e-06
-4e-06
-7.000000000000001e-06
-8e-06
-7.000000000000001e-06
-6e-06
-7.000000000000001e-06
-8e-06
-6e-06
-2e-06
4e-06
9e-06
1.1e-05
9e-06
7.000000000000001e-06
5e-06
4e-06
2e-06
0.0
-3e-06
-5e-06
-8e-06
-9e-06
-9e-06
-7.000000000000001e-06
-4e-06
-1e-06
3e-06
8e-06
1.3000000000000001e-05
1.4000000000000001e-05
1e-05
3e-06
-2e-06
5.9999999999999995e-05
0.000109
7.5e-05
4.2e-05
1.6e-05
-4e-06
-1.9e-05
-2.7000000000000002e-05
-2.4e-05
-1.4000000000000001e-05
1e-06
1.2e-05
1.3000000000000001e-05
7.000000000000001e-06
5e-06
7.000000000000001e-06
8e-06
5e-06
0.0
-5e-06
-7.000000000000001e-06
-8e-06
-9e-06
-1e-05
-8e-06
-4e-06
2e-06
8e-06
1e-05
1e-05
8e-06
7.000000000000001e-06
5e-06
1e-06
-4e-06
-8e-06
-9e-06
-9e-06
-8e-06
-8e-06
-6e-06
-3e-06
0.0
4e-06
9e-06
1.4000000000000001e-05
1.4999999999999999e-05
9e-06
2e-06
-4e-06
-5e-06
0.001115
0.002938
0.0034770000000000005
0.0027300000000000002
0.001633
0.0006900000000000001
-7.4e-05
-0.000598
-0.000811
-0.000736
-0.0005139999999999999
-0.000297
-0.000143
0.001465
0.004084
0.005115
0.004364
0.0028399999999999996
0.001333
0.000103
-0.0007559999999999999
-0.00116
-0.001144
-0.000874
-0.00055
-0.000279
-6.9e-05
9.4e-05
0.0002
0.00022799999999999999
0.000185
0.000113
5.2000000000000004e-05
1.3000000000000001e-05
-1.1e-05
-3.1e-05
-4.4e-05
-4.4e-05
-3.2e-05
-1.6e-05
-6e-06
-0.0
5e-06
1.4000000000000001e-05
2.1e-05
2e-05
1.1e-05
1e-06
-5e-06
-5e-06
-3e-06
-4e-06
0.0016719999999999999
0.004519
0.005653
0.004869
0.003218
0.001541
0.00016
-0.000819
-0.001287
-0.001275
-0.000975
-0.000616
-0.00032
-9.2e-05
0.001641
0.004386
0.005442
0.004629
0.003011
0.0014210000000000002
0.000129
-0.000785
-0.0012289999999999998
-0.001219
-0.000925
-0.000571
-0.00028399999999999996
0.0005269999999999999
0.0015609999999999999
0.001693
0.001233
0.000743
0.000293
-6.8e-05
-0.000293
-0.000367
-0.000328
-0.00023999999999999998
-0.00015
-7.3e-05
-5e-06
5e-05
8e-05
7.8e-05
5.4000000000000005e-05
2.8000000000000003e-05
1e-05
2e-06
-5e-06
-1.3000000000000001e-05
-1.9e-05
-1.9e-05
-1.4999999999999999e-05
0.001629
0.004411
0.0055049999999999995
0.004718
0.003106
0.0014880000000000002
0.000148
-0.00081
-0.0012699999999999999
-0.00125
-0.0009449999999999999
-0.00059
-0.000309
0.001771
0.005152
0.006640000000000001
0.00594
0.004075
0.002026
0.000331
-0.0008699999999999999
-0.001472
-0.00151
-0.001194
-0.000778
-0.000413
0.00182
0.0054009999999999996
0.007012000000000001
0.006344
0.004409000000000001
0.002228
0.00040899999999999997
-0.000895
-0.0015609999999999999
-0.001621
-0.001291
-0.0008449999999999999
-0.00045
-0.00014
0.0001
0.000256
0.000305
0.000256
0.000164
8.3e-05
2.9999999999999997e-05
-7.000000000000001e-06
-4e-05
-6.2e-05
-6.1e-05
-4.1e-05
0.002292
0.006325
0.008171
0.0074730000000000005
0.005333
0.002803
0.000609
-0.00099
-0.001831
-0.001935
-0.00156
-0.0010400000000000001
-0.0005780000000000001
0.002223
0.006781999999999999
0.009002
0.008437
0.006222999999999999
0.003437
0.0009289999999999999
-0.000907
-0.0019089999999999999
-0.0021100000000000003
-0.0017690000000000002
-0.0012230000000000001
-0.0007030000000000001
0.002327
0.007240000000000001
0.009675
0.009152
0.006862999999999999
0.0038840000000000003
0.001124
-0.0009130000000000001
-0.002039
-0.002287
-0.0019329999999999998
-0.0013460000000000002
-0.000779
0.002
0.006412
0.008563
0.008038
0.005914
0.003252
0.000869
-0.0008789999999999999
-0.001831
-0.002015
-0.0016829999999999998
-0.00116
-0.000661
0.003017
0.009149
0.012317
0.011877
0.009271
0.005554
0.001855
-0.0009220000000000001
-0.002525
-0.0029739999999999996
-0.002604
-0.0018780000000000001
-0.0011300000000000001
0.0030280000000000003
0.009819
0.013425
0.013129
0.010448
0.006490000000000001
0.002412
-0.000753
-0.002621
-0.0032090000000000005
-0.0028829999999999997
-0.002136
-0.001326
-0.000607
0.003587
0.010440999999999999
0.013968000000000001
0.013481
0.010614
0.006534999999999999
0.0023829999999999997
-0.00084
-0.002747
-0.0033350000000000003
-0.002971
-0.002173
-0.0013310000000000002
0.0033729999999999997
0.011082999999999999
0.01525
0.014949
0.011670999999999999
0.0068
0.002074
-0.001184
-0.002763
-0.002839
-0.001719
-0.000182
0.0009050000000000001
0.005753
0.01374
0.017791
0.016899
0.012882
0.007384999999999999
0.002069
-0.001807
-0.004086
-0.005163
-0.0052759999999999994
-0.004566
-0.003278
0.0029170000000000003
0.013174000000000002
0.019844999999999998
0.021228999999999998
0.018813
0.014102000000000002
0.008244
0.0025570000000000002
-0.0018679999999999999
-0.0047009999999999994
-0.005958
-0.005927
-0.005026
0.001471
0.012159
0.018215000000000002
0.018231999999999998
0.014639
0.009843000000000001
0.005379
0.002143
0.000395
-0.0002
-4.6e-05
0.000429
0.000817
0.00678
0.016991
0.021671
0.019699
0.013997999999999998
0.007043000000000001
0.0008560000000000001
-0.003068
-0.004456
-0.004063000000000001
-0.002802
-0.00118
0.000625
0.008496
0.020955
0.027673000000000003
0.026966000000000004
0.021408
0.013449000000000001
0.005051
-0.001857
-0.006307
-0.008528
-0.008732
-0.007098999999999999
-0.004029
0.005898
0.020537
0.028964
0.029375
0.024405
0.016693
0.008406
0.0013390000000000001
-0.003544
-0.0062640000000000005
-0.007044
-0.006239
-0.004459
0.004821
0.019719
0.028225
0.028679000000000003
0.024116
0.017125
0.009694
0.00329
-0.00131
-0.004102000000000001
-0.005357
-0.005364
-0.004488000000000001
0.004496
0.019828
0.028689
0.028904000000000003
0.023639
0.016094
0.008709
0.002803
-0.001324
-0.003833
-0.004744
-0.004168
-0.002621
0.007095999999999999
0.022945
0.031550999999999996
0.030829000000000002
0.024356
0.015290999999999999
0.006047
-0.001258
-0.005671
-0.007337000000000001
-0.006552
-0.004033
-0.000843
0.0021190000000000002
0.012466
0.028286000000000002
0.035995
0.033975
0.026302999999999997
0.016222
0.006031
-0.002187
-0.007298999999999999
-0.009389
-0.008987
-0.006854000000000001
-0.003722
0.008112999999999999
0.026417000000000003
0.036919
0.037461
0.032076
0.023986
0.014575
0.005033
-0.002806
-0.007888
-0.010101
-0.009662
-0.0073290000000000004
0.004389
0.022975
0.033993
0.035366
0.031001
0.023943
0.015549
0.006940999999999999
-0.000194
-0.004878
-0.007125
-0.007201000000000001
-0.005724
0.005487
0.024062
0.034707
0.035404000000000005
0.030719999999999997
0.023624000000000003
0.015156999999999999
0.006631000000000001
-1.6e-05
-0.003998
-0.005539
-0.005013
-0.0032259999999999997
0.008198
0.026909
0.037633
0.039552
0.037357
0.032773000000000004
0.026126
0.017399
0.0069
-0.002416
-0.007669
-0.008771
-0.006745
0.006097
0.026807
0.040115
0.045239999999999995
0.04647
0.045145
0.041361
0.035021
0.025938
0.014103000000000001
0.001757
-0.007031
-0.010706
-0.000916
0.019291
0.033364
0.039486
0.042044
0.042662
0.041523000000000004
0.038357999999999996
0.032664
0.024106
0.012773
0.001119
-0.006996
-0.000834
0.016559
0.028633999999999996
0.033621
0.035449
0.035887
0.035222
0.033098
0.029077
0.022918
0.014587000000000001
0.00509
-0.002568
-0.006638
0.001727
0.019645
0.031467
0.036177999999999995
0.037514
0.036676
0.033604
0.028210000000000002
0.020887
0.012131
0.0037020000000000004
-0.0017629999999999998
-0.0037579999999999996
0.006311
0.025468
0.039314
0.047403
0.052041
0.053878999999999996
0.053127
0.049657
0.043163
0.033686
0.022004
0.009281000000000001
-0.0009390000000000001
0.003993
0.021342
0.035733
0.045767
0.053409000000000005
0.059038
0.06241699999999999
0.062931
0.059889
0.053096000000000004
0.042985
0.030237
0.015471
0.011788
0.022915
0.034960000000000005
0.0436
0.049869
0.054676
0.058308000000000006
0.060252
0.059666
0.056152999999999995
0.049907
0.041268
0.030431
0.028441
0.039625
0.051759000000000006
0.059290999999999996
0.062912
0.064038
0.063847
0.06265
0.05998099999999999
0.055457000000000006
0.049148000000000004
0.041362
0.032427
0.02244
0.022673
0.036442
0.050425
0.05955
0.064678
0.066735
0.06601599999999999
0.06253
0.056514
0.048352
0.038478
0.027533
0.016181
0.016822999999999998
0.032635000000000004
0.049506
0.062564
0.07255700000000001
0.080126
0.085359
0.08771799999999999
0.086247
0.080323
0.070252
0.057183000000000005
0.042460000000000005
0.037567
0.047288
0.059884
0.06965700000000001
0.077056
0.082946
0.087791
0.091383
0.092861
0.09135499999999999
0.08655299999999999
0.07861900000000001
0.067846
0.05438200000000001
0.048721
0.055904999999999996
0.064881
0.070236
0.072994
0.074486
0.075152
0.07456
0.072198
0.068018
0.062295
0.055326
0.047228
0.048172
0.062274
0.077439
0.087491
0.093076
0.095736
0.096459
0.095292
0.091809
0.085866
0.07790599999999999
0.068695
0.058912
0.058962
0.073536
0.091032
0.105019
0.115622
0.123458
0.128716
0.13104200000000002
0.129867
0.125068
0.117093
0.10671300000000002
0.09485199999999999
0.082248
0.078952
0.090205
0.10497000000000001
0.11673199999999999
0.126065
0.133824
0.139991
0.143777
0.144337
0.14133900000000002
0.134947
0.125728
0.114494
0.110644
0.12023099999999999
0.133366
0.143038
0.149917
0.155217
0.15958599999999998
0.162912
0.164453
0.163464
0.15976600000000002
0.153657
0.14546199999999998
0.13519
0.13111099999999998
0.139874
0.15262799999999999
0.162105
0.16880499999999998
0.17374
0.177188
0.17869200000000002
0.177769
0.174507
0.169457
0.163199
0.156023
0.155634
0.168419
0.185125
0.197432
0.205767
0.211608
0.21592600000000003
0.21879099999999999
0.21975300000000003
0.21847600000000003
0.215045
0.20984099999999997
0.203264
0.195431
0.193102
0.203689
0.21942199999999998
0.23170900000000003
0.24089699999999997
0.247689
0.251922
0.252981
0.250685
0.245569
0.238454
0.230123
0.221121
0.21150700000000003
0.20762600000000003
0.217219
0.232895
0.24568600000000002
0.255793
0.263798
0.269469
0.272081
0.271148
0.26700100000000004
0.260657
0.253011
0.244207
0.233868
0.228046
0.23522600000000002
0.249338
0.261762
0.272597
0.282298
0.29044200000000003
0.296142
0.298737
0.298157
0.294641
0.288285
0.278903
0.266349
0.257268
0.260272
0.27052800000000005
0.280237
0.288649
0.295915
0.301664
0.305415
0.30700500000000003
0.30667
0.304689
0.30098400000000003
0.29507
0.28629499999999997
0.280489
0.284819
0.294304
0.301737
0.306444
0.309219
0.310371
0.31003600000000003
0.308481
0.306055
0.30286399999999997
0.298592
0.292693
0.284708
0.28072600000000003
0.287953
0.301151
0.312382
0.319975
0.324125
0.32505
0.32298000000000004
0.318282
0.311567
0.30348200000000003
0.294408
0.284462
0.2737
0.268493
0.27634699999999995
0.291537
0.305521
0.31666
0.324886
0.329892
0.33126
0.328936
0.32343
0.315399
0.30522699999999997
0.293121
0.279341
0.27056399999999997
0.274735
0.286623
0.298144
0.308094
0.316707
0.32374400000000003
0.328584
0.330585
0.329313
0.32451199999999997
0.316154
0.304588
0.290385
0.280407
0.282503
0.291732
0.30031399999999997
0.306985
0.312195
0.316
0.318123
0.318314
0.31653400000000004
0.312796
0.306964
0.298741
0.293995
0.299327
0.30995100000000003
0.31878
0.324484
0.327854
0.329457
0.329522
0.327993
0.32472
0.319685
0.31301100000000004
0.30482600000000004
0.295171
0.29021399999999997
0.29670100000000005
0.309235
0.319927
0.327179
0.33163200000000004
0.333588
0.332858
0.32929899999999995
0.323201
0.315132
0.305623
0.29506
0.283648
0.27762
0.283961
0.29702
0.308673
0.317463
0.323644
0.327023
0.327212
0.32423
0.31856999999999996
0.310816
0.30136599999999997
0.290394
0.277893
0.270061
0.274368
0.285541
0.295718
0.303863
0.310363
0.314998
0.317076
0.315974
0.311514
0.303996
0.29401
0.28208099999999997
0.26848
0.259705
0.263776
0.27509
0.28528200000000004
0.29344699999999996
0.299869
0.304334
0.306373
0.305716
0.30248
0.296921
0.28912
0.278913
0.266156
0.257367
0.260818
0.27102
0.27974299999999996
0.28639000000000003
0.291491
0.295003
0.296556
0.295906
0.293122
0.288362
0.281607
0.27263899999999996
0.261189
0.253427
0.257256
0.266914
0.274254
0.278997
0.28181
0.28278200000000003
0.28175300000000003
0.278721
0.27398
0.267882
0.260554
0.251853
0.247758
0.255736
0.26952600000000004
0.28042399999999995
0.287629
0.291526
0.292354
0.290463
0.286213
0.279851
0.271725
0.262298
0.251893
0.24057399999999998
0.23450500000000002
0.24164699999999997
0.25551399999999996
0.26708899999999997
0.27589400000000003
0.28218899999999997
0.28564
0.285585
0.281594
0.27392
0.26344
0.251069
0.23736999999999997
0.22265500000000002
0.213525
0.21843800000000002
0.23059000000000002
0.24079299999999998
0.249016
0.25564499999999996
0.260412
0.26268400000000003
0.26195999999999997
0.258154
0.251384
0.24166999999999997
0.22901100000000002
0.213658
0.202664
0.204715
0.213313
0.21997199999999997
0.225054
0.229204
0.23236300000000001
0.23403000000000002
0.233744
0.231398
0.22706199999999999
0.220646
0.21182399999999998
0.206761
0.213484
0.22535
0.233944
0.23963600000000002
0.243135
0.244777
0.24472199999999997
0.24295300000000003
0.23944200000000002
0.234395
0.228134
0.22081199999999998
0.21228400000000003
0.208879
0.218336
0.23311700000000002
0.243986
0.251046
0.255206
0.256851
0.255842
0.252139
0.24619699999999997
0.238619
0.229756
0.219743
0.20861100000000002
0.203034
0.210988
0.22518400000000002
0.23664899999999997
0.24534099999999998
0.25156799999999996
0.254973
0.255008
0.25167
0.245565
0.237354
0.22744899999999998
0.216027
0.20932699999999999
0.215461
0.227836
0.23766700000000002
0.245128
0.250868
0.255019
0.257305
0.257173
0.25409
0.24789899999999998
0.23889899999999997
0.22768899999999997
0.214736
0.206506
0.211128
0.221979
0.230413
0.23669400000000002
0.24144000000000002
0.24455700000000002
0.24553000000000003
0.243998
0.24005500000000002
0.23402199999999998
0.22607600000000003
0.21618800000000002
0.20433199999999999
0.197344
0.20341900000000002
0.21553899999999998
0.22501100000000002
0.23212
0.23763600000000001
0.241567
0.243432
0.2429
0.24011100000000002
0.23539200000000002
0.22885300000000003
0.22029200000000002
0.209335
0.202335
0.20742
0.217952
0.225744
0.231458
0.235893
0.23904099999999998
0.24048200000000003
0.23984899999999998
0.23713800000000002
0.2326
0.22640300000000002
0.21844699999999997
0.214831
0.223604
0.237919
0.248761
0.256207
0.260808
0.262771
0.262341
0.259766
0.255227
0.249079
0.24181399999999997
0.233724
0.224746
0.220842
0.230027
0.24541
0.257754
0.267047
0.27372199999999997
0.277513
0.277787
0.27416399999999996
0.267002
0.257269
0.245891
0.23333800000000002
0.219802
0.211654
0.217243
0.230044
0.24113600000000002
0.25052199999999997
0.25851199999999996
0.264681
0.268198
0.268414
0.265207
0.258756
0.249169
0.23651799999999998
0.221113
0.20968499999999998
0.211139
0.21961
0.22665700000000003
0.232589
0.23794
0.242535
0.24579
0.247193
0.24659099999999998
0.243981
0.239157
0.231652
0.227019
0.232868
0.243144
0.249842
0.253535
0.255324
0.255691
0.254811
0.25266700000000003
0.249214
0.244587
0.238988
0.232436
0.224685
0.22156700000000001
0.231
0.24607300000000001
0.25747600000000004
0.265178
0.269946
0.271999
0.271014
0.266807
0.259886
0.251157
0.241333
0.230764
0.219554
0.214035
0.222369
0.237655
0.25067399999999995
0.26119899999999996
0.269384
0.274758
0.27670700000000004
0.27515
0.27061
0.263702
0.254803
0.244042
0.231366
0.222948
0.227359
0.238758
0.24859299999999998
0.256885
0.26404299999999997
0.269764
0.273303
0.274003
0.271644
0.266408
0.258678
0.24874200000000002
0.242707
0.24820100000000003
0.259741
0.269417
0.276828
0.282577
0.286758
0.289135
0.289393
0.287371
0.283175
0.277007
0.268898
0.258658
0.25219400000000003
0.257101
0.268117
0.277397
0.28429899999999997
0.289378
0.292591
0.29349200000000003
0.291821
0.28778899999999996
0.281816
0.274162
0.264841
0.253714
0.246677
0.251177
0.261477
0.269516
0.275032
0.278885
0.28116399999999997
0.281481
0.27960799999999997
0.27571599999999996
0.27011999999999997
0.26297
0.254156
0.24341999999999997
0.236692
0.24184899999999998
0.253133
0.26213200000000003
0.268275
0.271873
0.272909
0.271381
0.267545
0.261883
0.254925
0.246986
0.238042
0.22784400000000002
0.22236999999999998
0.22986199999999998
0.243961
0.25564499999999996
0.26461
0.27107
0.274752
0.27519299999999997
0.27217399999999997
0.26602600000000004
0.257506
0.247306
0.235765
0.229108
0.235423
0.248804
0.260727
0.27084899999999995
0.279516
0.286545
0.291441
0.29362699999999997
0.292651
0.288379
0.28089000000000003
0.270284
0.256769
0.24691999999999997
0.24899000000000002
0.257737
0.26519899999999996
0.270958
0.275615
0.279113
0.280982
0.280862
0.278778
0.274918
0.269294
0.261683
0.251726
0.24510700000000002
0.24908899999999998
0.257995
0.26410300000000003
0.267403
0.268852
0.268782
0.267154
0.263962
0.259449
0.253941
0.24754400000000001
0.24004499999999998
0.231048
0.226217
0.23321399999999998
0.24594000000000002
0.255743
0.262083
0.265346
0.265748
0.263344
0.258236
0.250884
0.241988
0.23207199999999997
0.22133000000000003
0.21572
0.22315500000000002
0.23736500000000002
0.249565
0.25949099999999997
0.267403
0.273059
0.275941
0.275491
0.271478
0.264311
0.254708
0.24320100000000003
0.23007600000000003
0.221613
0.226115
0.237472
0.24701700000000001
0.254762
0.261206
0.266135
0.268911
0.269004
0.266304
0.26095300000000005
0.253168
0.243285
0.231582
0.22415
0.22896100000000003
0.23989699999999997
0.248486
0.254827
0.259587
0.262789
0.26406799999999997
0.263151
0.260152
0.255343
0.248782
0.2402
0.229177
0.221592
0.22585100000000002
0.23639899999999997
0.24493
0.251449
0.25652800000000003
0.260071
0.261561
0.260658
0.257531
0.252578
0.24601599999999998
0.23776999999999998
0.227593
0.221349
0.227052
0.23858000000000001
0.247362
0.25350700000000004
0.25777100000000003
0.260255
0.260747
0.259233
0.256
0.251363
0.245391
0.237873
0.234408
0.242211
0.25549299999999997
0.266176
0.273781
0.27875900000000003
0.281123
0.280779
0.277848
0.272638
0.26552600000000004
0.25690599999999997
0.24708000000000002
0.236146
0.23003400000000002
0.236416
0.24932100000000001
0.260252
0.26867199999999997
0.274805
0.278303
0.278536
0.275135
0.268279
0.25859299999999996
0.24689499999999998
0.233852
0.21976199999999999
0.21070500000000003
0.214943
0.226264
0.235843
0.243677
0.250179
0.255131
0.257944
0.25813400000000003
0.255581
0.25033299999999997
0.242294
0.2312
0.216932
0.20587199999999997
0.206921
0.214562
0.220585
0.22537
0.229559
0.23304
0.235271
0.235781
0.234444
0.231305
0.226269
0.21902600000000003
0.21511999999999998
0.222171
0.23409000000000002
0.24273499999999998
0.248532
0.252279
0.25419200000000003
0.254349
0.252857
0.24985
0.24559099999999998
0.24038800000000002
0.234357
0.22731700000000002
0.22493200000000002
0.23468699999999998
0.25007199999999996
0.26223
0.270781
0.27620500000000003
0.27872800000000003
0.27836500000000003
0.275173
0.269583
0.262243
0.25359299999999996
0.24377800000000002
0.23283
0.22678299999999998
0.233494
0.24697199999999997
0.258673
0.26814299999999996
0.27557
0.280503
0.282158
0.280129
0.274827
0.267036
0.25727
0.245719
0.232462
0.22351100000000002
0.226859
0.237012
0.24580500000000002
0.25290100000000004
0.25866100000000003
0.262903
0.265092
0.264763
0.261779
0.256181
0.24803200000000003
0.237485
0.23045300000000002
0.234329
0.243925
0.251756
0.257583
0.26208000000000004
0.265426
0.26745399999999997
0.267833
0.266268
0.262675
0.25710500000000003
0.24954099999999999
0.239815
0.233537
0.23809
0.248225
0.25635399999999997
0.262194
0.266296
0.26865700000000003
0.268923
0.266884
0.262781
0.257069
0.25004099999999996
0.24172399999999997
0.23776399999999998
0.24506999999999998
0.257902
0.268194
0.275307
0.280179
0.283434
0.285086
0.28475900000000004
0.28220100000000004
0.277574
0.271242
0.263436
0.254151
0.249048
0.255025
0.266846
0.276941
0.284479
0.28985900000000003
0.292934
0.293298
0.290889
0.286152
0.279713
0.272093
0.26359099999999996
0.254198
0.24948499999999998
0.256196
0.269031
0.280433
0.289537
0.296709
0.301753
0.304107
0.303358
0.299556
0.293155
0.284756
0.274779
0.263342
0.256231
0.260429
0.271403
0.28209
0.291387
0.299508
0.306071
0.310324
0.31172
0.310194
0.305929
0.298993
0.28926199999999996
0.2823
0.284385
0.292069
0.29949899999999996
0.30528
0.310056
0.314044
0.31703400000000004
0.318642
0.31856599999999996
0.316733
0.313182
0.307831
0.30037800000000003
0.296078
0.300372
0.309211
0.316537
0.320827
0.322952
0.323273
0.321728
0.318382
0.31363800000000003
0.307992
0.301717
0.294784
0.286921
0.28344
0.290027
0.30221
0.313244
0.32117399999999996
0.326276
0.32871999999999996
0.328465
0.325522
0.32019699999999995
0.313048
0.304581
0.295021
0.289869
0.294687
0.30583299999999997
0.317362
0.327217
0.335607
0.342405
0.347096
0.349013
0.347761
0.343522
0.33683
0.32818400000000003
0.317871
0.311607
0.314838
0.324231
0.33416
0.34239200000000003
0.349312
0.354871
0.358596
0.3601
0.359331
0.356403
0.35134499999999996
0.344148
0.334884
0.329246
0.332293
0.341132
0.350625
0.358171
0.364174
0.368664
0.371265
0.371683
0.369976
0.36639299999999997
0.361058
0.35382399999999997
0.344368
0.337953
0.339326
0.346244
0.354168
0.360296
0.364965
0.368182
0.36961700000000003
0.369044
0.366563
0.362437
0.356808
0.349576
0.340486
0.334882
0.337492
0.345575
0.354035
0.359919
0.363646
0.365532
0.365638
0.364072
0.361087
0.35695
0.351732
0.34525500000000003
0.342634
0.347878
0.358511
0.369948
0.378866
0.385399
0.389542
0.391027
0.38969000000000004
0.38569899999999996
0.37949299999999997
0.371593
0.362412
0.35217600000000004
0.346446
0.349647
0.359336
0.370686
0.380186
0.387772
0.393177
0.395856
0.395442
0.391969
0.385845
0.377644
0.36782800000000004
0.356646
0.349673
0.351362
0.35942399999999997
0.36928099999999997
0.377696
0.384912
0.390912
0.395291
0.397644
0.397767
0.395571
0.390887
0.383441
0.378349
0.37908800000000004
0.384751
0.392375
0.398294
0.403015
0.406901
0.409851
0.41151499999999996
0.411576
0.409918
0.406589
0.401642
0.39499
0.391737
0.394748
0.40250199999999997
0.41152700000000003
0.41764799999999996
0.4213
0.422901
0.422526
0.42028000000000004
0.416546
0.41183100000000006
0.406479
0.40055799999999997
0.393875
0.391437
0.396012
0.406009
0.41781
0.4269
0.43327200000000005
0.43696899999999994
0.43788299999999997
0.43607299999999993
0.43191199999999996
0.425892
0.418368
0.409531
0.399447
0.39343
0.39466799999999996
0.402262
0.41298999999999997
0.422232
0.42979700000000004
0.43536899999999995
0.43831400000000004
0.438158
0.434913
0.428994
0.420886
0.410955
0.404545
0.40432399999999996
0.40981300000000004
0.418425
0.42550299999999996
0.43126899999999996
0.43597700000000006
0.439529
0.441662
0.44209799999999994
0.4406
0.436967
0.431018
0.42263999999999996
0.417051
0.41682600000000003
0.421849
0.42987299999999995
0.43611700000000003
0.44084399999999996
0.44423500000000005
0.44604799999999994
0.446072
0.44435399999999997
0.441101
0.436487
0.430518
0.42303
0.418994
0.420649
0.427591
0.43733999999999995
0.444935
0.45051599999999997
0.45419799999999994
0.45585200000000003
0.45549300000000004
0.453367
0.44978599999999996
0.44493
0.43874799999999997
0.431004
0.42668500000000004
0.427938
0.434479
0.443912
0.45113100000000006
0.45641099999999996
0.46006400000000003
0.462089
0.46245600000000003
0.46118000000000003
0.458333
0.45393999999999995
0.44789799999999996
0.445143
0.447139
0.45433500000000004
0.465188
0.473979
0.48069399999999995
0.485429
0.487955
0.488095
0.485925
0.48169399999999996
0.47581599999999996
0.46872299999999995
0.460635
0.45663100000000006
0.457929
0.465021
0.476315
0.485616
0.49273900000000004
0.497643
0.500033
0.49971499999999996
0.496737
0.49131199999999997
0.483775
0.47448100000000004
0.463693
0.456682
0.45497200000000004
0.459384
0.468587
0.476628
0.483497
0.48920399999999997
0.49336599999999997
0.49557700000000005
0.49558199999999997
0.49326099999999995
0.488518
0.481184
0.471087
0.46330600000000005
0.459397
0.460793
0.46680900000000003
0.4717
0.47567
0.478936
0.481328
0.482608
0.48263199999999995
0.481338
0.47861099999999995
0.474175
0.47256800000000004
0.474106
0.479729
0.488749
0.49503500000000006
0.49888299999999997
0.500916
0.5014649999999999
0.50068
0.49868100000000004
0.495604
0.491608
0.486817
0.481217
0.47965399999999997
0.482588
0.490946
0.5036609999999999
0.5139130000000001
0.5213800000000001
0.526069
0.527872
0.526822
0.5232760000000001
0.51785
0.511104
0.503397
0.49491899999999994
0.49073100000000003
0.491491
0.49816800000000006
0.510047
0.520594
0.529355
0.536212
0.540718
0.542459
0.541342
0.537587
0.531469
0.523215
0.513027
0.5059779999999999
0.5029899999999999
0.505124
0.5125850000000001
0.519679
0.5257569999999999
0.530856
0.534663
0.5367930000000001
0.536956
0.534959
0.5306350000000001
0.523872
0.514667
0.508025
0.504919
0.506434
0.5128560000000001
0.5185529999999999
0.522882
0.526008
0.52783
0.528267
0.527347
0.525116
0.521523
0.516361
0.514048
0.51495
0.518936
0.526702
0.533507
0.5382319999999999
0.5413
0.542862
0.542872
0.541329
0.538261
0.5337109999999999
0.527774
0.520517
0.516721
0.517018
0.521521
0.530443
0.538338
0.543887
0.547179
0.548144
0.54684
0.543609
0.53883
0.5328069999999999
0.525751
0.517716
0.513519
0.513721
0.518614
0.5281520000000001
0.53663
0.54303
0.5473979999999999
0.5496840000000001
0.5499539999999999
0.548325
0.544945
0.5400050000000001
0.53355
0.530118
0.530334
0.533813
0.54175
0.5499350000000001
0.556629
0.56198
0.5659029999999999
0.568067
0.568105
0.565724
0.56091
0.553967
0.5452319999999999
0.539724
0.5384770000000001
0.541233
0.549022
0.557349
0.5642520000000001
0.5696140000000001
0.573202
0.57485
0.574577
0.572503
0.568753
0.563361
0.556232
0.551998
0.551346
0.553561
0.56012
0.567239
0.573076
0.577774
0.581303
0.583522
0.58429
0.583487
0.5809949999999999
0.576629
0.570152
0.566036
0.564909
0.565764
0.570565
0.575942
0.579541
0.581501
0.5819850000000001
0.581046
0.578751
0.575271
0.570768
0.565232
0.563042
0.564631
0.568339
0.5759449999999999
0.5840569999999999
0.589784
0.593245
0.59472
0.594325
0.592214
0.5886859999999999
0.583982
0.5782229999999999
0.571491
0.568379
0.56955
0.573513
0.582214
0.592325
0.600803
0.607329
0.611532
0.613078
0.61195
0.608429
0.60285
0.595611
0.587179
0.582395
0.5819949999999999
0.5844189999999999
0.591875
0.601186
0.609151
0.615595
0.620352
0.623221
0.624078
0.6228239999999999
0.61935
0.613591
0.605548
0.599792
0.597173
0.59631
0.600213
0.606382
0.611649
0.616058
0.619522
0.621822
0.6227779999999999
0.622205
0.6198899999999999
0.615592
0.609058
0.604699
0.603241
0.6029180000000001
0.606628
0.611962
0.615714
0.618015
0.6189180000000001
0.61851
0.616993
0.6145010000000001
0.6110720000000001
0.606632
0.605324
0.6075109999999999
0.61021
0.61651
0.62459
0.630301
0.6337229999999999
0.635042
0.634362
0.632004
0.62825
0.623201
0.616992
0.6097859999999999
0.606006
0.6063430000000001
0.60833
0.6150720000000001
0.624478
0.6322399999999999
0.637915
0.64132
0.6424380000000001
0.6413399999999999
0.638167
0.633282
0.627058
0.619639
0.61552
0.615445
0.616999
0.623283
0.6321869999999999
0.639649
0.645494
0.649637
0.65194
0.6523100000000001
0.65073
0.647253
0.641824
0.6386310000000001
0.638474
0.638059
0.6416850000000001
0.648818
0.654658
0.659222
0.66264
0.664809
0.665586
0.6647850000000001
0.6621630000000001
0.6575449999999999
0.65088
0.646547
0.6454300000000001
0.644231
0.647241
0.653891
0.659285
0.663207
0.665659
0.666644
0.666216
0.6644329999999999
0.6613899999999999
0.65718
0.651774
0.649295
0.650161
0.650519
0.654571
0.6617930000000001
0.667146
0.670583
0.672461
0.673056
0.672506
0.670848
0.668067
0.664065
0.658664
0.65593
0.656425
0.656335
0.660168
0.667552
0.6730649999999999
0.676495
0.677983
0.677569
0.675353
0.6716
0.6665760000000001
0.660411
0.657283
0.657857
0.658008
0.662475
0.671237
0.678534
0.684067
0.6878350000000001
0.689699
0.689671
0.687916
0.684453
0.679272
0.672602
0.6688569999999999
0.668818
0.668357
0.672339
0.68105
0.688776
0.695042
0.699741
0.702716
0.7038479999999999
0.703006
0.7001149999999999
0.695289
0.688751
0.684739
0.6839810000000001
0.682546
0.685284
0.692704
0.6993149999999999
0.704559
0.708477
0.711041
0.712245
0.712028
0.710266
0.706784
0.701345
0.697887
0.6970350000000001
0.694771
0.6956939999999999
0.7007439999999999
0.7050609999999999
0.70817
0.710246
0.711361
0.7115600000000001
0.710738
0.708692
0.705241
0.7041729999999999
0.705926
0.706388
0.708643
0.714327
0.7196560000000001
0.723061
0.724659
0.7245229999999999
0.722889
0.720066
0.716167
0.711258
0.7054779999999999
0.7028220000000001
0.7039
0.7046939999999999
0.708236
0.715915
0.7235
0.728935
0.732086
0.733126
0.7322390000000001
0.729529
0.725256
0.71983
0.713485
0.710198
0.710605
0.710757
0.714063
0.721971
0.730206
0.7369720000000001
0.742081
0.745408
0.746839
0.746302
0.7438020000000001
0.739301
0.732769
0.72841
0.72721
0.725372
0.7263229999999999
0.732003
0.738514
0.7439279999999999
0.748091
0.750959
0.752472
0.752452
0.750636
0.746794
0.744707
0.745059
0.744043
0.7437229999999999
0.7471369999999999
0.752019
0.755694
0.75822
0.759744
0.760315
0.759898
0.75836
0.755544
0.7513270000000001
0.749386
0.750235
0.750007
0.7504770000000001
0.754761
0.760455
0.764242
0.766069
0.766293
0.765206
0.76297
0.759738
0.7556579999999999
0.750795
0.7488859999999999
0.750419
0.751419
0.753432
0.7592180000000001
0.766161
0.771027
0.773817
0.77475
0.773994
0.77176
0.768259
0.763537
0.7575430000000001
0.7540939999999999
0.7538729999999999
0.753106
0.753735
0.758737
0.7655529999999999
0.7709590000000001
0.774638
0.7764850000000001
0.776504
0.774744
0.771115
0.7655
0.761724
0.7607149999999999
0.759069
0.7580210000000001
0.76131
0.7673800000000001
0.7724409999999999
0.776296
0.7789229999999999
0.780226
0.780089
0.778343
0.774904
0.7698699999999999
0.766965
0.7667619999999999
0.765726
0.765141
0.7688699999999999
0.7752600000000001
0.780279
0.783756
0.785872
0.786772
0.786496
0.784982
0.782153
0.777924
0.775896
0.7766569999999999
0.776609
0.77674
0.780755
0.787176
0.7922100000000001
0.795786
0.7980689999999999
0.799249
0.7993899999999999
0.79833
0.795851
0.7953279999999999
0.797258
0.7981
0.797288
0.799797
0.805809
0.810331
0.813242
0.8146680000000001
0.814779
0.8138489999999999
0.811954
0.8089569999999999
0.804752
0.802824
0.803771
0.804136
0.803439
0.806555
0.81328
0.818162
0.8208129999999999
0.821473
0.82052
0.818166
0.814431
0.809462
0.803567
0.800457
0.8007449999999999
0.800922
0.8005800000000001
0.8044560000000001
0.812232
0.81858
0.8230799999999999
0.82578
0.8267190000000001
0.8258270000000001
0.823003
0.818281
0.8117439999999999
0.8069470000000001
0.8047340000000001
0.802037
0.798687
0.7998770000000001
0.8056840000000001
0.810806
0.8148479999999999
0.81781
0.8196540000000001
0.820198
0.819102
0.8160569999999999
0.814391
0.814802
0.8140310000000001
0.811599
0.811778
0.8157399999999999
0.8195049999999999
0.8222309999999999
0.8240850000000001
0.825255
0.8258690000000001
0.8258559999999999
0.824959
0.8229120000000001
0.822917
0.825393
0.826852
0.826743
0.829232
0.835241
0.8403450000000001
0.8434219999999999
0.844825
0.844985
0.844123
0.842325
0.8396879999999999
0.836291
0.835535
0.837924
0.839957
0.840916
0.844493
0.8515360000000001
0.857771
0.8619290000000001
0.864174
0.8647
0.8636459999999999
0.861102
0.8571340000000001
0.8517969999999999
0.8485590000000001
0.848115
0.847195
0.845311
0.8462280000000001
0.8513569999999999
0.856735
0.860606
0.862875
0.8636360000000001
0.862949
0.860643
0.8564719999999999
0.8535950000000001
0.8527540000000001
0.851096
0.848383
0.846915
0.8494309999999999
0.853792
0.8571559999999999
0.8594129999999999
0.8606030000000001
0.8606940000000001
0.859556
0.856977
0.852849
0.8503780000000001
0.850198
0.8492790000000001
0.847203
0.8463360000000001
0.849367
0.853928
0.857126
0.8589760000000001
0.859748
0.859569
0.858408
0.8561690000000001
0.852758
0.851331
0.8524520000000001
0.853031
0.852558
0.853715
0.8585010000000001
0.864024
0.868133
0.870967
0.872718
0.8734540000000001
0.873088
0.871416
0.871347
0.873316
0.874257
0.87372
0.872975
0.8756079999999999
0.880589
0.884323
0.886675
0.887817
0.887957
0.887207
0.885438
0.882446
0.8812760000000001
0.882517
0.883159
0.8827299999999999
0.8825780000000001
0.8859790000000001
0.8913139999999999
0.894777
0.8963700000000001
0.896574
0.8956790000000001
0.8937149999999999
0.8906629999999999
0.8866290000000001
0.884911
0.886128
0.8871959999999999
0.8875770000000001
0.8882899999999999
0.8927280000000001
0.8995270000000001
0.904684
0.908021
0.909697
0.909749
0.9081450000000001
0.9048809999999999
0.8999540000000001
0.8964040000000001
0.89494
0.8929239999999999
0.890209
0.887724
0.8895299999999999
0.894855
0.899323
0.902661
0.904925
0.90601
0.9056290000000001
0.903443
0.9022379999999999
0.9026569999999999
0.9019889999999999
0.899862
0.8964059999999999
0.895975
0.899349
0.902408
0.904608
0.9061549999999999
0.907216
0.9077959999999999
0.9076879999999999
0.9065559999999999
0.906991
0.909328
0.9106569999999999
0.910596
0.90928
0.910935
0.9158379999999999
0.9194370000000001
0.921319
0.9219709999999999
0.9217569999999999
0.920808
0.919148
0.9167790000000001
0.9166340000000001
0.919175
0.9214180000000001
0.922783
0.923069
0.926422
0.9328930000000001
0.9377709999999999
0.9407270000000001
0.9420440000000001
0.941931
0.94047
0.937666
0.933535
0.931105
0.9310370000000001
0.9305690000000001
0.9293239999999999
0.927341
0.9289270000000001
0.934359
0.938876
0.941802
0.943321
0.943592
0.942492
0.9397030000000001
0.9378
0.9373520000000001
0.935948
0.933526
0.9303469999999999
0.9288709999999999
0.9311959999999999
0.934852
0.9375450000000001
0.939249
0.9400350000000001
0.939831
0.938449
0.935717
0.9342790000000001
0.934674
0.934372
0.9330620000000001
0.930816
0.929918
0.932533
0.9362209999999999
0.9386450000000001
0.939994
0.940533
0.9403
0.939182
0.9370229999999999
0.936474
0.938066
0.9392440000000001
0.9396049999999999
0.939008
0.9401
0.944501
0.9492870000000001
0.952744
0.955082
0.9564520000000001
0.9568049999999999
0.9559549999999999
0.953694
0.9527530000000001
0.953672
0.953742
0.9525600000000001
0.9502430000000001
0.950051
0.9536049999999999
0.9576040000000001
0.960327
0.961932
0.962598
0.9623120000000001
0.96088
0.9581059999999999
0.956859
0.957702
0.957817
0.956757
0.954516
0.9542780000000001
0.957393
0.960513
0.962283
0.9629629999999999
0.962693
0.961441
0.9590930000000001
0.9556120000000001
0.953951
0.954732
0.955206
0.954908
0.953764
0.954463
0.958598
0.963033
0.965723
0.9666969999999999
0.966161
0.9642940000000001
0.961123
0.956624
0.953674
0.952958
0.951967
0.9504530000000001
0.94847
0.948738
0.952923
0.957935
0.96168
0.9641149999999999
0.9652350000000001
0.964879
0.96281
0.9615549999999999
0.961715
0.960887
0.958808
0.9556680000000001
0.952792
0.9535440000000001
0.9569200000000001
0.959609
0.9615299999999999
0.9628049999999999
0.9633889999999999
0.963076
0.9615670000000001
0.961211
0.962326
0.9623209999999999
0.9609129999999999
0.958319
0.9561639999999999
0.9572379999999999
0.9598040000000001
0.9608030000000001
0.960462
0.9592780000000001
0.957506
0.955169
0.952218
0.9513379999999999
0.952952
0.954269
0.954708
0.9540700000000001
0.954348
0.957585
0.961374
0.9633440000000001
0.9636379999999999
0.962548
0.9601930000000001
0.9565889999999999
0.951789
0.9486180000000001
0.9477190000000001
0.946623
0.9450379999999999
0.942982
0.942859
0.946466
0.950894
0.95375
0.9550540000000001
0.955009
0.953586
0.9505680000000001
0.9483860000000001
0.947542
0.9457469999999999
0.9429879999999999
0.939593
0.9368219999999999
0.937824
0.9413870000000001
0.944108
0.945897
0.946886
0.9470559999999999
0.946327
0.9446040000000001
0.944249
0.945544
0.945974
0.945259
0.9435600000000001
0.942217
0.9442520000000001
0.948212
0.950801
0.9521709999999999
0.952691
0.952483
0.951468
0.9494799999999999
0.9490219999999999
0.950617
0.951858
0.9523809999999999
0.9520879999999999
0.9524020000000001
0.9558639999999999
0.960634
0.9638389999999999
0.9656899999999999
0.96649
0.9663129999999999
0.9650200000000001
0.962376
0.9609049999999999
0.961139
0.960591
0.9589219999999999
0.9562450000000001
0.954406
0.9561729999999999
0.9596950000000001
0.962039
0.963253
0.96352
0.9628629999999999
0.961096
0.9579409999999999
0.9559790000000001
0.9557690000000001
0.954787
0.952676
0.949441
0.946941
0.94762
0.9495299999999999
0.950227
0.94994
0.948875
0.9470370000000001
0.944293
0.9429700000000001
0.9435610000000001
0.943781
0.943292
0.9420850000000001
0.940104
0.9412290000000001
0.9452729999999999
0.94784
0.9487690000000001
0.9482719999999999
0.946533
0.943724
0.9398850000000001
0.937348
0.9366610000000001
0.9357209999999999
0.934342
0.932668
0.931183
0.9334100000000001
0.9385870000000001
0.9426180000000001
0.9453739999999999
0.947
0.947475
0.94663
0.944249
0.942841
0.9430629999999999
0.9426049999999999
0.941152
0.938786
0.936947
0.938584
0.942315
0.9451860000000001
0.947325
0.9489299999999999
0.949932
0.9500120000000001
0.951125
0.953391
0.954369
0.953782
0.9518770000000001
0.9487559999999999
0.9480200000000001
0.9501729999999999
0.951465
0.9514809999999999
0.950642
0.949203
0.947156
0.944333
0.942931
0.943368
0.943426
0.942786
0.941406
0.939133
0.939866
0.943491
0.9456709999999999
0.946382
0.945976
0.944636
0.9424030000000001
0.9393
0.937786
0.9383969999999999
0.9389120000000001
0.939024
0.938701
0.9379879999999999
0.9405610000000001
0.9460069999999999
0.9501209999999999
0.9529049999999999
0.954707
0.955566
0.9552309999999999
0.9534100000000001
0.952304
0.9524520000000001
0.951842
0.950356
0.9481139999999999
0.9451799999999999
0.9457139999999999
0.949675
0.952681
0.954635
0.9556610000000001
0.955641
0.9543780000000001
0.951731
0.950117
0.950011
0.949068
0.9469559999999999
0.9437180000000001
0.940308
0.94027
0.942807
0.944426
0.945211
0.9453590000000001
0.9448129999999999
0.9433440000000001
0.9429290000000001
0.9438129999999999
0.9438610000000001
0.94294
0.9411930000000001
0.938581
0.9379280000000001
0.9403459999999999
0.9427700000000001
0.94399
0.9442219999999999
0.9435879999999999
0.942055
0.9395379999999999
0.938083
0.938118
0.937687
0.936536
0.934659
0.931981
0.931525
0.9342450000000001
0.9368360000000001
0.938206
0.938567
0.938054
0.9367129999999999
0.9366059999999999
0.9380790000000001
0.939089
0.939314
0.9387690000000001
0.93739
0.9369049999999999
0.9393219999999999
0.942759
0.9451649999999999
0.9467129999999999
0.9475129999999999
0.9475040000000001
0.946527
0.946417
0.947516
0.9479920000000001
0.947674
0.9466399999999999
0.9448639999999999
0.9442520000000001
0.946678
0.9499340000000001
0.951843
0.952472
0.952031
0.950659
0.94832
0.947081
0.9473870000000001
0.9472209999999999
0.946313
0.944766
0.942627
0.9426610000000001
0.9459420000000001
0.9494459999999999
0.951916
0.9534530000000001
0.9540559999999999
0.9535370000000001
0.951624
0.95035
0.9502639999999999
0.949483
0.947839
0.9454950000000001
0.9424959999999999
0.9415
0.943918
0.947033
0.949391
0.951018
0.951883
0.9517760000000001
0.9504030000000001
0.949728
0.950147
0.9496319999999999
0.947968
0.9453450000000001
0.9418059999999999
0.940175
0.941702
0.9434799999999999
0.94431
0.944449
0.944108
0.9432360000000001
0.9435870000000001
0.945393
0.94668
0.9470780000000001
0.946528
0.944917
0.9430120000000001
0.943768
0.946418
0.947976
0.9484600000000001
0.948067
0.946839
0.9446899999999999
0.943451
0.9436110000000001
0.94353
0.943047
0.9422459999999999
0.941042
0.9403549999999999
0.9426690000000001
0.946584
0.9490940000000001
0.950227
0.950256
0.949262
0.9471709999999999
0.94594
0.9460149999999999
0.945544
0.9443370000000001
0.942565
0.9402590000000001
0.939204
0.941416
0.944925
0.9475299999999999
0.9492370000000001
0.950032
0.949702
0.9480139999999999
0.9469120000000001
0.946818
0.945852
0.9438340000000001
0.9409069999999999
0.937107
0.934575
0.9353239999999999
0.937241
0.9383319999999999
0.938652
0.9382469999999999
0.9369700000000001
0.936472
0.937009
0.936874
0.9359940000000001
0.9344950000000001
0.932298
0.929718
0.929967
0.932551
0.9340370000000001
0.934502
0.934226
0.933262
0.931534
0.93079
0.931359
0.9315
0.9309870000000001
0.929881
0.928205
0.926675
0.928298
0.932257
0.9353090000000001
0.9374120000000001
0.938638
0.9389559999999999
0.9383319999999999
0.93863
0.9402290000000001
0.9413739999999999
0.941838
0.941641
0.940681
0.939947
0.942025
0.945765
0.9485110000000001
0.9503879999999999
0.951519
0.951833
0.951126
0.9511379999999999
0.9522139999999999
0.9525809999999999
0.9520190000000001
0.950558
0.948166
0.9461069999999999
0.9469420000000001
0.949326
0.9505600000000001
0.9506540000000001
0.9497540000000001
0.9479120000000001
0.946809
0.9467180000000001
0.9460069999999999
0.9445120000000001
0.942326
0.9395040000000001
0.936055
0.9350930000000001
0.9371520000000001
0.938894
0.9396180000000001
0.9394020000000001
0.938241
0.9360450000000001
0.9343670000000001
0.9335870000000001
0.9323469999999999
0.9305959999999999
0.9284479999999999
0.9259040000000001
0.922803
0.92214
0.92448
0.9265950000000001
0.927931
0.928659
0.928801
0.92976
0.93171
0.933097
0.9336200000000001
0.9333450000000001
0.9323969999999999
0.930765
0.929692
0.931325
0.9342870000000001
0.9363299999999999
0.9375610000000001
0.9382
0.938298
0.9392799999999999
